hough_viz/data/file_5_2_1.json
{"header": {"discipline": 0, "disciplineName": "Meteorological products", "gribEdition": 2, "gribLength": 133963, "center": 7, "centerName": "US National Weather Service - NCEP(WMC)", "subcenter": 0, "refTime": "2014-11-30T06:00:00.000Z", "significanceOfRT": 1, "significanceOfRTName": "Start of forecast", "productStatus": 0, "productStatusName": "Operational products", "productType": 1, "productTypeName": "Forecast products", "productDefinitionTemplate": 0, "productDefinitionTemplateName": "Analysis/forecast at horizontal level/layer at a point in time", "parameterCategory": 2, "parameterCategoryName": "Momentum", "parameterNumber": 3, "parameterNumberName": "V-component_of_wind", "parameterUnit": "m.s-1", "genProcessType": 2, "genProcessTypeName": "Forecast", "forecastTime": 6, "surface1Type": 100, "surface1TypeName": "Isobaric surface", "surface1Value": 85000, "surface2Type": 255, "surface2TypeName": "Missing", "surface2Value": 0, "gridDefinitionTemplate": 0, "gridDefinitionTemplateName": "Latitude_Longitude", "numberPoints": 65160, "shape": 6, "shapeName": "Earth spherical with radius of 6,371,229.0 m", "gridUnits": "degrees", "resolution": 48, "winds": "true", "scanMode": 0, "nx": 360, "ny": 181, "basicAngle": 0, "subDivisions": 0, "lo1": 0, "la1": 90, "lo2": 359, "la2": -90, "dx": 1, "dy": 1}, "data":
[rows 0 to 18 of 181, columns 43 to 85 of 360]
-0.00035466902181788084,-0.00039746551342749036,-0.0004372370524836778,-0.0004736809535595138,-0.0005065198565623822,-0.0005355038376117594,-0.0005604123111108533,-0.0005810557085361884,-0.0005972769211685337,-0.0006089524957851211,-0.0006159935742132134,-0.0006183465695944538,-0.0006159935742132134,-0.0006089524957851211,-0.0005972769211685337,-0.0005810557085361887,-0.0005604123111108533,-0.0005355038376117595,-0.0005065198565623822,-0.000473680953559514,-0.0004372370524836779,-0.0003974655134274905,-0.0003546690218178811,-0.0003091732847972273,-0.0002613245523953329,-0.00021148698235763064,-0.00016003986868485593,-0.00010737475497667523,-5.389245454847123e-05,-1.5145122944351881e-19,5.3892454548471465e-05,0.00010737475497667438,0.00016003986868485563,0.00021148698235763088,0.0002613245523953326,0.00030917328479722654,0.00035466902181788095,0.00039746551342749036,0.00043723705248367733,0.0004736809535595137,0.0005065198565623822,0.0005355038376117596,0.0005604123111108533
-2.867395400299547e-05,-3.2133925290066754e-05,-3.534933800268603e-05,-3.829572090859099e-05,-4.095065025479306e-05,-4.32939204258775e-05,-4.530769772093711e-05,-4.697665607880453e-05,-4.8288093718631775e-05,-4.923202980811206e-05,-4.980128042364023e-05,-4.999151322430923e-05,-4.980128042364023e-05,-4.9232029808112066e-05,-4.828809371863179e-05,-4.697665607880455e-05,-4.530769772093711e-05,-4.32939204258775e-05,-4.095065025479307e-05,-3.8295720908590994e-05,-3.534933800268603e-05,-3.213392529006676e-05,-2.8673954002995503e-05,-2.4995756612154636e-05,-2.1127326420644786e-05,-1.7098104518045295e-05,-1.293875571594575e-05,-8.680935170213594e-06,-4.357047466144053e-06,-1.2244389330936578e-20,4.357047466144073e-06,8.680935170213526e-06,1.2938755715945728e-05,1.709810451804532e-05,2.1127326420644766e-05,2.499575661215458e-05,2.8673954002995482e-05,3.2133925290066754e-05,3.534933800268599e-05,3.829572090859098e-05,4.095065025479306e-05,4.329392042587752e-05,4.530769772093711e-05
0.0002973211138118899,0.00033319766284735684,0.00036653837647830574,0.00039708951174233177,0.00042461855605279596,0.0004489159967600043,0.000469796915668979,0.00048710239637857937,0.0005007007337312702,0.0005104884361688969,0.000516391013365933,0.0005183635431458355,0.000516391013365933,0.000510488436168897,0.0005007007337312702,0.0004871023963785795,0.0004697969156689791,0.00044891599676000443,0.00042461855605279607,0.00039708951174233193,0.0003665383764783058,0.000333197662847357,0.0002973211138118902,0.000259181771572918,0.0002190698995540433,0.00017729077332154003,0.0001341623572529644,9.001288463624805e-05,4.517835961618312e-05,1.2696245078164567e-19,-4.517835961618332e-05,-9.001288463624733e-05,-0.0001341623572529642,-0.00017729077332154025,-0.00021906989955404308,-0.0002591817715729173,-0.00029732111381189006,-0.00033319766284735684,-0.00036653837647830536,-0.0003970895117423317,-0.00042461855605279596,-0.0004489159967600046,-0.000469796915668979
0.0011334957297788042,0.0012702701236640304,0.0013973769948981017,0.0015138489834416995,0.001618799667134298,0.0017114303079020403,0.0017910359306367747,0.0018570106884823006,0.0019088524736947652,0.0019461667389857752,0.001968669500265498,0.001976189497933055,0.001968669500265498,0.001946166738985776,0.001908852473694765,0.001857010688482301,0.001791035930636775,0.001711430307902041,0.001618799667134298,0.0015138489834417,0.0013973769948981021,0.001270270123664031,0.001133495729778805,0.0009880947489665282,0.0008351737704866942,0.0006758966153217443,0.0005114754787966631,0.0003431617050406028,0.00017223626350247736,4.840268286304662e-19,-0.00017223626350247815,-0.00034316170504060015,-0.0005114754787966622,-0.0006758966153217452,-0.0008351737704866936,-0.000988094748966526,-0.0011334957297788046,-0.0012702701236640304,-0.0013973769948981004,-0.001513848983441699,-0.0016187996671342979,-0.0017114303079020414,-0.0017910359306367747
0.0028188796933032827,0.0031590226257889363,0.0034751234886223233,0.0037647765633703604,0.004025777415236907,0.004256139670142637,0.004454110132231183,0.0046181821267482215,0.0047471069667460964,0.004839903456345476,0.004895865358228459,0.004914566768530993,0.004895865358228459,0.0048399034563454775,0.004747106966746096,0.004618182126748223,0.004454110132231184,0.0042561396701426375,0.004025777415236908,0.003764776563370361,0.003475123488622324,0.0031590226257889385,0.0028188796933032853,0.002457283384265499,0.002076985664925177,0.001680880830556538,0.0012719834781237727,0.0008534055633778662,0.00042833271699427766,1.2037216924554864e-18,-0.00042833271699427967,-0.0008534055633778596,-0.0012719834781237706,-0.0016808808305565405,-0.0020769856649251756,-0.0024572833842654938,-0.0028188796933032835,-0.0031590226257889363,-0.0034751234886223194,-0.0037647765633703595,-0.004025777415236906,-0.004256139670142638,-0.004454110132231183
0.007346110056447199,0.008232535760565911,0.009056306896605713,0.009811154068814732,0.01049133243442327,0.011091665425366125,0.011607584145091245,0.012035162140621287,0.012371145285231618,0.012612976544319573,0.012758815435981796,0.012807552038192798,0.012758815435981796,0.012612976544319573,0.012371145285231618,0.012035162140621294,0.011607584145091249,0.011091665425366127,0.010491332434423274,0.009811154068814734,0.009056306896605717,0.008232535760565915,0.007346110056447203,0.006403776019096403,0.005412705379534599,0.0043804407837536585,0.003314838388625902,0.0022240080718065706,0.0011162517106679784,3.1369455216971943e-18,-0.0011162517106679834,-0.0022240080718065533,-0.0033148383886258967,-0.004380440783753664,-0.005412705379534594,-0.00640377601909639,-0.007346110056447202,-0.008232535760565911,-0.009056306896605705,-0.00981115406881473,-0.01049133243442327,-0.011091665425366128,-0.011607584145091245
0.014526168980160037,0.016278983662685112,0.01790790545001807,0.019400537263787435,0.020745519274614693,0.021932615357275115,0.022952790993791435,0.02379828203157087,0.02446265377329448,0.02494084994884912,0.02522923119659607,0.02532560276111062,0.02522923119659607,0.024940849948849125,0.02446265377329448,0.023798282031570882,0.022952790993791435,0.02193261535727512,0.020745519274614703,0.01940053726378744,0.017907905450018077,0.016278983662685122,0.01452616898016005,0.012662801380555321,0.010703062216436044,0.008661866286164001,0.006554748323276412,0.004397744767783462,0.0022072717191767427,6.202983671574298e-18,-0.0022072717191767522,-0.004397744767783427,-0.0065547483232764004,-0.008661866286164013,-0.010703062216436032,-0.012662801380555292,-0.01452616898016004,-0.016278983662685112,-0.017907905450018045,-0.019400537263787432,-0.02074551927461469,-0.021932615357275122,-0.022952790993791435
0.0252300080882254,0.028274412203148535,0.031103630968648828,0.03369613232159184,0.03603218576128654,0.03809401251050925,0.03986592082273334,0.04133442540579528,0.04248835005311069,0.043318912701354705,0.043819792267266795,0.043987176754910984,0.043819792267266795,0.04331891270135471,0.04248835005311069,0.041334425405795294,0.03986592082273334,0.038094012510509256,0.036032185761286556,0.03369613232159185,0.031103630968648835,0.02827441220314855,0.025230008088225425,0.021993588377455516,0.018589784179041405,0.01504450049820617,0.011384719084461854,0.007638293084203492,0.0038337350614467973,1.0773751043286118e-17,-0.0038337350614468147,-0.0076382930842034315,-0.011384719084461837,-0.015044500498206189,-0.018589784179041387,-0.02199358837745546,-0.025230008088225415,-0.028274412203148535,-0.031103630968648793,-0.03369613232159183,-0.03603218576128654,-0.03809401251050927,-0.03986592082273334
0.044106989227518704,0.04942920311788187,0.05437523092634907,0.05890743039480464,0.06299130874867678,0.06659578520777934,0.06969342752981617,0.072260660786309,0.0742779467820381,0.07572993275250534,0.07660556820774242,0.07689818903321181,0.07660556820774242,0.07572993275250534,0.0742779467820381,0.07226066078630901,0.06969342752981618,0.06659578520777935,0.0629913087486768,0.058907430394804665,0.05437523092634909,0.0494292031178819,0.044106989227518746,0.03844909451660594,0.032498578980223736,0.02630072963462346,0.01990271585568901,0.013353230391504432,0.006702118781139409,1.883462421195019e-17,-0.0067021187811394396,-0.013353230391504326,-0.019902715855688972,-0.026300729634623495,-0.03249857898022371,-0.03844909451660586,-0.04410698922751873,-0.04942920311788187,-0.05437523092634901,-0.05890743039480463,-0.06299130874867677,-0.06659578520777937,-0.06969342752981617
0.06914647154842801,0.07749009957178533,0.08524398114759993,0.09234910455515821,0.09875139551513781,0.1044021287275243,0.10925829870056547,0.11328294704853084,0.1164454437673433,0.1187217203474049,0.12009445294948806,0.12055319424961228,0.12009445294948806,0.11872172034740493,0.11644544376734328,0.11328294704853088,0.10925829870056548,0.10440212872752434,0.09875139551513783,0.09234910455515824,0.08524398114759997,0.07749009957178536,0.06914647154842807,0.060276597124806194,0.05094798140106009,0.04123162077561955,0.03120146261974334,0.02093384249337275,0.010506903185427689,2.952701669295536e-17,-0.010506903185427737,-0.020933842493372587,-0.031201462619743287,-0.0412316207756196,-0.05094798140106004,-0.06027659712480606,-0.06914647154842804,-0.07749009957178533,-0.08524398114759985,-0.09234910455515818,-0.0987513955151378,-0.10440212872752437,-0.10925829870056547
0.10183381190794583,0.11412169048994054,0.12554103409874606,0.13600493463431113,0.14543375549528428,0.1537557376616358,0.1609075458241295,0.16683475040426904,0.17149224179625558,0.1748445736783258,0.17686623278066385,0.17754183305678983,0.17686623278066385,0.17484457367832582,0.17149224179625558,0.16683475040426915,0.16090754582412953,0.15375573766163583,0.1454337554952843,0.13600493463431118,0.12554103409874612,0.11412169048994061,0.10183381190794594,0.08877091652839501,0.0750324208727181,0.06072288318838518,0.045951207697509495,0.030829815769958097,0.015473790328845277,4.348520751355029e-17,-0.015473790328845344,-0.030829815769957858,-0.045951207697509405,-0.06072288318838526,-0.075032420872718,-0.0887709165283948,-0.10183381190794588,-0.11412169048994054,-0.1255410340987459,-0.1360049346343111,-0.14543375549528426,-0.15375573766163586,-0.1609075458241295
0.15023422976720763,0.16836239309185777,0.18520921694508638,0.2006464868249801,0.21455671578647448,0.22683403858794668,0.23738501738962736,0.2461293528719805,0.2530004953620114,0.25794615131646137,0.2609286813072485,0.26192538648024205,0.2609286813072485,0.25794615131646137,0.25300049536201136,0.24612935287198057,0.23738501738962742,0.22683403858794676,0.2145567157864745,0.20064648682498015,0.18520921694508646,0.16836239309185788,0.1502342297672078,0.13096269324012114,0.11069445154004093,0.08958375822460352,0.06779127841692492,0.04548286604700071,0.022828301603152957,6.415321723369237e-17,-0.02282830160315306,-0.04548286604700036,-0.06779127841692481,-0.08958375822460363,-0.11069445154004082,-0.13096269324012083,-0.15023422976720768,-0.16836239309185777,-0.18520921694508619,-0.20064648682498,-0.21455671578647442,-0.22683403858794682,-0.23738501738962736
0.2092708805445695,0.23452276027586477,0.25798978019274627,0.2794933421038725,0.2988697909188942,0.31597166016250927,0.3306687942833829,0.3428493392164832,0.35242059366005485,0.3593097145885008,0.3634642716317909,0.3648526461022355,0.3634642716317909,0.35930971458850086,0.3524205936600548,0.34284933921648325,0.33066879428338297,0.31597166016250927,0.29886979091889426,0.27949334210387256,0.2579897801927464,0.23452276027586494,0.20927088054456972,0.18242632305111792,0.15419339108722152,0.12478695431263599,0.0944308134673085,0.06335599711261097,0.031799003364488855,8.936312504190894e-17,-0.031799003364489,-0.0633559971126105,-0.09443081346730835,-0.12478695431263614,-0.15419339108722138,-0.18242632305111744,-0.20927088054456963,-0.23452276027586477,-0.25798978019274593,-0.27949334210387244,-0.29886979091889415,-0.3159716601625095,-0.3306687942833829
0.28091716767088304,0.31481431816798944,0.34631554161375483,0.3751810946767981,0.4011912930688121,0.4241481834746465,0.4438770500965634,0.4602277443469549,0.47307582756975597,0.4823235180937565,0.48790043541016076,0.48976413581075606,0.48790043541016076,0.4823235180937566,0.47307582756975597,0.460227744346955,0.44387705009656353,0.42414818347464667,0.40119129306881224,0.3751810946767982,0.3463155416137549,0.31481431816798966,0.2809171676708833,0.24488206790537825,0.20698326773927786,0.16750919992576696,0.1267602859560011,0.08504664967015722,0.042685757027751445,1.1995761625156238e-16,-0.042685757027751625,-0.08504664967015656,-0.12676028595600092,-0.16750919992576718,-0.2069832677392776,-0.24488206790537767,-0.28091716767088315,-0.31481431816798944,-0.3463155416137544,-0.37518109467679805,-0.40119129306881207,-0.4241481834746467,-0.4438770500965634
0.37714715414259753,0.4226559920307281,0.464948162612839,0.5037017969340898,0.5386219564372118,0.569442877623017,0.5959299946711009,0.6178817246273687,0.6351310015720363,0.6475465480921567,0.6550338743819997,0.6575359973675283,0.6550338743819997,0.6475465480921567,0.6351310015720363,0.6178817246273689,0.595929994671101,0.5694428776230172,0.5386219564372119,0.50370179693409,0.4649481626128391,0.42265599203072823,0.37714715414259786,0.3287679986837644,0.27788672023940225,0.2248905560614284,0.1701828389591972,0.1141799276932794,0.05730803823388922,1.6104987090006118e-16,-0.05730803823388948,-0.11417992769327852,-0.17018283895919692,-0.2248905560614287,-0.277886720239402,-0.32876799868376366,-0.3771471541425976,-0.4226559920307281,-0.4649481626128385,-0.5037017969340898,-0.5386219564372118,-0.5694428776230173,-0.5959299946711009
0.4888533834347638,0.5478413650049105,0.6026599429917091,0.6528919149163179,0.6981549851414969,0.738104674372243,0.7724369413512288,0.8008904967963546,0.8232487919699564,0.839341666745455,0.8490466446286656,0.8522898648778715,0.8490466446286656,0.8393416667454551,0.8232487919699563,0.8008904967963549,0.7724369413512291,0.7381046743722433,0.6981549851414971,0.6528919149163182,0.6026599429917092,0.5478413650049108,0.48885338343476437,0.42614493243893614,0.36019326119390216,0.29150030174054425,0.2205888489782471,0.14799858188003745,0.07428195620973221,2.0875081099368306e-16,-0.07428195620973257,-0.1479985818800363,-0.22058884897824668,-0.29150030174054464,-0.36019326119390177,-0.4261449324389352,-0.48885338343476403,-0.5478413650049105,-0.6026599429917087,-0.6528919149163179,-0.6981549851414967,-0.7381046743722434,-0.7724369413512288
0.6182460656868133,0.6928473444430564,0.7621756365554229,0.8257033118593703,0.8829468863867769,0.9334707019708735,0.9768902418679516,1.0128750571619591,1.041151281680283,1.0615037162806877,1.0737774666467284,1.0778791221270259,1.0737774666467284,1.0615037162806877,1.041151281680283,1.0128750571619594,0.9768902418679517,0.9334707019708737,0.8829468863867772,0.8257033118593705,0.7621756365554231,0.6928473444430567,0.6182460656868138,0.5389395610635135,0.4555314009599154,0.3686563718376312,0.2789756451248601,0.1871717453025897,0.09394335548117487,2.6400424335612434e-16,-0.09394335548117527,-0.18717174530258826,-0.2789756451248597,-0.36865637183763167,-0.45553140095991496,-0.538939561063512,-0.6182460656868135,-0.6928473444430564,-0.762175636555422,-0.8257033118593702,-0.8829468863867768,-0.933470701970874,-0.9768902418679516
0.7812781362368187,0.8755518425527862,0.9631620706742697,1.0434420538647629,1.115780812977807,1.1796278063772148,1.2344971198913484,1.2799711649133674,1.3157038565026755,1.3414232473002885,1.3569335972124443,1.3621168631109062,1.3569335972124443,1.3414232473002885,1.3157038565026753,1.2799711649133678,1.2344971198913484,1.1796278063772152,1.1157808129778073,1.0434420538647633,0.9631620706742702,0.8755518425527867,0.7812781362368196,0.6810584315554535,0.575655460975626,0.46587140474750216,0.35254178582840556,0.2365291110486057,0.11871630691354146,3.336224112946809e-16,-0.11871630691354199,-0.23652911104860386,-0.35254178582840495,-0.4658714047475027,-0.5756554609756256,-0.681058431555452,-0.7812781362368191,-0.8755518425527862,-0.9631620706742687,-1.0434420538647629,-1.1157808129778068,-1.1796278063772154,-1.2344971198913484
0.9642959887616043,1.0806537269725471,1.1887870378046674,1.2878729614698554,1.3771573942593023,1.4559608277280653,1.5236835201646342,1.579810060987486,1.623913293330828,1.6556575649662661,1.6748012828189403,1.6811987516366984,1.6748012828189403,1.6556575649662661,1.6239132933308278,1.579810060987487,1.5236835201646346,1.4559608277280658,1.3771573942593025,1.2878729614698559,1.188787037804668,1.0806537269725476,0.9642959887616055,0.84059937581835,0.7105052940573363,0.5750038379937186,0.43512625552616013,0.2919370995176324,0.1465261259053324,4.1177493398448174e-16,-0.14652612590533304,-0.29193709951763014,-0.4351262555261594,-0.5750038379937193,-0.7105052940573354,-0.8405993758183478,-0.9642959887616047,-1.0806537269725471,-1.1887870378046663,-1.287872961469855,-1.3771573942593018,-1.455960827728066,-1.5236835201646342
