hough_viz/data/file_2_1_1.json
{"header": {"discipline": 0, "disciplineName": "Meteorological products", "gribEdition": 2, "gribLength": 133963, "center": 7, "centerName": "US National Weather Service - NCEP(WMC)", "subcenter": 0, "refTime": "2014-11-30T06:00:00.000Z", "significanceOfRT": 1, "significanceOfRTName": "Start of forecast", "productStatus": 0, "productStatusName": "Operational products", "productType": 1, "productTypeName": "Forecast products", "productDefinitionTemplate": 0, "productDefinitionTemplateName": "Analysis/forecast at horizontal level/layer at a point in time", "parameterCategory": 2, "parameterCategoryName": "Momentum", "parameterNumber": 2, "parameterNumberName": "U-component_of_wind", "parameterUnit": "m.s-1", "genProcessType": 2, "genProcessTypeName": "Forecast", "forecastTime": 6, "surface1Type": 100, "surface1TypeName": "Isobaric surface", "surface1Value": 85000, "surface2Type": 255, "surface2TypeName": "Missing", "surface2Value": 0, "gridDefinitionTemplate": 0, "gridDefinitionTemplateName": "Latitude_Longitude", "numberPoints": 65160, "shape": 6, "shapeName": "Earth spherical with radius of 6,371,229.0 m", "gridUnits": "degrees", "resolution": 48, "winds": "true", "scanMode": 0, "nx": 360, "ny": 181, "basicAngle": 0, "subDivisions": 0, "lo1": 0, "la1": 90, "lo2": 359, "la2": -90, "dx": 1, "dy": 1}, "data":
[rows 133 to 151 of 181, columns 215 to 257 of 360]
-2.962524939898276,-2.6766568301694513,-2.3875276264004492,-2.0954895879891167,-1.8008985183002297,-1.5041133311739605,-1.2054956136445456,-0.9054091854022764,-0.6042196555351881,-0.30229397709072525,-2.651924715429717e-15,0.3022939770907199,0.6042196555351751,0.9054091854022713,1.2054956136445403,1.5041133311739556,1.80089851830024,2.095489587989111,2.387527626400444,2.6766568301694456,2.9625249398982634,3.2447836693297982,3.5230891296808777,3.7971022486177057,4.0664891833633545,4.330921727433716,4.590077710506562,4.843641390936412,5.091303840437166,5.3327633204635845,5.567725649833234,5.795904563140963,6.0170220595291495,6.230808741388998,6.437004142579972,6.635357045767689,6.825625788493547,7.00757855760317,7.180993671675079,7.345659851105339,7.501376475519177,7.64795382819606,7.785213327210264
-3.18791678994689,-2.8802995495174497,-2.569173107763064,-2.2549165243276477,-1.937912672450586,-1.6185477724947224,-1.2972109213962373,-0.9742936186100638,-0.6501892891280409,-0.3252928041511891,-2.8536857908388818e-15,0.3252928041511835,0.650189289128027,0.9742936186100584,1.297210921396232,1.6185477724947166,1.9379126724505966,2.2549165243276423,2.5691731077630577,2.8802995495174435,3.1879167899468763,3.4916500448286945,3.791129261978363,4.085989572100992,4.375871733328458,4.660422568900231,4.93929539745488,5.212150455407844,5.478655310901123,5.738485268820226,5.991323766385164,6.236862758833452,6.474803094725148,6.704854880412881,6.92673783323255,7.140181622984594,7.344926201289706,7.540722118417684,7.727330827203568,7.904524973680579,8.072088674075884,8.229817777831766,8.377520116331606
-3.3896750823189348,-3.0625892254786256,-2.7317720754227848,-2.397626681890271,-2.0605601495719355,-1.7209831421163218,-1.379309381799162,-1.0359551454666107,-0.691338757365966,-0.3458800794820335,-3.0342911234315233e-15,0.3458800794820275,0.6913387573659511,1.0359551454666047,1.379309381799156,1.7209831421163162,2.0605601495719466,2.397626681890265,2.7317720754227786,3.0625892254786202,3.3896750823189206,3.7126311422108347,4.031063932942968,4.344585493210593,4.652813845286831,4.955373460403619,5.251895716275685,5.5420193462099725,5.82539087925354,6.1016650708434135,6.370505323433916,6.631584096588946,6.884583306039492,7.129194711220388,7.365120290813922,7.592072605842911,7.809775149870823,8.01796268588225,8.216381569433397,8.404790057678756,8.582958603897486,8.750670137160785,8.907720326799359
-3.578553665354992,-3.2332420164635858,-2.8839911602178794,-2.531226604988231,-2.1753781400459538,-1.816879311931364,-1.4561668962439795,-1.0936803654988463,-0.7298613536968983,-0.3651531182619842,-3.2033670950200903e-15,0.3651531182619778,0.7298613536968827,1.09368036549884,1.456166896243973,1.8168793119313578,2.175378140045966,2.5312266049882246,2.8839911602178727,3.2332420164635796,3.578553665354977,3.9195053978390746,4.255681816749445,4.58667334290362,4.912076714112333,5.231495476492315,5.544540467484309,5.850830289987643,6.149991777033941,6.441660446433538,6.7254809448408785,7.001107480697867,7.268204245527544,7.526445823065087,7.775517585727324,8.015116077938021,8.244949385841744,8.464737492955903,8.674212621327749,8.873119557780543,9.06121596485146,9.238272676042522,9.404073975024644
-3.7531818813300593,-3.391019526024744,-3.024725735773491,-2.6547467831364804,-2.2815334304765926,-1.905540380774971,-1.5272257236453597,-1.1470503772225846,-0.7654775266047296,-0.38297205953347063,-3.3596867518502478e-15,0.3829720595334639,0.7654775266047131,1.1470503772225782,1.5272257236453533,1.9055403807749647,2.281533430476605,2.6547467831364737,3.0247257357734845,3.3910195260247367,3.7531818813300433,4.110771562646299,4.463352902029305,4.810496333427978,5.151778916044525,5.486784849622579,5.8151059810358,6.136342301559521,6.450102434219861,6.75600411062622,7.053674636706434,7.34275134677712,7.622882045395882,7.893725436457295,8.15495153900957,8.406242089285554,8.647290928458082,8.877804375647326,9.097501585725777,9.30611489148472,9.503390129745487,9.689086951018187,9.8629791123305
-3.9037599511829724,-3.527067602352288,-3.1460780649512605,-2.7612555160442653,-2.373068802629757,-1.9819908704224904,-1.588498187641893,-1.1930701645090522,-0.7961885691591273,-0.3983369406811193,-3.4944777538319403e-15,0.39833694068111236,0.7961885691591103,1.1930701645090451,1.5884981876418864,1.9819908704224833,2.3730688026297697,2.7612555160442582,3.1460780649512534,3.5270676023522802,3.9037599511829555,4.275696169841237,4.642423111337092,5.003493975382224,5.3584688527475155,5.7069152612245855,6.048408672538777,6.382533029571394,6.708881253261323,7.027055738568091,7.336668838892368,7.63734333836367,7.9287129114197175,8.2104225691178,8.482129091634048,8.743501446423974,8.99422119153459,9.233982863576877,9.462494349885914,9.679477244415143,9.884667186931212,10.077814185096258,10.258682919045038
-4.041590377486426,-3.6515981158348083,-3.257156944364626,-2.8587474288842993,-2.456854970018141,-2.051969211820532,-1.6445834452199362,-1.2351940070200094,-0.8242996751895801,-0.4124010611785528,-3.617857614412927e-15,0.41240106117854564,0.8242996751895624,1.2351940070200023,1.6445834452199293,2.051969211820525,2.456854970018155,2.8587474288842927,3.257156944364618,3.651598115834801,4.0415903774864095,4.426658583822322,4.806333588548351,5.180152816155646,5.547660825497828,5.9084098646757806,6.261960416554414,6.607881734246515,6.94575236591159,7.275160668229934,7.595705307926632,7.906995750734344,8.208652737199097,8.500308744749596,8.7816084354668,9.052209089008475,9.31178102016112,9.560007980510594,9.796587543742152,10.021231474100304,10.233666077559626,10.433632535278853,10.620887218931731
-4.165657744830222,-3.7636936333204147,-3.357144040870978,-2.9465042855361365,-2.532274668603539,-2.114959865054279,-1.695068308694033,-1.2731115727049105,-0.8496037463722517,-0.4250608087460516,-3.7289173774570165e-15,0.4250608087460442,0.8496037463722333,1.2731115727049034,1.695068308694026,2.114959865054272,2.5322746686035527,2.9465042855361285,3.35714404087097,3.763693633320407,4.165657744830204,4.562546644048311,4.953876782987097,5.339171386152016,5.717961031419213,6.089784221953999,6.454187948473703,6.810728241169611,7.158970710615915,7.498491077006237,7.8288756870732295,8.14972201806139,8.460639168138966,8.761248332651727,9.051183265637995,9.330090726042986,9.597630908088608,9.853477855274418,10.097319857505488,10.328859830863083,10.54781567955565,10.75392063960913,10.946923603877734
-4.266015300692893,-3.8543672117066126,-3.4380231699926327,-3.0174904266328872,-2.5932813359970366,-2.165912731517662,-1.7359052960082029,-1.3037829272912804,-0.8700720999098184,-0.4353012236989375,-3.8187531385633764e-15,0.43530122369892993,0.8700720999097998,1.303782927291273,1.7359052960081953,2.165912731517655,2.593281335997051,3.0174904266328797,3.438023169992624,3.854367211706605,4.266015300692876,4.672465907164533,5.073223833666528,5.467800818397406,5.855716130081216,6.236497153664444,6.609679966124694,6.974809901689351,7.331442105775901,7.679142076978647,8.017486196441752,8.34606224397358,8.664469900273449,8.972321234659105,9.269241177700465,9.554867978183948,9.828853643850609,10.090864365371061,10.34058092304081,10.577699075700224,10.801929931405525,11.013000299399156,11.21065302295062
-4.354133020557976,-3.933982034035815,-3.5090380963886703,-3.0798189363469572,-2.6468474913410227,-2.2106512703825114,-1.7717617113757524,-1.3307135336426623,-0.888044086449535,-0.44429269432976265,-3.8976323257156536e-15,0.4442926943297548,0.8880440864495159,1.3307135336426543,1.7717617113757447,2.210651270382504,2.646847491341037,3.0798189363469493,3.5090380963886614,3.9339820340358065,4.354133020557958,4.768979166697335,5.178015046327036,5.580742312234842,5.976670303282642,6.365316642201377,6.746207823293473,7.11887978932652,7.482878496915638,7.837760469705337,8.183093338677146,8.518456368924694,8.843440972254303,9.157651204986877,9.460704250354201,9.752230884902241,10.03187592833305,10.299298676237198,10.554173315189688,10.796189319703405,11.025051830556528,11.240482014033166,11.442217401639219
-4.429350010692163,-4.001940979351689,-3.5696561993796374,-3.133022343192025,-2.692571381884307,-2.248839937106612,-1.802368627272778,-1.3537014089002268,-0.9033849138826479,-0.45196778350326944,-3.96496333531179e-15,0.45196778350326156,0.9033849138826284,1.353701408900219,1.8023686272727704,2.2488399371066046,2.6925713818843224,3.133022343192017,3.569656199379628,4.001940979351681,4.429350010692144,4.851362561333645,5.267464473989296,5.677148792574071,6.079916379852828,6.475276525562058,6.862747544264795,7.2418573622100455,7.612144092482054,7.973156597738283,8.32445503985079,8.665611415781257,8.996210079036684,9.315848246070741,9.624136487013372,9.92069920013116,10.205175069440163,10.47721750491375,10.736495064749237,10.982691859178619,11.215507935331576,11.434659642681885,11.639879978631882
-4.481832315502322,-4.049359017168434,-3.6119521986280776,-3.170144772712276,-2.7244750137142693,-2.2754859015852795,-1.8237244603969285,-1.3697410918768131,-0.9140889048286872,-0.457323041254617,-4.011943233902468e-15,0.457323041254609,0.9140889048286676,1.3697410918768056,1.823724460396921,2.2754859015852715,2.7244750137142852,3.170144772712267,3.6119521986280683,4.049359017168426,4.481832315502303,4.908845191533085,5.329877395847641,5.74441596556001,6.1519558492777895,6.5520005224293785,6.944062592202717,7.32766439135828,7.702338560193142,8.067628615946715,8.423089508954677,8.768288164873466,9.102804012314595,9.426229495246185,9.738170569537159,10.038247183039337,10.326093738622438,10.601359539597816,10.863709216988447,11.112823138124307,11.34839779606553,11.57014617937892,11.777798121817128
-4.522874175439639,-4.0864405530045005,-3.645028232223449,-3.19917500601499,-2.749424077856811,-2.2963233999760986,-1.840425005754008,-1.3822843371581568,-0.9224595680220578,-0.4615109239963157,-4.048682139040162e-15,0.46151092399630766,0.922459568022038,1.3822843371581488,1.8404250057540001,2.296323399976091,2.7494240778568257,3.1991750060149817,3.6450282322234404,4.086440553004492,4.52287417543962,4.953797372387332,5.378685130310801,5.797019788925895,6.208291671890627,6.61199970776718,7.007652040500318,7.394766628668131,7.77287183277539,8.141506989873534,8.500222974807528,8.848582747405711,9.186161884945845,9.512549099248938,9.827346737770455,10.130171268078715,10.420653745130101,10.698440260771687,10.96319237492391,11.214587527917626,11.452319433483346,11.676098451913937,11.885651942945962
-4.552141840073623,-4.112884041594457,-3.668615327451839,-3.2198769706395907,-2.76721568972262,-2.311182982744646,-1.8523344553126329,-1.3912291436770825,-0.9284288336323829,-0.4644973760673888,-4.074881291715798e-15,0.46449737606738056,0.9284288336323631,1.3912291436770747,1.8523344553126253,2.311182982744638,2.7672156897226357,3.2198769706395822,3.66861532745183,4.112884041594449,4.552141840073604,4.985853554924326,5.413490775230258,5.834532490910879,6.248465727492161,6.654786171086849,7.052998782823318,7.442618401974074,7.8231703370495,8.194190944136244,8.55522819177591,8.905842211695795,9.245605834720537,9.574105111212074,9.890939815403437,10.195723933012209,10.488086131539502,10.767670212681313,11.03413554630142,11.287157485436653,11.526427761829197,11.751654861504036,11.962564379933797
-4.560148899425482,-4.120118461738938,-3.6750682943623723,-3.225540622369999,-2.772083125985689,-2.3152482733190594,-1.8555926472680364,-1.3936762674084642,-0.9300619076964267,-0.46531441081490327,-4.082048866343487e-15,0.46531441081489505,0.9300619076964066,1.3936762674084562,1.8555926472680282,2.315248273319052,2.7720831259857044,3.225540622369991,3.6750682943623634,4.12011846173893,4.560148899425464,4.9946234981151365,5.42301291743515,5.844795230866347,6.259456561630422,6.6664917087695175,7.065404762655825,7.4557097091809865,7.836931021889551,8.208604241334626,8.570276540950184,8.921507278750514,9.261868534184512,9.590945629491088,9.908337634920045,10.213657857203264,10.506534310680882,10.78661017050846,11.053544207393198,11.3070112033292,11.546702347825489,11.772325614144098,11.983606115089621
-4.557722015693498,-4.117925759551098,-3.673112445188534,-3.223824009111105,-2.77060784007057,-2.3140161121563545,-1.8546051120563216,-1.392934561307277,-0.9295669343603998,-0.4650667732928023,-4.079876424564635e-15,0.4650667732927942,0.92956693436038,1.3929345613072688,1.8546051120563134,2.314016112156347,2.770607840070586,3.223824009111097,3.6731124451885253,4.11792575955109,4.557722015693479,4.991965389623001,5.420126822678611,5.841684666107298,6.256125316612874,6.662943842102386,7.061644596868137,7.4517418254555485,7.832760254481473,8.204235671681538,8.565715491481281,8.916759306401998,9.256939423629321,9.585841386091165,9.903064477409721,10.2082222101127,10.500942796508758,10.780869601653489,11.047661577854264,11.300993680184245,11.540557262499538,11.766060453477042,11.97722851221466
-4.544808899402086,-4.10625869121534,-3.6627056393340225,-3.214690144827728,-2.7627580455649947,-2.3074599511940166,-1.8493505723094543,-1.3889880446231624,-0.9269332489617037,-0.4637491279194944,-4.068317159093071e-15,0.4637491279194863,0.9269332489616837,1.3889880446231544,1.8493505723094465,2.3074599511940086,2.7627580455650107,3.2146901448277205,3.6627056393340136,4.106258691215332,4.544808899402066,4.977821958019021,5.404770307354846,5.825133776612181,6.2384002176557845,6.6440661289860605,7.04163726917812,7.430629259038735,7.810568171747903,8.180991110265595,8.5414467713005,8.891495995153607,9.230712300766564,9.55868240532327,9.875006727771233,10.179299875649589,10.471191114630422,10.750324820201406,11.016360910939568,11.26897526284807,11.507860104251353,11.732724390767562,11.943294159901267
-4.512469757604592,-4.077040106889414,-3.6366432108238858,-3.191815625187912,-2.74309930387413,-2.2910409386006565,-1.836191292851289,-1.37910453085518,-0.9203375424229918,-0.46044926446247975,-4.039368552364547e-15,0.4604492644624717,0.9203375424229719,1.3791045308551722,1.8361912928512814,2.2910409386006485,2.743099303874145,3.1918156251879033,3.636643210823877,4.077040106889406,4.512469757604574,4.942401659012781,5.366312005318116,5.783684327061946,6.194010120361524,6.59678946644356,6.991531640718271,7.3777557106516385,7.7549911217077225,8.122778270646814,8.480669065481194,8.828227471406231,9.165030042041534,9.490666435335264,9.80473991350263,10.106867826389795,10.396682077674166,10.673829573332977,10.937972651834084,11.188789495524471,11.42597452271545,11.649238759986947,11.858310194257076
-4.470831119050387,-4.039419378441168,-3.6030862275441837,-3.162363271091823,-2.7177874621183324,-2.26990044776534,-1.8192479093680938,-1.366378897626952,-0.911845163673586,-0.4562004868472519,-4.0020954367152535e-15,0.45620048684724396,0.9118451636735665,1.3663788976269444,1.8192479093680862,2.2699004477653326,2.7177874621183484,3.162363271091814,3.6030862275441744,4.039419378441159,4.470831119050368,4.896795840619754,5.316794570750942,5.730315605687069,6.136855133745119,6.5359178491327645,6.927017555402229,7.309677757805673,7.68343224383077,8.047825651208768,8.402414022703276,8.7467653470038,9.080460085064896,9.40309168124999,9.714267058656718,10.013607098020602,10.300747099613488,10.575337227573938,10.837042936128407,11.085545377183712,11.320541788794266,11.54174586403096,11.74888809980199
