hough_viz/data/file_5_3_1.json
{"header": {"discipline": 0, "disciplineName": "Meteorological products", "gribEdition": 2, "gribLength": 133963, "center": 7, "centerName": "US National Weather Service - NCEP(WMC)", "subcenter": 0, "refTime": "2014-11-30T06:00:00.000Z", "significanceOfRT": 1, "significanceOfRTName": "Start of forecast", "productStatus": 0, "productStatusName": "Operational products", "productType": 1, "productTypeName": "Forecast products", "productDefinitionTemplate": 0, "productDefinitionTemplateName": "Analysis/forecast at horizontal level/layer at a point in time", "parameterCategory": 2, "parameterCategoryName": "Momentum", "parameterNumber": 2, "parameterNumberName": "U-component_of_wind", "parameterUnit": "m.s-1", "genProcessType": 2, "genProcessTypeName": "Forecast", "forecastTime": 6, "surface1Type": 100, "surface1TypeName": "Isobaric surface", "surface1Value": 85000, "surface2Type": 255, "surface2TypeName": "Missing", "surface2Value": 0, "gridDefinitionTemplate": 0, "gridDefinitionTemplateName": "Latitude_Longitude", "numberPoints": 65160, "shape": 6, "shapeName": "Earth spherical with radius of 6,371,229.0 m", "gridUnits": "degrees", "resolution": 48, "winds": "true", "scanMode": 0, "nx": 360, "ny": 181, "basicAngle": 0, "subDivisions": 0, "lo1": 0, "la1": 90, "lo2": 359, "la2": -90, "dx": 1, "dy": 1}, "data":
[rows 57 to 75 of 181, columns 86 to 128 of 360]
-6.35489778074014,-4.808981597815288,-3.226466161188595,-1.6193953688817408,-5.688630756085013e-15,1.619395368881713,3.2264661611885845,4.808981597815276,6.354897780740113,7.852449354361327,9.290239046957295,10.65732441080621,11.943301100820467,13.13838205789513,14.233471994337181,15.220236614496974,16.091166043790327,16.83963198337871,17.459938155525787,17.94736365571041,18.29819888156061,18.509773765167566,18.58047809391462,18.509773765167566,18.29819888156061,17.947363655710408,17.45993815552579,16.83963198337872,16.091166043790317,15.220236614497,14.23347199433721,13.13838205789512,11.943301100820479,10.657324410806249,9.290239046957307,7.85244935436134,6.354897780740128,4.80898159781529,3.2264661611885974,1.6193953688817269,7.964083058519018e-15,-1.6193953688817104,-3.226466161188582
-6.862976156029919,-5.193462928800893,-3.484424312785052,-1.748867123796011,-6.143440632167476e-15,1.7488671237959812,3.48442431278504,5.193462928800878,6.86297615602989,8.48025799073321,10.032999941607276,11.50938470483471,12.898176100901862,14.188804588709512,15.371447706162579,16.437104825037878,17.377665651199415,18.18597194883389,18.855872018947647,19.382267517510396,19.761152256931787,19.98964269556795,20.065999883214584,19.98964269556795,19.761152256931787,19.38226751751039,18.85587201894765,18.185971948833895,17.3776656511994,16.43710482503791,15.37144770616261,14.188804588709496,12.898176100901875,11.509384704834753,10.032999941607288,8.480257990733223,6.862976156029903,5.193462928800894,3.484424312785054,1.7488671237959958,8.600816885034467e-15,-1.7488671237959788,-3.4844243127850376
-7.2831916764362035,-5.511455251332764,-3.697773323859031,-1.8559491086141702,-6.51959946525087e-15,1.8559491086141384,3.6977733238590185,5.51145525133275,7.283191676436173,8.999498615170541,10.64731393539763,12.214096767552414,13.68792294823285,15.057575770283414,16.312631348709235,17.44353795273529,18.44168870024486,19.299487061349456,20.01040467256828,20.569031021616173,20.971114624669056,21.213595382722996,21.2946278707953,21.213595382722996,20.971114624669063,20.569031021616166,20.010404672568285,19.299487061349463,18.44168870024485,17.443537952735323,16.312631348709267,15.057575770283401,13.687922948232863,12.214096767552462,10.647313935397644,8.99949861517056,7.2831916764361875,5.511455251332767,3.6977733238590327,1.8559491086141542,9.127439251351218e-15,-1.8559491086141355,-3.697773323859016
-7.630282512956403,-5.7741114738537105,-3.8739959599311775,-1.9443969975708726,-6.830300231165333e-15,1.9443969975708393,3.873995959931165,5.774111473853696,7.630282512956371,9.428382494844897,11.154726792934651,12.796176884721984,14.340240343873726,15.775165915134759,17.09003294847595,18.274834511835234,19.32055354991269,20.219231509406097,20.964028908407144,21.54927738898846,21.970522856830133,22.224559379566916,22.30945358586934,22.224559379566916,21.970522856830133,21.549277388988454,20.96402890840715,20.219231509406107,19.32055354991268,18.27483451183526,17.090032948475983,15.775165915134743,14.340240343873742,12.796176884722033,11.154726792934666,9.428382494844914,7.630282512956386,5.774111473853713,3.87399595993118,1.944396997570856,9.562420323631463e-15,-1.9443969975708364,-3.873995959931163
-7.915945217664256,-5.990282801469026,-4.019030716122985,-2.0171913802701726,-7.0860131794982746e-15,2.017191380270138,4.0190307161229715,5.99028280146901,7.915945217664223,9.781362510974606,11.572337729428305,13.275240470192491,14.877110615169155,16.365756965319413,17.729850023049305,18.959008216527668,20.043876909716122,20.97619959679783,21.748880739172304,22.356039766788435,22.793055832833414,23.05660298116713,23.14467545885665,23.05660298116713,22.793055832833417,22.356039766788424,21.74888073917231,20.976199596797844,20.04387690971611,18.959008216527696,17.729850023049337,16.3657569653194,14.877110615169167,13.27524047019254,11.572337729428323,9.78136251097462,7.915945217664239,5.990282801469029,4.0190307161229875,2.0171913802701553,9.920418451297584e-15,-2.017191380270135,-4.019030716122968
-8.086091051196284,-6.11903832368691,-4.105416019757936,-2.0605490210006585,-7.238320400644056e-15,2.060549021000623,4.105416019757922,6.119038323686893,8.086091051196252,9.991603743290735,11.821074297803484,13.560579339150138,15.196880183624181,16.717523593773734,18.11093655505788,19.36651435347558,20.474701283842265,21.427063374476234,22.216352574815833,22.83656191746064,23.28297123482047,23.55218308244091,23.64214859560701,23.55218308244091,23.28297123482047,22.836561917460628,22.21635257481584,21.42706337447624,20.47470128384225,19.366514353475612,18.11093655505792,16.71752359377372,15.196880183624197,13.560579339150186,11.821074297803502,9.991603743290753,8.086091051196268,6.119038323686911,4.105416019757938,2.06054902100064,1.0133648560901675e-14,-2.06054902100062,-4.10541601975792
-8.165100420900027,-6.178827578851927,-4.1455301280506855,-2.08068268983547,-7.3090461850741e-15,2.080682689835435,4.145530128050671,6.178827578851911,8.165100420899993,10.089231918522591,11.93657826920044,13.693080051746657,15.345369226991284,16.880870876631267,18.287898905951504,19.555744982062205,20.674760030777772,21.63642767189767,22.433429034002206,23.059698455483186,23.510469647891313,23.782311970269287,23.873156538400924,23.782311970269287,23.510469647891316,23.059698455483176,22.433429034002216,21.63642767189768,20.67476003077776,19.55574498206224,18.287898905951543,16.88087087663125,15.345369226991297,13.693080051746707,11.936578269200457,10.089231918522609,8.165100420900009,6.17882757885193,4.145530128050687,2.080682689835452,1.0232664659103738e-14,-2.080682689835432,-4.145530128050668
-8.170479267293167,-6.182897946970277,-4.148261039935106,-2.082053361597553,-7.313861096671422e-15,2.0820533615975174,4.148261039935093,6.182897946970261,8.170479267293135,10.095878306921637,11.944441616576478,13.70210051327813,15.355478151519236,16.891991329136108,18.299946253074957,19.568627536218276,20.68837974795063,21.650680897815818,22.44820729301008,23.074889276106372,23.52595741881241,23.797978820199805,23.888883233152992,23.797978820199805,23.525957418812414,23.07488927610636,22.448207293010086,21.650680897815835,20.688379747950616,19.568627536218308,18.299946253074996,16.89199132913609,15.355478151519254,13.70210051327818,11.94444161657649,10.095878306921657,8.170479267293153,6.182897946970279,4.148261039935109,2.0820533615975343,1.023940553533999e-14,-2.0820533615975143,-4.14826103993509
-8.04681139216432,-6.089313981302416,-4.085473214214509,-2.050539529090277,-7.203158941850025e-15,2.0505395290902415,4.085473214214495,6.089313981302401,8.046811392164287,9.943067709534239,11.763651277846204,13.494706356846914,15.123058572145537,16.63631518015773,18.02295938436711,19.27243798510107,20.375241695752212,21.32297751419134,22.108432598581636,22.725629161460137,23.169869964309857,23.437774066381188,23.527302555692447,23.437774066381188,23.169869964309864,22.72562916146013,22.10843259858164,21.322977514191347,20.375241695752194,19.272437985101103,18.022959384367148,16.636315180157712,15.12305857214555,13.494706356846965,11.763651277846222,9.943067709534255,8.046811392164305,6.0893139813024195,4.0854732142145105,2.0505395290902593,1.0084422518590034e-14,-2.0505395290902393,-4.085473214214492
-7.824888928700038,-5.921377205643174,-3.972800226626071,-1.993987839042002,-7.00450351186732e-15,1.993987839041968,3.9728002266260587,5.92137720564316,7.824888928700005,9.668848522212327,11.439222340260255,13.122536769107503,14.705980769537504,16.177503376597386,17.525905414717688,18.740924730200998,19.813314292407753,20.734912569242994,21.49870564134378,22.09888058224055,22.530869698237545,22.791385291319866,22.87844468052055,22.791385291319866,22.530869698237545,22.09888058224054,21.498705641343783,20.734912569243,19.81331429240774,18.74092473020103,17.525905414717727,16.177503376597368,14.705980769537515,13.122536769107553,11.43922234026027,9.668848522212347,7.824888928700021,5.921377205643177,3.972800226626074,1.9939878390419845,9.806304916614249e-15,-1.993987839041965,-3.972800226626055
-7.5266440700259345,-5.695684505855996,-3.8213773434481775,-1.9179871920460125,-6.7375275612800965e-15,1.9179871920459792,3.821377343448165,5.695684505855983,7.5266440700259025,9.300321328110979,11.003217525201576,12.622372593000994,14.145463783770722,15.560899453881424,16.85790728322005,18.026616259050673,19.058131800381446,19.944603451096683,20.679284626668245,21.256583959737412,21.672107853796657,21.922693921112007,22.006435050403187,21.922693921112007,21.672107853796657,21.256583959737405,20.67928462666825,19.94460345109669,19.058131800381435,18.026616259050705,16.857907283220083,15.56089945388141,14.145463783770735,12.622372593001039,11.00321752520159,9.300321328110995,7.526644070025918,5.695684505855999,3.82137734344818,1.917987192045995,9.432538585792133e-15,-1.9179871920459761,-3.821377343448163
-7.102855947572698,-5.374988665802225,-3.6062144747781226,-1.8099948141091429,-6.3581706887341106e-15,1.8099948141091122,3.6062144747781097,5.374988665802211,7.102855947572668,8.776666206760412,10.383680736618764,11.911669186233594,13.34900264087868,14.684742125078538,15.90872185481677,17.011626605290978,17.985062605397957,18.82162141940012,19.51493632959491,20.059730790880753,20.45185858845138,20.68833539299404,20.76736147323756,20.68833539299404,20.45185858845138,20.059730790880746,19.51493632959491,18.821621419400127,17.985062605397946,17.01162660529101,15.9087218548168,14.684742125078524,13.349002640878695,11.911669186233638,10.383680736618777,8.776666206760428,7.102855947572683,5.374988665802228,3.606214474778124,1.809994814109127,8.901438964227755e-15,-1.809994814109109,-3.606214474778108
-6.587107132365598,-4.984702834778659,-3.344361938773207,-1.6785684290327574,-5.896494565241877e-15,1.6785684290327287,3.3443619387731953,4.984702834778647,6.5871071323655705,8.139379567271158,9.629706408978059,11.046745370336929,12.379711929220313,13.618461405247915,14.753566166929708,15.776387381634375,16.679140762321673,17.454955810667126,18.09792810570293,18.603164240026565,18.966819061585916,19.18612493760812,19.25941281795615,19.18612493760812,18.966819061585916,18.603164240026558,18.097928105702934,17.454955810667133,16.67914076232166,15.776387381634402,14.75356616692974,13.618461405247901,12.379711929220324,11.046745370336973,9.629706408978072,8.13937956727117,6.587107132365585,4.984702834778661,3.344361938773209,1.6785684290327427,8.255092391338627e-15,-1.678568429032726,-3.3443619387731935
-6.0030939232548945,-4.542758861422203,-3.0478506616613057,-1.5297464780226357,-5.3737110968160265e-15,1.5297464780226098,3.047850661661295,4.5427588614221905,6.003093923254869,7.4177418155643595,8.775936213702439,10.067340438199079,11.282126123134665,12.411048015939206,13.445514339346724,14.377652180008306,15.200367406116296,15.907398658030937,16.493365001008044,16.953806877361405,17.285220046389558,17.48508225376347,17.55187242740491,17.48508225376347,17.285220046389558,16.953806877361398,16.493365001008048,15.907398658030944,15.200367406116285,14.377652180008328,13.44551433934675,12.411048015939198,11.282126123134672,10.067340438199114,8.775936213702453,7.417741815564372,6.00309392325488,4.542758861422205,3.0478506616613075,1.5297464780226226,7.523195535542437e-15,-1.5297464780226075,-3.0478506616612937
-5.314440251216308,-4.021629655199821,-2.6982120291808975,-1.3542593803949532,-4.757257993365271e-15,1.35425938039493,2.698212029180888,4.021629655199812,5.314440251216286,6.5668047479742455,7.769191895455002,8.91245080144502,9.987880575351113,10.98729654723162,11.903092558076617,12.728298847270874,13.45663509668044,14.082558227665821,14.601304587257527,15.00892620243144,15.302320826567422,15.479255549419292,15.538383790910032,15.479255549419292,15.302320826567422,15.008926202431432,14.601304587257529,14.082558227665828,13.45663509668043,12.728298847270896,11.903092558076642,10.987296547231612,9.987880575351122,8.912450801445054,7.769191895455013,6.566804747974256,5.314440251216297,4.021629655199823,2.698212029180899,1.3542593803949414,6.660161190711379e-15,-1.3542593803949279,-2.6982120291808864
-4.554114607343676,-3.446263668855867,-2.31218458293718,-1.1605083762071302,-4.0766472279989946e-15,1.1605083762071102,2.3121845829371726,3.4462636688558588,4.554114607343656,5.6273059838199835,6.657670163899188,7.637365454019966,8.558935781468302,9.41536743959296,10.200142466347984,10.907288249919702,11.53142298390883,12.067796626126828,12.512327049285174,12.861631108448822,13.113050388811978,13.264671437839969,13.3153403277984,13.264671437839969,13.11305038881198,12.861631108448817,12.512327049285178,12.067796626126833,11.531422983908822,10.907288249919722,10.200142466348005,9.415367439592949,8.55893578146831,7.637365454019992,6.657670163899197,5.627305983819994,4.554114607343666,3.4462636688558694,2.312184582937182,1.1605083762071198,5.7073061191985914e-15,-1.1605083762071084,-2.3121845829371708
-3.743905506677525,-2.833149061836618,-1.9008306419329677,-0.9540457530912957,-3.3513829408411536e-15,0.9540457530912793,1.900830641932962,2.8331490618366106,3.743905506677509,4.626168569980638,5.473223697109259,6.278624287080053,7.036240755089169,7.740307182353744,8.385465198235318,8.96680476067601,9.479901524583225,9.920850513767306,10.286295840168295,10.573456244190357,10.780146261766696,10.904792857060707,10.946447394218536,10.904792857060707,10.780146261766696,10.573456244190355,10.286295840168297,9.920850513767308,9.47990152458322,8.966804760676027,8.385465198235334,7.740307182353735,7.036240755089176,6.278624287080076,5.473223697109265,4.6261685699806465,3.7439055066775166,2.833149061836619,1.9008306419329692,0.9540457530912874,4.6919361171776144e-15,-0.954045753091278,-1.9008306419329601
-2.864988643261484,-2.168040799200645,-1.4545928555590701,-0.7300745819795187,-2.564614424056617e-15,0.730074581979506,1.4545928555590657,2.16804079920064,2.864988643261471,3.540132193819643,4.188333200792583,4.804658463122762,5.3844173734164755,5.923197616298401,6.416898748795767,6.861763407185407,7.254405902800349,7.591837989164924,7.871491604354843,8.091238415499044,8.24940601667796,8.344790656942418,8.376666401585181,8.344790656942418,8.24940601667796,8.09123841549904,7.871491604354847,7.591837989164926,7.254405902800344,6.861763407185418,6.41689874879578,5.923197616298394,5.384417373416481,4.80465846312278,4.188333200792588,3.5401321938196486,2.8649886432614773,2.1680407992006465,1.4545928555590713,0.7300745819795124,3.590460193679264e-15,-0.730074581979505,-1.4545928555590646
-1.9470120955170809,-1.47337465701532,-0.9885239477257354,-0.496149974306884,-1.7428813603573059e-15,0.49614997430687546,0.988523947725732,1.4733746570153161,1.9470120955170729,2.405831596333898,2.8463412660217857,3.265188560007403,3.659185797476605,4.025334421550225,4.360847820112454,4.66317253361173,4.930007688429664,5.1593225079186125,5.3493717678381945,5.498709078565542,5.606197892993687,5.671020156341309,5.692682532043582,5.671020156341309,5.606197892993688,5.498709078565541,5.349371767838195,5.159322507918615,4.930007688429662,4.663172533611737,4.360847820112464,4.0253344215502205,3.6591857974766087,3.265188560007415,2.8463412660217897,2.405831596333902,1.947012095517077,1.4733746570153208,0.9885239477257359,0.4961499743068796,2.440033904500228e-15,-0.49614997430687485,-0.9885239477257314
