hough_viz/data/file_4_0_1.json
{"header": {"discipline": 0, "disciplineName": "Meteorological products", "gribEdition": 2, "gribLength": 133963, "center": 7, "centerName": "US National Weather Service - NCEP(WMC)", "subcenter": 0, "refTime": "2014-11-30T06:00:00.000Z", "significanceOfRT": 1, "significanceOfRTName": "Start of forecast", "productStatus": 0, "productStatusName": "Operational products", "productType": 1, "productTypeName": "Forecast products", "productDefinitionTemplate": 0, "productDefinitionTemplateName": "Analysis/forecast at horizontal level/layer at a point in time", "parameterCategory": 2, "parameterCategoryName": "Momentum", "parameterNumber": 2, "parameterNumberName": "U-component_of_wind", "parameterUnit": "m.s-1", "genProcessType": 2, "genProcessTypeName": "Forecast", "forecastTime": 6, "surface1Type": 100, "surface1TypeName": "Isobaric surface", "surface1Value": 85000, "surface2Type": 255, "surface2TypeName": "Missing", "surface2Value": 0, "gridDefinitionTemplate": 0, "gridDefinitionTemplateName": "Latitude_Longitude", "numberPoints": 65160, "shape": 6, "shapeName": "Earth spherical with radius of 6,371,229.0 m", "gridUnits": "degrees", "resolution": 48, "winds": "true", "scanMode": 0, "nx": 360, "ny": 181, "basicAngle": 0, "subDivisions": 0, "lo1": 0, "la1": 90, "lo2": 359, "la2": -90, "dx": 1, "dy": 1}, "data":
[rows 160 to 179 of 181, columns 220 to 263 of 360]
-0.7464137358930566,-0.7635464169508308,-0.7769591766166378,-0.7865866692736319,-0.7923819907453404,-0.7943169068080969,-0.7923819907453404,-0.7865866692736321,-0.7769591766166379,-0.7635464169508313,-0.7464137358930568,-0.7256446021432573,-0.7013402008333574,-0.6736189405634676,-0.642615876527092,-0.6084820525357986,-0.5713837651489524,-0.5315017534935942,-0.4890303187215864,-0.44417637739392285,-0.3971584534040496,-0.3482056133514174,-0.2975563505520455,-0.2454574231230437,-0.1921626518018805,-0.1379316833572607,-0.08302872561616587,-0.02772126026989016,0.027721260269889095,0.0830287256161648,0.1379316833572569,0.19216265180187944,0.24545742312304278,0.29755635055204455,0.34820561335141903,0.3971584534040487,0.444176377393922,0.4890303187215856,0.5315017534935933,0.5713837651489497,0.6084820525357977,0.6426158765270913,0.6736189405634685,0.701340200833358
-0.642046345328468,-0.6567834471928399,-0.6683207661221291,-0.6766020934582397,-0.6815870834068267,-0.6832514495979494,-0.6815870834068267,-0.6766020934582399,-0.6683207661221293,-0.6567834471928401,-0.6420463453284684,-0.6241812582079287,-0.6032752227398817,-0.5794300910276593,-0.5527620341560593,-0.5234009762174964,-0.49148996133488393,-0.4571844567650445,-0.42065159547786835,-0.38206936190127455,-0.34162572479897585,-0.29951772150555206,-0.25595049798037145,-0.21113630935708463,-0.16529348585795772,-0.11864536911097393,-0.07141922405186991,-0.02384513171222283,0.023845131712221915,0.07141922405186898,0.11864536911097065,0.1652934858579568,0.21113630935708377,0.2559504979803706,0.29951772150555345,0.3416257247989751,0.38206936190127383,0.42065159547786757,0.4571844567650438,0.49148996133488165,0.5234009762174958,0.5527620341560586,0.5794300910276601,0.6032752227398824
-0.5508533284855592,-0.5634972469087172,-0.5733958633874809,-0.5805009528573715,-0.5847779000366929,-0.5862058680687042,-0.5847779000366929,-0.5805009528573716,-0.5733958633874812,-0.5634972469087174,-0.5508533284855593,-0.5355257080176021,-0.5175890601310399,-0.4971307703713896,-0.47425050946990044,-0.4490597477577683,-0.42168121209388826,-0.3922482879519327,-0.3609043695797368,-0.32780216139692875,-0.29310293403435306,-0.25697573863976403,-0.21959658327763476,-0.18114757543554835,-0.1418160348148305,-0.10179358072779278,-0.06127519854770217,-0.020458289759650625,0.020458289759649834,0.06127519854770138,0.10179358072778998,0.1418160348148297,0.18114757543554758,0.21959658327763407,0.25697573863976514,0.2931029340343524,0.32780216139692814,0.36090436957973615,0.39224828795193206,0.4216812120938863,0.4490597477577677,0.47425050946989983,0.4971307703713903,0.5175890601310404
-0.46695721904909415,-0.47767544235727244,-0.48606647892605337,-0.4920894484687383,-0.495715007683142,-0.49692549320921153,-0.495715007683142,-0.49208944846873853,-0.4860664789260535,-0.47767544235727255,-0.4669572190490944,-0.4539640271080841,-0.43875916805930826,-0.4214167184476648,-0.402021168944405,-0.3806670127170745,-0.3574582850683008,-0.33250805658625426,-0.30593788227611374,-0.2778772093562924,-0.2484627466046066,-0.21783779832684957,-0.18615156619262463,-0.15355842233979922,-0.12021715728897298,-0.08629020633202127,-0.05194285816367941,-0.017342449611643686,0.01734244961164302,0.05194285816367874,0.08629020633201888,0.12021715728897235,0.15355842233979863,0.18615156619262405,0.21783779832685057,0.24846274660460607,0.27787720935629184,0.3059378822761132,0.33250805658625376,0.35745828506829913,0.38066701271707404,0.40202116894440454,0.4214167184476655,0.4387591680593088
-0.38969245407627884,-0.39863719370961653,-0.4056398130060713,-0.410666195908332,-0.41369185438414896,-0.41470204772956615,-0.41369185438414896,-0.41066619590833214,-0.40563981300607144,-0.3986371937096167,-0.38969245407627906,-0.37884917197843,-0.3661601747964881,-0.3516872820492298,-0.33550100421530976,-0.3176801992132957,-0.29831168821381654,-0.2774898326555446,-0.25531607452575633,-0.23189844214516067,-0.20735102386478374,-0.1817934122389883,-0.15535012138257567,-0.12814998035052677,-0.1003255054958011,-0.07201225486298445,-0.04334816776312043,-0.01447289274725851,0.01447289274725795,0.04334816776311986,0.07201225486298245,0.10032550549580058,0.12814998035052627,0.1553501213825752,0.18179341223898912,0.20735102386478327,0.2318984421451602,0.2553160745257559,0.2774898326555442,0.2983116882138152,0.31768019921329543,0.33550100421530943,0.35168728204923033,0.36616017479648855
-0.32411296318622534,-0.331552435100975,-0.33737661687944676,-0.34155713369346075,-0.34407361848532336,-0.34491381119408465,-0.34407361848532336,-0.34155713369346086,-0.3373766168794468,-0.3315524351009751,-0.32411296318622546,-0.3150944454945534,-0.30454081933761523,-0.2925035009212003,-0.2790411348506465,-0.2642193084202172,-0.24811023207839658,-0.23079238762584242,-0.21235014585994574,-0.19287335552878143,-0.17245690559704283,-0.1512002629565419,-0.12920698783351506,-0.10658422925360435,-0.08344220302257933,-0.059893654766009226,-0.036053310643907065,-0.012037318416415093,0.012037318416414628,0.03605331064390659,0.05989365476600757,0.08344220302257889,0.10658422925360392,0.1292069878335146,0.15120026295654262,0.17245690559704246,0.19287335552878107,0.21235014585994536,0.2307923876258421,0.2481102320783954,0.26421930842021696,0.27904113485064624,0.2925035009212008,0.3045408193376156
-0.2650837058967903,-0.271168259768657,-0.27593170913666887,-0.27935084695432516,-0.28140901552586906,-0.2820961876609062,-0.28140901552586906,-0.2793508469543252,-0.27593170913666887,-0.27116825976865705,-0.2650837058967905,-0.25770769085591544,-0.2490761498498771,-0.23923113487881728,-0.2282206098660576,-0.2160982169826859,-0.20292301530829135,-0.18875919310106432,-0.17367575507905733,-0.15774618623613101,-0.14104809383045355,-0.12366282928973801,-0.10567509187526786,-0.08717251603560454,-0.06824524446036642,-0.04898548891410539,-0.029487080989857972,-0.00984501497105997,0.00984501497105959,0.02948708098985759,0.04898548891410403,0.06824524446036606,0.08717251603560419,0.10567509187526752,0.12366282928973858,0.1410480938304532,0.15774618623613074,0.17367575507905703,0.18875919310106398,0.20292301530829043,0.21609821698268564,0.22822060986605733,0.23923113487881764,0.24907614984987736
-0.21184417978895068,-0.21670670923038354,-0.2205134653677281,-0.22324590206773715,-0.22489070717347187,-0.22543986735979218,-0.22489070717347187,-0.22324590206773723,-0.22051346536772815,-0.21670670923038363,-0.2118441797889508,-0.20594956679808846,-0.1990515882197642,-0.19118385031222893,-0.182384683903706,-0.1726969576484485,-0.16216786917496523,-0.1508487151439182,-0.1387946413359504,-0.12606437398698242,-0.11271993367989645,-0.09882633318648942,-0.08445126073178678,-0.06966475022380994,-0.0545388400554189,-0.039147222140502896,-0.023564882894382595,-0.007867737907535387,0.007867737907535081,0.02356488289438229,0.03914722214050182,0.05453884005541861,0.06966475022380965,0.08445126073178652,0.09882633318648987,0.11271993367989619,0.1260643739869822,0.13879464133595018,0.15084871514391798,0.16216786917496448,0.17269695764844828,0.18238468390370577,0.19118385031222923,0.1990515882197644
-0.1684502326455661,-0.17231672648302393,-0.17534371055027312,-0.17751643768520953,-0.17882432257963363,-0.1792609933498077,-0.17882432257963363,-0.1775164376852096,-0.17534371055027312,-0.17231672648302396,-0.16845023264556616,-0.16376306620721717,-0.15827806257171273,-0.15202194412541414,-0.14502519004852896,-0.13732188782360846,-0.12894956716475922,-0.11994901717664799,-0.11036408763408569,-0.10024147535032937,-0.08963049667490412,-0.07858284722930424,-0.0671523500511239,-0.05539469337362513,-0.04336715931826516,-0.03112834482195823,-0.018737876158688358,-0.006256118446298712,0.006256118446298471,0.01873787615868812,0.031128344821957362,0.04336715931826494,0.055394693373624904,0.06715235005112367,0.0785828472293046,0.08963049667490394,0.10024147535032917,0.11036408763408546,0.11994901717664783,0.1289495671647586,0.1373218878236083,0.14502519004852882,0.1520219441254144,0.1582780625717129
-0.13060805828783167,-0.13360594819609192,-0.1359529233547637,-0.1376375495367911,-0.13865161941275345,-0.13899019253614883,-0.13865161941275345,-0.13763754953679116,-0.13595292335476372,-0.13360594819609198,-0.13060805828783176,-0.1269738590482692,-0.12272105593079136,-0.11787036816469608,-0.11244542781319045,-0.10647266464035379,-0.09998117734798417,-0.09300259180964765,-0.08557090699260272,-0.0777223293182473,-0.06949509626807462,-0.060929290094506115,-0.05206664254418841,-0.04295033154511605,-0.03362477084810811,-0.024135393647478333,-0.014528431235078845,-0.004850687766095339,0.004850687766095152,0.01452843123507866,0.024135393647477667,0.03362477084810793,0.04295033154511587,0.052066642544188246,0.0609292900945064,0.06949509626807447,0.07772232931824714,0.08557090699260256,0.09300259180964753,0.09998117734798373,0.10647266464035368,0.11244542781319032,0.11787036816469629,0.12272105593079148
-0.09752758664482467,-0.09976616955932724,-0.10151870172419701,-0.10277664497889072,-0.10353387075031951,-0.10378668991064104,-0.10353387075031951,-0.10277664497889075,-0.10151870172419704,-0.09976616955932727,-0.09752758664482472,-0.09481385913162721,-0.09163820802739635,-0.08801610478509647,-0.08396519592763153,-0.07950521707575918,-0.07465789679813016,-0.06944685075188599,-0.0638974666295519,-0.05803678047274951,-0.05189334495532068,-0.04549709027756999,-0.03887917834933883,-0.032071850972311036,-0.025108272761197335,-0.01802236956906583,-0.01084866320399573,-0.003622103242299936,0.0036221032422997963,0.010848663203995591,0.018022369569065333,0.0251082727611972,0.03207185097231091,0.038879178349338704,0.04549709027757021,0.05189334495532056,0.05803678047274939,0.06389746662955179,0.06944685075188586,0.07465789679812984,0.07950521707575908,0.08396519592763146,0.0880161047850966,0.09163820802739643
-0.07220513322635218,-0.0738624815022666,-0.07515997919293259,-0.07609130502002534,-0.07665192165773177,-0.07683909783814594,-0.07665192165773177,-0.07609130502002537,-0.07515997919293262,-0.07386248150226661,-0.07220513322635222,-0.07019600879939357,-0.0678448964736425,-0.065163250632017,-0.062164135983499375,-0.05886216391318725,-0.05527342129709409,-0.051415392128506196,-0.04730687233772554,-0.042967878220185676,-0.03841954891907309,-0.03368404343754609,-0.028784432682299816,-0.023744587064426427,-0.018589060205172703,-0.01334296931316518,-0.00803187281589423,-0.002681645841625545,0.0026816458416254415,0.008031872815894127,0.01334296931316481,0.018589060205172606,0.023744587064426333,0.028784432682299715,0.03368404343754624,0.038419548919073,0.04296787822018559,0.047306872337725465,0.05141539212850611,0.05527342129709384,0.05886216391318719,0.062164135983499305,0.0651632506320171,0.0678448964736426
-0.0512239417429052,-0.05239970179956224,-0.05332017577625137,-0.05398087921628396,-0.05437859323891381,-0.05451138022140076,-0.05437859323891381,-0.05398087921628397,-0.05332017577625139,-0.05239970179956224,-0.051223941742905225,-0.04979862379108933,-0.048130691949903485,-0.04622827221561795,-0.044100632985947616,-0.041758139905349864,-0.03921220536464679,-0.036475232901004136,-0.03356055676914551,-0.030482376978202972,-0.027255690110700462,-0.023896216260710833,-0.020420322447138452,-0.01684494287524725,-0.013187496434915581,-0.00946580183755551,-0.005697990805141753,-0.0019024197342855675,0.0019024197342854935,0.00569799080514168,0.00946580183755525,0.013187496434915512,0.016844942875247182,0.020420322447138383,0.02389621626071094,0.027255690110700406,0.030482376978202913,0.03356055676914544,0.03647523290100407,0.03921220536464661,0.041758139905349816,0.04410063298594757,0.046228272215618024,0.04813069194990355
-0.033837179343425915,-0.03461385529900972,-0.035221896030949315,-0.03565833922591872,-0.035921058576543194,-0.036008774140554936,-0.035921058576543194,-0.03565833922591873,-0.035221896030949315,-0.03461385529900973,-0.03383717934342592,-0.03289565205138228,-0.03179386044920374,-0.030537172354824345,-0.0291317102263181,-0.027584321333898494,-0.025902544400706422,-0.02409457287490868,-0.02216921501204247,-0.020135850962079285,-0.01800438707027752,-0.015785207614463913,-0.013489124213876262,-0.011127323156040638,-0.008711310898303393,-0.006252858009527529,-0.0037639418250642086,-0.001256688094379409,0.0012566880943793604,0.0037639418250641587,0.0062528580095273555,0.00871131089830335,0.011127323156040593,0.013489124213876219,0.015785207614463982,0.01800438707027748,0.02013585096207925,0.022169215012042432,0.024094572874908644,0.025902544400706305,0.02758432133389846,0.029131710226318063,0.03053717235482439,0.03179386044920377
-0.021962687570616247,-0.022466804393799715,-0.022861465204331858,-0.023144747254414948,-0.023315270422376393,-0.0233722039364828,-0.023315270422376393,-0.023144747254414955,-0.02286146520433186,-0.022466804393799725,-0.021962687570616254,-0.02135157074127036,-0.020636431205525416,-0.019820753051313957,-0.018908510180611644,-0.017904146948986177,-0.016812556513143808,-0.01563905699196162,-0.014389365557147166,-0.013069570579752257,-0.011686101968241438,-0.010245699842624136,-0.008755381697267786,-0.007222408212370246,-0.005654247880655968,-0.004058540621630146,-0.0024430605606587364,-0.0008156781542114682,0.0008156781542114367,0.0024430605606587047,0.004058540621630032,0.005654247880655938,0.007222408212370215,0.00875538169726776,0.010245699842624181,0.011686101968241411,0.01306957057975223,0.01438936555714714,0.015639056991961595,0.01681255651314373,0.017904146948986153,0.01890851018061162,0.01982075305131399,0.020636431205525437
-0.013045444360568344,-0.013344880754539771,-0.013579302230897794,-0.013747566711773575,-0.013848854429530167,-0.013882671920588069,-0.013848854429530167,-0.013747566711773577,-0.013579302230897797,-0.013344880754539774,-0.013045444360568346,-0.012682451872995704,-0.012257671754733445,-0.011773173491818984,-0.011231317511087644,-0.010634743680410372,-0.00998635844752284,-0.009289320680104182,-0.008547026276091345,-0.007763091619205464,-0.006941335960294057,-0.006085762810324704,-0.0052005404356822325,-0.004289981550793613,-0.0033585223070169657,-0.0024107006801580124,-0.0014511343619080673,-0.00048449826291446996,0.00048449826291445137,0.0014511343619080484,0.002410700680157946,0.003358522307016947,0.004289981550793596,0.005200540435682214,0.006085762810324732,0.00694133596029404,0.00776309161920545,0.008547026276091328,0.00928932068010417,0.009986358447522796,0.010634743680410364,0.011231317511087632,0.011773173491818998,0.01225767175473346
-0.006458240389130677,-0.0066064785142624805,-0.006722530540153693,-0.006805831072999683,-0.006855974280977767,-0.006872715871419052,-0.006855974280977767,-0.006805831072999685,-0.006722530540153694,-0.006606478514262483,-0.00645824038913068,-0.00627853836600308,-0.0060682479350727915,-0.005828393610180978,-0.005560143937488443,-0.0052648058024361765,-0.00494381806273087,-0.004598744538374776,-0.004231266392891922,-0.0038431739428683095,-0.0034363579357095365,-0.003012800338109457,-0.0025745646801077614,-0.0021237860017789176,-0.001662660451531629,-0.0011934345866945226,-0.000718394428514642,-0.00023985432489181718,0.0002398543248918079,0.0007183944285146325,0.00119343458669449,0.00166266045153162,0.002123786001778909,0.0025745646801077528,0.0030128003381094714,0.003436357935709529,0.003843173942868302,0.004231266392891914,0.004598744538374769,0.004943818062730847,0.00526480580243617,0.005560143937488436,0.005828393610180987,0.006068247935072798
-0.003056554952874876,-0.0031267130684413196,-0.003181638152234413,-0.0032210626147669706,-0.0032447943840204644,-0.0032527178412006023,-0.0032447943840204644,-0.0032210626147669715,-0.003181638152234414,-0.0031267130684413205,-0.0030565549528748775,-0.0029715056088218555,-0.0028719793881373562,-0.00275846117256421,-0.002631504011437881,-0.0024917264272856835,-0.0023398094024472144,-0.0021764930613968345,-0.0020025730649316544,-0.0018188967337920672,-0.0016263589206003065,-0.0014258976502283976,-0.0012184895498353167,-0.00100514509083758,-0.0007869036659941133,-0.0005648285255892035,-0.00034000159738397664,-0.0001135182155731474,0.00011351821557314303,0.00034000159738397225,0.000564828525589188,0.0007869036659941092,0.0010051450908375756,0.0012184895498353128,0.001425897650228404,0.0016263589206003026,0.0018188967337920638,0.0020025730649316504,0.002176493061396831,0.0023398094024472036,0.0024917264272856805,0.0026315040114378773,0.0027584611725642145,0.0028719793881373593
-0.00109135945460427,-0.0011164097886964609,-0.0011360210865192415,-0.0011500978038009413,-0.0011585713601899494,-0.0011614004733712983,-0.0011585713601899494,-0.0011500978038009415,-0.001136021086519242,-0.0011164097886964613,-0.0010913594546042703,-0.0010609921269523152,-0.0010254557523084054,-0.0009849234603177012,-0.0009395927202324895,-0.0008896843788618349,-0.0008354415846281263,-0.0007771286029724013,-0.0007150295288796917,-0.0006494469027967971,-0.0005807002366856511,-0.0005091244573931523,-0.00043506827492124955,-0.00035889248354684046,-0.00028096820406833757,-0.00020167507574243878,-0.00012139940671982654,-4.053229199070501e-05,4.0532291990703444e-05,0.00012139940671982494,0.0002016750757424332,0.0002809682040683361,0.000358892483546839,0.0004350682749212482,0.0005091244573931548,0.0005807002366856497,0.0006494469027967957,0.0007150295288796904,0.0007771286029724002,0.0008354415846281225,0.0008896843788618338,0.0009395927202324885,0.0009849234603177028,0.0010254557523084067
1.0835901717776414e-05,1.1084621749545304e-05,1.1279338618372686e-05,1.1419103683246513e-05,1.1503236022819832e-05,1.1531325752791214e-05,1.1503236022819832e-05,1.141910368324649e-05,1.1279338618372686e-05,1.108462174954528e-05,1.0835901717776414e-05,1.0534390262059562e-05,1.0181556315899151e-05,9.77911885081417e-06,9.329038501681588e-06,8.833508014720472e-06,8.294941564652776e-06,7.715962993086718e-06,7.0993930254241955e-06,6.4482355285703374e-06,5.765662876395632e-06,5.055000494249506e-06,4.319710657822293e-06,3.563375625285967e-06,2.789680184892535e-06,2.0023937030559624e-06,1.205351760377979e-06,4.024374650850036e-07,-4.024374650849896e-07,-1.2053517603779604e-06,-2.0023937030559065e-06,-2.7896801848925227e-06,-3.563375625285967e-06,-4.3197106578222804e-06,-5.055000494249518e-06,-5.765662876395607e-06,-6.4482355285703e-06,-7.0993930254241955e-06,-7.715962993086692e-06,-8.29494156465275e-06,-8.833508014720497e-06,-9.32903850168156e-06,-9.77911885081417e-06,-1.0181556315899176e-05
