hough_viz/data/file_1_3_2.json
{"header": {"discipline": 0, "disciplineName": "Meteorological products", "gribEdition": 2, "gribLength": 133963, "center": 7, "centerName": "US National Weather Service - NCEP(WMC)", "subcenter": 0, "refTime": "2014-11-30T06:00:00.000Z", "significanceOfRT": 1, "significanceOfRTName": "Start of forecast", "productStatus": 0, "productStatusName": "Operational products", "productType": 1, "productTypeName": "Forecast products", "productDefinitionTemplate": 0, "productDefinitionTemplateName": "Analysis/forecast at horizontal level/layer at a point in time", "parameterCategory": 2, "parameterCategoryName": "Momentum", "parameterNumber": 2, "parameterNumberName": "U-component_of_wind", "parameterUnit": "m.s-1", "genProcessType": 2, "genProcessTypeName": "Forecast", "forecastTime": 6, "surface1Type": 100, "surface1TypeName": "Isobaric surface", "surface1Value": 85000, "surface2Type": 255, "surface2TypeName": "Missing", "surface2Value": 0, "gridDefinitionTemplate": 0, "gridDefinitionTemplateName": "Latitude_Longitude", "numberPoints": 65160, "shape": 6, "shapeName": "Earth spherical with radius of 6,371,229.0 m", "gridUnits": "degrees", "resolution": 48, "winds": "true", "scanMode": 0, "nx": 360, "ny": 181, "basicAngle": 0, "subDivisions": 0, "lo1": 0, "la1": 90, "lo2": 359, "la2": -90, "dx": 1, "dy": 1}, "data":
[rows 0 to 19 of 181, columns 132 to 175 of 360]
9.206314245366494,9.383356788484235,9.55754107022559,9.728814032370977,9.897123503516967,10.06241821496819,10.224647816354299,10.38376289096717,10.539714970813673,10.692456551379557,10.841941106099743,10.988123100530766,11.130958006221023,11.270402314274584,11.40641354860437,11.538950278870846,11.667972133102054,11.793439809991334,11.915315090868884,12.033560851343495,12.148141072611068,12.25902085242624,12.36616641573396,12.469545124957705,12.569125489941188,12.664877177540584,12.756771020864285,12.844779028157415,12.928874391328394,13.009031494114963,13.0852259198871,13.157434459084612,13.22563511628696,13.289807116913279,13.349930913550535,13.405988191907838,13.45796187639516,13.505836135324735,13.549596385733512,13.589229297825309,13.624722799031165,13.656066077686788,13.683249586325864,13.706265044588328
9.253390745603776,9.431338596003124,9.606413569302704,9.778562335969658,9.947732457822019,10.113872404001873,10.276931566672184,10.436860276432421,10.593609817448321,10.74713244229122,10.897381386482392,11.044310882737935,11.187876174909949,11.3280335316197,11.464740259578598,11.597954716592993,11.727636324248802,11.85374558027208,11.9762440705618,12.095094480891142,12.210260608273794,12.321707371991714,12.429400824281066,12.533308160673032,12.633397729986376,12.729639043968692,12.822002786583438,12.910460822939859,12.994986207863167,13.075553194102305,13.152137240172788,13.224715017832303,13.293264419186693,13.357764563424258,13.41819580317623,13.474539730501577,13.526779182494211,13.574898246511008,13.618882265018925,13.658717840059843,13.694392837331705,13.725896389884756,13.753218901431703,13.776352049270853
9.300467245841055,9.47932040352201,9.655286068379818,9.828310639568342,9.99834141212707,10.165326593035553,10.329215316990068,10.489957661897675,10.647504664082964,10.80180833320288,10.952821666865036,11.100498664945102,11.244794343598876,11.385664748964821,11.523066970552824,11.656959154315137,11.787300515395545,11.914051350552821,12.037173050254717,12.156628110438785,12.272380143936513,12.384393891557187,12.492635232828174,12.597071196388361,12.697669970031562,12.794400910396803,12.887234552302589,12.976142617722305,13.061098024397939,13.142074894089648,13.21904856045848,13.291995576579996,13.360893722086432,13.425722009935237,13.486460692801929,13.543091269095315,13.59559648859326,13.643960357697281,13.688168144304338,13.728206382294372,13.764062875632243,13.795726702082723,13.823188216537542,13.846439053953377
9.361150335549775,9.541170462795309,9.718284257090483,9.892437767857817,10.063577946250865,10.231652661313412,10.396610715859076,10.558401862066466,10.716976816785131,10.872287276547716,11.024285932283659,11.172926483729972,11.318163653534768,11.459953201049183,11.598251935803503,11.733017730663388,11.864209534662216,11.991787385505605,12.115712421744322,12.235946894611828,12.352454179522958,12.465198787230097,12.574146374633553,12.679263755242804,12.78051890928542,12.877880993460598,12.97132035033434,13.06080851737337,13.14631823561511,13.227823457971038,13.305299357160866,13.378722333275173,13.44807002096417,13.513321296250403,13.574456282963318,13.631456358793727,13.684304160966366,13.732983591528747,13.777479822254746,13.81777929916144,13.853869746637779,13.885740171183844,13.913380864759574,13.93678340774196
9.444482006545968,9.626104648170461,9.804795085068953,9.980498886403353,10.153162531093692,10.322733424121159,10.489159912549077,10.652391301256863,10.81237786838225,10.96907088046707,11.12242260730193,11.272386336465278,11.418916387552475,11.561968126090498,11.701497977134018,11.837463438538743,11.969823093908008,12.098536625208586,12.223564825051975,12.344869608637316,12.462414025352428,12.576162270029304,12.686079693850715,12.792132814904559,12.89428932838281,12.99251811642185,13.086789257581284,13.177074035958281,13.263344949934744,13.345575720554548,13.423741299528375,13.497817876863667,13.567782888117366,13.63361502126928,13.695294223213923,13.75280170586888,13.806119951897848,13.855232720046583,13.900125050090132,13.940783267389891,13.977194987059006,14.009349117734933,14.037235864957987,14.060846734154818
9.55872846061141,9.742548125086834,9.923400115025176,10.101229341158351,10.275981634981402,10.44760376525276,10.616043454209017,10.7812493934892,10.943171259763815,11.10175973006383,11.256966496804907,11.408744282502372,11.5570468541724,11.701829037415017,11.843046730174676,11.980656916174155,12.114617678017739,12.244888209959656,12.371428830333933,12.494200993641762,12.613167302292883,12.728291517997231,12.839538572803477,12.946874579781033,13.050266843342403,13.149683869202516,13.245095373972223,13.336472294382899,13.423786796139396,13.507012282398646,13.58612340187131,13.661096056544032,13.731907409019922,13.798535889475055,13.860961202228832,13.919164331926265,13.973127549330218,14.022834416721922,14.068269792908042,14.109419837832855,14.14627201679404,14.178815104260899,14.207039187293738,14.230935668563445
9.689901758845465,9.87624395879921,10.05957775916978,10.239847314705596,10.416997713553723,10.590974993986572,10.761726160839178,10.929199201652015,11.09334310251449,11.254107863604315,11.411444514417898,11.565305128687246,11.715642838978761,11.862411850969545,12.005567457396763,12.145066051675917,12.28086514118383,12.41292336020232,12.541200482518615,12.665657433678593,12.78625630288929,12.902960354566888,13.015734039526698,13.124543005811818,13.229354109157066,13.330135423085038,13.426856248631216,13.519487123695182,13.607999832015059,13.69236741176245,13.772564163755273,13.848565659285997,13.920348747562828,13.98789156276171,14.051173530686828,14.110175375037722,14.164879123281043,14.215268112125145,14.2613269925959,14.303041734712131,14.340399631759293,14.373389304160051,14.402000702940617,14.426225112791752
9.841005104395295,10.030253105721526,10.216445794786512,10.39952645549348,10.57943931969963,10.756129584203661,10.929543427439375,11.099628025870238,11.2663315700799,11.429603280553918,11.589393423147623,11.745653324235663,11.898335385538438,12.047393098621018,12.192781059060044,12.334454980274359,12.472371707015126,12.606489228511359,12.73676669126679,12.863164411504227,12.98564388725365,13.104167810080261,13.218700076448998,13.32920579872202,13.435651315785837,13.538004203304789,13.636233283597827,13.73030863513552,13.820201601654462,13.905884800886245,13.987332132898345,14.064518788044436,14.137421254521634,14.206017325532432,14.270286106049095,14.330208019178485,14.385764812125396,14.436939561752496,14.483716679735315,14.526081917310572,14.564022369616497,14.597526479623788,14.626584041655976,14.651186204498167
10.019265259353473,10.211941302600634,10.401506689601728,10.587903676903514,10.771075486177992,10.95096632151762,11.127521386431322,11.300686900536002,11.470410115938565,11.636639333303453,11.799323917600766,11.95841431353016,12.113862060615885,12.265619807968333,12.413641328707548,12.557881534044395,12.698296487015039,12.834843415864576,12.967480727075731,13.096168018038602,13.22086608935775,13.34153695679268,13.458143862828203,13.570651287871135,13.67902496106993,13.783231870753893,13.883240274488863,13.979019708746254,14.070540998182556,14.157776264526419,14.24069893507065,14.319283750766512,14.393506773917869,14.463345395472867,14.528778341910828,14.589785681722406,14.646348831480902,14.698450561502963,14.746075001096903,14.789207643397072,14.827835349782791,14.861946353880498,14.891530265147914,14.916578072039064
10.211472107376059,10.407844395208365,10.601046352814837,10.791019129007601,10.977704856238724,11.161046668227216,11.340988717281078,11.517476191309038,11.690455330516825,11.859873443782948,12.02567892470893,12.187821267339077,12.34625108154511,12.500920108070886,12.651781233232613,12.798788503270146,12.941897138344927,13.081063546180395,13.216245335340595,13.347401328143002,13.474491573201677,13.597477357596826,13.71632121866713,13.830986955421238,13.941439639564948,14.047645626140685,14.149572563776104,14.247189404538611,14.34046641339287,14.42937517725839,14.513888613664422,14.59398097899954,14.66962787635338,14.74080626294821,14.807494457157953,14.86967214511262,14.927320386886144,14.980421622265617,15.028959676100348,15.072919763228931,15.112288492982987,15.147053873266055,15.177205314206523,15.20273363138339
10.419597919497606,10.619972582448161,10.817112298872118,11.010957018102124,11.201447693158878,11.388526298737432,11.57213584888226,11.752220414345725,11.928725139624662,12.101596259669911,12.270781116263677,12.4362281740597,12.597887036281454,12.755708460073487,12.909644371501258,13.059647880194941,13.205673293632662,13.347676131058911,13.485613137033802,13.619442294609081,13.749122838126922,13.874615265637528,13.99588135093181,14.112884155185444,14.225588038210828,14.333958669313411,14.43796303774915,14.537569462779896,14.632747603323681,14.723468467196886,14.809704419945541,14.891429193263054,14.968617892991782,15.041247006706055,15.109294410874249,15.172739377597868,15.231562580925443,15.28574610273941,15.335273438214138,15.38012950084345,15.420300627036148,15.455774580278044,15.486540554859337,15.512589179166135
10.648785793892937,10.85356786713313,11.055043838460128,11.253152336341318,11.447833015009124,11.639026572842905,11.826674770432813,12.010720448320086,12.19110754440833,12.367781111040639,12.540687331737145,12.709773537588037,12.874988223297029,13.0362810628704,13.193602924946731,13.346905887762825,13.49614325375112,13.641269563764245,13.782240610922308,13.919013454078717,14.051546430900503,14.179799170559054,14.303732606027449,14.423308985980682,14.538491886295052,14.649246221143322,14.755538253682202,14.857335606328897,14.954607270623663,15.047323616675266,15.135456402186533,15.21897878105723,15.297865311561662,15.372091964098448,15.441636128510169,15.506476620970655,15.566593690437783,15.62196902466982,15.672585755803537,15.71842846549228,15.759483189602609,15.795737422467838,15.82718012069744,15.853801706540944
10.88782129894499,11.097200157889207,11.303198702164341,11.505754182618258,11.704804898889408,11.900290218201356,12.092150593832137,12.280327583252756,12.464763865929305,12.64540326078341,12.822190743305514,12.995072462315857,13.16399575636808,13.328909169790423,13.48976246835961,13.646506654602671,13.799093982722058,13.947477973139481,14.091613426654039,14.231456438210307,14.366964410272287,14.498096065798988,14.624811460817838,14.74707199659199,14.864840431377884,14.978080891769439,15.086758883625434,15.190841302576766,15.290296444110346,15.38509401322662,15.475205133667716,15.56060235671342,15.641259669542322,15.717152503155601,15.788257739860947,15.854553720314438,15.916020250118216,15.972638605971852,16.024391541375692,16.071263291884254,16.11323957990829,16.15030761906383,16.182456118067055,16.209675284173752
11.137690604184948,11.351874588836127,11.562600682519465,11.769804696025487,11.973423513004445,12.173395109192175,12.369658571303313,12.56215411558607,12.750823106032891,12.935608072241623,13.116452726921505,13.293301983038837,13.466101970597016,13.634800053045899,13.79934484331535,13.959686219468274,14.115775339968227,14.267564658557037,14.415007938737858,14.558060267859213,14.696678070795882,14.830819123222277,14.960442564474366,15.085508909996248,15.205980063367543,15.321819327907898,15.432991417855177,15.539462469113833,15.641200049570244,15.738173168971848,15.830352288367077,15.9177093291032,16.000217681379365,16.077852212352198,16.1505892737915,16.218406709283723,16.281283860981077,16.339201575894023,16.392142211725563,16.44008964224516,16.483029262201,16.520947991768892,16.553834280536474,16.581678111021606
11.400472513090692,11.619709939998788,11.835407890696505,12.047500661498548,12.255923646892342,12.460613359217485,12.66150744800474,12.858544718968563,13.051665152647459,13.240809922686543,13.425921413756575,13.606943239104153,13.783820257727678,13.956498591173835,14.124925639949485,14.28905009954398,14.448821976057015,14.604192601427261,14.755114648257127,14.901542144229122,15.043430486109505,15.18073645333484,15.313418221177391,15.441435373485358,15.564748914994018,15.683321283204062,15.797116359823498,15.906099481769632,16.010237451727768,16.10949854826346,16.203852535485133,16.293270672254252,16.37772572094014,16.457191955716844,16.531645170399443,16.60106268581749,16.66542335672333,16.724707578233136,16.778897291798728,16.827975990708406,16.871928725115055,16.910742106589993,16.944404312201222,16.972905088114832
11.668062464140217,11.892445794629696,12.11320657092542,12.33027754715638,12.543592601400396,12.75308675582551,12.958696196482872,13.160358292745084,13.358011616384067,13.551595960282734,13.741052356774647,13.926323095606122,14.10735174151535,14.284083151423127,14.456463491229965,14.624440252214471,14.78796226702801,14.946979725280805,15.101444188714643,15.251308605957618,15.396527326856473,15.537056116382061,15.672852168103757,15.803874117228725,15.93008205320201,16.051437531863723,16.167903587159465,16.279444742400564,16.3860270210706,16.487617957175008,16.58418660513052,16.67570354919149,16.7621409124102,16.84347236512849,16.919673132997985,16.99072000452662,17.05659133814906,17.117267068819,17.17272871412108,17.222959379900885,17.26794376541102,17.30766816797188,17.342120487145632,17.371290228422104
11.940607591837,12.170232116710654,12.396149470985875,12.618290838048042,12.836588551484812,13.050976115697969,13.261388226158639,13.467760789299675,13.670030942039155,13.868137070929128,14.062018830923641,14.251617163760416,14.436874315950593,14.617733856370988,14.79414069345357,14.966041091966868,15.13338268938425,15.296114511834077,15.454186989626816,15.60755197235444,15.756162743557534,15.89997403495557,16.038942040236048,16.173024428398346,16.30218035664815,16.42637048283855,16.545556977454062,16.659703535133826,16.768775385730613,16.872739304902137,16.97156362423149,17.065218240873673,17.153674626725202,17.23690583711406,17.314886519007274,17.387592918733727,17.455002889219735,17.51709589673528,17.573853027148765,17.625256991688435,17.67129213220874,17.71194442595993,17.747201489859506,17.777052584264275
12.216209681294584,12.451134187627234,12.682265957869491,12.909534587045115,13.132870846928059,13.35220670713004,13.567475355823305,13.778611220092106,13.985549985906857,14.188228617714834,14.386585377641405,14.580559844295962,14.770092931176887,14.955126904669877,15.135605401634136,15.31147344657116,15.482677468370776,15.649165316629464,15.810886277535845,15.967791089318586,16.119831957252057,16.266962568215032,16.409138104798124,16.546315258955605,16.678452245197448,16.805508813317612,16.927446260654623,17.044227443880786,17.155816790316397,17.26218030876555,17.363285599870167,17.45910186597913,17.549599920529594,17.634752196937484,17.7145327569945,17.788917298769206,17.857883164009596,17.921409345045024,17.979476491185366,18.032066914615392,18.079164595782675,18.120755188277272,18.156826023201834,18.1873661130306
12.490887556055752,12.731094270684777,12.967422970670071,13.19980166800026,13.428159577873025,13.652427140256862,13.872536041079742,14.088419233038247,14.300010956020778,14.507246757138788,14.710063510359724,14.908399435735818,15.102194118222874,15.291388526083287,15.475925028867643,15.655747414969559,15.830800908748238,16.0010321872137,16.166389396269466,16.32682216650779,16.482281628552716,16.632720427946143,16.77809273957244,16.918354281617223,17.053462329056046,17.18337572666884,17.308054901576195,17.427461875293638,17.541560275300256,17.650315346118095,17.753693959899074,17.85166462651597,17.944197503154662,18.03126440340456,18.1128388058444,18.18889586212097,18.259412404518145,18.324366953014003,18.383739721823844,18.437512625427132,18.485669284076515,18.528195028787277,18.565076905805615,18.596303680554502
12.764179107221507,13.00964137037315,13.251140770736152,13.488603745253707,13.721957960403424,13.951132334230802,14.176057058001517,14.396663617465828,14.612884813728636,14.824654783718989,15.031909020252574,15.234584391681217,15.43261916112341,15.625953005269993,15.814527032759168,15.998283802115402,16.17716733924665,16.351123154494626,16.52009825923286,16.68404118200754,16.84290198421625,16.996632275319712,17.145185227582044,17.288515590334903,17.426579703761337,17.559335512194938,17.686742576930428,17.80876208854166,17.92535687870337,18.03649143151299,18.142131894309163,18.242246087983546,18.336803516782922,18.42577537759849,18.50913456873954,18.586855698188945,18.658915091337764,18.72529079819679,18.785962600082726,18.84091201577696,18.890122307155185,18.933578484285928,18.97126730999666,19.00317730390597
