hough_viz/data/file_4_1_2.json
{"header": {"discipline": 0, "disciplineName": "Meteorological products", "gribEdition": 2, "gribLength": 133963, "center": 7, "centerName": "US National Weather Service - NCEP(WMC)", "subcenter": 0, "refTime": "2014-11-30T06:00:00.000Z", "significanceOfRT": 1, "significanceOfRTName": "Start of forecast", "productStatus": 0, "productStatusName": "Operational products", "productType": 1, "productTypeName": "Forecast products", "productDefinitionTemplate": 0, "productDefinitionTemplateName": "Analysis/forecast at horizontal level/layer at a point in time", "parameterCategory": 2, "parameterCategoryName": "Momentum", "parameterNumber": 3, "parameterNumberName": "V-component_of_wind", "parameterUnit": "m.s-1", "genProcessType": 2, "genProcessTypeName": "Forecast", "forecastTime": 6, "surface1Type": 100, "surface1TypeName": "Isobaric surface", "surface1Value": 85000, "surface2Type": 255, "surface2TypeName": "Missing", "surface2Value": 0, "gridDefinitionTemplate": 0, "gridDefinitionTemplateName": "Latitude_Longitude", "numberPoints": 65160, "shape": 6, "shapeName": "Earth spherical with radius of 6,371,229.0 m", "gridUnits": "degrees", "resolution": 48, "winds": "true", "scanMode": 0, "nx": 360, "ny": 181, "basicAngle": 0, "subDivisions": 0, "lo1": 0, "la1": 90, "lo2": 359, "la2": -90, "dx": 1, "dy": 1}, "data":
[rows 57 to 75 of 181, columns 129 to 171 of 360]
0.02921167510940159,0.02456376005895896,0.019796172838649564,0.01493214065417475,0.009995360581406326,0.00500988411661542,2.6386103904924613e-17,-0.005009884116615363,-0.009995360581406269,-0.0149321406541747,-0.019796172838649637,-0.024563760058958887,-0.02921167510940144,-0.033717273815058395,-0.038058605351936906,-0.04221451918917828,-0.04616476813231866,-0.049890106965584685,-0.053372386212650454,-0.05659464055906154,-0.05954117150554228,-0.062197623849505806,-0.0645510556221576,-0.0665900011404678,-0.06830452686682519,-0.06968627980423436,-0.07072852819127763,-0.0714261942985798,-0.07177587916699533,-0.07177587916699531,-0.07142619429857984,-0.07072852819127763,-0.0696862798042344,-0.06830452686682514,-0.06659000114046788,-0.06455105562215775,-0.062197623849505806,-0.059541171505542355,-0.05659464055906152,-0.05337238621265035,-0.04989010696558472,-0.046164768132318686,-0.042214519189178346
-0.2608288738667332,-0.21932798616019344,-0.17675855455185335,-0.13332797303344543,-0.08924783103249956,-0.044732882569923985,-2.3559955878863945e-16,0.04473288256992353,0.0892478310324991,0.13332797303344499,0.17675855455185394,0.21932798616019306,0.2608288738667317,0.30105902951821945,0.3398224558402423,0.37693030131624417,0.4122017802531347,0.44546505355101107,0.47655806588597727,0.5053293352273955,0.5316386908431132,0.5553579561971781,0.5763715734130365,0.5945771662598945,0.6098860389194224,0.6222236081028651,0.6315297664133288,0.6377591751829769,0.6408814853584617,0.6408814853584618,0.637759175182977,0.6315297664133288,0.6222236081028654,0.6098860389194227,0.5945771662598951,0.5763715734130372,0.5553579561971784,0.5316386908431137,0.5053293352273952,0.47655806588597693,0.4454650535510114,0.41220178025313514,0.37693030131624455
-0.5737040333943477,-0.4824210925384489,-0.3887878446125011,-0.2932604613884211,-0.1963043426748953,-0.09839184893630097,-5.182110981011694e-16,0.09839184893629993,0.1963043426748943,0.29326046138842016,0.3887878446125025,0.4824210925384477,0.5737040333943446,0.6621919458680741,0.747453725744836,0.8290739862035527,0.9066550815397112,0.9798190444552604,1.0482094274772895,1.1114930395342906,1.1693615692295702,1.221533086903379,1.2677534181658696,1.3077973822091844,1.3414698888657097,1.3686068890677632,1.389076174078161,1.4027780195978994,1.40964567161291,1.4096456716129102,1.4027780195978996,1.3890761740781614,1.3686068890677638,1.3414698888657104,1.3077973822091857,1.2677534181658712,1.2215330869033794,1.169361569229571,1.1114930395342897,1.0482094274772886,0.979819044455261,0.9066550815397121,0.8290739862035534
-0.9013049146471314,-0.7578968881598702,-0.6107964642170227,-0.46072030129755975,-0.30839955538161784,-0.15457631783207168,-8.141239774450436e-16,0.15457631783207004,0.30839955538161623,0.4607203012975582,0.6107964642170249,0.7578968881598686,0.9013049146471261,1.0403218741890796,1.1742704901327732,1.302498178285793,1.424380226240864,1.5393228369118916,1.6467660214536755,1.7461863274712752,1.8370993892274716,1.9190622874239385,1.9916757070595406,2.0545858828528907,2.1074863227512344,2.1501193011289175,2.182277114400736,2.2038030929329224,2.214592364321853,2.2145923643218532,2.203803092932923,2.182277114400736,2.1501193011289175,2.107486322751235,2.0545858828528933,1.991675707059543,1.9190622874239396,1.837099389227473,1.746186327471274,1.646766021453674,1.539322836911893,1.4243802262408651,1.3024981782857945
-1.2405524170459628,-1.043166192926443,-0.8406977679736846,-0.6341335480020076,-0.42447989312734635,-0.21275821488193838,-1.1205569298264963e-15,0.21275821488193614,0.4244798931273442,0.6341335480020055,0.8406977679736874,1.0431661929264409,1.2405524170459554,1.4318947944895206,1.6162611244278935,1.7927531926340492,1.9605111474926133,2.118717689110488,2.266602051119774,2.4034437557740422,2.528576124043501,2.6413895236082063,2.741334338925436,2.8279236489013853,2.9007355991217803,2.9594154570841766,3.003677340419059,3.03330560968001,3.048155918917414,3.048155918917415,3.03330560968001,3.003677340419059,2.959415457084177,2.900735599121781,2.8279236489013884,2.7413343389254394,2.6413895236082077,2.5285761240435027,2.4034437557740405,2.266602051119772,2.1187176891104897,1.9605111474926145,1.7927531926340514
-1.5981481840818657,-1.3438643414123632,-1.0830333267562708,-0.8169258825983577,-0.5468384576575283,-0.27408689071900083,-1.443563365768055e-15,0.274086890718998,0.5468384576575254,0.8169258825983549,1.0830333267562744,1.3438643414123603,1.5981481840818565,1.8446460094438057,2.0821569048709136,2.3095237411551635,2.5256388099250215,2.7294492202892546,2.9199620284155143,3.0962490750528855,3.257451507430469,3.4027839635017356,3.5315383981494652,3.6430875327104104,3.736887911013871,3.81248254704553,3.869503151337388,3.9076719252370262,3.9268029143147194,3.9268029143147194,3.907671925237027,3.8695031513373888,3.8124825470455317,3.7368879110138717,3.6430875327104144,3.531538398149471,3.4027839635017374,3.2574515074304715,3.0962490750528846,2.9199620284155126,2.729449220289257,2.5256388099250233,2.3095237411551666
-1.967159563573101,-1.6541617465047147,-1.3331050196831145,-1.0055535392088741,-0.673103102969497,-0.33737337607253987,-1.7768812109409115e-15,0.33737337607253637,0.6731031029694936,1.0055535392088708,1.333105019683119,1.6541617465047114,1.9671595635730896,2.2705735769859356,2.5629255841689638,2.8427912755302924,3.1088071735536174,3.3596772755235995,3.5941793675208094,3.811170978925098,4.009594948417632,4.188484574364555,4.346968324490167,4.484274081894591,4.599732906729681,4.69278229520672,4.762968920058336,4.80995083910339,4.8334991611549,4.833499161154902,4.80995083910339,4.762968920058336,4.6927822952067215,4.599732906729684,4.484274081894596,4.346968324490172,4.188484574364558,4.009594948417636,3.8111709789250963,3.5941793675208067,3.3596772755236026,3.1088071735536196,2.8427912755302955
-2.3447887402182594,-1.971705757645263,-1.5890168228161883,-1.198586357753775,-0.8023165004378653,-0.4021378377803948,-2.1179832756179e-15,0.40213783778039064,0.8023165004378611,1.198586357753771,1.5890168228161934,1.9717057576452588,2.344788740218246,2.706448147746239,3.054922011949629,3.3885126031904784,3.7055947016406803,4.004623515189572,4.284142205515808,4.542788985657234,4.77930375450009,4.9925342358649605,5.181441592280478,5.345105486095093,5.482728563269582,5.593640338005767,5.677300459285948,5.733301343408733,5.761370159695869,5.76137015969587,5.733301343408734,5.677300459285949,5.593640338005769,5.482728563269584,5.345105486095099,5.1814415922804855,4.992534235864962,4.779303754500093,4.54278898565723,4.284142205515805,4.004623515189576,3.705594701640683,3.3885126031904824
-2.7348910621060707,-2.299738292493322,-1.8533814290884305,-1.3979950776622814,-0.9357978347437356,-0.469041478840388,-2.470351989850632e-15,0.4690414788403831,0.9357978347437309,1.3979950776622767,1.8533814290884372,2.299738292493317,2.734891062106055,3.1567197173745116,3.5631691514922754,3.9522591836724694,4.322094206389514,4.670872420588429,4.996894613868691,5.298572438876267,5.574436151572277,5.823141771678197,6.043477630412657,6.234370273619996,6.394889691530969,6.524253849676868,6.621832498882843,6.687150245778534,6.719888868866787,6.7198888688667875,6.687150245778535,6.621832498882843,6.52425384967687,6.394889691530973,6.234370273620002,6.0434776304126645,5.823141771678199,5.5744361515722805,5.298572438876263,4.996894613868687,4.6708724205884335,4.322094206389518,3.9522591836724725
-3.131902807016838,-2.633580881323089,-2.122428414302158,-1.600935689392519,-1.0716433667296523,-0.5371301053052935,-2.8289617961509696e-15,0.5371301053052878,1.071643366729647,1.6009356893925137,2.122428414302166,2.633580881323083,3.13190280701682,3.6149664170525515,4.080418274079556,4.525990743437445,4.949513040844305,5.348921808239493,5.722271166256678,6.067742194352536,6.383651792404824,6.668460880606957,6.920781897710107,7.139385561082182,7.323206855649193,7.471350222541662,7.583093922167401,7.657893550454277,7.695384691132108,7.6953846911321095,7.657893550454277,7.583093922167401,7.471350222541664,7.323206855649196,7.139385561082188,6.920781897710118,6.668460880606959,6.3836517924048275,6.067742194352533,5.722271166256673,5.348921808239497,4.94951304084431,4.52599074343745
-3.5336824256178607,-2.971432720046272,-2.39470649294999,-1.8063134965351255,-1.20912032233514,-0.6060364354650873,-3.191878291818676e-15,0.6060364354650811,1.2091203223351337,1.8063134965351197,2.3947064929499984,2.971432720046265,3.5336824256178394,4.0787163856163335,4.603879249375241,5.106612476211504,5.584466800378556,6.035114163642814,6.456359057349358,6.84614921871943,7.2025856292684125,7.523931766632984,7.80862206473349,8.055269541054562,8.26267255388448,8.429820656592813,8.555899520424836,8.640294901829359,8.682595634991575,8.682595634991578,8.640294901829359,8.555899520424836,8.429820656592817,8.262672553884483,8.055269541054567,7.808622064733502,7.523931766632989,7.20258562926842,6.846149218719424,6.456359057349354,6.035114163642819,5.58446680037856,5.10661247621151
-3.9409811545328246,-3.3139255148591986,-2.670724763191805,-2.014512508938472,-1.3484857522396811,-0.6758893085052918,-3.559780048265197e-15,0.675889308505285,1.348485752239674,2.0145125089384655,2.6707247631918145,3.3139255148591915,3.9409811545328024,4.548836730167585,5.134530830500462,5.695210012748357,6.228142704294654,6.730732510636355,7.2005308647571,7.635248956299569,8.03276888241949,8.391153965995374,8.70865819092477,8.983734708539238,9.215043373695568,9.401457273828171,9.542068219153862,9.636191167281174,9.683367560668048,9.683367560668048,9.636191167281176,9.542068219153862,9.401457273828175,9.215043373695572,8.983734708539249,8.708658190924782,8.391153965995379,8.032768882419495,7.635248956299564,7.200530864757093,6.73073251063636,6.228142704294659,5.695210012748364
-4.349662917670035,-3.6575812871686684,-2.9476802882950004,-2.2234184873565637,-1.4883244150449713,-0.7459793757891271,-3.9289310615432955e-15,0.7459793757891193,1.488324415044964,2.223418487356556,2.94768028829501,3.6575812871686604,4.34966291767001,5.020553427663075,5.666984306020833,6.28580620648291,6.874004290954035,7.42871291749214,7.947229601427831,8.427028181598082,8.865771127549499,9.261320927751704,9.611750503338614,9.915352596643043,10.170648088784393,10.376393205787153,10.531585578122712,10.635469124152937,10.687537733683909,10.687537733683913,10.635469124152939,10.531585578122712,10.376393205787155,10.170648088784397,9.915352596643055,9.611750503338628,9.261320927751706,8.865771127549506,8.427028181598077,7.947229601427826,7.428712917492145,6.874004290954041,6.285806206482918
-4.7586403685617,-4.001485699894192,-3.224836195124733,-2.4324756125720475,-1.628264253346505,-0.8161201543512091,-4.298349161449711e-15,0.8161201543512006,1.6282642533464968,2.4324756125720395,3.2248361951247446,4.001485699894182,4.758640368561673,5.492611419690407,6.199823020097779,6.876829705955246,7.5203331687418045,8.127198324271516,8.694468586508496,9.219380271756915,9.6993760630502,10.132117469142191,10.515496217401397,10.847644525103407,11.126944199080537,11.352034519396264,11.521818868636007,11.635470074516938,11.692434439788187,11.692434439788189,11.635470074516938,11.521818868636009,11.352034519396264,11.12694419908054,10.84764452510342,10.515496217401411,10.132117469142198,9.699376063050208,9.21938027175691,8.694468586508489,8.127198324271523,7.520333168741812,6.876829705955254
-5.165513623083719,-4.34362071820644,-3.500566129809288,-2.640457135103402,-1.7674840986531166,-0.8859000573410737,-4.665866598561613e-15,0.8859000573410644,1.7674840986531075,2.6404571351033934,3.5005661298093003,4.343620718206432,5.165513623083689,5.962240664824918,6.7299202693694555,7.464812378850823,8.16333667278275,8.822090011020626,9.437863013518195,10.007655696104564,10.528692086105544,10.998433746603457,11.414592143446601,11.775139794757665,12.078320148621593,12.32265614082993,12.5069573909892,12.630326001934534,12.692160934194373,12.692160934194375,12.630326001934534,12.506957390989204,12.322656140829933,12.078320148621598,11.775139794757678,11.414592143446619,10.998433746603462,10.52869208610555,10.007655696104557,9.43786301351819,8.822090011020633,8.163336672782757,7.464812378850832
-5.567501871442843,-4.681647991282497,-3.772985592706232,-2.8459415875815104,-1.905032441115141,-0.9548421680888499,-5.0289715437603476e-15,0.9548421680888399,1.905032441115131,2.8459415875815006,3.7729855927062443,4.681647991282487,5.56750187144281,6.42623144212882,7.253653059191302,8.045735607684037,8.798620141050655,9.508638681524292,10.172332090146563,10.786466919344868,11.348051165963989,11.854348848004664,12.302893334052824,12.691499360459996,13.018273677728066,13.281624274230541,13.480268132333162,13.613237479126871,13.679884501320123,13.679884501320123,13.613237479126873,13.480268132333162,13.281624274230545,13.018273677728072,12.691499360460007,12.302893334052843,11.854348848004669,11.348051165963996,10.786466919344859,10.172332090146554,9.508638681524301,8.798620141050662,8.045735607684046
-5.964954793673782,-5.015861561022998,-4.042331555039551,-3.0491077160537214,-2.041028930770515,-1.0230064577001061,-5.387979853418229e-15,1.0230064577000952,2.0410289307705045,3.049107716053711,4.0423315550395635,5.015861561022986,5.964954793673749,6.884987366164914,7.771476972284634,8.620104723781491,9.426736191553985,10.187441548173455,10.898514713608266,11.556491410873228,12.158166043638875,12.700607313574503,13.181172501338965,13.59752034164373,13.947622429661983,14.22977310321302,14.442597752576994,14.58505951745526,14.656464338449549,14.656464338449549,14.585059517455266,14.442597752576996,14.229773103213029,13.947622429661985,13.597520341643742,13.181172501338981,12.700607313574508,12.158166043638884,11.556491410873221,10.898514713608257,10.187441548173464,9.426736191553994,8.620104723781502
-6.352491282144252,-5.341736516198587,-4.30495734689548,-3.247204858131122,-2.1736323137058426,-1.089470051140944,-5.738030920788904e-15,1.0894700511409328,2.173632313705831,3.2472048581311115,4.3049573468954945,5.3417365161985755,6.352491282144217,7.332297349113465,8.276381200437784,9.180143354492474,10.039180772908862,10.849308311734584,11.60657911103419,12.307303823594069,12.948068589051255,13.525751665877902,14.03753864019218,14.480936137299896,14.853783969165304,15.154265658630084,15.380917289107467,15.532634636636718,15.608678549551247,15.608678549551254,15.532634636636718,15.380917289107467,15.154265658630088,14.85378396916531,14.48093613729991,14.037538640192203,13.525751665877909,12.948068589051266,12.30730382359406,11.606579111034177,10.849308311734593,10.039180772908875,9.180143354492484
-6.728500457521022,-5.657918286991641,-4.559771307299995,-3.4394095801458193,-2.3022913952454167,-1.1539566780929007,-6.077669682809207e-15,1.153956678092889,2.3022913952454047,3.4394095801458078,4.55977130730001,5.657918286991629,6.728500457520983,7.76630205016782,8.766266999892194,9.723523577975142,10.63340812659137,11.491487779681314,12.293582059428962,13.0357832431296,13.714475401222058,14.326352013734033,14.868432079314942,15.338074638375,15.732991639574777,16.05125908698133,16.29132641358303,16.45202403549615,16.532569050060015,16.532569050060022,16.45202403549615,16.29132641358303,16.051259086981332,15.732991639574784,15.338074638375014,14.868432079314966,14.326352013734038,13.714475401222069,13.03578324312959,12.293582059428951,11.491487779681323,10.633408126591382,9.723523577975154
