hough_viz/data/file_5_1_1.json
{"header": {"discipline": 0, "disciplineName": "Meteorological products", "gribEdition": 2, "gribLength": 133963, "center": 7, "centerName": "US National Weather Service - NCEP(WMC)", "subcenter": 0, "refTime": "2014-11-30T06:00:00.000Z", "significanceOfRT": 1, "significanceOfRTName": "Start of forecast", "productStatus": 0, "productStatusName": "Operational products", "productType": 1, "productTypeName": "Forecast products", "productDefinitionTemplate": 0, "productDefinitionTemplateName": "Analysis/forecast at horizontal level/layer at a point in time", "parameterCategory": 2, "parameterCategoryName": "Momentum", "parameterNumber": 3, "parameterNumberName": "V-component_of_wind", "parameterUnit": "m.s-1", "genProcessType": 2, "genProcessTypeName": "Forecast", "forecastTime": 6, "surface1Type": 100, "surface1TypeName": "Isobaric surface", "surface1Value": 85000, "surface2Type": 255, "surface2TypeName": "Missing", "surface2Value": 0, "gridDefinitionTemplate": 0, "gridDefinitionTemplateName": "Latitude_Longitude", "numberPoints": 65160, "shape": 6, "shapeName": "Earth spherical with radius of 6,371,229.0 m", "gridUnits": "degrees", "resolution": 48, "winds": "true", "scanMode": 0, "nx": 360, "ny": 181, "basicAngle": 0, "subDivisions": 0, "lo1": 0, "la1": 90, "lo2": 359, "la2": -90, "dx": 1, "dy": 1}, "data":
[rows 160 to 179 of 181, columns 225 to 269 of 360]
-0.7786275438432221,-0.8435264928722556,-0.9020056959553112,-0.9536200910462168,-0.9979768614327043,-1.0347384253087848,-1.063625004976123,-1.0844167561212548,-1.0969554409635642,-1.1011456325403364,-1.0969554409635645,-1.084416756121255,-1.0636250049761236,-1.0347384253087866,-0.9979768614327049,-0.9536200910462156,-0.9020056959553122,-0.8435264928722567,-0.7786275438432235,-0.7078027690573753,-0.6315911878160063,-0.5505728162701684,-0.4653642531475584,-0.3766139870638805,-0.2849974611329035,-0.19121193243652942,-0.09597116547739569,-9.439601319999273e-16,0.09597116547739379,0.19121193243652754,0.2849974611329018,0.3766139870638787,0.4653642531475568,0.5505728162701669,0.6315911878160049,0.7078027690573737,0.7786275438432221,0.8435264928722556,0.9020056959553092,0.9536200910462147,0.9979768614327043,1.0347384253087861,1.063625004976123,1.0844167561212548,1.0969554409635638
-0.6376021272764396,-0.6907465456650714,-0.7386339657570261,-0.7808999353701872,-0.8172227849549067,-0.8473260756935107,-0.8709807033666151,-0.8880066419745715,-0.898274313844031,-0.9017055757922771,-0.8982743138440311,-0.8880066419745716,-0.8709807033666156,-0.8473260756935124,-0.8172227849549072,-0.7808999353701863,-0.738633965757027,-0.6907465456650722,-0.6376021272764407,-0.5796051717045424,-0.5171970708008039,-0.45085278789613875,-0.3810772430432275,-0.3084014702700297,-0.23337857609017784,-0.15657953002843963,-0.07858881919788298,-7.729895930171333e-16,0.07858881919788142,0.1565795300284381,0.23337857609017637,0.3084014702700282,0.3810772430432261,0.4508527878961374,0.5171970708008026,0.5796051717045412,0.6376021272764396,0.6907465456650714,0.7386339657570242,0.7808999353701856,0.8172227849549067,0.8473260756935118,0.8709807033666151,0.8880066419745714,0.8982743138440307
-0.5223385545625305,-0.5658757033527335,-0.605106196355332,-0.6397314658305555,-0.6694879925703867,-0.694149311438855,-0.7135277349084607,-0.7274757814755863,-0.7358872980837966,-0.7386982680126895,-0.7358872980837966,-0.7274757814755866,-0.7135277349084609,-0.6941493114388563,-0.6694879925703872,-0.6397314658305547,-0.6051061963553328,-0.5658757033527343,-0.5223385545625313,-0.47482609397546327,-0.4236999201054096,-0.369349134006345,-0.3121873779783872,-0.2526496875001236,-0.19118918034593188,-0.1282736080861217,-0.06438179621505648,-6.332511286202038e-16,0.06438179621505521,0.12827360808612046,0.19118918034593071,0.25264968750012246,0.3121873779783861,0.36934913400634384,0.42369992010540847,0.4748260939754623,0.5223385545625305,0.5658757033527335,0.6051061963553306,0.6397314658305542,0.6694879925703867,0.6941493114388558,0.7135277349084606,0.7274757814755863,0.7358872980837963
-0.42032849129337424,-0.45536305634003776,-0.48693203357222403,-0.5147951640113247,-0.5387403924104796,-0.5585854811230478,-0.5741793970411354,-0.5854034610487403,-0.5921722512414904,-0.5944342530389113,-0.5921722512414906,-0.5854034610487404,-0.5741793970411356,-0.558585481123049,-0.53874039241048,-0.5147951640113243,-0.4869320335722244,-0.4553630563400384,-0.420328491293375,-0.38209497262668535,-0.34095348050305574,-0.2972171265194558,-0.251218770738435,-0.2033084884220555,-0.15385090574776253,-0.10322242478301029,-0.0518083588382572,-5.095804037013554e-16,0.05180835883825618,0.10322242478300929,0.1538509057477616,0.2033084884220546,0.2512187707384341,0.2972171265194549,0.34095348050305485,0.3820949726266845,0.42032849129337424,0.45536305634003776,0.48693203357222287,0.5147951640113236,0.5387403924104796,0.5585854811230486,0.5741793970411353,0.5854034610487402,0.5921722512414902
-0.3302579826388467,-0.35778513108252613,-0.3825893186420999,-0.40448177047306033,-0.4232958717979494,-0.43888843594542065,-0.4511407940872646,-0.4599596983798448,-0.4652780316364953,-0.4670553181298352,-0.4652780316364954,-0.45995969837984485,-0.4511407940872648,-0.4388884359454215,-0.4232958717979497,-0.4044817704730599,-0.3825893186421002,-0.35778513108252663,-0.3302579826388473,-0.300217371532063,-0.26789192495171577,-0.2335276590649177,-0.19738610668477968,-0.1597423268477822,-0.12088281144841903,-0.0811033048628946,-0.04070655315585074,-4.0038446026071596e-16,0.04070655315584995,0.08110330486289381,0.12088281144841827,0.1597423268477815,0.197386106684779,0.233527659064917,0.26789192495171504,0.30021737153206235,0.3302579826388467,0.35778513108252613,0.3825893186420989,0.40448177047305944,0.4232958717979494,0.43888843594542115,0.4511407940872646,0.45995969837984474,0.4652780316364951
-0.2597596524133724,-0.2814107339543168,-0.30092010988942275,-0.3181393020877399,-0.33293726209940594,-0.3452013685134803,-0.3548382840748823,-0.3617746660372603,-0.365957724345579,-0.36735562340031225,-0.36595772434557905,-0.36177466603726033,-0.35483828407488255,-0.345201368513481,-0.3329372620994062,-0.3181393020877395,-0.300920109889423,-0.2814107339543172,-0.25975965241337284,-0.23613164307039525,-0.21070652934346867,-0.18367781170015623,-0.15525119500211046,-0.12564302296686533,-0.09507863166151084,-0.06379063455916362,-0.03201715220998415,-3.149166218421811e-16,0.03201715220998351,0.06379063455916299,0.09507863166151027,0.12564302296686475,0.15525119500210993,0.18367781170015568,0.21070652934346812,0.23613164307039478,0.2597596524133724,0.2814107339543168,0.300920109889422,0.3181393020877393,0.33293726209940594,0.34520136851348077,0.35483828407488227,0.3617746660372603,0.3659577243455789
-0.1992900258492253,-0.215900937358654,-0.23086871237023376,-0.2440794370783361,-0.25543256989107815,-0.2648417066125466,-0.2722352380308991,-0.2775568949077053,-0.2807661762208286,-0.28183865740165903,-0.28076617622082867,-0.2775568949077053,-0.27223523803089916,-0.264841706612547,-0.25543256989107826,-0.2440794370783358,-0.230868712370234,-0.21590093735865432,-0.19929002584922562,-0.18116239690847588,-0.16165601273840743,-0.1409193287008296,-0.11911016348242127,-0.0963944979992296,-0.07294521218167452,-0.04894076925389258,-0.02456385752084508,-2.4160696676405046e-16,0.02456385752084459,0.04894076925389211,0.07294521218167407,0.09639449799922914,0.11911016348242086,0.14091932870082918,0.16165601273840705,0.18116239690847552,0.1992900258492253,0.215900937358654,0.2308687123702332,0.24407943707833554,0.25543256989107815,0.2648417066125468,0.2722352380308991,0.27755689490770524,0.28076617622082845
-0.14757167631990392,-0.15987184059657744,-0.17095528363305482,-0.1807376537354621,-0.18914450116056297,-0.19611184472325968,-0.2015866587320432,-0.20552727654652317,-0.20790370768572156,-0.20869786607374063,-0.20790370768572158,-0.2055272765465232,-0.2015866587320433,-0.19611184472326007,-0.1891445011605631,-0.18073765373546188,-0.170955283633055,-0.1598718405965777,-0.14757167631990417,-0.13414840248022128,-0.11970417829664437,-0.10434893303687036,-0.08819952938907727,-0.07137887406630208,-0.05401498241213976,-0.03624000412668228,-0.018189217527508687,-1.7890682157326261e-16,0.01818921752750833,0.03624000412668193,0.054014982412139444,0.07137887406630174,0.08819952938907696,0.10434893303687004,0.11970417829664405,0.13414840248022095,0.14757167631990392,0.15987184059657744,0.1709552836330544,0.18073765373546166,0.18914450116056297,0.19611184472325993,0.2015866587320432,0.20552727654652314,0.20790370768572147
-0.10948440468842283,-0.11860997808424234,-0.12683285792817822,-0.13409046313950723,-0.1403275589603089,-0.14549667732532592,-0.14955847812260162,-0.1524820485954861,-0.1542451386073807,-0.154834329978712,-0.15424513860738073,-0.1524820485954861,-0.1495584781226017,-0.14549667732532623,-0.140327558960309,-0.13409046313950707,-0.1268328579281784,-0.11860997808424252,-0.109484404688423,-0.09952558886443319,-0.08880932321399183,-0.07741716498935602,-0.06543581539338893,-0.05295645973105303,-0.04007407343417919,-0.0268866992410836,-0.013494701032131034,-1.3273215662458833e-16,0.013494701032130768,0.026886699241083337,0.040074073434178945,0.05295645973105279,0.06543581539338869,0.0774171649893558,0.0888093232139916,0.09952558886443297,0.10948440468842283,0.11860997808424234,0.12683285792817794,0.1340904631395069,0.1403275589603089,0.1454966773253261,0.14955847812260162,0.15248204859548603,0.15424513860738062
-0.07825502783069531,-0.08477761889828342,-0.09065500109592997,-0.09584244399625022,-0.10030046802650884,-0.10399514493200732,-0.10689835599058801,-0.10898800601308811,-0.11024819150107133,-0.1106693216820533,-0.11024819150107136,-0.10898800601308813,-0.10689835599058806,-0.10399514493200754,-0.10030046802650894,-0.09584244399625011,-0.09065500109593008,-0.08477761889828353,-0.07825502783069545,-0.07113686874963775,-0.06347731514377986,-0.055334660841026666,-0.04677087635729152,-0.037851137263450456,-0.028643328159892973,-0.01921752603372393,-0.009645466930579145,-9.487158139321473e-17,0.009645466930578954,0.01921752603372374,0.0286433281598928,0.03785113726345027,0.046770876357291345,0.0553346608410265,0.0634773151437797,0.07113686874963758,0.07825502783069531,0.08477761889828342,0.09065500109592976,0.09584244399625001,0.10030046802650884,0.10399514493200744,0.106898355990588,0.10898800601308808,0.11024819150107129
-0.05279714787269218,-0.05719781342294415,-0.061163169076063686,-0.06466303608118314,-0.06767077833711593,-0.07016350510917019,-0.07212224524146102,-0.07353209153886195,-0.07438231421976135,-0.07466644257617908,-0.07438231421976135,-0.07353209153886196,-0.07212224524146105,-0.07016350510917031,-0.06767077833711599,-0.06466303608118305,-0.06116316907606376,-0.057197813422944235,-0.05279714787269226,-0.0479946641473394,-0.04282691204785494,-0.03733322128808955,-0.03155540217190645,-0.025537427391522607,-0.019325097368769032,-0.012965691686226044,-0.006507609261052443,-6.400801393324613e-17,0.006507609261052315,0.012965691686225916,0.01932509736876891,0.02553742739152249,0.03155540217190634,0.03733322128808944,0.042826912047854826,0.04799466414733929,0.05279714787269218,0.05719781342294415,0.06116316907606354,0.06466303608118301,0.06767077833711593,0.07016350510917026,0.07212224524146102,0.07353209153886194,0.07438231421976133
-0.035744922925330706,-0.038724278008927464,-0.041408917954518044,-0.043778411031086456,-0.04581472396558089,-0.04750235918701059,-0.04882847277231851,-0.04978297219639107,-0.05035859314226865,-0.050550954786983654,-0.05035859314226866,-0.049782972196391086,-0.048828472772318526,-0.04750235918701068,-0.04581472396558092,-0.043778411031086414,-0.041408917954518086,-0.03872427800892752,-0.03574492292533077,-0.032493527394897546,-0.02899483650086102,-0.025275477393491834,-0.021363756641407647,-0.017289444801493567,-0.013083549846987919,-0.008778081178083135,-0.004405806011062974,-4.3334945481605465e-17,0.0044058060110628875,0.008778081178083048,0.01308354984698784,0.017289444801493487,0.021363756641407577,0.025275477393491758,0.028994836500860946,0.032493527394897484,0.035744922925330706,0.038724278008927464,0.04140891795451794,0.04377841103108636,0.04581472396558089,0.047502359187010644,0.0488284727723185,0.04978297219639107,0.050358593142268634
-0.0227273180620454,-0.024621650041614183,-0.02632859639740759,-0.027835166236975555,-0.02912989365414717,-0.030202924991500055,-0.031046093832642927,-0.03165298315357536,-0.03201897416011533,-0.03214128143971161,-0.032018974160115336,-0.03165298315357537,-0.031046093832642938,-0.030202924991500107,-0.02912989365414719,-0.027835166236975524,-0.026328596397407616,-0.024621650041614214,-0.02272731806204544,-0.020660017468894558,-0.018435481667945855,-0.01607064071985581,-0.01358349249216948,-0.010992965684680833,-0.008318775770597604,-0.005581274949885874,-0.0028012972567396663,-2.7553202204945935e-17,0.0028012972567396112,0.005581274949885819,0.008318775770597553,0.010992965684680783,0.013583492492169433,0.01607064071985576,0.01843548166794581,0.020660017468894516,0.0227273180620454,0.024621650041614183,0.026328596397407523,0.027835166236975493,0.02912989365414717,0.030202924991500086,0.03104609383264292,0.03165298315357536,0.03201897416011532
-0.012955304556273112,-0.01403513490224719,-0.015008149396969048,-0.01586694281261159,-0.01660497921272812,-0.017216641694675204,-0.017697275137633355,-0.018043221630887205,-0.01825184831273492,-0.01832156740815539,-0.018251848312734922,-0.01804322163088721,-0.017697275137633358,-0.017216641694675235,-0.016604979212728126,-0.015866942812611574,-0.015008149396969065,-0.014035134902247207,-0.012955304556273134,-0.011776876519999004,-0.010508819342335267,-0.009160783704077698,-0.007743028970399656,-0.006266345110888213,-0.004741970581360284,-0.0031815067924280188,-0.0015968298157591153,-1.570621421723197e-17,0.001596829815759084,0.003181506792427988,0.004741970581360255,0.006266345110888184,0.007743028970399629,0.00916078370407767,0.010508819342335239,0.01177687651999898,0.012955304556273112,0.01403513490224719,0.01500814939696901,0.01586694281261156,0.01660497921272812,0.017216641694675225,0.01769727513763335,0.018043221630887205,0.018251848312734912
-0.007445817746222391,-0.008066429937779871,-0.008625651726867302,-0.009119227098002362,-0.009543399644581733,-0.009894941157403584,-0.010171176193288778,-0.010370002436818938,-0.010489906700226242,-0.010529976439665975,-0.010489906700226242,-0.010370002436818938,-0.010171176193288781,-0.009894941157403601,-0.009543399644581738,-0.00911922709800235,-0.008625651726867314,-0.00806642993777988,-0.007445817746222404,-0.00676853838570847,-0.006039746361124104,-0.005264988219832991,-0.00445016033910214,-0.0036014640511104765,-0.0027253584470664127,-0.001828511219623715,-0.0009177479177144561,-9.026851359353786e-18,0.000917747917714438,0.001828511219623697,0.0027253584470663963,0.0036014640511104596,0.004450160339102125,0.005264988219832975,0.006039746361124089,0.006768538385708455,0.007445817746222391,0.008066429937779871,0.008625651726867281,0.009119227098002341,0.009543399644581733,0.009894941157403593,0.010171176193288778,0.010370002436818937,0.010489906700226238
-0.0037573399944330742,-0.004070515939352587,-0.004352712800128915,-0.004601782888256414,-0.004815830629971793,-0.004993226992715049,-0.00513262188305086,-0.005232954421694821,-0.0052934610174454185,-0.005313681178574103,-0.005293461017445419,-0.005232954421694822,-0.005132621883050863,-0.004993226992715059,-0.004815830629971796,-0.004601782888256409,-0.00435271280012892,-0.0040705159393525925,-0.0037573399944330803,-0.003415568423412001,-0.0030478023143121692,-0.002656840589287053,-0.002245658703133251,-0.0018173859982828255,-0.0013752818886177982,-0.0009227110533624631,-0.00046311782984289105,-4.5551678529212165e-18,0.0004631178298428819,0.0009227110533624541,0.0013752818886177897,0.0018173859982828168,0.0022456587031332432,0.0026568405892870447,0.0030478023143121614,0.0034155684234119937,0.0037573399944330742,0.004070515939352587,0.004352712800128905,0.004601782888256403,0.004815830629971793,0.004993226992715056,0.005132621883050859,0.00523295442169482,0.005293461017445416
-0.0014384713410470283,-0.0015583685614581437,-0.001666405656147903,-0.0017617603975911308,-0.0018437070786286734,-0.0019116220355370806,-0.0019649883944861096,-0.0020034000052606645,-0.00202656453230919,-0.0020343056795937213,-0.0020265645323091904,-0.002003400005260665,-0.0019649883944861104,-0.001911622035537084,-0.0018437070786286745,-0.0017617603975911289,-0.0016664056561479048,-0.0015583685614581457,-0.0014384713410470307,-0.001307626485157799,-0.001166829802150063,-0.001017152839796861,-0.000859734730159128,-0.0006957735201028672,-0.0005265170534390858,-0.0003532534740789373,-0.00017730142248077545,-1.743914157301212e-18,0.00017730142248077193,0.00035325347407893387,0.0005265170534390827,0.0006957735201028639,0.0008597347301591248,0.001017152839796858,0.00116682980215006,0.0013076264851577962,0.0014384713410470283,0.0015583685614581437,0.0016664056561478992,0.001761760397591127,0.0018437070786286734,0.001911622035537083,0.001964988394486109,0.0020034000052606645,0.002026564532309189
-0.0005780763275904354,-0.0006262592443339207,-0.0006696759500823562,-0.0007079960174892705,-0.0007409278077034063,-0.0007682206899164773,-0.0007896669488149499,-0.0008051033654189995,-0.0008144124592775077,-0.0008175233825652258,-0.0008144124592775078,-0.0008051033654189996,-0.0007896669488149501,-0.0007682206899164788,-0.0007409278077034069,-0.0007079960174892697,-0.000669675950082357,-0.0006262592443339215,-0.0005780763275904363,-0.0005254939009419558,-0.0004689121484054164,-0.00040876169128261313,-0.0003455003108720915,-0.0002796094644770444,-0.0002115906212245163,-0.00014196144558255674,-7.125185762105223e-05,-7.008241755806345e-19,7.125185762105082e-05,0.00014196144558255535,0.00021159062122451502,0.00027960946447704304,0.00034550031087209027,0.00040876169128261194,0.00046891214840541533,0.0005254939009419548,0.0005780763275904354,0.0006262592443339207,0.0006696759500823546,0.000707996017489269,0.0007409278077034063,0.0007682206899164781,0.0007896669488149495,0.0008051033654189995,0.0008144124592775072
-0.0001514367000987811,-0.00016405901581127886,-0.00017543274335191106,-0.0001854713217864485,-0.00019409835147154466,-0.00020124817550215345,-0.0002068663794002204,-0.00021091020524171642,-0.00021334887707025928,-0.00021416383512072327,-0.00021334887707025933,-0.00021091020524171644,-0.00020686637940022046,-0.00020124817550215383,-0.00019409835147154482,-0.0001854713217864483,-0.00017543274335191122,-0.00016405901581127908,-0.00015143670009878135,-0.00013766185965855183,-0.0001228393293438178,-0.0001070819175603617,-9.050954772644154e-05,-7.324834558316475e-05,-5.542967930143976e-05,-3.718915969087467e-05,-1.8665608119634183e-05,-1.8359253862160069e-19,1.866560811963381e-05,3.718915969087431e-05,5.5429679301439434e-05,7.32483455831644e-05,9.050954772644123e-05,0.00010708191756036138,0.0001228393293438175,0.00013766185965855156,0.0001514367000987811,0.00016405901581127886,0.0001754327433519106,0.00018547132178644811,0.00019409835147154466,0.00020124817550215367,0.00020686637940022038,0.00021091020524171636,0.0002133488770702592
1.4615679435029903e-05,1.583390275910702e-05,1.6931620522415502e-05,1.7900478429956406e-05,1.8733102888040903e-05,1.942315712179063e-05,1.996538940182063e-05,2.0355673013071028e-05,2.0591037661600557e-05,2.0669692080316817e-05,2.059103766160056e-05,2.0355673013071035e-05,1.996538940182064e-05,1.9423157121790673e-05,1.8733102888040913e-05,1.7900478429956386e-05,1.6931620522415523e-05,1.5833902759107044e-05,1.4615679435029922e-05,1.3286221965263641e-05,1.1855648323901594e-05,1.0334846040158415e-05,8.735389337698967e-06,7.069451047807406e-06,5.3497099667907795e-06,3.5892543626836114e-06,1.8014823656254524e-06,1.771915057186497e-20,-1.8014823656254166e-06,-3.5892543626835763e-06,-5.349709966790748e-06,-7.069451047807374e-06,-8.735389337698937e-06,-1.0334846040158383e-05,-1.1855648323901565e-05,-1.3286221965263613e-05,-1.4615679435029903e-05,-1.583390275910702e-05,-1.693162052241546e-05,-1.7900478429956362e-05,-1.8733102888040903e-05,-1.9423157121790652e-05,-1.9965389401820626e-05,-2.0355673013071025e-05,-2.0591037661600543e-05
