hough_viz/data/file_1_3_1.json
{"header": {"discipline": 0, "disciplineName": "Meteorological products", "gribEdition": 2, "gribLength": 133963, "center": 7, "centerName": "US National Weather Service - NCEP(WMC)", "subcenter": 0, "refTime": "2014-11-30T06:00:00.000Z", "significanceOfRT": 1, "significanceOfRTName": "Start of forecast", "productStatus": 0, "productStatusName": "Operational products", "productType": 1, "productTypeName": "Forecast products", "productDefinitionTemplate": 0, "productDefinitionTemplateName": "Analysis/forecast at horizontal level/layer at a point in time", "parameterCategory": 2, "parameterCategoryName": "Momentum", "parameterNumber": 3, "parameterNumberName": "V-component_of_wind", "parameterUnit": "m.s-1", "genProcessType": 2, "genProcessTypeName": "Forecast", "forecastTime": 6, "surface1Type": 100, "surface1TypeName": "Isobaric surface", "surface1Value": 85000, "surface2Type": 255, "surface2TypeName": "Missing", "surface2Value": 0, "gridDefinitionTemplate": 0, "gridDefinitionTemplateName": "Latitude_Longitude", "numberPoints": 65160, "shape": 6, "shapeName": "Earth spherical with radius of 6,371,229.0 m", "gridUnits": "degrees", "resolution": 48, "winds": "true", "scanMode": 0, "nx": 360, "ny": 181, "basicAngle": 0, "subDivisions": 0, "lo1": 0, "la1": 90, "lo2": 359, "la2": -90, "dx": 1, "dy": 1}, "data":
[rows 160 to 179 of 181, columns 132 to 175 of 360]
17.802329769457476,17.519868709270764,17.232070927356425,16.939024089706788,16.640817461227417,16.337541878546148,16.029289722343346,15.716154889211897,15.398232763055393,15.075620186033227,14.748415429061582,14.416718161879132,14.080629422686698,13.740251587369993,13.395688338314962,13.047044632825129,12.694426671150591,12.337941864138351,11.977698800513954,11.613807213804355,11.24637794891196,10.875522928350204,10.501355118150917,10.123988493453737,9.743538003788176,9.360119538058887,8.97384988924478,8.584846718822774,8.19322852092695,7.7991145862540625,7.4026249657264716,7.003880433923494,6.6030024522922295,6.200113132149266,5.795335197484405,5.388791947577716,4.980607219441407,4.570905350097831,4.159811138705249,3.747449808542834,3.333946968866374,2.919428576646518,2.504020898201086,2.087850470733067
18.21310481737563,17.924126185779116,17.62968769171151,17.329879023990376,17.024791507240227,16.714518074074128,16.39915323678549,16.078793058558755,15.753535124207627,15.42347851044974,15.088723755726974,14.749372829580462,14.40552910158969,14.057297309885076,13.704783529243764,13.348095138778225,12.987340789227522,12.622630369861234,12.254074975006102,11.881786870205705,11.505879458023188,11.126467243497789,10.743665799265518,10.357591730354567,9.96836263866631,9.576097087152615,9.180914563700432,8.782935444734626,8.382280958550158,7.979073148384738,7.573434835243291,7.165489580485529,6.755361648187895,6.343175967291557,5.929058093547854,5.513134171272782,5.09553089492222,4.67637547049955,4.255795576807486,3.833919326555923,3.4108752273374785,2.9867921424828867,2.561799251808,2.136026012264306
18.59807733267977,18.30299052612955,18.00232845136001,17.69618269295171,17.384646505868368,17.067814787050494,16.745784046508852,16.41865237792658,16.086519428778942,15.749486369979689,15.40765586506343,15.061132038913357,14.71002044604378,14.35442803844717,13.99446313301557,13.630235378546246,13.261855722341572,12.889436376413391,12.513090783302172,12.132933581521337,11.749080570637203,11.361648675995344,10.970755913104014,10.576521351685466,10.17906507940613,9.778508165296788,9.374972622873752,8.968581372972388,8.55945820630423,8.147727745749098,7.7335154083937905,7.31694736732885,6.8981505132149605,6.4772524156308515,6.0543812842143865,5.629665929608641,5.20323572422495,4.775220562834784,4.345750823002566,3.914957325371441,3.4829712938139634,3.0499243154600784,2.6159483006144355,2.181175442575165
18.967491155392715,18.666543036229903,18.359908907231393,18.047682172123302,17.729957938193756,17.40683298732229,17.078405746499108,16.744776257843306,16.40604614812908,16.06231859782919,15.713698309685231,15.360291476814115,15.002205750360694,14.639550206706083,14.27243531424199,13.900972899720992,13.525276114193002,13.145459398538337,12.761638448607943,12.373930179981349,11.982452692352974,11.587325233557873,11.188668163247693,10.786602916227935,10.38125196546772,9.972738784793384,9.561187811277097,9.146724407332192,8.729474822526514,8.309566155125568,7.88712631337719,7.462283976549459,7.035168555733704,6.605910154424652,6.174639528889674,5.741488048339119,5.306587654910009,4.870070823475143,4.432070521290002,3.9927201674896544,3.55215359244794,3.110504997011472,2.667908911620786,2.224500155331007
19.322614149474454,19.016031463448538,18.703656310026428,18.385583841705884,18.06191094644201,17.732736218134193,17.398159926593465,17.058283986999328,16.713211928855454,16.363048864453525,16.007901456855066,15.647877887400819,15.283087822757691,14.913642381513151,14.539654100327494,14.161236899654083,13.778506049038066,13.391578132004133,13.000571010544043,12.605603789214797,12.206796778858129,11.804271459952714,11.398150445610053,10.988557444225307,10.575617221794504,10.159455563909637,9.740199237443136,9.317975951933485,8.892914320683621,8.465143821584082,8.034794757672788,7.601998217443517,7.1668860349150005,6.7295907494730525,6.290245565497807,5.848984311788332,5.405941400797117,4.961251787686686,4.515050929220991,4.067474742503985,3.6186595635779004,3.1687421058939966,2.7178594186683545,2.266148845135291
19.650443273687152,19.33865907958986,19.020984142599126,18.697515229578137,18.368350872291323,18.033591337390607,17.6933385958732,17.347696292020263,16.996769711825877,16.640665750925862,16.27949288203636,15.913361121912,15.542381997833722,15.16666851363647,14.786335115287137,14.401497656023245,14.012273361062896,13.618780791896828,13.221139810173446,12.819471541187838,12.413898336985774,12.004543739094121,11.591532440888914,11.174990249612527,10.755044048051545,10.331821755887079,9.905452290729153,9.476065528847196,9.043792265608458,8.60876417563643,8.171113772701524,7.730974369356109,7.288480036326156,6.8437655616720345,6.396966409730783,5.948218679852322,5.497659064942301,5.045424809824081,4.591653669432647,4.136483866853168,3.680054051216827,3.22250325546699,2.7639708540084595,2.3045965202526104
19.961379926671547,19.644662249272333,19.32196061744987,18.993373329247298,18.6590004755357,18.31894390952546,17.973307215740785,17.62219567846685,17.26571624967922,16.903977516465186,16.53708966794713,16.165164461717822,15.788315189798025,15.406656644126569,15.02030508159367,14.629378188627951,14.233995045348024,13.834276089289476,13.430343078718476,13.022319055543056,12.610328307833278,12.19449633196193,11.77494979437713,11.351816493018475,10.925225318388527,10.495306214291567,10.062190138251408,9.62600902162051,9.186895729392397,8.744984019729653,8.300408503219927,7.853304601872266,7.403808507866207,6.952057142066337,6.498188112314902,6.042339671515096,5.584650675517899,5.125260540825214,4.664309202122266,4.201937069652187,3.738284986445614,3.2734941854185773,2.8077062463516236,2.3410630527631704
20.25715627846448,19.935745659018494,19.608262418322866,19.274806310945102,18.935478910845795,18.590383580438143,18.239625439102802,17.88331133116748,17.521549793361167,17.15445102175273,16.782126838184162,16.40469065620857,16.0222574465433,15.63494370204872,15.242867402243386,14.84614797736635,14.444906271997558,14.039264508247369,13.629346248526545,13.215276357907989,12.79718096609156,12.37518742898377,11.94942428990398,11.520021240428825,11.087109080886885,10.650819680515667,10.211285937292946,9.768641737454777,9.323021914712434,8.874562209180729,8.423399226030279,7.969670393876294,7.513513922916403,7.055068762830535,6.5944745604555255,6.131871617247289,5.6674008465436785,5.201203730640865,4.733422277696494,4.264198978472659,3.793676762931757,3.3219989566986827,2.849309237402483,2.3757515909106925
20.52461792779478,20.198963622156736,19.867156516527633,19.529297682566114,19.185490035345932,18.83583830200698,18.480448989854374,18.119430353915316,17.75289236396361,17.380946671021704,17.003706573350783,16.621286981939022,16.233804385498548,15.841376814981851,15.44412380762844,15.042166370552636,14.635626943883638,14.224629363469035,13.809298823153226,13.389761836642212,12.966146198966223,12.538580947552138,12.107196322917469,11.672123728997807,11.23349569311989,10.791445825632533,10.346108779207592,9.897620207823497,9.446116725443712,8.991735864402772,8.53461603351262,8.074896475901989,7.612717226601521,7.1482190698877695,6.6815434963989775,6.212832660035618,5.742229334658961,5.2698768706007435,4.795919150997284,4.320500547961332,3.8437658786048416,3.3658603609263205,2.886929569576052,2.407119391512575
20.774047422051474,20.44443553780985,20.108596080453708,19.766631349935103,19.418645512023662,19.064744566576614,18.705036315250265,18.339630328662526,17.968637913016696,17.59217207619646,17.210347493342606,16.8232804719219,16.43108891629868,16.03389229182002,15.631811588425462,15.224969283792309,14.81348930602773,14.397496995919047,13.977119068753709,13.55248357572065,13.123719864904565,12.690958541885294,12.254331429954092,11.813971529958959,11.370012979791285,10.922591013526182,10.471841920228831,10.017903002439569,9.56091253435017,9.101009719684166,8.638334649294073,8.173028258488394,7.705232284101276,7.235089221318147,6.762742280270322,6.288335342411769,5.81201291669146,5.3339200955344905,4.854202510645567,4.373006288648197,3.8904780065730407,3.406764647209165,2.92201355433169,2.436372387819385
21.007660777617065,20.67434226188724,20.334726141227584,19.988915865998386,19.637016773359438,19.27913605518327,18.915382725403514,18.545867586808164,18.17070319728803,17.790003835550447,17.403885466308907,17.012465704959105,16.61586378175213,16.214200505475745,15.807598226654891,15.396180800282554,14.980073548092316,14.559403220384095,14.134297957414828,13.704887250365726,13.271301901897935,12.833673986308831,12.392136809300904,11.94682486737555,11.497873806864103,11.045420382608675,10.589602416305313,10.130558754522156,9.668429226405458,9.20335460108622,8.735476544800582,8.264937577736946,7.7918810306228865,7.316451001065239,6.838792309656616,6.359050455861599,5.877371573696237,5.39390238721415,4.9087901658129995,4.422182679374837,3.93422815325389,3.445075223125727,2.9548728897114183,2.463770473390407
21.212343416980293,20.87577729961264,20.532852218251332,20.18367263119812,19.82834490193783,19.466977266738922,19.099679801683724,18.72656438913817,18.347744683671394,17.963336077435375,17.573455665015413,17.178222207762005,16.777756097614944,16.37217932043078,15.961615418824739,15.546189454538478,15.126027970345064,14.701258951502753,14.272011786769514,13.838417228989956,13.400607355266688,12.958715526728392,12.512876347906763,12.063225625734615,11.609900328177782,11.153038542513352,10.692779433266951,10.229263199821897,9.762631033713093,9.293025075618685,8.82058837206268,8.3454648318416,7.867799182188406,7.387736924687221,6.905424290952165,6.421008198083736,5.93463620391648,5.4464564620714,4.956617676826951,4.46526905782232,3.9725602746066446,3.478641411048255,2.9836629196177173,2.4877755755584716
21.398026186599903,21.05851392944918,20.712587044957136,20.360350905803855,20.00191280652952,19.63738193085144,19.26686931840564,18.89048783092309,18.508352117850983,18.120578581429342,17.727285341233806,17.32859219819526,16.924620598107314,16.5154935946327,16.101335811819972,15.682273406141821,15.258434028066578,14.829946783174616,14.396942192831567,13.959552154430284,13.51790990121354,13.072149961689943,12.622408118655258,12.168821367831626,11.711527876137334,11.25066693959985,10.786378940924894,10.318805306734534,9.848088464487246,9.374371799093097,8.897799609237357,8.418517063425732,7.93667015576458,7.452405661489723,6.965871092257301,6.477214651210268,5.986585187834301,5.494132152616769,5.0000055515226824,4.504355900301473,4.007334178638357,3.5090917841644975,3.0097804863398574,2.5095523802226816
21.567418598274884,21.225218672666777,20.87655333983766,20.52152880662551,20.160253216942355,19.792836618832563,19.419390930951156,19.040029908472317,18.65486910843845,18.264025854560384,17.867619201479414,17.46576989850216,17.05860035281912,16.64623459221824,16.228798227304864,15.80641841323955,15.37922381100536,14.947344548216456,14.510912179479973,14.070059646323271,13.624921236698572,13.175632544077583,12.722330426148453,12.265152963127548,11.804239415698863,11.339730182593927,10.871766757824929,10.400491687584324,9.926048526823871,9.448581795526355,8.968236934683443,8.485160261992974,7.999498927289111,7.511400867719098,7.0210147626802035,6.5284899885305,6.033976573087397,5.53762514992769,5.039586912503122,4.5400135680854445,4.039057291554828,3.536870679045967,3.033606701465844,2.5294186578972466
21.707620096607805,21.363195660816384,21.01226378867675,20.65493137743671,20.291307274010293,19.921502241821905,19.545628927066737,19.163801824397616,18.776137242048883,18.38275326640769,17.983769726043807,17.579308155208686,17.169491756814917,16.75444536490742,16.334295406637803,15.90916986375345,15.479198233613026,15.04451148974028,14.60524204192829,14.161523695906187,13.713491612580547,13.261282266864129,12.805033406104302,12.34488400812384,11.880974238886926,11.413445409803264,10.94243993468324,10.468101286357312,9.990573952972799,9.510003393981346,9.026535995830605,8.540319027373526,8.05150059500878,7.560229597566149,7.066655680950509,6.570929192558219,6.073201135479869,5.573623122503232,5.072347329930567,4.569526451224287,4.065313650494967,3.559862515846115,3.0533270125897873,2.545861436347182
21.82799804259054,21.481663627448903,21.128785689468796,20.76947171868852,20.403831165624347,20.03197540793078,19.654017716473856,19.270073220827744,18.880258874205182,18.484693417832368,18.083497344779218,17.67679286325608,17.26470385938787,16.84735585947714,16.42487599176761,15.997392947719632,15.565036942809572,15.127939676864836,14.686234293946868,14.240055341794232,13.78953873083797,13.334821692802022,12.876042738901127,12.413341617648951,11.946859272289297,11.476737797863478,11.003120397926764,10.52615134092722,10.045975916260122,9.56274039001138,9.076591960403482,8.587678712957537,8.096149575384914,7.602154272222452,7.105843279224948,6.607367777528745,6.10687960760051,5.60453122298513,5.1004756438669006,4.594866410458146,4.087857536229295,3.5796034609949317,3.070259003869964,2.5599793161101507
21.93175523477455,21.583774553841536,21.229219246092693,20.868197312509423,20.50081872387,20.127195387251405,19.74744111194133,19.36167157477079,18.970004284877863,18.5725585479132,18.169455429698424,17.760817719348292,17.346769891867957,16.92743807023662,16.5029499869893,16.073434945308282,15.63902377963607,15.199848815821964,14.7560438308143,14.307744011910774,13.855085915578993,13.398207425860083,12.937247712367906,12.472347187896624,12.003647465649564,11.531291316102529,11.055422623514465,10.576186342098996,10.093728451869916,9.608195914174258,9.119736626926443,8.628499379557207,8.13463380769081,7.638290347564606,7.139620190204756,6.638775235371917,6.135908045291135,5.631171798179882,5.124720241588504,4.6167076455672715,4.107288755674148,3.5966187458378336,3.0848531710903218,2.5721479201832533
22.006427345272872,21.657261877642227,21.301499398245035,20.939248275778876,20.570618855444867,20.19572342533543,19.81467618223028,19.427593196810932,19.034592378304513,18.63579343856744,18.231317855619974,17.821288836642953,17.405831280447597,16.98507173943014,16.559138381022763,16.128160948652543,15.692270722220371,15.251600478111776,14.806284448751963,14.356458281717378,13.902258998416045,13.443824952349571,12.981295786969362,12.514812393139815,12.044516866221606,11.570552462788093,11.093063556987943,10.612195596567414,10.12809505856554,9.640909404695764,9.150787036427719,8.657877249782725,8.162330189856709,7.664296805084581,7.163928801259915,6.661378595323847,6.156799268937432,5.650344521851447,5.142168625087976,4.63242637394801,4.121273040859217,3.608864328078498,3.0953563202636047,2.5809054369281705
22.060562189433206,21.710537790096836,21.35390015063491,20.990757906327207,20.621221673819207,20.245404017427113,19.863419414849666,19.475384222297194,19.08141663904833,18.681636671445382,18.276166096339225,17.865128423994918,17.448648860469298,17.02685426947192,16.599873133721204,16.167835515807376,15.730873018574105,15.289118745030986,14.842707257809105,14.391774538171969,13.936457944594258,13.476896170921112,13.013229204120675,12.5455982816427,12.07414584839619,11.599015513359383,11.120352005835011,10.63830113136439,10.153009727313634,9.66462561814552,9.173297570390778,8.679175247332378,8.182409163416583,7.683150638404822,7.18155175128025,6.6777652939229855,6.171944724568238,5.664244121061416,5.154818133924541,4.643821939248243,4.131411191423535,3.617741975728028,3.102970760780873,2.587254350880832
22.102358858924664,21.75167129180466,21.394357954896,21.03052768930247,20.660291321247488,20.283761628315318,19.90105330509796,19.512282928258028,19.117568921018428,18.71703151708943,18.31079272404437,17.898976286154934,17.481707646697462,17.0591139097417,16.631323801433684,16.19846763078449,15.760677249976892,15.318086014201846,14.87082874103723,14.419041669381153,13.962862417952186,13.502429943369417,13.037884497824924,12.569367586361583,12.097021923769232,11.620991391112419,11.141420991902791,10.65845680792966,10.17224595476206,9.682936536935877,9.19067760283982,8.695619099313857,8.197911825973888,7.697707389276761,7.195158156339494,6.6904172085267435,6.183638294820763,5.6749757849879305,5.1645846225562515,4.652620277618101,4.139238699472444,3.6245962691212084,3.108849751634159,2.592156248396659
