hough_viz/data/file_2_0_1.json
{"header": {"discipline": 0, "disciplineName": "Meteorological products", "gribEdition": 2, "gribLength": 133963, "center": 7, "centerName": "US National Weather Service - NCEP(WMC)", "subcenter": 0, "refTime": "2014-11-30T06:00:00.000Z", "significanceOfRT": 1, "significanceOfRTName": "Start of forecast", "productStatus": 0, "productStatusName": "Operational products", "productType": 1, "productTypeName": "Forecast products", "productDefinitionTemplate": 0, "productDefinitionTemplateName": "Analysis/forecast at horizontal level/layer at a point in time", "parameterCategory": 2, "parameterCategoryName": "Momentum", "parameterNumber": 2, "parameterNumberName": "U-component_of_wind", "parameterUnit": "m.s-1", "genProcessType": 2, "genProcessTypeName": "Forecast", "forecastTime": 6, "surface1Type": 100, "surface1TypeName": "Isobaric surface", "surface1Value": 85000, "surface2Type": 255, "surface2TypeName": "Missing", "surface2Value": 0, "gridDefinitionTemplate": 0, "gridDefinitionTemplateName": "Latitude_Longitude", "numberPoints": 65160, "shape": 6, "shapeName": "Earth spherical with radius of 6,371,229.0 m", "gridUnits": "degrees", "resolution": 48, "winds": "true", "scanMode": 0, "nx": 360, "ny": 181, "basicAngle": 0, "subDivisions": 0, "lo1": 0, "la1": 90, "lo2": 359, "la2": -90, "dx": 1, "dy": 1}, "data":
[rows 100 to 119 of 181, columns 264 to 307 of 360]
6.0877537375813775,6.129204912123224,6.163188594611287,6.189663381163242,6.2085970163298025,6.219966432393022,6.22375777747075,6.219966432393022,6.2085970163298025,6.189663381163242,6.163188594611288,6.129204912123224,6.0877537375813775,6.038885572856862,5.982659956280837,5.919145390106199,5.848419257048172,5.770567726005354,5.685685647076216,5.593876435998847,5.495251948154826,5.389932342290644,5.278045934122818,5.159729040004911,5.035125810847091,4.9043880564904265,4.767675060749994,4.625153387352083,4.476996677001937,4.323385435829344,4.164506815469659,4.000554385048431,3.831727895347182,3.6582330354378887,3.480281182082515,3.2980891422029934,3.111878888735374,2.9218772901900367,2.7283158342472955,2.5314303457253615,2.3314606992641136,2.1286505270747917,1.9232469221117168,1.715500137027526
6.634412739418063,6.679586084513576,6.71662138287647,6.745473512700539,6.766107322109925,6.778497671986255,6.78262946659679,6.778497671986255,6.766107322109925,6.745473512700539,6.716621382876472,6.679586084513577,6.634412739418064,6.581156384352506,6.519881903982046,6.450663951822399,6.373586859286068,6.288744532937489,6.19624034008236,6.09618698283049,5.988706360785666,5.873929422529716,5.751996006081882,5.6230546685277,5.48726250502509,5.344784957408098,5.195795612621516,5.0404759912319115,4.879015326272788,4.711610332693307,4.5384649676913655,4.359790182223237,4.175803663992263,3.9867295722299594,3.7927982645925065,3.594246016505434,3.3913147332983944,3.18425165548083,2.973309057517427,2.7587439404705902,2.5408177188842167,2.3197959022903385,2.095947771726696,1.8695460516592082
7.160296021289724,7.2090500762242264,7.249021014109886,7.28016013651594,7.302429505218351,7.315801988421687,7.320261293815038,7.315801988421687,7.302429505218351,7.28016013651594,7.249021014109887,7.2090500762242264,7.160296021289724,7.102818248612327,7.036686786004276,6.961982204465984,6.8787955200227,6.787228082835488,6.687391453721681,6.579407268235194,6.463407088472365,6.339532242783763,6.207933653587418,6.068771653493047,5.922215789961508,5.768444618737309,5.607645486305956,5.440014301641109,5.265755297519668,5.085080781695628,4.898210878235732,4.7053732593322595,4.506802867919479,4.302741631431901,4.093438167052962,3.8791474788132807,3.6601306469075183,3.436654509608414,3.208991338165398,2.9774185050840494,2.7422181461904183,2.5036768168919648,2.2620851430539903,2.0177374669167083
7.672186206800984,7.724425693364382,7.767254157076978,7.8006194180529596,7.82448082586135,7.838809309052307,7.843587410576191,7.838809309052307,7.82448082586135,7.8006194180529596,7.76725415707698,7.724425693364382,7.672186206800984,7.610599343154286,7.539740136530916,7.459694917959116,7.3705612102077,7.2724476089695615,7.165473650554574,7.049769666252979,6.9254766235468335,6.792745954362782,6.651739370575647,6.502628666987369,6.345595512021529,6.180831226388345,6.008536549989871,5.8289213973493395,5.642204601862636,5.4486136491835655,5.248384400067549,5.0417608030117,4.828994597041097,4.610345005003595,4.386078417746702,4.156468069561372,3.921793705288093,3.6823412394909436,3.4384024081146594,3.190274413049375,2.9382595600358914,2.6826648903526795,2.4238018067334344,2.1619856939707307
8.164078448021296,8.219667201329951,8.265241556296456,8.300745987589476,8.326137238528517,8.341384373785536,8.346468817074856,8.341384373785536,8.326137238528517,8.300745987589476,8.265241556296457,8.219667201329951,8.164078448021298,8.098543022703604,8.02314077019767,7.937963556533344,7.8431151570249344,7.738711129836964,7.624878675194353,7.501756480408533,7.369494550908343,7.228254027481475,7.078206989949308,6.919536247514089,6.752435116034125,6.5771071824981675,6.39376605698603,6.202635112417617,6.003947212407407,5.797944427556057,5.584877740524596,5.365006740250782,5.138599305679908,4.905931279395606,4.667286131548144,4.422954614489705,4.173234408537427,3.91842975929584,3.658851106980384,3.3948147081938806,3.12664225061656,2.8546604610791677,2.5792007074966983,2.3005985951475574
8.630869331971576,8.689636438288456,8.737816561141162,8.775351000471577,8.802194026347117,8.8183129346756,8.823688087050158,8.8183129346756,8.802194026347117,8.775351000471577,8.737816561141162,8.689636438288456,8.630869331971578,8.561586840857192,8.481873374988577,8.391826052944971,8.291554583517563,8.181181132046213,8.060840171579807,7.930678319041569,7.790854156598931,7.641538038455551,7.482911883301022,7.315168952670902,7.1385136154873505,6.953161099067055,6.759337226899906,6.557278143517863,6.347230026789197,6.129448787988734,5.904199760009302,5.671757374094561,5.432404825486737,5.18643372839687,4.934143760717824,4.675842298912927,4.411844043525078,4.142470635762686,3.868050265629303,3.5889172720747196,3.305411735654437,3.0178790641938917,2.726669571962273,2.4321380528684684
9.081321535441555,9.143155745605544,9.193850428888688,9.233343821628322,9.261587807208887,9.278547974684606,9.284203660703918,9.278547974684606,9.261587807208887,9.233343821628322,9.19385042888869,9.143155745605544,9.081321535441557,9.008423133856972,8.924549356324997,8.829802390123785,8.724297669836993,8.608163736714541,8.481542082064879,8.344586974869616,8.197465273830565,8.04035622407807,7.873451238788479,7.696953665976607,7.511078540747571,7.316052323309587,7.1121126230671186,6.899507909130409,6.678497207594132,6.449349785954045,6.212344825045939,5.967771078906886,5.715926522972851,5.457117991041558,5.191660801442767,4.919878372871459,4.642101830351957,4.358669601813158,4.069927005766132,3.7762258305867764,3.4779239059158473,3.1753846666986534,2.868976710395613,2.55907334790294
9.509161284896372,9.573908631973426,9.626991646129989,9.668345653890126,9.697920271765476,9.715679467639783,9.721601604668463,9.715679467639783,9.697920271765476,9.668345653890126,9.62699164612999,9.573908631973426,9.509161284896374,9.432828489567676,9.345003245740289,9.245792554945362,9.135317290127404,9.013712048379174,8.8811249869559,8.737717642768443,8.583664735575503,8.419153955114446,8.244385732430342,8.05957299568154,7.864940910719548,7.660726606759116,7.447178887472822,7.22455792786211,6.993134957274123,6.753191928950571,6.505021176511051,6.248925057789662,5.985215586458471,5.714214051886966,5.436250627700434,5.151663969514266,4.860800802334229,4.564015498125527,4.261669644065054,3.9541316020031725,3.641776059671529,3.324983574183759,3.004140108385318,2.6796365606171193
9.908463052712259,9.97592922318232,10.031241260568025,10.074331775671997,10.105148269339155,10.123653196418887,10.129824011508013,10.123653196418887,10.105148269339155,10.074331775671997,10.031241260568025,9.97592922318232,9.90846305271226,9.828924946294196,9.737411808858898,9.63403513506781,9.518920873473993,9.392209273073203,9.254054712432103,9.104625511601748,8.944103727045563,8.772684929831525,8.59057796735902,8.398004708910378,8.19519977533739,7.982410253211903,7.759895393788916,7.527926297148851,7.2867855819038505,7.0367670408705845,6.778175283128873,6.511325362902544,6.236542395714302,5.954161162282593,5.66452570064286,5.36798888699019,5.064912005754005,4.7556643094287105,4.4406225686963054,4.120170613389415,3.7946988648537388,3.4646038602797717,3.1302877695833833,2.792157905423625
10.289736081453812,10.359798318641372,10.417238737382263,10.46198735537427,10.493989653319362,10.513206641347077,10.519614906517646,10.513206641347077,10.493989653319362,10.46198735537427,10.417238737382265,10.359798318641372,10.289736081453816,10.207137385863337,10.112102865657171,10.004748305759241,9.885204501164077,9.753617097583271,9.610146413998597,9.454967247338027,9.288268659512646,9.11025374707374,8.921139393771046,8.721156006313219,8.510547233652801,8.28956967013748,8.058492542889418,7.817597383793463,7.567177686493903,7.307538548817729,7.0389963010598295,6.761878120583361,6.476521633204441,6.18327450184714,5.882494002969758,5.574546591278497,5.259807453258821,4.938660050068594,4.611495650349619,4.278712853527145,3.940717104177837,3.5979201980580067,3.250739780393981,2.8995988370456214
10.646753009962262,10.71924615543815,10.77867955064693,10.82498078515155,10.858093448029928,10.877977196602957,10.884607805585857,10.877977196602957,10.858093448029928,10.82498078515155,10.778679550646931,10.71924615543815,10.646753009962262,10.561288435950308,10.462956558820926,10.351877180819525,10.228185635057734,10.092032620630844,9.943584019014168,9.78302069196201,9.610538261155522,9.426346869867741,9.230670926936458,9.02374883335656,8.805832691825167,8.577187999593326,8.338093324998509,8.088839968071998,7.829731605634658,7.56108392131356,7.283224220930021,6.996491033727979,6.701233699928166,6.3978119451109094,6.086595441945917,5.767963359803069,5.442303902792927,5.110013836799899,4.771498006084022,4.427168840040655,4.077445850718779,3.7227551217101684,3.3635287890322387,3.0002045146367653
10.972800384236853,11.047513568039282,11.108767058298067,11.156486227070701,11.19061293590061,11.211105606649905,11.217939272155927,11.211105606649905,11.19061293590061,11.156486227070701,11.108767058298067,11.047513568039284,10.972800384236855,10.884718533396557,10.783375329685677,10.668894244187209,10.541414754469372,10.401092174653678,10.248097466188598,10.082617029559358,9.904852477187703,9.715020387798145,9.513352042550235,9.30009314325802,9.075503513040276,8.839856779766038,8.593440042681207,8.336553522622335,8.06951019624376,7.792635414703829,7.506266507274536,7.210752370357861,6.906453042409159,6.5937392652858176,6.272992032555395,5.944602125313654,5.608969636077961,5.266503481336263,4.917620903345228,4.562746961784898,4.2023140158889225,3.8367611976814184,3.466533876962314,3.0920831186927407
11.279815991552306,11.356619627445026,11.419586971674853,11.46864130823222,11.50372287196427,11.524788921389497,11.531813790771656,11.524788921389497,11.50372287196427,11.46864130823222,11.419586971674855,11.35661962744503,11.279815991552308,11.189269637396334,11.085090881762056,10.9674066504157,10.8363603234653,10.692111560674105,10.534836106939755,10.364725578176193,10.181987227859214,9.986843694519976,9.779532730494317,9.560306912258087,9.329433332701658,9.087193275718366,8.833881873503433,8.569807746980823,8.295292629796187,8.010670976334035,7.716289554236476,7.412507021920378,7.099693491607249,6.7782300783985425,6.448508435945608,6.110930279280055,5.765906895385826,5.413858642109457,5.055214436018676,4.690411229833693,4.31989348006762,3.944112605524645,3.5635264373158306,3.178598661062314
11.561885070701521,11.640609299170201,11.705151238306245,11.755432253698743,11.791391085675633,11.812983923939184,11.820184460942095,11.812983923939184,11.791391085675633,11.755432253698743,11.705151238306247,11.640609299170201,11.561885070701523,11.469074466246056,11.362290561228962,11.241663455389695,11.10734011427555,10.959484190186743,10.798275822791311,10.623911419652684,10.436603416937318,10.236580020593921,10.02408492831971,9.799377032652258,9.562730105548832,9.314432464837449,9.054786622945993,8.784108918337433,8.502729130100114,8.210990076162801,7.90924719562373,7.597868115702939,7.27723220384503,6.947730105518423,6.609763268274023,6.263743452643209,5.9100922304710455,5.549240471295989,5.181627817401624,4.8077021481803355,4.427919034461232,4.042741183467258,3.652637875077789,3.25808439008327
11.811614766748706,11.892039390743447,11.957975396568802,12.009342451358346,12.046077972268304,12.068137202725115,12.075493266954437,12.068137202725115,12.046077972268304,12.009342451358346,11.957975396568806,11.892039390743447,11.811614766748708,11.716799509600456,11.607709137084372,11.484476559015269,11.347251915307007,11.196202393050108,11.031512022820044,10.853381454464325,10.662027712641601,10.45768393241048,10.240599075190445,10.011037625440654,9.769279268426395,9.51561854946567,9.25036451507109,8.973840336424317,8.686382915641731,8.388342475311168,8.080082131799525,7.7619774528515375,7.434416000018222,7.097796856472877,6.7525301407897125,6.399036507277527,6.037746633477216,5.669100695447603,5.293547831478604,4.911545594885486,4.523559396550598,4.130061937891904,3.731532634949179,3.328457034289307
12.041988954751373,12.123982183700988,12.191204207916053,12.243573127714818,12.281025139635327,12.30351461417009,12.311014151358627,12.30351461417009,12.281025139635327,12.243573127714818,12.191204207916055,12.123982183700988,12.041988954751375,11.945324417186592,11.83410634185564,11.708470230851473,11.5685691524226,11.414573554482967,11.246671056947463,11.065066223145928,10.869980310594292,10.661651001426291,10.440332112814502,10.206293287733123,9.959819666439605,9.701211539075139,9.43078397980739,9.148866462961156,8.855802461604627,8.551949029080445,8.237676363991078,7.913367359168971,7.5794171351805115,7.236232558932544,6.884231747967693,6.523843561052552,6.1555070756793135,5.779671053117556,5.39679339166765,5.0073405687822925,4.611787072735558,4.210614824532016,3.8043125907602935,3.393375388106161
12.247612042977941,12.331005348029073,12.399375222509397,12.452638368258427,12.490729892337628,12.513603386092456,12.521230981694167,12.513603386092456,12.490729892337628,12.452638368258427,12.399375222509398,12.331005348029075,12.247612042977943,12.149296909252449,12.036179728698755,11.908398317177,11.766108356653907,11.609483205528282,11.438713687420519,11.25400785868339,11.055590754917485,10.843704116799909,10.61860609556059,10.380570938464713,10.12988865468469,9.866864661968663,9.591819414536012,9.305088012653266,9.007019794366018,8.697977909884385,8.378338879140333,8.04849213305623,7.708839539083171,7.359794911587439,7.001783507681439,6.635241509113397,6.260615490847081,5.878361876979075,5.488946384656204,5.0928434566710035,4.690535683426244,4.282513214972842,3.869273163837608,3.4513189993680786
12.420584510999106,12.505155575905835,12.574491035014871,12.628506413749601,12.667135902691466,12.690332437758604,12.698067757546195,12.690332437758604,12.667135902691466,12.628506413749601,12.574491035014873,12.505155575905835,12.420584510999106,12.320880877110095,12.20616614775854,12.076580085171697,11.93228057000563,11.773443408991929,11.600262120744302,11.412947699985935,11.211728360484967,10.996849257011098,10.768572186652344,10.527175269855539,10.272952611579454,10.0062139429732,9.727284244016536,9.436503347581807,9.134225525399946,8.82081905643498,8.496665778192746,8.162160621510829,7.817711129396063,7.463736960496213,7.10066937781054,6.728950723262275,6.3490338787730956,5.961381714496346,5.5664665248809415,5.164769453253405,4.756779905618826,4.342994954395002,3.9239187328063587,3.500061820675135
12.574513525797414,12.660132684752373,12.730327422174906,12.785012216590133,12.824120442999604,12.847604454053599,12.855435638102081,12.847604454053599,12.824120442999604,12.785012216590133,12.730327422174906,12.660132684752375,12.574513525797414,12.473574259066588,12.357437863507913,12.226245833429934,12.080158006112717,11.919352367070745,11.744024833204978,11.554389014108287,11.350675951815102,11.133133839312215,10.902027718153938,10.657639155549722,10.400265901317935,10.130221525123538,9.847835034441783,9.553450473713262,9.247426505178735,8.930135971904518,8.601965443530514,8.263314745294787,7.9145964709079735,7.5562354798714875,7.1886683798516255,6.8123429947403915,6.427717819051039,6.035261459313221,5.6354520631479925,5.228776736718661,4.81573095126695,4.396817939457584,3.9725480822668953,3.543438287162086
12.70466491680555,12.791170269298897,12.862091551147842,12.91734235569503,12.956855368345863,12.980582448580934,12.988494688607851,12.980582448580934,12.956855368345863,12.91734235569503,12.862091551147842,12.791170269298899,12.704664916805553,12.602680887114676,12.485342432057031,12.35279251046549,12.205192614001767,12.042722570403676,11.86558032439276,11.673981696509092,11.468160120167264,11.248366357253648,11.014868192611736,10.767950107787504,10.507912934432495,10.235073487786787,9.949764180688415,9.652332618579559,9.343141176002803,9.022566555103676,8.690999326676973,8.34884345431655,7.996515802247785,7.634445627442819,7.263074056637007,6.882853548883976,6.494247344303924,6.097728899696972,5.693781311708872,5.28289672825223,4.8655757489000715,4.442326814982344,4.013665590128572,3.5801143320110174
