hough_viz/data/file_3_3_2.json
{"header": {"discipline": 0, "disciplineName": "Meteorological products", "gribEdition": 2, "gribLength": 133963, "center": 7, "centerName": "US National Weather Service - NCEP(WMC)", "subcenter": 0, "refTime": "2014-11-30T06:00:00.000Z", "significanceOfRT": 1, "significanceOfRTName": "Start of forecast", "productStatus": 0, "productStatusName": "Operational products", "productType": 1, "productTypeName": "Forecast products", "productDefinitionTemplate": 0, "productDefinitionTemplateName": "Analysis/forecast at horizontal level/layer at a point in time", "parameterCategory": 2, "parameterCategoryName": "Momentum", "parameterNumber": 3, "parameterNumberName": "V-component_of_wind", "parameterUnit": "m.s-1", "genProcessType": 2, "genProcessTypeName": "Forecast", "forecastTime": 6, "surface1Type": 100, "surface1TypeName": "Isobaric surface", "surface1Value": 85000, "surface2Type": 255, "surface2TypeName": "Missing", "surface2Value": 0, "gridDefinitionTemplate": 0, "gridDefinitionTemplateName": "Latitude_Longitude", "numberPoints": 65160, "shape": 6, "shapeName": "Earth spherical with radius of 6,371,229.0 m", "gridUnits": "degrees", "resolution": 48, "winds": "true", "scanMode": 0, "nx": 360, "ny": 181, "basicAngle": 0, "subDivisions": 0, "lo1": 0, "la1": 90, "lo2": 359, "la2": -90, "dx": 1, "dy": 1}, "data":
[rows 19 to 37 of 181, columns 43 to 85 of 360]
5.576465953253706,5.332488391037991,5.073894848799166,4.80139411346189,4.515733090600428,4.217694757222385,3.9080960156831637,3.587785454613382,3.2576410229964132,2.918567623771263,2.571494633556501,2.217373355293564,1.8571744107914996,1.491885080320063,1.1225065965431327,0.7500514002095545,0.3755403651234325,8.78753994603942e-16,-0.37554036512343064,-0.7500514002095496,-1.1225065965431311,-1.4918850803200614,-1.857174410791495,-2.217373355293566,-2.5714946335565028,-2.918567623771259,-3.2576410229964097,-3.587785454613383,-3.908096015683165,-4.217694757222384,-4.515733090600427,-4.801394113461889,-5.073894848799165,-5.33248839103799,-5.576465953253706,-5.8051588099069455,-6.017940129773874,-6.214226694046978,-6.393480494897305,-6.555210210116498,-6.698972549796836,-6.8243734713580535,-6.931069259590663
5.750567749294013,5.498973009437231,5.23230596679051,4.951297537181947,4.6567179451844405,4.3493746129836754,4.030109947290046,3.699799030360404,3.359347221458422,3.009687675327785,2.6517787844798963,2.2866015523066348,1.9151569042182262,1.538462944176276,1.1575521641415905,0.7734686140854568,0.3872650403212562,9.0618940800387e-16,-0.3872650403212543,-0.7734686140854519,-1.1575521641415887,-1.5384629441762745,-1.9151569042182213,-2.286601552306636,-2.6517787844798977,-3.00968767532778,-3.3593472214584184,-3.6997990303604054,-4.030109947290048,-4.349374612983675,-4.65671794518444,-4.951297537181947,-5.23230596679051,-5.498973009437228,-5.750567749294013,-5.986400582667038,-6.205825108152579,-6.408239898378285,-6.593090148473835,-6.759869196752494,-6.908119913435599,-7.037435953613506,-7.1474628710087345
5.875373735543252,5.618318573166136,5.345863990104511,5.058756765432459,4.757783840096229,4.443770159963793,4.117576414705572,3.7800966787038734,3.4322559604571463,3.075007667195992,2.709330991660213,2.336228228199585,1.9567220255546958,1.5718525838478372,1.1826748034667889,0.7902553936561555,0.39566994874148625,9.25856659608448e-16,-0.3956699487414845,-0.7902553936561504,-1.1826748034667869,-1.5718525838478357,-1.9567220255546904,-2.336228228199587,-2.7093309916602153,-3.0750076671959876,-3.432255960457142,-3.7800966787038743,-4.117576414705574,-4.443770159963792,-4.757783840096228,-5.058756765432459,-5.345863990104511,-5.6183185731661345,-5.875373735543252,-6.116324906903458,-6.340511656834377,-6.547319505037472,-6.736181605575863,-6.906580300559613,-7.058048539010035,-7.190171157013973,-7.302586015659205
5.946757715609537,5.68657941223527,5.410814589961358,5.120219100997472,4.815589447379819,4.497760597814413,4.167603699085903,3.8260236883047836,3.473956812537667,3.112368062619161,2.7422485281790645,2.3646126811345907,1.9804955950933394,1.5909501082884945,1.1970439378224207,0.7998567531282794,0.40047721667117125,9.371055326688809e-16,-0.4004772166711694,-0.7998567531282743,-1.1970439378224191,-1.590950108288493,-1.9804955950933343,-2.364612681134593,-2.7422485281790663,-3.112368062619156,-3.4739568125376623,-3.8260236883047853,-4.1676036990859044,-4.497760597814412,-4.815589447379817,-5.120219100997471,-5.410814589961357,-5.686579412235269,-5.946757715609537,-6.190636369439374,-6.417546919286439,-6.626867419105953,-6.81802413595761,-6.990493122567653,-7.143801653431955,-7.277529520523764,-7.391310185054694
5.909561644062377,5.651010716688638,5.376970761737395,5.088192903676885,4.785468662543351,4.469627784439629,4.141535967258776,3.8020924878663065,3.452227737244804,3.0929006703569204,2.725096177716475,2.3498223858720255,1.9681078942020525,1.5809989555955695,1.1895566087456932,0.7948537699163111,0.3979722921531929,9.31244079065534e-16,-0.3979722921531909,-0.7948537699163059,-1.1895566087456917,-1.5809989555955677,-1.9681078942020471,-2.3498223858720273,-2.725096177716477,-3.0929006703569155,-3.4522277372447987,-3.8020924878663074,-4.141535967258778,-4.469627784439628,-4.785468662543349,-5.088192903676885,-5.376970761737393,-5.651010716688634,-5.909561644062377,-6.15191487373833,-6.377406132359732,-6.5854173640603975,-6.775378424512925,-6.946768643654642,-7.099118252808067,-7.2320096722842075,-7.345078655939446
5.810046947228228,5.555849915913705,5.286424686162058,5.002509733800516,4.704883249978814,4.3943610082013445,4.071794128348681,3.738066743817156,3.394093578170664,3.0408174379469575,2.6792066284904634,2.3102522998946498,1.9349657303284937,1.554375554193322,1.1695249427074303,0.7814687446462595,0.3912705950752364,9.1556229456297e-16,-0.3912705950752345,-0.7814687446462544,-1.1695249427074288,-1.5543755541933204,-1.9349657303284886,-2.3102522998946515,-2.679206628490465,-3.0408174379469526,-3.39409357817066,-3.738066743817158,-4.0717941283486825,-4.394361008201342,-4.704883249978813,-5.0025097338005144,-5.286424686162058,-5.555849915913703,-5.810046947228228,-6.048319043711805,-6.270013118110075,-6.474521522374869,-6.661283713185311,-6.829787788358065,-6.979571889935655,-7.110225470107029,-7.22139041649055
5.645121625667448,5.398140289425638,5.136363025870645,4.860507348285958,4.571329357909342,4.269621671511903,3.956211248890612,3.631957126228986,3.297748061538613,2.954500098635219,2.6031540563262463,2.244672949691907,1.8800393505277657,1.5102526941837573,1.1363265401813725,0.7592857941174399,0.3801638984691364,8.895729338553497e-16,-0.3801638984691346,-0.7592857941174349,-1.1363265401813711,-1.510252694183756,-1.8800393505277606,-2.2446729496919082,-2.603154056326248,-2.954500098635214,-3.2977480615386083,-3.6319571262289876,-3.9562112488906136,-4.2696216715119,-4.571329357909341,-4.860507348285957,-5.1363630258706445,-5.398140289425636,-5.645121625667448,-5.876630075920892,-6.09203109161579,-6.290734273540454,-6.472194990084925,-6.635915870038333,-6.781448165848818,-6.908392983609396,-7.01640237639841
5.35046567029944,5.116375911319225,4.868262521601016,4.606805562699879,4.332721669966508,4.046762088299549,3.749710613035543,3.4423814416203995,3.125616941950774,2.8002853435022317,2.4672783575725945,2.12750873316327,1.7819077551976632,1.4314226919339461,1.0770141985686126,0.7196536841473417,0.3603206490003341,8.431402827849349e-16,-0.3603206490003324,-0.7196536841473371,-1.0770141985686112,-1.4314226919339448,-1.7819077551976585,-2.127508733163271,-2.4672783575725963,-2.8002853435022277,-3.1256169419507702,-3.4423814416204004,-3.7497106130355453,-4.046762088299547,-4.332721669966507,-4.606805562699877,-4.868262521601016,-5.116375911319224,-5.35046567029944,-5.569890174783669,-5.774047997457137,-5.962379555918727,-6.13436864645747,-6.28954385893101,-6.4274798688680495,-6.547798603253172,-6.650170276798678
4.985872489174498,4.767734151090063,4.536527785098631,4.292887111778423,4.037479933279754,3.771006302925755,3.494196606414868,3.2078095598844296,2.912630130322457,2.6094673840277083,2.29915226901519,1.9825353374454195,1.660484414320053,1.3338822188338884,1.0036239449029192,0.6706148075000163,0.3357675615236167,7.856867419573494e-16,-0.33576756152361514,-0.670614807500012,-1.0036239449029178,-1.333882218833887,-1.6604844143200488,-1.9825353374454213,-2.2991522690151918,-2.609467384027704,-2.9126301303224533,-3.207809559884431,-3.4941966064148704,-3.771006302925754,-4.037479933279754,-4.292887111778422,-4.536527785098629,-4.767734151090062,-4.985872489174498,-5.19034489732985,-5.380590930898071,-5.556089138724991,-5.716358492421688,-5.860959704829864,-5.989496434077413,-6.101616369923952,-6.197012199418682
4.549940668016636,4.350874908140322,4.1398837025664035,3.917545363523539,3.684469304944497,3.4412943721049207,3.188687090592843,2.9273398394083756,2.657968953200987,2.3813127588460308,2.098129551742096,1.8091955173760357,1.5153026038524862,1.2172563512191668,0.91587368353761,0.6119806697510756,0.30641025948700584,7.16991472869599e-16,-0.3064102594870043,-0.6119806697510717,-0.9158736835376086,-1.2172563512191654,-1.5153026038524824,-1.8091955173760368,-2.098129551742098,-2.3813127588460277,-2.657968953200984,-2.9273398394083765,-3.1886870905928446,-3.4412943721049194,-3.6844693049444963,-3.9175453635235384,-4.139883702566403,-4.35087490814032,-4.549940668016636,-4.736535356784411,-4.910147531371778,-5.0703013328758235,-5.216557790858784,-5.348516026535486,-5.465814351554243,-5.568131259359489,-5.655186306418889
3.9744585800330348,3.8005709021358878,3.6162661235704308,3.4220494109238437,3.218453098705653,3.0060352302558404,2.785378028186843,2.55708629855184,2.3217857731133966,2.0801213942561994,1.8327555472448087,1.580366244671699,1.323645268071855,1.0632962717976775,0.8000328543513232,0.5345766024607934,0.26765511326088054,6.26305510133013e-16,-0.26765511326087926,-0.53457660246079,-0.8000328543513221,-1.0632962717976764,-1.3236452680718513,-1.5803662446717002,-1.8327555472448103,-2.0801213942561962,-2.321785773113394,-2.557086298551842,-2.7853780281868437,-3.006035230255839,-3.2184530987056523,-3.4220494109238433,-3.61626612357043,-3.800570902135886,-3.9744585800330348,-4.137452543223539,-4.28910603658387,-4.429003388430026,-4.55676114984475,-4.672029145684332,-4.774491434384356,-4.863867173933565,-4.939911391642284
3.328193561362726,3.182580809758004,3.028244825372217,2.865608632410802,2.695118005373963,2.517240247219748,2.3324629085191275,2.1412924511137668,1.9442528599393165,1.7418842068191323,1.5347411701649412,1.323391514641881,1.1084145349650036,0.890399468092735,0.6699438781693343,0.44765201864309934,0.22413317604967203,5.24465389258973e-16,-0.22413317604967092,-0.4476520186430964,-0.6699438781693332,-0.890399468092734,-1.1084145349650008,-1.323391514641882,-1.5347411701649423,-1.7418842068191296,-1.9442528599393145,-2.1412924511137676,-2.332462908519129,-2.5172402472197466,-2.6951180053739625,-2.8656086324108014,-3.0282448253722167,-3.1825808097580035,-3.328193561362726,-3.464683965755647,-3.591677912225664,-3.70882731919274,-3.815811088275336,-3.9123359843987466,-3.9981374395320577,-4.072980277850739,-4.1366593603372195
2.6111718289051833,2.496929700883057,2.3758436621102668,2.248245601002501,2.1144852549760222,1.974929251841722,1.8299601049037721,1.6799751645172494,1.5253855289784275,1.3666149177329239,1.2040985099901507,1.0382817519273568,0.8696191357526105,0.6985729539732496,0.52561203228426,0.3512104445496238,0.17584621339881423,4.1147524157461967e-16,-0.1758462133988134,-0.3512104445496215,-0.5256120322842592,-0.6985729539732488,-0.8696191357526083,-1.0382817519273577,-1.2040985099901511,-1.3666149177329214,-1.5253855289784255,-1.67997516451725,-1.8299601049037728,-1.9749292518417214,-2.114485254976022,-2.2482456010025005,-2.3758436621102668,-2.4969297008830558,-2.6111718289051833,-2.7182569164446067,-2.8178914507197783,-2.9098023403977593,-2.9937376641185924,-3.0694673609942305,-3.136783861189442,-3.1955026548563064,-3.245462797862876
1.7595443830322923,1.6825620517885957,1.6009679349144017,1.5149856762125233,1.4248509470775101,1.330810800536732,1.2331229940952069,1.132055283240196,1.027884687542022,0.9208967313626839,0.8113846612534263,0.6996486421863307,0.5859949348229833,0.47073505607529326,0.3541849252592945,0.23666399818225242,0.11849439153650454,2.7727357581559137e-16,-0.11849439153650397,-0.23666399818225092,-0.354184925259294,-0.4707350560752927,-0.5859949348229817,-0.6996486421863313,-0.8113846612534269,-0.9208967313626824,-1.027884687542021,-1.1320552832401967,-1.2331229940952075,-1.3308108005367316,-1.42485094707751,-1.5149856762125231,-1.600967934914401,-1.682562051788595,-1.7595443830322923,-1.8317039254265266,-1.8988428946813467,-1.9607772675487953,-2.0173372862178507,-2.0683679236087786,-2.1137293082915862,-2.153297107863889,-2.1869628697373837
0.8434142909011173,0.8065138302228112,0.7674027711959538,0.7261883145147608,0.6829834261402139,0.637906527668212,0.5910811717442106,0.5426357034140072,0.4927029083388915,0.4414196488393781,0.388926488765099,0.335367308219064,0.2808889091922964,0.22564061318978085,0.16977385195059938,0.11344175238405703,0.05679871685946905,1.3290741545780734e-16,-0.05679871685946878,-0.11344175238405631,-0.16977385195059913,-0.22564061318978063,-0.2808889091922957,-0.33536730821906424,-0.3889264887650992,-0.44141964883937745,-0.4927029083388909,-0.5426357034140076,-0.5910811717442109,-0.6379065276682119,-0.6829834261402137,-0.7261883145147606,-0.7674027711959533,-0.8065138302228109,-0.8434142909011173,-0.8780030116330714,-0.9101851871393806,-0.939872608313937,-0.9669839039988496,-0.9914447640171283,-1.0131881428517162,-1.032154443412592,-1.0482916803882498
-0.1366030613523326,-0.13062650161372255,-0.12429190371392611,-0.11761663034547411,-0.11061897796867692,-0.10331812666229839,-0.09573408755229344,-0.08788764796270257,-0.07980031443904141,-0.0714942538003547,-0.0629922323815058,-0.05431755363223566,-0.04549399424402641,-0.03654573897984298,-0.02749731438537905,-0.018373521563499678,-0.009199368196142504,-2.1526265352422623e-17,0.009199368196142458,0.018373521563499556,0.027497314385379012,0.036545738979842944,0.045493994244026295,0.0543175536322357,0.06299223238150585,0.07149425380035461,0.07980031443904133,0.0878876479627026,0.09573408755229348,0.10331812666229838,0.11061897796867692,0.11761663034547408,0.12429190371392608,0.13062650161372252,0.1366030613523326,0.14220520159493819,0.14741756726453453,0.15222587162912812,0.156616935460677,0.16057872315843785,0.1641003757377116,0.16717224059356553,0.16978589795795246
-1.2291776516232955,-1.1753995474463825,-1.1183997548109392,-1.0583345061865737,-0.99536843624468,-0.9296741306062509,-0.8614316527966867,-0.7908280507041869,-0.7180568438944913,-0.6433174931872,-0.5668148539475325,-0.48875861459201303,-0.4093627218470917,-0.32884479433604047,-0.24742552610143637,-0.1653280816981257,-0.08277748451469379,-1.9369700819416473e-16,0.08277748451469338,0.1653280816981246,0.24742552610143606,0.32884479433604014,0.4093627218470906,0.48875861459201336,0.566814853947533,0.643317493187199,0.7180568438944904,0.7908280507041874,0.861431652796687,0.9296741306062507,0.9953684362446797,1.0583345061865734,1.1183997548109392,1.1753995474463816,1.2291776516232955,1.2795866652962,1.3264884208625067,1.369754363870308,1.4092659053772003,1.4449147469943255,1.4766031777247313,1.5042443417824227,1.5277624766580307
-2.373212892177447,-2.269381773883875,-2.1593304378908815,-2.0433605272608477,-1.9217899074578406,-1.7949517951004696,-1.663193844638297,-1.526877195455159,-1.386375482011211,-1.2420738097368484,-1.094367699485488,-0.9436620034384052,-0.7903697954330393,-0.6349112387563209,-0.4777124345063121,-0.31920425367870553,-0.15982115617937995,-3.739770540210497e-16,0.1598211561793792,0.3192042536787035,0.4777124345063114,0.6349112387563203,0.7903697954330372,0.9436620034384059,1.0943676994854887,1.2420738097368467,1.3863754820112093,1.5268771954551597,1.6631938446382977,1.794951795100469,1.9217899074578402,2.0433605272608477,2.159330437890881,2.269381773883874,2.373212892177447,2.470539198893564,2.5610939293905894,2.64462887944661,2.7209150855699695,2.7897434525722695,2.8509253266837575,2.904293012640196,2.94970023332392
-3.5665993214306826,-3.410556011001222,-3.245164603610451,-3.070878425609809,-2.888175183298714,-2.6975556535647907,-2.4995423112892405,-2.294677897279504,-2.083523930654429,-1.866659169759404,-1.6446780258299543,-1.4181889337518738,-1.187812684383484,-0.9541807230110444,-0.7179334186011227,-0.47971830859375514,-0.24018832404734086,-5.620339883955048e-16,0.24018832404733967,0.47971830859375214,0.7179334186011217,0.9541807230110434,1.187812684383481,1.418188933751875,1.6446780258299551,1.8666591697594013,2.083523930654427,2.2946778972795046,2.4995423112892414,2.6975556535647898,2.888175183298713,3.0708784256098087,3.2451646036104504,3.410556011001221,3.5665993214306826,3.7128668310313766,3.848957630726427,3.9744987050934175,4.089145954773767,4.192585139625133,4.284532740031803,4.364736734012268,4.432977287993934
