hough_viz/data/file_4_0_2.json
{"header": {"discipline": 0, "disciplineName": "Meteorological products", "gribEdition": 2, "gribLength": 133963, "center": 7, "centerName": "US National Weather Service - NCEP(WMC)", "subcenter": 0, "refTime": "2014-11-30T06:00:00.000Z", "significanceOfRT": 1, "significanceOfRTName": "Start of forecast", "productStatus": 0, "productStatusName": "Operational products", "productType": 1, "productTypeName": "Forecast products", "productDefinitionTemplate": 0, "productDefinitionTemplateName": "Analysis/forecast at horizontal level/layer at a point in time", "parameterCategory": 2, "parameterCategoryName": "Momentum", "parameterNumber": 2, "parameterNumberName": "U-component_of_wind", "parameterUnit": "m.s-1", "genProcessType": 2, "genProcessTypeName": "Forecast", "forecastTime": 6, "surface1Type": 100, "surface1TypeName": "Isobaric surface", "surface1Value": 85000, "surface2Type": 255, "surface2TypeName": "Missing", "surface2Value": 0, "gridDefinitionTemplate": 0, "gridDefinitionTemplateName": "Latitude_Longitude", "numberPoints": 65160, "shape": 6, "shapeName": "Earth spherical with radius of 6,371,229.0 m", "gridUnits": "degrees", "resolution": 48, "winds": "true", "scanMode": 0, "nx": 360, "ny": 181, "basicAngle": 0, "subDivisions": 0, "lo1": 0, "la1": 90, "lo2": 359, "la2": -90, "dx": 1, "dy": 1}, "data":
[rows 38 to 56 of 181, columns 172 to 214 of 360]
-3.3347762596276644,-3.472011415987226,-3.592331281733463,-3.695149670574972,-3.779965661656588,-3.846366039995432,-3.8940273096227798,-3.9227172696239014,-3.932296145397577,-3.9227172696239014,-3.8940273096227798,-3.846366039995433,-3.7799656616565898,-3.695149670574976,-3.592331281733468,-3.4720114159872253,-3.3347762596276667,-3.181294408541739,-3.012313610879989,-2.8286571241027407,-2.6312197041524845,-2.420963246292872,-2.1989120988517,-1.966148072698794,-1.7238051707722069,-1.4730640633299137,-1.2151463358429455,-0.9513085375538467,-0.6828360596949851,-0.41103687319172344,-0.1372351563595606,0.13723515635955627,0.4110368731917191,0.6828360596949808,0.9513085375538425,1.2151463358429415,1.4730640633299097,1.723805170772203,1.9661480726987903,2.1989120988516966,2.420963246292868,2.6312197041524814,2.828657124102738
-3.625402107846278,-3.7745973120822955,-3.905403057635039,-4.017182072060727,-4.109389779237069,-4.181576952483381,-4.233391903147841,-4.264582193999229,-4.274995869075756,-4.264582193999229,-4.23339190314784,-4.181576952483383,-4.1093897792370715,-4.017182072060732,-3.905403057635044,-3.7745973120822938,-3.6254021078462806,-3.4585443089649854,-3.2748368298620685,-3.075174674909514,-2.860530578056278,-2.6319502637662753,-2.390547352353924,-2.1374979345378846,-1.874034841645311,-1.6014416393815714,-1.3210463744271015,-1.0342151043275543,-0.7423452421986618,-0.4468587486700528,-0.14919520423601532,0.1491952042360106,0.44685874867004816,0.742345242198657,1.0342151043275494,1.3210463744270973,1.6014416393815671,1.8740348416453068,2.1374979345378806,2.3905473523539205,2.6319502637662717,2.860530578056275,3.075174674909511
-3.928204851426012,-4.089861216059612,-4.231592187959976,-4.352707268078759,-4.452616395920071,-4.530832824255893,-4.586975490509663,-4.620770873254833,-4.63205432478377,-4.620770873254833,-4.586975490509663,-4.530832824255894,-4.4526163959200735,-4.352707268078763,-4.231592187959982,-4.08986121605961,-3.928204851426015,-3.7474106676180434,-3.548359475725835,-3.3320210331477433,-3.099449319029739,-2.8517773993849724,-2.5902119069100698,-2.3160271623918915,-2.0305589663447696,-1.7351980911246971,-1.4313835052261519,-1.1205953627723266,-0.8043477923529267,-0.48418152034193285,-0.16165636463359725,0.16165636463359215,0.48418152034192774,0.8043477923529216,1.1205953627723215,1.431383505226147,1.7351980911246925,2.0305589663447656,2.316027162391888,2.5902119069100653,2.8517773993849684,3.0994493190297354,3.3320210331477407
-4.25452659579179,-4.429611991978037,-4.583116763802405,-4.714293051446813,-4.822501777223655,-4.907215759098047,-4.968022279065716,-5.004625093873627,-5.016845878287342,-5.004625093873627,-4.968022279065714,-4.907215759098047,-4.82250177722366,-4.714293051446817,-4.58311676380241,-4.429611991978036,-4.254526595791793,-4.058713573694371,-3.8431269070463654,-3.6088169124170033,-3.3569251245473524,-3.088678734907834,-2.805384612944752,-2.5084229391436788,-2.199240480928882,-1.879343544157888,-1.5502906345506922,-1.2136848648066516,-0.8711661444004494,-0.524403190108034,-0.17508539618624547,0.17508539618623997,0.5244031901080284,0.871166144400444,1.213684864806646,1.5502906345506866,1.8793435441578827,2.1992404809288773,2.5084229391436743,2.805384612944747,3.0886787349078295,3.3569251245473484,3.6088169124169998
-4.5944470059946525,-4.783521055995176,-4.949290272248741,-5.090947043796829,-5.207801233087749,-5.299283538257415,-5.364948266710808,-5.4044755064915,-5.417672684860543,-5.4044755064915,-5.364948266710808,-5.299283538257417,-5.2078012330877534,-5.090947043796834,-4.9492902722487475,-4.783521055995174,-4.594447005994655,-4.38298927201313,-4.150178054874892,-3.8971475874277477,-3.625130608674563,-3.335452357992762,-3.0295241187013273,-2.70883634243028,-2.37495138779018,-2.029495908718054,-1.6741529295828501,-1.3106536456600015,-0.9407689889219409,-0.5663010002356115,-0.18907405000052094,0.18907405000051497,0.5663010002356054,0.9407689889219352,1.3106536456599955,1.6741529295828448,2.029495908718048,2.374951387790175,2.7088363424302746,3.0295241187013224,3.335452357992758,3.625130608674559,3.8971475874277446
-4.946956330296501,-5.150537102329454,-5.329024975330034,-5.481550374322523,-5.607370210894832,-5.705871503450545,-5.776574363593642,-5.819134334096536,-5.8333440670610495,-5.819134334096536,-5.776574363593642,-5.705871503450546,-5.607370210894836,-5.481550374322528,-5.329024975330041,-5.150537102329453,-4.946956330296504,-4.719274484288662,-4.468600807373173,-4.1961565565063506,-3.9032690526924125,-3.5913652144089814,-3.261964605803727,-2.9166720335305327,-2.557169728292817,-2.185209149184669,-1.8026024507581302,-1.4112136543884815,-1.0129495669493531,-0.6097504910413715,-0.20358077203295155,0.20358077203294517,0.6097504910413649,1.0129495669493467,1.411213654388475,1.8026024507581238,2.185209149184663,2.5571697282928105,2.916672033530528,3.2619646058037217,3.591365214408977,3.9032690526924076,4.196156556506347
-5.32311395854204,-5.542174644940787,-5.734234413566825,-5.898357568533195,-6.033744518326504,-6.1397356713364015,-6.21581464931962,-6.2616108031428555,-6.276901018548097,-6.2616108031428555,-6.215814649319619,-6.139735671336402,-6.033744518326508,-5.898357568533201,-5.734234413566834,-5.542174644940785,-5.323113958542043,-5.0781195960148295,-4.808385145266621,-4.515224725427864,-4.2000665845956275,-3.864446141552449,-3.509998505360403,-3.138450509274057,-2.751612297782461,-2.3513685077671798,-1.9396690867407713,-1.5185197928986378,-1.0899724232665782,-0.6561148175519975,-0.21906068639874524,0.21906068639873835,0.6561148175519905,1.0899724232665713,1.518519792898631,1.9396690867407647,2.351368507767173,2.751612297782455,3.1384505092740516,3.5099985053603975,3.864446141552443,4.200066584595622,4.515224725427861
-5.713201080754571,-5.948314918262372,-6.154449163410917,-6.330599550878396,-6.475907893683637,-6.589666264186836,-6.671320443041851,-6.720472619297153,-6.7368833284907845,-6.720472619297153,-6.67132044304185,-6.589666264186836,-6.47590789368364,-6.3305995508784,-6.154449163410927,-5.948314918262369,-5.713201080754574,-5.450253101870308,-5.160752037731247,-4.84610830842135,-4.5078548265619265,-4.147639529115468,-3.767217348802436,-3.3684416642454016,-2.9532552704947266,-2.523680913926393,-2.081811437624906,-1.6297995852622864,-1.1698475131471513,-0.7041960615406117,-0.23511383750779888,0.23511383750779155,0.7041960615406043,1.169847513147144,1.629799585262279,2.0818114376248986,2.5236809139263854,2.95325527049472,3.3684416642453954,3.76721734880243,4.1476395291154615,4.507854826561921,4.8461083084213445
-6.115866087458679,-6.367550690395205,-6.588213226432074,-6.776778649874646,-6.93232828893444,-7.054104321405747,-7.14151346669925,-7.194129876245419,-7.2116972081859245,-7.194129876245419,-7.14151346669925,-7.05410432140575,-6.932328288934445,-6.776778649874652,-6.588213226432084,-6.367550690395202,-6.115866087458685,-5.834385599708779,-5.524480571787473,-5.187660829839273,-4.825567325789939,-4.439964142793679,-4.032729900797372,-3.605848604092972,-3.1613999754480564,-2.7015493239055823,-2.228536995615805,-1.7446674590951674,-1.2522980780871775,-0.753827626723297,-0.2516846029365213,0.2516846029365133,0.753827626723289,1.2522980780871695,1.7446674590951596,2.228536995615798,2.7015493239055752,3.1613999754480497,3.6058486040929663,4.032729900797365,4.439964142793672,4.825567325789933,5.187660829839267
-6.541465067098893,-6.810664231124417,-7.04668252362147,-7.248370087193494,-7.414744320304325,-7.5449946644141255,-7.638486552939112,-7.694764502796161,-7.713554333470608,-7.694764502796161,-7.638486552939112,-7.544994664414128,-7.414744320304329,-7.248370087193499,-7.04668252362148,-6.810664231124414,-6.5414650670988985,-6.240396542812245,-5.9089254338514685,-5.548666634140086,-5.161375288337194,-4.748938240949141,-4.3133648438127965,-3.8567771667353155,-3.3813996589833737,-2.8895483119899823,-2.383619376076929,-1.8660776861642379,-1.3394446533420274,-0.8062859808092271,-0.2691991640255208,0.2691991640255123,0.8062859808092185,1.3394446533420188,1.8660776861642296,2.383619376076921,2.8895483119899734,3.381399658983366,3.856777166735309,4.313364843812789,4.748938240949134,5.161375288337187,5.548666634140081
-6.980769609294724,-7.26804735576297,-7.5199159060954965,-7.735148182032832,-7.912695593561682,-8.051693147540082,-8.151463661857026,-8.211521064595665,-8.231572762126804,-8.211521064595665,-8.151463661857026,-8.051693147540082,-7.912695593561688,-7.735148182032838,-7.519915906095508,-7.268047355762967,-6.980769609294729,-6.659482254994514,-6.305750572556772,-5.921297907181376,-5.507997273608978,-5.067862230981494,-4.603037072984409,-4.115786381063414,-3.608483991611266,-3.0836014308755435,-2.5436958739310995,-1.991397686380306,-1.429397609476063,-0.8604336511009834,-0.2872777464682425,0.28727774646823345,0.8604336511009744,1.4293976094760539,1.991397686380297,2.54369587393109,3.083601430875535,3.608483991611258,4.1157863810634066,4.603037072984402,5.067862230981486,5.507997273608971,5.921297907181371
-7.432132156979014,-7.737984705767946,-8.006138570889874,-8.235287333668659,-8.424314604366007,-8.572299461120023,-8.678520936583991,-8.742461530406795,-8.763809730442615,-8.742461530406795,-8.67852093658399,-8.572299461120025,-8.424314604366014,-8.23528733366867,-8.006138570889883,-7.737984705767943,-7.432132156979018,-7.090071007396604,-6.713467744557589,-6.304157141702521,-5.864133318944736,-5.39554002811766,-4.900660208631395,-4.381904865221321,-3.84180132177541,-3.2829809084663424,-2.7081661421752843,-2.1201574626634865,-1.5218195891110753,-0.9160675634932693,-0.30585254878892926,0.30585254878891965,0.9160675634932598,1.5218195891110657,2.120157462663477,2.708166142175275,3.2829809084663335,3.8418013217754012,4.381904865221311,4.900660208631388,5.3955400281176535,5.864133318944729,6.304157141702515
-7.904763576019689,-8.23006619930919,-8.515272767359011,-8.758993782438488,-8.960041860260905,-9.117437514800386,-9.230413930249373,-9.298420696868147,-9.32112649252576,-9.298420696868147,-9.230413930249371,-9.117437514800388,-8.96004186026091,-8.758993782438495,-8.515272767359024,-8.230066199309187,-7.904763576019694,-7.540949739171889,-7.140397153208445,-6.705057270064794,-6.237051021891386,-5.738658488085489,-5.212307786973586,-4.660563246262893,-4.086112909894575,-3.491755442163897,-2.880386492908995,-2.2549845901961096,-1.6185966292300475,-0.9743230281871247,-0.3253026232894986,0.3253026232894884,0.9743230281871142,1.6185966292300378,2.2549845901961,2.880386492908985,3.491755442163887,4.086112909894565,4.6605632462628845,5.212307786973577,5.7386584880854805,6.2370510218913795,6.7050572700647875
-8.390206154873093,-8.735486066899794,-9.03820756889654,-9.296895832135068,-9.510290553400147,-9.677352095060117,-9.797266550076984,-9.869449707279665,-9.893549897582098,-9.869449707279665,-9.797266550076984,-9.677352095060119,-9.510290553400152,-9.296895832135078,-9.038207568896551,-8.73548606689979,-8.3902061548731,-8.00405000184044,-7.578898921763096,-7.116824207967189,-6.6200770420107355,-6.091077526153411,-5.53240289286165,-4.946774948791063,-4.337046814418029,-3.7061890239235886,-3.057275053049376,-2.393466345432955,-1.7179969103719797,-1.0341575670561007,-0.34527991202669667,0.34527991202668584,1.0341575670560899,1.717996910371969,2.393466345432944,3.0572750530493664,3.706189023923578,4.33704681441802,4.946774948791053,5.532402892861642,6.091077526153402,6.6200770420107276,7.116824207967182
-8.886608489459837,-9.252316714122982,-9.572948581794533,-9.84694200624501,-10.072962119052216,-10.249907772946012,-10.376916906487136,-10.453370743943896,-10.478896809905311,-10.453370743943896,-10.376916906487136,-10.249907772946013,-10.072962119052223,-9.846942006245019,-9.572948581794545,-9.252316714122978,-8.886608489459842,-8.47760560151482,-8.027300671245145,-7.537887539006617,-7.011750576383854,-6.451453069771639,-5.859724732301305,-5.239448404952671,-4.593646011642603,-3.9254638367155112,-3.238157196562151,-2.535074580045599,-1.8196413349998708,-1.0953429802797119,-0.3657082246631399,0.3657082246631284,1.0953429802797001,1.819641334999859,2.535074580045588,3.2381571965621405,3.9254638367154997,4.593646011642593,5.239448404952661,5.859724732301296,6.451453069771629,7.011750576383846,7.53788753900661
-9.401598470524037,-9.788499940272489,-10.127712822248498,-10.417584505388644,-10.656702763990479,-10.843902637934164,-10.978272108251112,-11.059156540388715,-11.086161873524071,-11.059156540388715,-10.978272108251112,-10.843902637934166,-10.656702763990483,-10.417584505388655,-10.12771282224851,-9.788499940272485,-9.401598470524043,-8.968893358072583,-8.49249269873059,-7.974717468622774,-7.418090216623627,-6.825322774752895,-6.199303046402629,-5.543080936762051,-4.859853493986101,-4.152949333498233,-3.425812421310531,-2.6819852953677024,-1.9250918066580616,-1.1588194641759142,-0.38690146974844697,0.38690146974843487,1.158819464175902,1.9250918066580494,2.68198529536769,3.42581242131052,4.1529493334982215,4.859853493986091,5.543080936762042,6.199303046402618,6.825322774752885,7.418090216623618,7.974717468622767
-9.927739561618262,-10.336293175103506,-10.694489407240194,-11.000583161991125,-11.253083181351597,-11.450759310608486,-11.592648491530387,-11.678059454290501,-11.70657608526375,-11.678059454290501,-11.592648491530387,-11.450759310608486,-11.253083181351604,-11.000583161991136,-10.694489407240209,-10.336293175103501,-9.927739561618269,-9.470818998921718,-8.967757558065811,-8.421006103822856,-7.833228354318653,-7.207287903665551,-6.5462342708198555,-5.853288042631892,-5.131825183470666,-4.385360587864854,-3.6175309562898286,-2.832077077528739,-2.0328256039253216,-1.2236704083184753,-0.4085536134852408,0.4085536134852279,1.2236704083184622,2.0328256039253088,2.832077077528726,3.6175309562898157,4.385360587864842,5.131825183470655,5.853288042631881,6.546234270819844,7.20728790366554,7.833228354318643,8.42100610382285
-10.463119265939898,-10.893705217343527,-11.271218131959662,-11.593818804815784,-11.859935557861435,-12.068271897025738,-12.217812828606181,-12.307829804215901,-12.337884270198208,-12.307829804215901,-12.217812828606181,-12.06827189702574,-11.859935557861442,-11.593818804815793,-11.27121813195968,-10.893705217343522,-10.463119265939905,-9.9815580492217,-9.45136768503038,-8.875131207525765,-8.255655982903155,-7.595960032187463,-6.899257327738202,-6.1689421350991225,-5.408572476477715,-4.621852796418735,-3.812615914122577,-2.9848043503356685,-2.142451119785408,-1.2896600827379654,-0.4305859514036229,0.4305859514036094,1.2896600827379516,2.1424511197853944,2.9848043503356547,3.8126159141225644,4.621852796418722,5.408572476477705,6.168942135099111,6.899257327738191,7.595960032187452,8.255655982903146,8.87513120752576
-11.013377688131932,-11.466608277354867,-11.863974703669948,-12.203541037791323,-12.483652946672239,-12.702945753249374,-12.860351085012313,-12.955102079007045,-12.986737117915158,-12.955102079007045,-12.860351085012313,-12.702945753249375,-12.483652946672247,-12.203541037791334,-11.863974703669967,-11.466608277354862,-11.013377688131941,-10.506491029873292,-9.948417803425876,-9.341876885451642,-8.689823282333672,-7.995433733682136,-7.262091235578307,-6.493368558957598,-5.693010843428755,-4.864917351330196,-4.013122470915695,-3.1417760612205954,-2.2551232343654553,-1.3574836737966587,-0.45323058922292897,0.4532305892229148,1.357483673796644,2.255123234365441,3.1417760612205816,4.013122470915681,4.864917351330183,5.693010843428742,6.493368558957586,7.262091235578295,7.995433733682124,8.689823282333663,9.341876885451635
