hough_viz/data/file_2_3_1.json
{"header": {"discipline": 0, "disciplineName": "Meteorological products", "gribEdition": 2, "gribLength": 133963, "center": 7, "centerName": "US National Weather Service - NCEP(WMC)", "subcenter": 0, "refTime": "2014-11-30T06:00:00.000Z", "significanceOfRT": 1, "significanceOfRTName": "Start of forecast", "productStatus": 0, "productStatusName": "Operational products", "productType": 1, "productTypeName": "Forecast products", "productDefinitionTemplate": 0, "productDefinitionTemplateName": "Analysis/forecast at horizontal level/layer at a point in time", "parameterCategory": 2, "parameterCategoryName": "Momentum", "parameterNumber": 3, "parameterNumberName": "V-component_of_wind", "parameterUnit": "m.s-1", "genProcessType": 2, "genProcessTypeName": "Forecast", "forecastTime": 6, "surface1Type": 100, "surface1TypeName": "Isobaric surface", "surface1Value": 85000, "surface2Type": 255, "surface2TypeName": "Missing", "surface2Value": 0, "gridDefinitionTemplate": 0, "gridDefinitionTemplateName": "Latitude_Longitude", "numberPoints": 65160, "shape": 6, "shapeName": "Earth spherical with radius of 6,371,229.0 m", "gridUnits": "degrees", "resolution": 48, "winds": "true", "scanMode": 0, "nx": 360, "ny": 181, "basicAngle": 0, "subDivisions": 0, "lo1": 0, "la1": 90, "lo2": 359, "la2": -90, "dx": 1, "dy": 1}, "data":
[rows 80 to 99 of 181, columns 88 to 131 of 360]
0.5929052679343749,0.29663333498008954,1.0409063124905789e-15,-0.2966333349800912,-0.5929052679343688,-0.8884548371497275,-1.1829219610019992,-1.4759478766599456,-1.76717557718252,-2.056250246476831,-2.3428196915868784,-2.6265347717864405,-2.907049823953239,-3.1840230837062515,-3.4571171017929214,-3.7259991552191263,-3.990341652620871,-4.249822533383907,-4.504125660024988,-4.752941203356701,-4.995966019966591,-5.232904021550719,-5.463466535651666,-5.687372657361422,-5.904349591560782,-6.114132985278156,-6.316467249762958,-6.5111058718811154,-6.697811714453359,-6.876357305170342,-7.046525113732619,-7.208107816877798,-7.360908550972003,-7.504741151857891,-7.639430381666993,-7.764812142320076,-7.880733675455355,-7.987053748541059,-8.083642826945482,-8.170383231754993,-8.247169283147663,-8.31390742914786,-8.370516359604906,-8.416927105256976
0.5476110967342176,0.27397244497809875,9.613877261816261e-16,-0.27397244497810025,-0.5476110967342123,-0.82058256872198,-1.0925542872508183,-1.3631948966757241,-1.632174663103104,-1.8991658761207297,-2.1638432480623786,-2.425884310320768,-2.6849698062258556,-2.9407840800099545,-3.1930154613856185,-3.441356645267915,-3.685505066178309,-3.925163266874097,-4.160039260754247,-4.389846887600093,-4.614306162217476,-4.833143615555569,-5.046092627886814,-5.2528937536419615,-5.453295037504548,-5.647052321379638,-5.833929541862855,-6.01369901784727,-6.186141727917758,-6.351047577194859,-6.508215653303034,-6.657454471151428,-6.798582206228968,-6.931426916129529,-7.055826750037251,-7.171630145916844,-7.278696015168575,-7.376893914522992,-7.466104204965964,-7.546218197500371,-7.617138285566926,-7.678778063962726,-7.731062434112671,-7.773927695565528
0.4989647895473047,0.2496344653450403,8.759841196212974e-16,-0.2496344653450417,-0.49896478954729984,-0.7476872020131315,-0.9954986727956978,-1.2420972817902742,-1.487182586577405,-1.7304559884657107,-1.9716210962883811,-2.2103840875101763,-2.446454066204901,-2.6795434174673174,-2.909368157827569,-3.13564828124132,-3.358108100233971,-3.576476581783384,-3.7904876775318757,-3.9998806479251634,-4.204400379883335,-4.403797697616847,-4.597829666208851,-4.7862598875939435,-4.96885878857282,-5.145403900511838,-5.315680130386798,-5.479480022840636,-5.636604012935834,-5.7868606692935565,-5.9300669273232955,-6.066048312258879,-6.194639151729085,-6.315682777603922,-6.4290317168705995,-6.5345478713066925,-6.632102685731531,-6.721577304630907,-6.802862716964207,-6.875859888977554,-6.940479884861203,-6.996643975104117,-7.044283732413753,-7.083341115084169
0.4455221657115196,0.22289686560381142,7.821600847960824e-16,-0.2228968656038127,-0.44552216571151515,-0.6676046656877297,-0.8888737922154218,-1.109059962947808,-1.3278949149529302,-1.5451120315507165,-1.760446667144321,-1.973636469650034,-2.184421700132865,-2.392545549258455,-2.5977544501756604,-2.799798387448726,-2.9984312016625685,-3.1934108893301025,-3.384499897736223,-3.5714654143591984,-3.754079650516849,-3.9321201188919828,-4.105369904598924,-4.273617929460863,-4.436659209176132,-4.594295103059978,-4.746333556057657,-4.892589332733917,-5.032884242953852,-5.167047358980133,-5.294915223722127,-5.416332049883183,-5.531149909763447,-5.6392289154869975,-5.740437389433646,-5.834652024667866,-5.9217580351692725,-6.001649295681722,-6.07422847101059,-6.139407134610697,-6.197105876320453,-6.247254399110894,-6.289791604731789,-6.324665668150442
0.3883696778017655,0.19430320316235025,6.818230011890108e-16,-0.1943032031623513,-0.3883696778017616,-0.5819629838125358,-0.7748472575720623,-0.9667874993043047,-1.1575498593908407,-1.3469019232805983,-1.5346129946511742,-1.7204543764767812,-1.9041996496603266,-2.0856249488902336,-2.2645092353858107,-2.4406345661989794,-2.6137863597441715,-2.7837536572329373,-2.9503293796947414,-3.1133105802707908,-3.272498691473512,-3.4276997671104508,-3.578724718577842,-3.7253895452359282,-3.8675155585854113,-4.0049295999718595,-4.1374642515528555,-4.264958040270846,-4.38725563458319,-4.504208033709715,-4.615672749167225,-4.721513978369758,-4.821602770083121,-4.915817181532113,-5.004042426968989,-5.086171017522254,-5.162102892155251,-5.23174553957515,-5.295014110943699,-5.351831523252462,-5.402128553236587,-5.445843921712707,-5.482924368238169,-5.513324716000687
0.32885677131055496,0.1645286120403163,5.773419594583794e-16,-0.16452861204031727,-0.3288567713105518,-0.49278426926144875,-0.6561113854878501,-0.8186391310572441,-0.9801694909471336,-1.140505665295842,-1.2994523091728176,-1.4568157705763514,-1.6124043263687005,-1.7660284158612178,-1.9175008717648299,-2.066637148224564,-2.2132555456602376,-2.357177432139404,-2.4982274610128545,-2.6362337845475037,-2.771028263296365,-2.902446670950581,-3.0303288944238833,-3.1545191289257106,-3.2748660677853634,-3.3912230867958644,-3.5034484228529768,-3.6114053466717024,-3.714962329369858,-3.8139932027157526,-3.9083773128447534,-3.9979996672574267,-4.082751074920184,-4.162528279297746,-4.237234084155308,-4.306777471977204,-4.371073714857706,-4.430044477728947,-4.4836179138001135,-4.531728752091709,-4.574318376958181,-4.61133489950206,-4.642733220792584,-4.668475086811801
0.2661929143133072,0.13317758534330534,4.673290993252801e-16,-0.1331775853433061,-0.26619291431330455,-0.39888392822108903,-0.5310889635056968,-0.6626469486962544,-0.7933976006527618,-0.9231816198464068,-1.0518408844414961,-1.1792186429425628,-1.3051597051719073,-1.4295106313449426,-1.5521199190129145,-1.672838187645316,-1.7915183606270424,-1.9080158444485913,-2.022188704870988,-2.133897839850792,-2.243007149014502,-2.3493836994759003,-2.4528978877943066,-2.5534235978763893,-2.6508383546292116,-2.745023473177263,-2.835864203461701,-2.923249870045614,-3.0070740069550004,-3.0872344873911515,-3.1636336481564338,-3.236178408641845,-3.3047803842313934,-3.369355993985152,-3.4298265624697413,-3.486118415612243,-3.538162970460696,-3.5858968187418685,-3.6292618041144644,-3.6682050930236723,-3.7026792390707084,-3.7326422408189504,-3.7580575929662134,-3.778894330820845
0.20135337768581746,0.10073805574461608,3.5349660933973244e-16,-0.10073805574461663,-0.2013533776858155,-0.3017233815524156,-0.4017257819555194,-0.5012387413744219,-0.6001410185968676,-0.6983121164327917,-0.7956324285215777,-0.8919833850539918,-0.9872475972312225,-1.0813090002850627,-1.174052994884937,-1.2653665867595454,-1.3551385243629692,-1.4432594344175425,-1.5296219551683505,-1.614120867186986,-1.6966532215652141,-1.7771184653423573,-1.855418564013597,-1.9314581209699058,-2.005144493724128,-2.076387906781578,-2.145101561017654,-2.2112017394291943,-2.274607909130758,-2.335242819471533,-2.3930325961533625,-2.4479068312351933,-2.499798668914304,-2.548644886979811,-2.59438597383918,-2.63696620102395,-2.6763336910862767,-2.712440480803616,-2.745242579614523,-2.774700023214372,-2.800776922245706,-2.8234415060238964,-2.84266616124482,-2.8584274656274213
0.1352947652218906,0.06768861668734526,2.3752390606518325e-16,-0.06768861668734565,-0.13529476522188927,-0.20273607792557177,-0.2699303879474017,-0.3367958293711055,-0.40325093695614034,-0.46921474539054,-0.5346068879346719,-0.5993476943357344,-0.6633582878936823,-0.7265606815603435,-0.7888778729546158,-0.8502339381780146,-0.9105541243162425,-0.9697649405141007,-1.0277942475127795,-1.0845713455404313,-1.1400270604489513,-1.1940938279920197,-1.2467057761417353,-1.297798805343524,-1.3473106666115828,-1.3951810373696731,-1.4413515949448932,-1.4857660876248653,-1.5283704031917882,-1.5691126348498343,-1.6079431444655878,-1.6448146230444647,-1.6796821483694313,-1.712503239731811,-1.7432379096874782,-1.7718487127754072,-1.7983007911391895,-1.8225619169959708,-1.8446025319010344,-1.8643957827602144,-1.8819175545462552,-1.8971464996792582,-1.9100640640354176,-1.9206545095523642
0.06787215527728531,0.03395676318129129,1.1915656461714337e-16,-0.03395676318129148,-0.06787215527728463,-0.1017048556069769,-0.13541364423654453,-0.16895745219948233,-0.20229541153281497,-0.23538690506841473,-0.2681916159187617,-0.30066957659686355,-0.33278121771047914,-0.3644874161713319,-0.3957495428605618,-0.42652950969236036,-0.4567898160184335,-0.4864935943167649,-0.5156046551090144,-0.5440875310518225,-0.5719075201483032,-0.5990307280270829,-0.6254241092373723,-0.6510555075097545,-0.6758936949336487,-0.6999084100037084,-0.7230703944888045,-0.745351429078672,-0.7667243677647934,-0.7871631709136282,-0.8066429369918955,-0.8251399329052579,-0.842631622913438,-0.8590966960865497,-0.8745150922691808,-0.8888680265206054,-0.9021380120013376,-0.9143088812781542,-0.9253658060216199,-0.9352953150721238,-0.9440853108524104,-0.9517250841066176,-0.9582053269478517,-0.9635181441984152
0.0,0.0,0.0,0.0,0.0,0.0,0.0,0.0,0.0,0.0,0.0,0.0,0.0,0.0,0.0,0.0,0.0,0.0,0.0,0.0,0.0,0.0,0.0,0.0,0.0,0.0,0.0,0.0,0.0,0.0,0.0,0.0,0.0,0.0,0.0,0.0,0.0,0.0,0.0,0.0,0.0,0.0,0.0,0.0
-0.06787215527728531,-0.03395676318129129,-1.1915656461714337e-16,0.033956763181291476,0.06787215527728463,0.1017048556069769,0.13541364423654453,0.16895745219948233,0.20229541153281497,0.23538690506841473,0.2681916159187617,0.30066957659686355,0.33278121771047914,0.3644874161713319,0.3957495428605618,0.4265295096923603,0.45678981601843344,0.4864935943167648,0.5156046551090144,0.5440875310518225,0.5719075201483032,0.5990307280270829,0.6254241092373723,0.6510555075097544,0.6758936949336487,0.6999084100037082,0.7230703944888044,0.7453514290786719,0.7667243677647934,0.787163170913628,0.8066429369918955,0.8251399329052578,0.842631622913438,0.8590966960865496,0.8745150922691808,0.8888680265206054,0.9021380120013376,0.914308881278154,0.9253658060216199,0.9352953150721237,0.9440853108524104,0.9517250841066176,0.9582053269478517,0.9635181441984152
-0.1352947652218906,-0.06768861668734526,-2.3752390606518325e-16,0.06768861668734565,0.13529476522188927,0.20273607792557177,0.26993038794740176,0.3367958293711055,0.40325093695614034,0.46921474539054,0.5346068879346719,0.5993476943357344,0.6633582878936823,0.7265606815603435,0.7888778729546158,0.8502339381780146,0.9105541243162425,0.9697649405141007,1.0277942475127795,1.0845713455404313,1.1400270604489513,1.1940938279920197,1.2467057761417353,1.297798805343524,1.3473106666115828,1.3951810373696731,1.4413515949448932,1.4857660876248653,1.5283704031917882,1.5691126348498343,1.6079431444655878,1.6448146230444647,1.6796821483694313,1.712503239731811,1.7432379096874782,1.7718487127754072,1.7983007911391895,1.8225619169959708,1.8446025319010344,1.8643957827602144,1.8819175545462552,1.8971464996792582,1.9100640640354176,1.9206545095523642
-0.20135337768581746,-0.10073805574461608,-3.5349660933973244e-16,0.10073805574461663,0.2013533776858155,0.3017233815524156,0.4017257819555194,0.5012387413744219,0.6001410185968676,0.6983121164327917,0.7956324285215777,0.8919833850539918,0.9872475972312225,1.0813090002850627,1.174052994884937,1.2653665867595454,1.3551385243629692,1.4432594344175425,1.5296219551683505,1.614120867186986,1.6966532215652141,1.7771184653423573,1.855418564013597,1.9314581209699058,2.005144493724128,2.076387906781578,2.145101561017654,2.2112017394291943,2.274607909130758,2.335242819471533,2.3930325961533625,2.4479068312351933,2.499798668914304,2.548644886979811,2.59438597383918,2.63696620102395,2.6763336910862767,2.712440480803616,2.745242579614523,2.774700023214372,2.800776922245706,2.8234415060238964,2.84266616124482,2.8584274656274213
-0.2661929143133072,-0.13317758534330534,-4.673290993252801e-16,0.1331775853433061,0.26619291431330455,0.39888392822108903,0.5310889635056968,0.6626469486962544,0.7933976006527618,0.9231816198464068,1.0518408844414961,1.1792186429425628,1.3051597051719073,1.4295106313449426,1.5521199190129145,1.672838187645316,1.7915183606270424,1.9080158444485913,2.022188704870988,2.133897839850792,2.243007149014502,2.3493836994759003,2.4528978877943066,2.5534235978763893,2.6508383546292116,2.745023473177263,2.835864203461701,2.923249870045614,3.0070740069550004,3.0872344873911515,3.1636336481564338,3.236178408641845,3.3047803842313934,3.369355993985152,3.4298265624697413,3.486118415612243,3.538162970460696,3.5858968187418685,3.6292618041144644,3.6682050930236723,3.7026792390707084,3.7326422408189504,3.7580575929662134,3.778894330820845
-0.3288567713105551,-0.1645286120403163,-5.773419594583794e-16,0.16452861204031727,0.3288567713105518,0.49278426926144875,0.6561113854878502,0.8186391310572441,0.9801694909471336,1.140505665295842,1.2994523091728176,1.4568157705763514,1.6124043263687005,1.7660284158612178,1.9175008717648299,2.066637148224564,2.2132555456602376,2.357177432139404,2.4982274610128545,2.6362337845475037,2.771028263296365,2.902446670950581,3.0303288944238833,3.1545191289257106,3.2748660677853634,3.3912230867958644,3.503448422852977,3.6114053466717024,3.714962329369858,3.8139932027157526,3.9083773128447534,3.9979996672574276,4.082751074920185,4.162528279297746,4.2372340841553084,4.306777471977204,4.371073714857706,4.430044477728947,4.4836179138001135,4.531728752091709,4.574318376958181,4.61133489950206,4.642733220792584,4.668475086811801
-0.38836967780176546,-0.19430320316235025,-6.818230011890108e-16,0.1943032031623513,0.3883696778017616,0.5819629838125358,0.7748472575720622,0.9667874993043047,1.1575498593908407,1.346901923280598,1.5346129946511742,1.7204543764767812,1.9041996496603262,2.085624948890233,2.2645092353858107,2.4406345661989794,2.6137863597441715,2.7837536572329373,2.9503293796947405,3.1133105802707908,3.272498691473512,3.4276997671104508,3.578724718577842,3.725389545235928,3.8675155585854113,4.004929599971859,4.137464251552855,4.264958040270846,4.38725563458319,4.504208033709715,4.615672749167225,4.721513978369758,4.821602770083121,4.915817181532113,5.004042426968989,5.086171017522254,5.162102892155249,5.23174553957515,5.295014110943698,5.351831523252462,5.402128553236587,5.445843921712707,5.482924368238169,5.513324716000687
-0.4455221657115196,-0.22289686560381144,-7.821600847960824e-16,0.2228968656038127,0.44552216571151515,0.6676046656877297,0.8888737922154218,1.109059962947808,1.3278949149529304,1.5451120315507165,1.760446667144321,1.973636469650034,2.184421700132865,2.392545549258455,2.5977544501756604,2.799798387448727,2.9984312016625685,3.1934108893301025,3.3844998977362235,3.5714654143591984,3.754079650516849,3.9321201188919828,4.105369904598924,4.273617929460864,4.436659209176132,4.594295103059978,4.746333556057657,4.892589332733917,5.032884242953852,5.167047358980133,5.2949152237221275,5.4163320498831835,5.531149909763447,5.6392289154869975,5.740437389433646,5.834652024667866,5.9217580351692725,6.001649295681722,6.07422847101059,6.139407134610697,6.197105876320454,6.247254399110894,6.289791604731789,6.324665668150442
-0.4989647895473047,-0.24963446534504036,-8.759841196212974e-16,0.2496344653450417,0.49896478954729984,0.7476872020131315,0.9954986727956978,1.2420972817902745,1.487182586577405,1.7304559884657107,1.9716210962883816,2.2103840875101763,2.446454066204901,2.6795434174673174,2.909368157827569,3.1356482812413207,3.3581081002339714,3.576476581783384,3.7904876775318757,3.9998806479251634,4.204400379883336,4.403797697616847,4.597829666208852,4.786259887593944,4.96885878857282,5.14540390051184,5.315680130386799,5.479480022840635,5.636604012935834,5.786860669293557,5.930066927323296,6.0660483122588795,6.194639151729085,6.315682777603923,6.429031716870601,6.5345478713066925,6.632102685731531,6.721577304630908,6.802862716964206,6.875859888977555,6.940479884861203,6.996643975104117,7.044283732413752,7.083341115084169
-0.5476110967342176,-0.27397244497809875,-9.613877261816261e-16,0.27397244497810025,0.5476110967342123,0.82058256872198,1.0925542872508183,1.3631948966757241,1.632174663103104,1.8991658761207297,2.1638432480623786,2.425884310320768,2.6849698062258556,2.9407840800099545,3.1930154613856185,3.441356645267915,3.685505066178309,3.925163266874097,4.160039260754247,4.389846887600093,4.614306162217476,4.833143615555569,5.046092627886814,5.2528937536419615,5.453295037504548,5.647052321379638,5.833929541862855,6.01369901784727,6.186141727917758,6.351047577194859,6.508215653303034,6.657454471151428,6.798582206228968,6.931426916129529,7.055826750037251,7.171630145916844,7.278696015168575,7.376893914522992,7.466104204965964,7.546218197500371,7.617138285566926,7.678778063962726,7.731062434112671,7.773927695565528
