hough_viz/data/file_2_0_0.json
{"header": {"discipline": 0, "disciplineName": "Meteorological products", "gribEdition": 2, "gribLength": 133963, "center": 7, "centerName": "US National Weather Service - NCEP(WMC)", "subcenter": 0, "refTime": "2014-11-30T06:00:00.000Z", "significanceOfRT": 1, "significanceOfRTName": "Start of forecast", "productStatus": 0, "productStatusName": "Operational products", "productType": 1, "productTypeName": "Forecast products", "productDefinitionTemplate": 0, "productDefinitionTemplateName": "Analysis/forecast at horizontal level/layer at a point in time", "parameterCategory": 2, "parameterCategoryName": "Momentum", "parameterNumber": 3, "parameterNumberName": "V-component_of_wind", "parameterUnit": "m.s-1", "genProcessType": 2, "genProcessTypeName": "Forecast", "forecastTime": 6, "surface1Type": 100, "surface1TypeName": "Isobaric surface", "surface1Value": 85000, "surface2Type": 255, "surface2TypeName": "Missing", "surface2Value": 0, "gridDefinitionTemplate": 0, "gridDefinitionTemplateName": "Latitude_Longitude", "numberPoints": 65160, "shape": 6, "shapeName": "Earth spherical with radius of 6,371,229.0 m", "gridUnits": "degrees", "resolution": 48, "winds": "true", "scanMode": 0, "nx": 360, "ny": 181, "basicAngle": 0, "subDivisions": 0, "lo1": 0, "la1": 90, "lo2": 359, "la2": -90, "dx": 1, "dy": 1}, "data":
[rows 40 to 59 of 181, columns 0 to 44 of 360]
0.0,0.936097297890942,1.8710541054191392,2.803731321733673,3.7329926233143764,4.657705848407004,5.576744376387934,6.488988500377853,7.393326791432113,8.288657452645701,9.173889661523045,10.047944898977194,10.9097582633392,11.758279767776761,12.592475619541435,13.411329479485865,14.213843700316483,14.999040542073045,15.765963363354166,16.513677786837523,17.241272837674675,17.94786205337362,18.632584563816724,19.294606140098455,19.933120210904715,20.547348845195767,21.136543699995407,21.699986932131566,22.236992072817664,22.746904864009082,23.229104055515787,23.68300216190002,24.108046178236812,24.503718253865244,24.86953632330978,25.205054693602772,25.50986458729265,25.783594640476313,26.025911355248837,26.236519506019317,26.41516249919773,26.56162268581472,26.675721626693363,26.757320309849806,26.80631931985792
0.0,0.9511398997467799,1.9011209820375885,2.8487858412570217,3.792979893750702,4.732552784507611,5.666359788690468,6.593263206306623,7.5121337483202275,8.421851912517006,9.321309347445219,10.2094102027712,11.08507246440419,11.947229272763819,12.794830222584178,13.62684264267082,14.442252854051565,15.240067404988167,16.0193142813442,16.779044090834617,17.51833121971396,18.236274960494146,18.932000609317775,19.60466053165009,20.25343519499104,20.877534167349424,21.476197080262494,22.048694555187826,22.594329092138693,23.112435919480383,23.602383803852007,24.06357581922716,24.495450074176286,24.89748039644485,25.2691769740132,25.610086951857035,25.919794983681513,26.197923737956714,26.44413435763801,26.658126873011145,26.83964056715918,26.98845429360582,27.104386745748393,27.18729667775198,27.237083076635745
0.0,0.9654065373728553,1.9296368755893991,2.8915162485108112,3.849872754287347,4.803538783140221,5.751352439914263,6.6921589596682,7.6248121145778445,8.548175610438143,9.461124471062634,10.362546408893635,11.251343180153311,12.126431922884523,12.986746476251348,13.831238679491793,14.658879648940273,15.468661031563832,16.25959623348499,17.03072162199445,17.781097699589072,18.509810248604875,19.215971445050446,19.89872094028371,20.557226909214222,21.19068706375392,21.798329630281536,22.379414289929933,22.93323308055055,23.459111259256265,23.956408124491656,24.42451779662912,24.862869956139956,25.270930538440748,25.64820238456889,25.99422584689414,26.308579349128493,26.59087989995191,26.84078355962829,27.05798585904301,27.242222170651704,27.39326803088809,27.510939413638308,27.595092954448354,27.645626125191615
0.0,0.9789490829454319,1.956705467228842,2.9320779073078045,3.9038780621086904,4.870921942837214,5.8320313554863965,6.78603533628448,7.731771578333916,8.668087847703259,9.593843387246752,10.507910306441167,11.409174955546684,12.296539282417545,13.168922170309454,14.025260755053791,14.8645117199939,15.6856525671057,16.48768286275403,17.26962545656695,18.03052767194291,18.76946246674049,19.48552956273639,20.17785654247583,20.84559991217879,21.48794612940728,22.104112594241442,22.693348602757048,23.254936261642573,23.788191362841616,24.292464217155004,24.767140445787046,25.211641728871417,25.625426510064855,26.007990656350135,26.35886807224449,26.67763126766519,26.963891878760315,27.217301141070305,27.437550314443737,27.624371059189663,27.777535763008117,27.896857818300717,27.982191849523247,28.033433890303357
0.0,0.991040379990149,1.9808733299353485,2.9682928908581654,3.952096044123942,4.93108417713368,5.904064543648869,6.869851716969048,7.827269034191632,8.77515002979442,9.712339856794145,10.637696693749632,11.550093135895343,12.448417568710429,13.331575522249768,14.198491004587025,15.04810781274507,15.879390819516603,16.69132723460719,17.48292783856427,18.253228187988647,19.00128979056022,19.72620124844631,20.427079368699527,21.103070239292347,21.753350269477373,22.37712719320577,22.97364103438144,23.542165032774843,24.082006529468334,24.59250781075439,25.073046909458483,25.523038362710196,25.941933925239614,26.329223237329714,26.68443444661105,27.007134782941222,27.29693108566858,27.553470282637942,27.776439820354636,27.965568044782792,28.1206245323139,28.241420370502535,28.327808388227027,28.379683334994837
0.0,1.0022091864159166,2.0031973353166763,3.0017448968332463,3.996635294576381,4.986656407847547,5.970602048421285,6.947273430099764,7.9154806292491,8.874044034538016,9.821795784112542,10.75758118845579,11.68026013719925,12.588708488171683,13.481819436993167,14.358504865545758,15.217696667677803,16.058348050526757,16.879434809875036,17.679956577985084,18.458938042393402,19.215430134178494,19.948511184255196,20.65728804628647,21.340897184844636,21.998505727496273,22.62931247952899,23.23254890008377,23.80748003850362,24.353405429757718,24.869659947850185,25.355614616173632,25.810677373820297,26.23429379691702,26.62594777410538,26.98516213534382,27.31149923326592,27.604561476386237,27.8639918135043,28.08947416871651,28.28073382650595,28.437537766440872,28.55969494707428,28.64705653869844,28.699516104670973
0.0,1.0125360137302983,2.0238384082970824,3.0326750675117644,4.037816879304467,5.038039233207746,6.032123512355813,7.018858578181472,7.997042246001897,8.965482749695493,9.923000193685336,10.868427990460177,11.80061428188163,12.718423342545893,13.620736963490199,14.506455814558176,15.374500783764333,16.22381429202577,17.053361581659384,17.862131977074718,18.6491401161265,19.413427150626593,20.154061914552855,20.870142058531485,21.560795149210733,22.225179732186554,22.8624863571852,23.471938564253666,24.05279382975656,24.60434447102675,25.12591850856772,25.616880484757047,26.076632238053644,26.504613631765437,26.900303236489673,27.263218965394305,27.592918661566546,27.889000636712957,28.151104160554755,28.378909900322085,28.572140309811832,28.730559967534894,28.853975863541013,28.94223763457166,28.995237747254535
0.0,1.0212164810861013,2.0411887671963393,3.0586741792147745,4.0724330678984755,5.081230324199167,6.083836884053351,7.079031225807547,8.065600858454264,9.042343798865522,10.00807003622415,10.961602981868646,11.901780902785234,12.827458337000584,13.737507489150783,14.630819604526257,15.506306319918611,16.36290098962353,17.199559984984262,18.015263965892398,18.80901912269678,19.57985838700745,20.326842609919524,21.049061706221483,21.745635763193803,22.41571611264709,23.05848636489348,23.67316340339178,24.25899833885433,24.81527742165321,25.341322911414267,25.836493902739313,26.30018710605067,26.73183758260656,27.13091943279196,27.496946436846258,27.829472647247158,28.128092932029034,28.392443468373788,28.622202185872975,28.817089158920936,28.97686694776105,29.101340887769496,29.19035932662411,29.243813809069398
0.0,1.0288243449313588,2.0563952258766602,3.0814607060026327,4.102771900920976,5.119084500261609,6.129160283673192,7.131768629403885,8.12568801362439,9.10970749866658,10.082628208364515,11.04326478870037,11.990446851975726,12.923020402748703,13.839849243799621,14.739816360412313,15.621825281284503,16.484801414409162,17.327693356299353,18.149474172961437,18.94914265105595,19.72572451772182,20.478273627577774,21.205873115454754,21.9076365134549,22.58270883097611,23.230267596386398,23.849523859078893,24.43972315068663,25.00014640428601,25.5301108304691,26.02897074921737,26.49611837656329,26.930984565081527,27.333039497307375,27.701793331237717,28.036796797128094,28.337641744858644,28.603961641202165,28.835432016388403,29.031770859420472,29.19273896166181,29.31814020827508,29.40782181715786,29.461674525084128
0.0,1.0354746444948866,2.069687722638098,3.1013792051022273,4.129292134735784,5.152174157971857,6.168779050628032,7.177868236238585,8.178212295069125,9.168592461975148,10.147802111279661,11.114648226860663,12.067952855657545,13.006554542825446,13.929309746789048,14.835094232471867,15.722804441003511,16.591358834236154,17.439699212432185,18.266792003517594,19.071629522330323,19.85323119832941,20.610644770269158,21.34294744638278,22.04924702866201,22.728682999862954,23.38042757191379,24.003686694447016,24.59770102222756,25.16174684029789,25.695136945713298,26.197221484792777,26.667388744865654,27.10506589954925,27.509719706649573,27.88085715783481,28.21802607929005,28.520815682621368,28.788857065338284,29.02182366030456,29.219431633609982,29.381440230378256,29.507652068089733,29.597913377061595,29.652114187792566
0.0,1.0402970631881427,2.0793266846502694,3.115822966842871,4.14852309870611,5.176168894204569,6.197508325233137,7.211297047020383,8.216299914170987,9.211292485500156,10.195062515826576,11.166411432906456,12.124155797709157,13.067128746255387,13.994181411261183,14.904184321855746,15.796028779667735,16.668628209603405,17.520919483671012,18.35186421623851,19.160450029146503,19.945691785135054,20.7066327880817,21.44234594858834,22.15193491349681,22.83453515795718,23.48931503871808,24.115476807355908,24.7122575822084,25.278930277828444,25.81480449082565,26.319227341016585,26.791584266858674,27.231299774198778,27.63783813742419,28.010704052161753,28.34944323872995,28.653642995608728,28.92293270225269,29.15698427063521,29.355512544973084,29.51827564914497,29.645075281380166,29.735756955858786,29.790210190928914
0.0,1.0438990486373751,2.0865262670843077,3.12661137467953,4.162887187932267,5.194091164390123,6.218966940852578,7.236265864056025,8.244748511965426,9.243186203819146,10.2303624970872,11.205074669519089,12.166135184475607,13.112373137759304,14.042635684180885,14.95578944212349,15.850721874393631,16.726342643676354,17.581584940943326,18.415406785195305,19.226792292955484,20.01475291596701,20.77832864558676,21.51658918240804,22.228635069687034,22.913598789192363,23.57064581814238,24.19897564594264,24.797822749484762,25.366457525818408,25.904187181060088,26.41035657445578,26.884349016569075,27.325587020622173,27.73353300607465,28.107689953582486,28.44760201053961,28.752855046464067,29.023077157552187,29.257939119786155,29.457154790042686,29.620481454714398,29.747720125418937,29.838715781435653,29.893357558574515
0.0,1.046435367624834,2.0915958149452285,3.134207974950748,4.173001585326521,5.206711036072187,6.234076911452753,7.253847524402646,8.264780441513608,9.26564399674842,10.255218792036237,11.23229918292131,12.195694747455047,13.144231736541773,14.076754503971209,14.992126914395358,15.889233727534435,16.766981956925346,17.62430220155731,18.46014994877231,19.273506846842853,20.063381945676653,20.82881290413671,21.56886716250575,22.282643078666567,22.969271026614074,23.627914455960617,24.257770911143776,24.858073009094873,25.428089374177,25.967125529253586,26.47452474180183,26.949668824040106,27.391978886094527,27.800916041287138,28.175982062686256,28.516719990119324,28.822714686908405,29.093593345650323,29.329025942425073,29.528725638879088,29.69244913169362,29.819996949012353,29.911213693467115,29.965988231505648
0.0,1.0469849010750294,2.0926942123237593,3.1358538980296036,4.175193028801963,5.20944533000791,6.23735072453278,7.257656867990032,8.269120674509976,9.270509831248422,10.260604299770062,11.23819780247736,12.202099292274006,13.151134403672323,14.084146883576723,15.0,15.897577926996147,16.77578710412241,17.633557568774197,18.469844259769744,19.28362829059618,20.07391819076575,20.839751113769918,21.58019401015953,22.294344764321828,22.98133329356934,23.640322608201657,24.27050983124842,24.871127176651246,25.441442884692783,25.98076211353316,26.488427785767808,26.96382138897501,27.406363729278027,27.815515637003625,28.190778623577256,28.531695488854606,28.837850878149567,29.108871788279895,29.344428022014174,29.544232590366246,29.70804206224711,29.8356568610482,29.926921507794727,29.981724810572874
0.0,1.0461753294622238,2.091076055436454,3.1334291273427075,4.171964598525051,5.205417173485972,6.232527749454049,7.252044950406719,8.262726651679204,9.263341493302091,10.25267038022376,11.229507967589928,12.192664129270687,13.140965407845862,14.073256444282121,14.988401385559989,15.8852852685358,16.762815378352517,17.61992257974447,18.45556261961401,19.268717399293042,20.058396214939417,20.82363696455696,21.563507320168572,22.277105863714226,22.963563185290045,23.62204294239033,24.251742878862082,24.851895802330553,25.421770518904975,25.96067272402566,26.4679458483672,26.942971857767017,27.385172006204794,27.794007540915384,28.168980358776015,28.509633613168273,28.815552270575296,29.086363616236167,29.321737708241507,29.521387779516804,29.68507058720394,29.81258670901515,29.90378078619837,29.958541712817926
0.0,1.0442050911151948,2.0871379791743303,3.1275280111048,4.164107631912499,5.195613929002319,6.2207901708426245,7.238387338099026,8.247165645372048,9.245896051684666,10.233361757879408,11.208359689100716,12.169701960556308,13.116217324771844,14.046752598575544,14.960174068074238,15.85536886990915,16.73124634710842,17.586739377884665,18.42080567575848,19.232429059423986,20.02062069080917,20.7844202798228,21.52289725431998,22.235151893860937,22.92031642588182,23.577556082941843,24.206070119758902,24.805092788794298,25.37389427319819,25.911781575978964,26.41809936431338,26.892230767968638,27.333598130863706,27.741663714854344,28.115930354884135,28.455942064703567,28.761284592419006,29.03158592519485,29.26651674249383,29.46579081730339,29.629165364859197,29.756441338440972,29.847463671880266,29.90212146848469
0.0,1.040120857837599,2.0789744886282593,3.1152952092459953,4.147820422525706,5.175292155543325,6.196458592262059,7.210075598677397,8.21490823860275,9.209732278248975,10.193335677764658,11.164520067919977,12.122102210135013,13.064915438073704,13.99181107904705,14.901659853493843,15.793353250833894,16.66580488001738,17.517951793124997,18.348755780406307,19.15720463517835,19.942313387043583,20.70312550192459,21.43871404745351,22.148182822296352,22.83066744803625,23.48533642228544,24.111392131742818,24.70807182396291,25.2746485366522,25.81043198336073,26.314769394489797,26.787046312591173,27.22668734098881,27.633156844811147,28.00595960357957,28.34464141455841,28.648789646130915,28.91803374052734,29.152045665292555,29.350540312943004,29.513275848326284,29.640054003260012,29.73072031809108,29.785164329880942
0.0,1.0345556372429692,2.0678508278030368,3.098626660657428,4.125627294232656,5.147601486454027,6.163304119191378,7.171497715243717,8.170953946014563,9.160455128041164,10.138795706554188,11.104783724260527,12.057242273559657,12.995010930424248,13.916947168198101,14.821927749588871,15.708850095159722,16.576633626652473,17.42422108350581,18.2505798109644,19.054703018209636,19.835611004979178,20.592352355180797,21.324005096046346,22.02967782141354,22.708510777767074,23.359676911715823,23.982382877630034,24.575870004210742,25.139415218813888,25.67233192840296,26.173970856056854,26.64372083201378,27.081009538287468,27.48530420594848,27.8561122642211,28.19298194060492,28.495502811290066,28.763306301195367,28.996066133020342,29.193498724763824,29.355363535224928,29.48146335706547,29.571644557076716,29.62579726335782
0.0,1.0277536364220423,2.054255113351416,3.078253796858913,4.098502102283586,5.113757014222477,6.12278160095342,7.124346521445808,8.117231523123264,9.100226928553461,10.072135109253715,11.031771944816812,11.977968265579355,12.909571277074857,13.825445964536259,14.724476475736559,15.605567480482904,16.467645505107676,17.309660240330803,18.13058582089984,18.929422075448766,19.705195745052695,20.456961668993998,21.18380393629501,21.88483700161449,22.55920676414821,23.206091608219232,23.82470340429002,24.414288469176906,24.97412848429694,25.503541370828444,26.001882120718985,26.468543582528323,26.902957201148936,27.30459371050282,27.67296377837069,28.00761860256791,28.308150457740815,28.57419319211726,28.805422673606156,29.00155718470248,29.16235776571665,29.287628505910156,29.37721678218253,29.43101344501916
0.0,1.0187507316702842,2.0362602725005488,3.0512889438506208,4.062600089637642,5.06896158301101,6.069147327509151,7.061938750869206,8.046126289669594,9.020510862996765,9.983905333340555,10.935135952938387,11.873043793806131,12.796486159713316,13.704337978382476,14.595493172216413,15.468866005883376,16.323392409118316,17.15803127312859,17.971765719024656,18.76360433673039,19.53258239286349,20.27776300611455,20.9982382886926,21.69313045244653,22.361592878314738,23.002811147800042,23.616004035213177,24.20042445947596,24.755360394324487,25.280135735803473,25.77411112599477,26.23668473197651,26.6672929790638,27.065411237437683,27.430554461325745,27.76227777995568,28.060177039561808,28.32388929578415,28.553093255860254,28.747509670070944,28.90690167196304,29.031075066934722,29.119878568831634,29.173203984265854
