hough_viz/data/file_4_0_2.json
{"header": {"discipline": 0, "disciplineName": "Meteorological products", "gribEdition": 2, "gribLength": 133963, "center": 7, "centerName": "US National Weather Service - NCEP(WMC)", "subcenter": 0, "refTime": "2014-11-30T06:00:00.000Z", "significanceOfRT": 1, "significanceOfRTName": "Start of forecast", "productStatus": 0, "productStatusName": "Operational products", "productType": 1, "productTypeName": "Forecast products", "productDefinitionTemplate": 0, "productDefinitionTemplateName": "Analysis/forecast at horizontal level/layer at a point in time", "parameterCategory": 2, "parameterCategoryName": "Momentum", "parameterNumber": 2, "parameterNumberName": "U-component_of_wind", "parameterUnit": "m.s-1", "genProcessType": 2, "genProcessTypeName": "Forecast", "forecastTime": 6, "surface1Type": 100, "surface1TypeName": "Isobaric surface", "surface1Value": 85000, "surface2Type": 255, "surface2TypeName": "Missing", "surface2Value": 0, "gridDefinitionTemplate": 0, "gridDefinitionTemplateName": "Latitude_Longitude", "numberPoints": 65160, "shape": 6, "shapeName": "Earth spherical with radius of 6,371,229.0 m", "gridUnits": "degrees", "resolution": 48, "winds": "true", "scanMode": 0, "nx": 360, "ny": 181, "basicAngle": 0, "subDivisions": 0, "lo1": 0, "la1": 90, "lo2": 359, "la2": -90, "dx": 1, "dy": 1}, "data":
[rows 114 to 132 of 181, columns 0 to 42 of 360]
-19.844847130071102,-19.79650607986078,-19.651718441967205,-19.411189607208197,-19.076091407888825,-18.648056408752225,-18.129169953288258,-17.521960004149665,-16.82938482717211,-16.054818579000425,-15.202034868536568,-14.275188372296402,-13.278794593243326,-12.21770786171173,-11.09709768559758,-9.922423565035551,-8.6994083942632,-7.434010580255473,-6.1323950139648735,-4.80090303559243,-3.446021540215661,-2.074351374287835,-0.6925751769775543,0.6925751769775474,2.074351374287833,3.446021540215659,4.8009030355924285,6.132395013964871,7.434010580255474,8.699408394263203,9.922423565035547,11.097097685597575,12.217707861711729,13.278794593243324,14.275188372296405,15.202034868536563,16.054818579000425,16.82938482717211,17.521960004149662,18.129169953288258,18.648056408752225,19.07609140788882,19.411189607208197
-19.1535282508601,-19.106871218693964,-18.967127430566336,-18.73497770416597,-18.411553049624278,-17.99842915934766,-17.497618731402472,-16.91156166385238,-16.243113167820226,-15.49552985718648,-14.672453882693738,-13.777895187754417,-12.81621197240954,-11.792089460616202,-10.710517074307434,-9.57676412543005,-8.396354144386533,-7.1750379699501305,-5.918765731756432,-4.6336578618698665,-3.325975276653925,-2.0020888742159926,-0.6684484960321533,0.6684484960321466,2.00208887421599,3.3259752766539226,4.633657861869864,5.918765731756429,7.175037969950133,8.396354144386533,9.576764125430044,10.710517074307429,11.7920894606162,12.816211972409539,13.77789518775442,14.672453882693736,15.49552985718648,16.243113167820226,16.911561663852375,17.497618731402472,17.998429159347655,18.411553049624274,18.73497770416597
-18.45787582064758,-18.412913362838076,-18.278245041984405,-18.054526948608952,-17.74284901477458,-17.34472970404517,-16.862108613683787,-16.29733702512977,-15.653166448791907,-14.932735218966322,-14.139553204187225,-13.277484707500248,-12.350729639966422,-11.363803059117686,-10.321513172050414,-9.22893791032379,-8.091400190787661,-6.91444198286672,-5.703797308642533,-4.4653643072743385,-3.20517649985795,-1.9293733947174692,-0.6441705763378646,0.6441705763378582,1.9293733947174672,3.2051764998579477,4.465364307274335,5.703797308642529,6.914441982866722,8.091400190787663,9.228937910323786,10.32151317205041,11.363803059117684,12.350729639966422,13.277484707500248,14.139553204187221,14.93273521896632,15.653166448791907,16.297337025129764,16.862108613683787,17.34472970404517,17.742849014774578,18.054526948608952
-17.76038183506159,-17.71711843754505,-17.587539019919312,-17.372274880081758,-17.072374763283417,-16.689299752747466,-16.224916151418675,-15.681486389523046,-15.061658002235152,-14.368450731152942,-13.605241812420171,-12.775749523171411,-11.884015066459614,-10.934382882921042,-9.931479485097205,-8.880190917530797,-7.785638952447848,-6.653156136998266,-5.488259813622146,-4.296625240112008,-3.084057940327299,-1.856465420265735,-0.619828387287892,0.6198283872878859,1.8564654202657331,3.084057940327297,4.296625240112006,5.488259813622145,6.653156136998268,7.785638952447852,8.880190917530792,9.9314794850972,10.934382882921042,11.884015066459614,12.775749523171415,13.605241812420168,14.36845073115294,15.061658002235152,15.681486389523043,16.224916151418675,16.689299752747466,17.07237476328341,17.372274880081758
-17.063389712938807,-17.021824153201056,-16.897329977216692,-16.690513708096994,-16.402382933916023,-16.034341398842777,-15.588182164240731,-15.066078873053097,-14.470575160032897,-13.80457225941015,-13.071314870370308,-12.274375349205995,-11.417636305156249,-10.505271684724566,-9.541726436631123,-8.531694856469404,-7.480097716569929,-6.392058292492122,-5.272877402940747,-4.128007584710029,-2.9630265284724704,-1.7836099048305796,-0.5955037130201987,0.5955037130201928,1.7836099048305778,2.9630265284724686,4.128007584710027,5.272877402940745,6.392058292492123,7.480097716569933,8.531694856469398,9.541726436631121,10.505271684724564,11.417636305156249,12.274375349205997,13.071314870370303,13.804572259410147,14.470575160032897,15.066078873053092,15.588182164240727,16.034341398842777,16.402382933916016,16.690513708096994
-16.367793441837033,-16.32792231965514,-16.208503201208902,-16.010117884439417,-15.733732882668361,-15.380694715842244,-14.952723350422573,-14.45190381988214,-13.88067606663153,-13.241823054864973,-12.538457212238514,-11.774005266435335,-10.95219155049296,-10.077019858227024,-9.152753938150301,-8.183896720918518,-7.175168381504841,-6.131483342981876,-5.057926333946456,-3.959727616233027,-2.8422375036037355,-1.7109002955576014,-0.5712277532506103,0.5712277532506047,1.7109002955575991,2.8422375036037337,3.959727616233026,5.057926333946455,6.131483342981877,7.175168381504841,8.183896720918515,9.152753938150298,10.077019858227022,10.952191550492957,11.774005266435339,12.538457212238509,13.241823054864971,13.88067606663153,14.451903819882137,14.952723350422572,15.380694715842244,15.73373288266836,16.010117884439417
-15.67768158739014,-15.639491543000782,-15.525107467890113,-15.335086629774228,-15.070354791075605,-14.732201698701623,-14.322274800527303,-13.842571219194845,-13.295428022332864,-12.683510836597828,-12.009800861008937,-11.277580342846171,-10.490416586871472,-9.652144575778522,-8.76684828654256,-7.8388407936950735,-6.872643256458218,-5.872962892111588,-4.844670042902756,-3.7927744482294337,-2.7224008376926867,-1.6387639639294769,-0.5471431968619841,0.5471431968619787,1.6387639639294753,2.722400837692685,3.792774448229432,4.844670042902754,5.872962892111589,6.872643256458221,7.838840793695066,8.766848286542556,9.65214457577852,10.490416586871472,11.277580342846173,12.009800861008934,12.683510836597822,13.295428022332864,13.842571219194843,14.322274800527302,14.732201698701623,15.070354791075598,15.335086629774228
-14.992193949152592,-14.95567371819749,-14.846290948226397,-14.664578541099486,-14.411421781398625,-14.088054023409837,-13.696050682345238,-13.237321559078453,-12.714101535786746,-12.128939687829703,-11.48468686491031,-10.78448180202176,-10.03173582784608,-9.230116245103693,-8.3835284638232,-7.496096974576298,-6.57214525437429,-5.6161747031227005,-4.6328427132534085,-3.626939979376866,-2.603367158499528,-1.567110994515533,-0.5232200232917075,0.5232200232917024,1.5671109945155313,2.603367158499527,3.6269399793768646,4.632842713253407,5.616174703122702,6.572145254374291,7.496096974576293,8.383528463823197,9.230116245103693,10.03173582784608,10.78448180202176,11.484686864910309,12.128939687829703,12.714101535786746,13.237321559078449,13.696050682345236,14.088054023409835,14.411421781398621,14.664578541099486
-14.312989595012683,-14.27812387172757,-14.173696564171403,-14.00021643168958,-13.758528652049401,-13.449810703818908,-13.075566629809646,-12.637619709531315,-12.138103576357238,-11.579451822677058,-10.964386143679219,-10.295903077525614,-9.577259406518866,-8.811956290386304,-8.003722208981731,-7.156494797506342,-6.274401662745842,-5.361740273785093,-4.4229570251707155,-3.4626255745237913,-2.4854245601396885,-1.4961148071325892,-0.49951613317407734,0.49951613317407245,1.4961148071325874,2.4854245601396867,3.4626255745237895,4.422957025170714,5.361740273785095,6.274401662745843,7.156494797506339,8.00372220898173,8.811956290386304,9.577259406518866,10.295903077525617,10.964386143679215,11.579451822677056,12.138103576357238,12.637619709531313,13.075566629809645,13.449810703818905,13.7585286520494,14.00021643168958
-13.645805124395412,-13.612564628948153,-13.513005086958872,-13.347611542508444,-13.117189776320137,-12.822862380076902,-12.466063287267557,-12.04853078720694,-11.57229905626513,-11.039688247564634,-10.453293187427581,-9.81597073364274,-9.130825857141518,-8.401196514891708,-7.630637387706667,-6.822902562197707,-5.981927241241486,-5.11180857206716,-4.216785685366926,-3.3012190426774004,-2.369569192649324,-1.426375039702923,-0.47623173094181004,0.4762317309418053,1.4263750397029211,2.3695691926493225,3.3012190426773986,4.216785685366924,5.1118085720671615,5.981927241241488,6.822902562197703,7.630637387706663,8.401196514891705,9.130825857141518,9.81597073364274,10.45329318742758,11.03968824756463,11.57229905626513,12.04853078720694,12.466063287267552,12.822862380076902,13.117189776320133,13.347611542508444
-12.986737117915158,-12.955102079007043,-12.860351085012313,-12.70294575324937,-12.48365294667224,-12.20354103779133,-11.863974703669955,-11.466608277354869,-11.013377688131941,-10.50649102987329,-9.948417803425881,-9.34187688545164,-8.689823282333663,-7.995433733682134,-7.262091235578298,-6.493368558957582,-5.693010843428746,-4.864917351330177,-4.01312247091571,-3.141776061220603,-2.2551232343654517,-1.3574836737966662,-0.45323058922292847,0.453230589222924,1.3574836737966647,2.25512323436545,3.1417760612206016,4.013122470915708,4.8649173513301776,5.693010843428747,6.493368558957577,7.262091235578295,7.995433733682132,8.689823282333661,9.341876885451642,9.94841780342588,10.506491029873287,11.013377688131941,11.466608277354867,11.863974703669953,12.20354103779133,12.483652946672239,12.70294575324937
-12.337884270198208,-12.307829804215901,-12.217812828606181,-12.068271897025738,-11.859935557861437,-11.593818804815792,-11.27121813195967,-10.893705217343527,-10.463119265939905,-9.981558049221697,-9.451367685030386,-8.875131207525765,-8.255655982903148,-7.595960032187461,-6.8992573277381934,-6.168942135099105,-5.408572476477708,-4.621852796418716,-3.812615914122592,-2.984804350335676,-2.142451119785405,-1.2896600827379727,-0.4305859514036224,0.4305859514036181,1.2896600827379714,2.1424511197854033,2.9848043503356743,3.812615914122592,4.621852796418717,5.408572476477711,6.168942135099101,6.899257327738191,7.59596003218746,8.255655982903146,8.875131207525765,9.451367685030382,9.981558049221697,10.463119265939905,10.893705217343527,11.271218131959667,11.59381880481579,11.859935557861435,12.068271897025738
-11.70657608526375,-11.678059454290501,-11.592648491530385,-11.450759310608486,-11.253083181351599,-11.000583161991134,-10.694489407240198,-10.336293175103508,-9.92773956161827,-9.470818998921718,-8.967757558065816,-8.421006103822856,-7.833228354318643,-7.2072879036655495,-6.546234270819847,-5.853288042631876,-5.131825183470658,-4.385360587864835,-3.6175309562898423,-2.8320770775287456,-2.032825603925318,-1.223670408318482,-0.4085536134852402,0.4085536134852362,1.2236704083184806,2.032825603925317,2.8320770775287443,3.6175309562898414,4.385360587864837,5.131825183470659,5.853288042631872,6.546234270819844,7.2072879036655495,7.833228354318643,8.421006103822856,8.967757558065813,9.470818998921716,9.92773956161827,10.336293175103506,10.694489407240198,11.000583161991132,11.253083181351597,11.450759310608486
-11.086161873524071,-11.059156540388715,-10.978272108251112,-10.843902637934164,-10.65670276399048,-10.41758450538865,-10.127712822248501,-9.788499940272489,-9.401598470524043,-8.96889335807258,-8.492492698730594,-7.974717468622774,-7.418090216623618,-6.825322774752893,-6.199303046402622,-5.5430809367620375,-4.859853493986094,-4.152949333498216,-3.4258124213105443,-2.681985295367709,-1.9250918066580578,-1.1588194641759206,-0.3869014697484465,0.3869014697484427,1.1588194641759197,1.925091806658057,2.6819852953677077,3.4258124213105443,4.152949333498218,4.859853493986095,5.543080936762034,6.199303046402618,6.825322774752893,7.418090216623618,7.974717468622774,8.49249269873059,8.96889335807258,9.401598470524043,9.788499940272487,10.1277128222485,10.41758450538865,10.656702763990475,10.843902637934164
-10.478896809905311,-10.453370743943891,-10.376916906487136,-10.24990777294601,-10.072962119052217,-9.846942006245017,-9.572948581794536,-9.252316714122983,-8.886608489459844,-8.47760560151482,-8.02730067124515,-7.537887539006615,-7.011750576383847,-6.451453069771638,-5.859724732301299,-5.239448404952656,-4.593646011642596,-3.9254638367154953,-3.238157196562164,-2.5350745800456056,-1.8196413349998675,-1.095342980279718,-0.36570822466313946,0.36570822466313585,1.095342980279717,1.8196413349998666,2.5350745800456043,3.238157196562163,3.925463836715496,4.593646011642597,5.239448404952654,5.859724732301294,6.451453069771637,7.011750576383846,7.537887539006617,8.027300671245147,8.477605601514819,8.886608489459844,9.252316714122982,9.572948581794536,9.846942006245015,10.072962119052216,10.24990777294601
-9.893549897582098,-9.869449707279664,-9.797266550076984,-9.677352095060115,-9.510290553400147,-9.296895832135077,-9.038207568896542,-8.735486066899796,-8.3902061548731,-8.004050001840438,-7.578898921763099,-7.116824207967189,-6.620077042010729,-6.091077526153409,-5.5324028928616436,-4.946774948791049,-4.337046814418024,-3.7061890239235735,-3.057275053049388,-2.3934663454329606,-1.717996910371977,-1.0341575670561067,-0.3452799120266963,0.34527991202669284,1.0341575670561056,1.7179969103719759,2.3934663454329597,3.0572750530493873,3.7061890239235744,4.337046814418024,4.946774948791045,5.532402892861642,6.091077526153409,6.6200770420107276,7.116824207967189,7.5788989217630975,8.004050001840437,8.3902061548731,8.735486066899794,9.038207568896542,9.296895832135075,9.510290553400145,9.677352095060115
-9.32112649252576,-9.298420696868147,-9.230413930249371,-9.117437514800386,-8.960041860260905,-8.758993782438495,-8.515272767359017,-8.230066199309194,-7.904763576019695,-7.540949739171886,-7.140397153208449,-6.705057270064792,-6.23705102189138,-5.738658488085488,-5.21230778697358,-4.660563246262881,-4.0861129098945685,-3.491755442163883,-2.880386492909006,-2.2549845901961154,-1.6185966292300453,-0.9743230281871303,-0.3253026232894982,0.32530262328949494,0.9743230281871293,1.6185966292300442,2.254984590196115,2.8803864929090053,3.4917554421638837,4.086112909894569,4.660563246262878,5.212307786973577,5.738658488085487,6.2370510218913795,6.705057270064794,7.140397153208448,7.540949739171886,7.904763576019695,8.23006619930919,8.515272767359015,8.758993782438493,8.960041860260905,9.117437514800386
-8.763809730442615,-8.742461530406793,-8.67852093658399,-8.572299461120023,-8.424314604366009,-8.235287333668667,-8.006138570889878,-7.737984705767948,-7.432132156979019,-7.090071007396602,-6.713467744557595,-6.30415714170252,-5.86413331894473,-5.395540028117659,-4.90066020863139,-4.381904865221308,-3.8418013217754043,-3.2829809084663295,-2.7081661421752954,-2.120157462663492,-1.5218195891110726,-0.9160675634932748,-0.3058525487889289,0.30585254878892587,0.9160675634932736,1.5218195891110717,2.1201574626634914,2.708166142175294,3.28298090846633,3.8418013217754052,4.381904865221306,4.900660208631388,5.395540028117658,5.864133318944729,6.304157141702521,6.713467744557593,7.090071007396601,7.432132156979019,7.737984705767946,8.006138570889878,8.235287333668666,8.424314604366007,8.572299461120023
-8.231572762126804,-8.211521064595665,-8.151463661857026,-8.051693147540082,-7.9126955935616845,-7.735148182032838,-7.519915906095501,-7.26804735576297,-6.980769609294731,-6.659482254994511,-6.305750572556777,-5.921297907181376,-5.5079972736089715,-5.067862230981493,-4.603037072984404,-4.115786381063404,-3.608483991611261,-3.0836014308755315,-2.5436958739311097,-1.9913976863803107,-1.4293976094760605,-0.8604336511009884,-0.28727774646824217,0.2872777464682393,0.8604336511009875,1.4293976094760599,1.9913976863803098,2.5436958739311084,3.0836014308755324,3.6084839916112617,4.1157863810634,4.603037072984402,5.067862230981492,5.507997273608971,5.921297907181376,6.305750572556774,6.659482254994511,6.980769609294731,7.26804735576297,7.519915906095499,7.735148182032835,7.912695593561682,8.051693147540082
