hough_viz/data/file_2_1_1.json
{"header": {"discipline": 0, "disciplineName": "Meteorological products", "gribEdition": 2, "gribLength": 133963, "center": 7, "centerName": "US National Weather Service - NCEP(WMC)", "subcenter": 0, "refTime": "2014-11-30T06:00:00.000Z", "significanceOfRT": 1, "significanceOfRTName": "Start of forecast", "productStatus": 0, "productStatusName": "Operational products", "productType": 1, "productTypeName": "Forecast products", "productDefinitionTemplate": 0, "productDefinitionTemplateName": "Analysis/forecast at horizontal level/layer at a point in time", "parameterCategory": 2, "parameterCategoryName": "Momentum", "parameterNumber": 2, "parameterNumberName": "U-component_of_wind", "parameterUnit": "m.s-1", "genProcessType": 2, "genProcessTypeName": "Forecast", "forecastTime": 6, "surface1Type": 100, "surface1TypeName": "Isobaric surface", "surface1Value": 85000, "surface2Type": 255, "surface2TypeName": "Missing", "surface2Value": 0, "gridDefinitionTemplate": 0, "gridDefinitionTemplateName": "Latitude_Longitude", "numberPoints": 65160, "shape": 6, "shapeName": "Earth spherical with radius of 6,371,229.0 m", "gridUnits": "degrees", "resolution": 48, "winds": "true", "scanMode": 0, "nx": 360, "ny": 181, "basicAngle": 0, "subDivisions": 0, "lo1": 0, "la1": 90, "lo2": 359, "la2": -90, "dx": 1, "dy": 1}, "data":
[rows 19 to 37 of 181, columns 43 to 85 of 360]
-0.7097344870846765,-0.35508355084747845,-6.230060245311174e-16,0.35508355084747484,0.7097344870846753,1.063520721175575,1.4160112190905334,1.7667765254548373,2.115389286773933,2.461424772097838,2.804461390490358,3.1440812046727293,3.479870440215789,3.8114199896603944,4.13832591095184,4.460189919581032,4.776619873832798,5.0872302525501905,5.391642624832597,5.689486111095524,5.9803978349302325,6.264023365212744,6.540017147923575,6.8080429271520755,7.067774154772457,7.318894388292404,7.561097676389464,7.794088931665659,8.017584290165983,8.231311457222922,8.435010039205567,8.62843186076913,8.811341267218385,8.983515411616606,9.144744526290241,9.294832178398499,9.433595509256516,9.560865457120498,9.676486963163402,9.780319160390237,9.872235545262823,9.952124131824807,10.019887588139365
-0.7376918813847758,-0.36907076863268085,-6.475470682539594e-16,0.36907076863267724,0.7376918813847747,1.1054142302121233,1.4717898020759694,1.8363722247778258,2.1987173107952436,2.558383598455901,2.914932889790617,3.267930784410117,3.6169472087549606,3.9615569400739425,4.301340124492509,4.635882788540039,4.964777343512727,5.287623082057673,5.604026666373028,5.913602607429539,6.215973734629549,6.510771655331264,6.797637203678449,7.076220878188694,7.346183267567129,7.607195464226824,7.858939465011983,8.10110855863585,8.333407699361132,8.555553866467791,8.767276409070204,8.968317375863569,9.158431829397832,9.337388144496247,9.50496829045498,9.660968096679916,9.805197501437103,9.937480783413678,10.05765677580723,10.165579062682722,10.261116157357748,10.344151662598811,10.414584412433411
-0.7644767154484002,-0.3824713489359422,-6.710588367975014e-16,0.3824713489359384,0.7644767154483992,1.1455506848416914,1.5252289771840624,1.9030490129612478,2.2785504766583657,2.651275877583475,3.0207711072494847,3.3865859926354323,3.748274844652934,4.105397001149704,4.457517363788503,4.80420692814744,5.145043306395771,5.479611241908429,5.807503115192227,6.12831944050744,6.441669352579638,6.747171082808814,7.044452424395618,7.333151185818011,7.612915632105825,7.883404913375679,8.144289480104014,8.39525148463247,8.635985168416255,8.866197234543863,9.085607205074165,9.293947762755588,9.490965076710996,9.676419111691528,9.850083920522565,10.011747919385554,10.161214145600319,10.29830049759372,10.422839956762385,10.53468079095915,10.633686739355312,10.71973717845344,10.792727269048555
-0.789998299323765,-0.39523991914159873,-6.934617223825603e-16,0.3952399191415948,0.7899982993237639,1.1837941882681107,1.5761478063435717,1.9665811311039603,2.3546184796846967,2.739787088349115,3.1216176884782225,3.499645078302266,3.873408689677396,4.242453149217023,4.606328833094139,4.964592414838695,5.316807405462601,5.662544685254352,6.0013830265952635,6.332909607160456,6.656720512879266,6.972421230042323,7.2796271259557255,7.577963917556753,7.867068127420088,8.146587526599117,8.416181563762583,8.675521780103999,8.924292209518043,9.16218976355662,9.388924600695443,9.604220479461288,9.807815094989657,9.999460398602883,10.17892290001921,10.345983951824733,10.500440015861617,10.64210291120796,10.770800043447284,10.88637461494823,10.988685815898316,11.077608995859018,11.153035815633123
-0.8130454244339184,-0.4067705058185329,-7.136925242571137e-16,0.4067705058185289,0.8130454244339171,1.218329772439674,1.6221297732870301,2.0239534588755728,2.423311268940604,2.8197166475069206,3.212686635682298,3.6017424600685386,3.9864101160730794,4.36622094541059,4.740712207090894,5.1094276411975965,5.4719180247704875,5.827741719114554,6.1764652078686755,6.517663625178541,6.850921273330242,7.175832129213911,7.492000339000339,7.799040700427878,8.096579132112065,8.384253129306188,8.661712205557432,8.928618319720693,9.18464628780959,9.429484179183095,9.662833696584956,9.884410539572954,10.093944750895206,10.291181045391484,10.475879121018874,10.647813951622771,10.80677606109662,10.952571778596266,11.08502347449804,11.203969776813103,11.309265767794368,11.400783160496417,11.478410455073421
-0.834685448040025,-0.41759711289809404,-7.326881702669032e-16,0.41759711289809,0.8346854480400236,1.2507568475369524,1.665304392479482,2.077823020540253,2.487810141314593,2.894766248649521,3.298195529215022,3.6976064665762522,4.092512440030572,4.482432317479928,4.866891041616201,5.2454202087053625,5.617558639265255,5.982852939941777,6.340858055898828,6.691137813049073,7.033265449464886,7.366824135322015,7.691407480742522,8.00662003091824,8.312077747911552,8.607408478546466,8.892252407819894,9.16626249728088,9.429104907843428,9.68045940651803,9.920019756566253,10.147494090603002,10.362605266191993,10.565091203501094,10.754705204606278,10.931216254054984,11.09440930032291,11.244085517821135,11.380062549134493,11.502174727195982,11.610273277126579,11.704226497494494,11.78391992077309
-0.8548494653476255,-0.4276852669827899,-7.503881756773575e-16,0.42768526698278564,0.8548494653476241,1.2809721613183966,1.7055341900292402,2.1280182880469356,2.547909723576731,2.9646969235837597,3.3778720970659486,3.7869318537191745,4.191377817240777,4.590717232524331,4.984463566005831,5.372137098429911,5.753265509313831,6.127384452397267,6.494038121376681,6.852779805235083,7.203172432490613,7.544789103700808,7.877213611573813,8.200040948052854,8.512877797756163,8.815343017171218,9.107068099019337,9.3876976212251,9.656889679943369,9.914316306116445,10.159663865053872,10.39263343854798,10.612941189059676,10.820318705530765,11.014513330401497,11.195288467434844,11.362423869972611,11.515715909272037,11.65497782259607,11.780039940754973,11.89074989482212,11.98697280177203,12.06859142881459
-0.872048194459218,-0.4362898732322246,-7.654852465479218e-16,0.43628987323222024,0.8720481944592167,1.3067440592899855,1.7398478577730039,2.170831919644343,2.599171157212616,3.024343705097455,3.445831556042062,3.863121192025296,4.275704209904249,4.683077940825176,5.084746062648064,5.480219204638704,5.8690155436915425,6.250661391356936,6.624691770957539,6.990650984090768,7.348093165827119,7.696582827927888,8.035695389420528,8.365017693885147,8.684148512821958,8.992699034486435,9.290293337596475,9.576568849334645,9.851176787087246,10.113782583382234,10.364066293508152,10.601722985317457,10.82646311073939,11.03801285854968,11.23611448796737,11.420526642672222,11.591024644860248,11.747400768978988,11.889464494809095,12.017042739583884,12.129980068864024,12.228138885910443,12.311399599324782
-0.8875965031118418,-0.44406876624998437,-7.791335758007993e-16,0.4440687662499799,0.8875965031118406,1.3300428403584135,1.7708687252814064,2.2095370794440594,2.645513453028503,3.0782666759805446,3.5072695051585296,3.931999266697934,4.351938492808922,4.766575552231158,5.175405273577675,5.577929560808411,5.973658000083477,6.362108457256919,6.742807665282874,7.115291800818582,7.479107049321672,7.8338101579532875,8.178968975613385,8.514162979450287,8.838983787202995,9.153035654752077,9.455935958272894,9.747315660403837,10.02681975986145,10.294107723954854,10.548853903472358,10.790747929434856,11.019495091232635,11.234816695684838,11.436450406584196,11.624150564313268,11.797688485142857,11.956852739847895,12.1014494113014,12.231302330732618,12.34625329236153,12.446162246148223,12.530907468422308
-0.9014590390022537,-0.45100425911004977,-7.91302131129822e-16,0.4510042591100454,0.9014590390022522,1.350815529914549,1.7985262601808292,2.244045763240811,2.686831242207032,3.1263432311792556,3.562046252500538,3.993409469154314,4.419907331507497,4.841020217611772,5.2562350662828825,5.665046002186676,6.066954952170238,6.461472252087352,6.8481172433788,7.226418858680787,7.595916195747962,7.956159078991809,8.306708607950263,8.6471376920203,8.977031570802056,9.295988319420509,9.603619338208965,9.899549826157973,10.18341923755256,10.45488172124167,10.71360654200452,10.959278483500515,11.191598232311797,11.410282742610558,11.615065581006771,11.805697251156221,11.981945497733388,12.143595589398785,12.290450580416001,12.42233155059976,12.5390778233026,12.640547161174615,12.726615939457766
-0.9118451636735829,-0.45620048684725456,-8.004190873430508e-16,0.45620048684725006,0.9118451636735814,1.3663788976269506,1.819247909368098,2.2699004477653384,2.717787462118334,3.1623632710918095,3.603086227544172,4.0394193784411625,4.470831119050377,4.8967958406197685,5.316794570750938,5.730315605687072,6.136855133745122,6.535917849132773,6.927017555402221,7.309677757805671,7.683432243830774,8.047825651208775,8.402414022703288,8.746765347003798,9.080460085064894,9.403091681249997,9.714267058656723,10.01360709802061,10.300747099613488,10.575337227573938,10.837042936128412,11.085545377183706,11.320541788794266,11.54174586403096,11.748888099801992,11.94171612520089,12.119995008981586,12.28350754578595,12.432054520775063,12.5654549523418,12.68354631260907,12.78618472544496,12.873245141753667
-0.9203375424229885,-0.4604492644624825,-8.078737104729094e-16,0.4604492644624779,0.9203375424229868,1.379104530855178,1.8361912928512931,2.2910409386006547,2.743099303874131,3.191815625187899,3.636643210823875,4.077040106889409,4.512469757604583,4.942401659012796,5.366312005318113,5.783684327061949,6.1940101203615265,6.596789466443567,6.991531640718264,7.377755710651636,7.754991121707725,8.122778270646819,8.480669065481205,8.828227471406228,9.165030042041533,9.49066643533527,9.804739913502635,10.106867826389808,10.396682077674166,10.673829573332977,10.937972651834091,11.188789495524468,11.425974522715448,11.649238759986945,11.85831019425708,12.052934104188157,12.232873370525459,12.397908764990463,12.547839217376772,12.682482060523164,12.801673252865413,12.90526757829564,12.993138823085792
-0.9269332489617004,-0.4637491279194971,-8.136634318186139e-16,0.4637491279194925,0.9269332489616989,1.3889880446231604,1.8493505723094585,2.3074599511940144,2.7627580455649956,3.214690144827715,3.6627056393340114,4.106258691215334,4.544808899402075,4.977821958019036,5.404770307354841,5.825133776612184,6.238400217655787,6.6440661289860685,7.041637269178113,7.430629259038732,7.810568171747906,8.1809911102656,8.54144677130051,8.891495995153605,9.230712300766562,9.558682405323275,9.875006727771238,10.179299875649598,10.471191114630422,10.750324820201406,11.01636091093957,11.268975262848066,11.507860104251352,11.732724390767558,11.943294159901273,12.139312864824568,12.32054168693988,12.486759826843613,12.637764773336242,12.773372550150983,12.89341794010058,12.997754686368939,13.086255670702588
-0.9295669343603966,-0.465066773292805,-8.159752849129269e-16,0.46506677329280044,0.9295669343603951,1.392934561307275,1.8546051120563258,2.3140161121563527,2.770607840070572,3.2238240091110915,3.673112445188523,4.117925759551094,4.557722015693488,4.991965389623015,5.420126822678608,5.841684666107301,6.256125316612877,6.662943842102395,7.061644596868131,7.451741825455544,7.832760254481475,8.204235671681545,8.565715491481294,8.916759306401998,9.256939423629321,9.58584138609117,9.903064477409727,10.208222210112709,10.500942796508758,10.78086960165349,11.047661577854269,11.300993680184243,11.540557262499538,11.766060453477042,11.977228512214666,12.173804162960767,12.355547908565082,12.522238322269065,12.673672317480305,12.809665395202256,12.93005186881785,13.03468506595309,13.123437507174781
-0.9300619076964233,-0.4653144108149059,-8.164097732686973e-16,0.46531441081490127,0.9300619076964218,1.3936762674084624,1.8555926472680404,2.315248273319058,2.7720831259856897,3.2255406223699854,3.6750682943623616,4.120118461738932,4.560148899425473,4.994623498115152,5.423012917435145,5.84479523086635,6.259456561630425,6.6664917087695255,7.0654047626558185,7.455709709180985,7.836931021889553,8.208604241334632,8.570276540950195,8.92150727875051,9.26186853418451,9.590945629491095,9.90833763492005,10.213657857203273,10.506534310680877,10.78661017050846,11.053544207393204,11.307011203329196,11.546702347825486,11.772325614144098,11.983606115089627,12.180286437916926,12.36212695794892,12.528906130522335,12.680420760905747,12.816486251861074,12.936936828546875,13.041625740489446,13.13042544037567
-0.9284288336323796,-0.4644973760673914,-8.149762583431594e-16,0.46449737606738684,0.9284288336323782,1.391229143677081,1.8523344553126369,2.3111829827446444,2.767215689722621,3.2198769706395765,3.668615327451828,4.1128840415944525,4.552141840073613,4.985853554924339,5.413490775230255,5.834532490910883,6.248465727492163,6.654786171086857,7.052998782823312,7.4426184019740695,7.823170337049503,8.19419094413625,8.555228191775921,8.905842211695793,9.245605834720536,9.57410511121208,9.89093981540344,10.19572393301222,10.488086131539497,10.767670212681313,11.034135546301421,11.28715748543665,11.526427761829195,11.751654861504035,11.962564379933802,12.158899356358397,12.340420586852135,12.506906915756867,12.658155505126068,12.793982081851652,12.914221162172366,13.018726253290245,13.107370031849538
-0.9224595680220544,-0.4615109239963183,-8.097364278080325e-16,0.46151092399631377,0.922459568022053,1.3822843371581548,1.8404250057540117,2.2963233999760964,2.7494240778568115,3.199175006014976,3.6450282322234377,4.086440553004495,4.522874175439628,4.953797372387347,5.378685130310797,5.797019788925898,6.208291671890629,6.611999707767188,7.00765204050031,7.394766628668127,7.772871832775391,8.14150698987354,8.500222974807537,8.848582747405707,9.186161884945845,9.512549099248945,9.827346737770458,10.130171268078724,10.420653745130096,10.698440260771683,10.963192374923912,11.214587527917622,11.452319433483344,11.676098451913935,11.885651942945968,12.080724597929843,12.26107875088411,12.426494668054824,12.576770815627276,12.711724105263915,12.831190117169285,12.935023300410204,13.023097150247168
-0.9140889048286838,-0.4573230412546196,-8.023886467804936e-16,0.4573230412546151,0.9140889048286824,1.3697410918768116,1.8237244603969325,2.2754859015852773,2.724475013714271,3.1701447727122622,3.6119521986280656,4.049359017168428,4.481832315502311,4.908845191533098,5.329877395847636,5.744415965560012,6.151955849277792,6.552000522429385,6.944062592202709,7.327664391358277,7.7023385601931444,8.06762861594672,8.423089508954686,8.768288164873464,9.102804012314593,9.42622949524619,9.738170569537164,10.038247183039346,10.326093738622436,10.601359539597816,10.863709216988449,11.112823138124302,11.348397796065528,11.57014617937892,11.777798121817133,11.97110063147463,12.149818199019368,12.313733084624625,12.46264558325144,12.596374267958447,12.714756210942662,12.817647182041897,12.904921824456999
-0.9033849138826444,-0.45196778350327205,-7.929926670623581e-16,0.4519677835032676,0.9033849138826432,1.353701408900225,1.802368627272782,2.2488399371066103,2.692571381884308,3.1330223431920126,3.569656199379626,4.0019409793516845,4.429350010692153,4.851362561333659,5.267464473989292,5.677148792574074,6.079916379852832,6.475276525562064,6.862747544264787,7.241857362210043,7.612144092482056,7.973156597738289,8.3244550398508,8.665611415781255,8.996210079036683,9.315848246070747,9.624136487013377,9.920699200131168,10.20517506944016,10.47721750491375,10.736495064749242,10.982691859178615,11.215507935331576,11.434659642681883,11.639879978631885,11.83091891381398,12.007543696712943,12.169539137237779,12.316707868897693,12.448870589262754,12.565866278416314,12.66755239513294,12.753805050542955
