hough_viz/data/file_5_3_2.json
{"header": {"discipline": 0, "disciplineName": "Meteorological products", "gribEdition": 2, "gribLength": 133963, "center": 7, "centerName": "US National Weather Service - NCEP(WMC)", "subcenter": 0, "refTime": "2014-11-30T06:00:00.000Z", "significanceOfRT": 1, "significanceOfRTName": "Start of forecast", "productStatus": 0, "productStatusName": "Operational products", "productType": 1, "productTypeName": "Forecast products", "productDefinitionTemplate": 0, "productDefinitionTemplateName": "Analysis/forecast at horizontal level/layer at a point in time", "parameterCategory": 2, "parameterCategoryName": "Momentum", "parameterNumber": 3, "parameterNumberName": "V-component_of_wind", "parameterUnit": "m.s-1", "genProcessType": 2, "genProcessTypeName": "Forecast", "forecastTime": 6, "surface1Type": 100, "surface1TypeName": "Isobaric surface", "surface1Value": 85000, "surface2Type": 255, "surface2TypeName": "Missing", "surface2Value": 0, "gridDefinitionTemplate": 0, "gridDefinitionTemplateName": "Latitude_Longitude", "numberPoints": 65160, "shape": 6, "shapeName": "Earth spherical with radius of 6,371,229.0 m", "gridUnits": "degrees", "resolution": 48, "winds": "true", "scanMode": 0, "nx": 360, "ny": 181, "basicAngle": 0, "subDivisions": 0, "lo1": 0, "la1": 90, "lo2": 359, "la2": -90, "dx": 1, "dy": 1}, "data":
[rows 76 to 94 of 181, columns 172 to 214 of 360]
0.9888244538129276,0.8823542922231664,0.7691688816895008,0.6501296315293117,0.526142502314175,0.3981511109629013,0.2671295492469884,0.1340749703640689,9.419602089647964e-16,-0.1340749703640643,-0.2671295492469839,-0.39815111096289935,-0.5261425023141733,-0.65012963152931,-0.769168881689499,-0.8823542922231671,-0.9888244538129238,-1.087769064240635,-1.1784350952765599,-1.2601325236788645,-1.332239582687149,-1.3942074940429325,-1.4455646445235455,-1.4859201752035391,-1.5149669561271,-1.5324839237524752,-1.5383377633790016,-1.5324839237524757,-1.5149669561271009,-1.4859201752035398,-1.445564644523548,-1.3942074940429334,-1.3322395826871498,-1.2601325236788656,-1.1784350952765612,-1.0877690642406401,-0.9888244538129255,-0.882354292223169,-0.7691688816895008,-0.6501296315293117,-0.5261425023141753,-0.398151110962904,-0.26712954924698595
-0.7452862476500758,-0.6650386901468687,-0.5797297866503053,-0.49000878942691906,-0.3965585294405937,-0.30009021959664056,-0.2013380419821302,-0.10105356029689812,-7.099642275916743e-16,0.10105356029689465,0.2013380419821268,0.3000902195966391,0.3965585294405925,0.4900087894269179,0.5797297866503041,0.6650386901468691,0.7452862476500728,0.8198617267925198,0.888197563148033,0.9497736797396371,1.0041214451393927,1.0508272400365346,1.089535605130161,1.119951946389163,1.141844777090667,1.155047479573786,1.1594595733006106,1.1550474795737857,1.1418447770906681,1.1199519463891632,1.0895356051301626,1.0508272400365353,1.004121445139394,0.9497736797396382,0.888197563148034,0.8198617267925241,0.745286247650074,0.6650386901468704,0.5797297866503054,0.4900087894269193,0.3965585294405939,0.3000902195966427,0.20133804198212824
-2.4628588452409153,-2.1976742836997403,-1.9157640938676022,-1.6192737825111512,-1.3104598199255353,-0.9916724668330188,-0.6653378874797028,-0.33393968506065236,-2.346134365476389e-15,0.333939685060641,0.6653378874796915,0.9916724668330142,1.3104598199255308,1.6192737825111467,1.9157640938675982,2.1976742836997416,2.462858845240906,2.7092995638549575,2.9351208768682784,3.1386041477341884,3.318200745894836,3.4725438327948392,3.6004587643479744,3.700972030687984,3.7733186651664434,3.8169480662108852,3.8315281877352043,3.816948066210886,3.773318665166447,3.700972030687985,3.6004587643479797,3.4725438327948415,3.3182007458948384,3.138604147734192,2.935120876868282,2.709299563854971,2.46285884524091,2.1976742836997465,1.915764093867603,1.6192737825111516,1.3104598199255357,0.9916724668330259,0.6653378874796965
-4.158012631810445,-3.710304977439593,-3.234359661847035,-2.7337989162680714,-2.21243231022337,-1.674227758394725,-1.1232813223983473,-0.563786037282689,-3.960948207172287e-15,0.5637860372826697,1.123281322398328,1.6742277583947172,2.2124323102233623,2.733798916268064,3.2343596618470274,3.7103049774395944,4.15801263181043,4.574075299376519,4.955326492012189,5.298864657935701,5.6020752642703515,5.862650695218387,6.078607814410525,6.248303057771256,6.370444942033805,6.444103893707653,6.46871932369407,6.444103893707654,6.370444942033808,6.248303057771259,6.078607814410535,5.86265069521839,5.602075264270355,5.298864657935707,4.955326492012194,4.574075299376541,4.158012631810438,3.7103049774396033,3.2343596618470354,2.733798916268072,2.2124323102233703,1.6742277583947365,1.1232813223983364
-5.793458268600908,-5.169656505160527,-4.506510534191942,-3.8090672969527146,-3.08263475760593,-2.3327415064080217,-1.5650946837985307,-0.7855365456152937,-5.518883701021992e-15,0.7855365456152669,1.5650946837985042,2.3327415064080106,3.08263475760592,3.809067296952705,4.506510534191933,5.16965650516053,5.793458268600886,6.373168316431445,6.90437470514974,7.383034633386412,7.8055052100647995,8.168571179001702,8.469469388948255,8.705909822839486,8.87609302620682,8.978723802113226,9.013021068383884,8.978723802113228,8.87609302620683,8.705909822839489,8.46946938894827,8.168571179001708,7.805505210064804,7.38303463338642,6.904374705149749,6.373168316431477,5.793458268600896,5.169656505160542,4.506510534191944,3.8090672969527155,3.0826347576059314,2.3327415064080377,1.565094683798516
-7.34039994424235,-6.550033600465814,-5.7098175459713225,-4.8261463322699125,-3.905745230873062,-2.9556190499158355,-1.9829988233371934,-0.9952867783454886,-6.992509781389174e-15,0.9952867783454546,1.9829988233371596,2.9556190499158217,3.9057452308730487,4.8261463322699,5.709817545971309,6.550033600465816,7.340399944242322,8.074901412188481,8.74794800462913,9.354417430599128,9.889694091570563,10.349704208944608,10.730946827966305,11.03052046210434,11.246145175115393,11.376179932735704,11.419635091942645,11.376179932735706,11.2461451751154,11.030520462104342,10.730946827966322,10.349704208944615,9.889694091570572,9.354417430599135,8.747948004629142,8.07490141218852,7.3403999442423356,6.55003360046583,5.709817545971323,4.8261463322699125,3.905745230873064,2.9556190499158568,1.9829988233371743
-8.814127153162158,-7.865079484841227,-6.856173812575837,-5.795088517725833,-4.689899100085772,-3.549016718455579,-2.381124176643078,-1.195109842084188,-8.396391313968905e-15,1.1951098420841468,2.3811241766430378,3.5490167184555625,4.689899100085756,5.795088517725818,6.856173812575823,7.865079484841232,8.814127153162122,9.696093991731967,10.504267700363142,11.232497589144296,11.875241388904552,12.427607431228475,12.885391877006192,13.245110710187575,13.504026253247904,13.660168002567035,13.712347625151674,13.660168002567037,13.504026253247915,13.245110710187578,12.885391877006217,12.427607431228486,11.875241388904566,11.232497589144307,10.504267700363155,9.696093991732015,8.814127153162138,7.865079484841249,6.856173812575839,5.7950885177258336,4.689899100085773,3.5490167184556047,2.3811241766430555
-10.153426289364193,-9.060171633747785,-7.8979636013173735,-6.675647296960154,-5.402525285806969,-4.088286795094861,-2.742933973297051,-1.376705767733578,-9.672215844135625e-15,1.3767057677335308,2.742933973297004,4.0882867950948425,5.40252528580695,6.675647296960134,7.897963601317355,9.060171633747789,10.153426289364152,11.169407240112045,12.100382257490235,12.93926605947835,13.67967423381134,14.315971827211916,14.843316230787256,15.257694035206937,15.555951575171132,15.735818930707909,15.795927202634747,15.735818930707913,15.555951575171145,15.257694035206944,14.843316230787284,14.315971827211927,13.679674233811351,12.939266059478364,12.10038225749025,11.1694072401121,10.153426289364173,9.06017163374781,7.897963601317375,6.675647296960154,5.402525285806971,4.088286795094891,2.7429339732970246
-11.338801727709074,-10.11791358368281,-8.820022007921487,-7.455004739005017,-6.033250382569722,-4.565579347746921,-3.0631614973156114,-1.5374311383021864,-1.0801411720410263e-14,1.5374311383021335,3.0631614973155594,4.565579347746899,6.033250382569704,7.455004739004997,8.820022007921468,10.117913583682816,11.338801727709027,12.473394744031705,13.513057694710678,14.449878116925575,15.276726241595668,15.98730925522775,16.576219192026254,17.03897409177866,17.372052110278766,17.572918322687794,17.640044015842975,17.572918322687798,17.37205211027878,17.038974091778666,16.576219192026286,15.98730925522776,15.27672624159568,14.449878116925584,13.513057694710689,12.473394744031769,11.338801727709049,10.117913583682837,8.82002200792149,7.455004739005017,6.033250382569725,4.565579347746953,3.063161497315581
-12.408151831671006,-11.072123049763237,-9.651828725916108,-8.158078157531264,-6.602239688385271,-4.996154188669379,-3.3520449388173663,-1.6824246029608136,-1.1820081155111639e-14,1.6824246029607555,3.352044938817309,4.996154188669356,6.602239688385248,8.158078157531243,9.651828725916086,11.072123049763244,12.40815183167096,13.649747085892743,14.787459522848302,15.812630463922789,16.717457739239467,17.49505506688359,18.13950446166563,18.645901274562164,19.010391520056242,19.230201207294467,19.303657451832215,19.230201207294467,19.010391520056256,18.64590127456217,18.139504461665663,17.495055066883605,16.717457739239478,15.812630463922805,14.787459522848318,13.649747085892812,12.408151831670981,11.072123049763267,9.65182872591611,8.158078157531266,6.602239688385273,4.996154188669414,3.3520449388173343
-13.285572800227763,-11.85506905671861,-10.33434107940145,-8.734962526424322,-7.069105634306464,-5.349448579868879,-3.5890789916531634,-1.8013943451657481,-1.2655917724185989e-14,1.8013943451656864,3.589078991653103,5.349448579868854,7.069105634306439,8.7349625264243,10.334341079401426,11.855069056718618,13.28557280022771,14.614965312678889,15.833129114343302,16.930793243142805,17.899603812269483,18.73218758830854,19.422208105996425,19.96441389254781,20.354678434534186,20.5900315831429,20.6686821588029,20.5900315831429,20.3546784345342,19.964413892547817,19.422208105996457,18.732187588308555,17.899603812269497,16.93079324314282,15.833129114343318,14.614965312678962,13.285572800227733,11.855069056718644,10.334341079401451,8.734962526424324,7.069105634306466,5.349448579868917,3.589078991653129
-13.959949985825418,-12.45683370968101,-10.858913407364117,-9.178350217226035,-7.427934239895407,-5.620987197889889,-3.7712610492635994,-1.8928333269026572,-1.3298333546546745e-14,1.8928333269025925,3.771261049263535,5.620987197889862,7.427934239895381,9.17835021722601,10.858913407364094,12.456833709681018,13.959949985825363,15.356822613329319,16.636820548042877,17.790202232798915,18.808189736545508,19.683035559701562,20.408081597306435,20.97780981121925,21.387884225720782,21.635183926907004,21.717826814728234,21.635183926907008,21.3878842257208,20.97780981121926,20.40808159730647,19.683035559701572,18.808189736545526,17.790202232798933,16.636820548042895,15.356822613329395,13.959949985825387,12.456833709681044,10.85891340736412,9.178350217226036,7.42793423989541,5.620987197889928,3.7712610492635634
-14.489763171832868,-12.929600070734764,-11.271034905992426,-9.526690359978572,-7.7098419479522935,-5.834316983372285,-3.91438934369194,-1.964670837533114,-1.3803036820701712e-14,1.9646708375330468,3.9143893436918744,5.834316983372259,7.709841947952267,9.526690359978545,11.271034905992401,12.929600070734772,14.489763171832811,15.939650426034994,17.268227315871037,18.46538256899256,19.52200511106116,20.43005340652566,21.182616659562935,21.773967409407327,22.199605119785115,22.456290430713295,22.542069811984852,22.456290430713295,22.199605119785133,21.773967409407334,21.18261665956297,20.430053406525673,19.52200511106118,18.465382568992574,17.268227315871055,15.939650426035074,14.489763171832836,12.9296000707348,11.271034905992428,9.526690359978573,7.709841947952295,5.834316983372327,3.9143893436919037
-14.795109717540125,-13.202068893872594,-11.508552354295576,-9.7274487822485,-7.872313451374275,-5.957265061702303,-3.996878287815825,-2.006072856777893,-1.4093911803507814e-14,2.006072856777825,3.9968782878157567,5.957265061702276,7.872313451374247,9.727448782248475,11.508552354295551,13.202068893872601,14.795109717540067,16.27555082272556,17.63212515870389,18.85450837565622,19.93339739920633,20.860581232434104,21.629003446519672,22.23281588442791,22.667423168914354,22.92951767612105,23.01710470859115,22.929517676121055,22.667423168914375,22.232815884427918,21.62900344651971,20.860581232434118,19.93339739920635,18.85450837565624,17.632125158703914,16.275550822725645,14.795109717540095,13.202068893872632,11.508552354295578,9.727448782248501,7.872313451374277,5.957265061702345,3.9968782878157865
-14.87239856586113,-13.271035783591046,-11.56867240573737,-9.778264445520685,-7.913437988596012,-5.988385490313663,-4.0177577625640435,-2.0165524722527675,-1.416753763207058e-14,2.0165524722526986,4.017757762563976,5.988385490313634,7.913437988595986,9.77826444552066,11.568672405737345,13.271035783591055,14.872398565861074,16.360573414845113,17.72423442135792,18.95300330173883,20.037528382857175,20.969555773991587,21.74199218392192,22.348958905158824,22.7858365544571,23.04930022911169,23.13734481147474,23.049300229111694,22.78583655445712,22.34895890515883,21.74199218392196,20.969555773991598,20.037528382857193,18.953003301738846,17.72423442135794,16.360573414845195,14.872398565861099,13.271035783591083,11.568672405737372,9.778264445520687,7.913437988596016,5.988385490313704,4.017757762564006
-14.795109717540125,-13.202068893872594,-11.508552354295576,-9.7274487822485,-7.872313451374275,-5.957265061702302,-3.996878287815824,-2.006072856777893,-1.4093911803507814e-14,2.006072856777825,3.9968782878157567,5.957265061702276,7.872313451374247,9.727448782248475,11.508552354295551,13.202068893872601,14.795109717540067,16.27555082272556,17.63212515870389,18.85450837565622,19.93339739920633,20.8605812324341,21.629003446519672,22.23281588442791,22.667423168914354,22.92951767612105,23.01710470859115,22.929517676121055,22.667423168914375,22.232815884427914,21.62900344651971,20.860581232434114,19.93339739920635,18.85450837565624,17.632125158703914,16.27555082272564,14.795109717540095,13.202068893872632,11.508552354295578,9.727448782248501,7.872313451374277,5.957265061702345,3.9968782878157865
-14.489763171832868,-12.929600070734764,-11.271034905992426,-9.526690359978572,-7.7098419479522935,-5.834316983372285,-3.91438934369194,-1.964670837533114,-1.3803036820701712e-14,1.9646708375330473,3.9143893436918744,5.834316983372259,7.709841947952267,9.526690359978547,11.271034905992401,12.929600070734772,14.489763171832811,15.939650426034994,17.268227315871037,18.46538256899256,19.52200511106116,20.43005340652566,21.182616659562935,21.773967409407327,22.199605119785115,22.456290430713295,22.542069811984852,22.456290430713302,22.199605119785137,21.773967409407334,21.18261665956297,20.430053406525676,19.52200511106118,18.465382568992574,17.268227315871055,15.939650426035074,14.489763171832838,12.9296000707348,11.271034905992428,9.526690359978573,7.709841947952295,5.834316983372327,3.9143893436919037
-13.959949985825418,-12.45683370968101,-10.858913407364117,-9.178350217226035,-7.427934239895407,-5.620987197889889,-3.7712610492635994,-1.8928333269026572,-1.3298333546546745e-14,1.8928333269025925,3.771261049263535,5.620987197889862,7.427934239895381,9.17835021722601,10.858913407364094,12.456833709681018,13.959949985825363,15.356822613329319,16.636820548042877,17.790202232798915,18.808189736545508,19.683035559701562,20.408081597306435,20.97780981121925,21.387884225720782,21.635183926907004,21.717826814728234,21.635183926907008,21.3878842257208,20.97780981121926,20.40808159730647,19.683035559701572,18.808189736545526,17.790202232798933,16.636820548042895,15.356822613329395,13.959949985825387,12.456833709681044,10.85891340736412,9.178350217226036,7.42793423989541,5.620987197889928,3.7712610492635634
-13.285572800227763,-11.85506905671861,-10.33434107940145,-8.734962526424322,-7.069105634306464,-5.349448579868879,-3.5890789916531634,-1.8013943451657481,-1.2655917724185989e-14,1.8013943451656864,3.589078991653103,5.349448579868854,7.069105634306439,8.7349625264243,10.334341079401426,11.855069056718618,13.28557280022771,14.614965312678889,15.833129114343302,16.930793243142805,17.899603812269483,18.73218758830854,19.422208105996425,19.96441389254781,20.354678434534186,20.5900315831429,20.6686821588029,20.5900315831429,20.3546784345342,19.964413892547817,19.422208105996457,18.732187588308555,17.899603812269497,16.93079324314282,15.833129114343318,14.614965312678962,13.285572800227733,11.855069056718644,10.334341079401451,8.734962526424324,7.069105634306466,5.349448579868917,3.589078991653129
