hough_viz/data/file_2_3_0.json
{"header": {"discipline": 0, "disciplineName": "Meteorological products", "gribEdition": 2, "gribLength": 133963, "center": 7, "centerName": "US National Weather Service - NCEP(WMC)", "subcenter": 0, "refTime": "2014-11-30T06:00:00.000Z", "significanceOfRT": 1, "significanceOfRTName": "Start of forecast", "productStatus": 0, "productStatusName": "Operational products", "productType": 1, "productTypeName": "Forecast products", "productDefinitionTemplate": 0, "productDefinitionTemplateName": "Analysis/forecast at horizontal level/layer at a point in time", "parameterCategory": 2, "parameterCategoryName": "Momentum", "parameterNumber": 2, "parameterNumberName": "U-component_of_wind", "parameterUnit": "m.s-1", "genProcessType": 2, "genProcessTypeName": "Forecast", "forecastTime": 6, "surface1Type": 100, "surface1TypeName": "Isobaric surface", "surface1Value": 85000, "surface2Type": 255, "surface2TypeName": "Missing", "surface2Value": 0, "gridDefinitionTemplate": 0, "gridDefinitionTemplateName": "Latitude_Longitude", "numberPoints": 65160, "shape": 6, "shapeName": "Earth spherical with radius of 6,371,229.0 m", "gridUnits": "degrees", "resolution": 48, "winds": "true", "scanMode": 0, "nx": 360, "ny": 181, "basicAngle": 0, "subDivisions": 0, "lo1": 0, "la1": 90, "lo2": 359, "la2": -90, "dx": 1, "dy": 1}, "data":
[rows 0 to 19 of 181, columns 0 to 43 of 360]
-0.019866817175974365,-0.019854714847734163,-0.01981842260783721,-0.01975798467278578,-0.019673474676894488,-0.01956499558257581,-0.019432679554897657,-0.01927668780055485,-0.01909721037147405,-0.018894465933255396,-0.018668701498765802,-0.018420192127193615,-0.01814924058892821,-0.01785617699667968,-0.01754135840329525,-0.01720516836673518,-0.016848016482772923,-0.01647033788596489,-0.016072592719503294,-0.01565526557460664,-0.015218864900116267,-0.014763922383030934,-0.014290992300730054,-0.013800650845669045,-0.013293495423380436,-0.012770143924624245,-0.012231233972585947,-0.011677422146028524,-0.011109383179356211,-0.010527809140548221,-0.00993340858798746,-0.009326905707186493,-0.008709039428480721,-0.0080805625267567,-0.0074422407043085404,-0.006794851657951567,-0.006139184131516109,-0.0054760369548852526,-0.004806218070743717,-0.004130543550224185,-0.0034498365986500943,-0.002764926552587112,-0.002076647869424016,-0.0013858391107152048
-2.1018570895574356,-2.1005766950087557,-2.096737071326242,-2.090342896499904,-2.08140196084682,-2.0699251575198376,-2.0559264692359456,-2.039422951240484,-2.0204347105279594,-1.9989848813447657,-1.9750995970036687,-1.9488079580443922,-1.920141996779093,-1.8891366382659185,-1.855829657758208,-1.8202616346811635,-1.7824759031920698,-1.7425184993843013,-1.700438105199431,-1.6562859891157864,-1.610115943685702,-1.5619842199975849,-1.5119494591426244,-1.4600726207696593,-1.4064169088152323,-1.3510476944993304,-1.2940324366806253,-1.2354405996682407,-1.1753435685901965,-1.113814562421622,-1.050928544778718,-0.9867621325871336,-0.9213935027360455,-0.8549022968316629,-0.7873695241661944,-0.7188774630205073,-0.6495095604207134,-0.5793503304708251,-0.5084852513853357,-0.4370006613471813,-0.36498365331796684,-0.2925219689286068,-0.2197038915796614,-0.14661813888161726
-4.183847361938897,-4.181298675169776,-4.173655720044646,-4.160927808327021,-4.143130447016745,-4.120285319457099,-4.092420258916994,-4.059569214680414,-4.021772210684445,-3.9790752967562755,-3.931530492508571,-3.8791957239615913,-3.8221347529692578,-3.760417099535156,-3.6941179571131206,-3.623318100995591,-3.5481037899013663,-3.468566660882638,-3.3848036176793594,-3.296916712656966,-3.2050130224712876,-3.1092045176121372,-3.009607925984518,-2.906344590693649,-2.7995403222070836,-2.6893252450740373,-2.5758336393886645,-2.459203777190453,-2.339577754001036,-2.217101315702695,-2.091923680969449,-1.9641973594670805,-1.8340779660436104,-1.701724031136569,-1.5672968076280802,-1.4309600743830628,-1.2928799367099109,-1.153224623986765,-1.0121642846999277,-0.8698707791441384,-0.7265174700372836,-0.5822790113046266,-0.43733113528989875,-0.2918504386525192
-6.250479957136958,-6.246672333629385,-6.235254102109395,-6.21623917393325,-6.189650715861908,-6.155521121835889,-6.113891973508254,-6.0648139895837625,-6.008346964025942,-5.944559693207355,-5.8735298920918195,-5.795344099550692,-5.710097572928585,-5.617894171986969,-5.5188462323670455,-5.413074428726073,-5.300707627713895,-5.181882730968763,-5.05674450832379,-4.925445421427205,-4.788145437991314,-4.6450118368964946,-4.4962190043876396,-4.341948221611382,-4.182387443752943,-4.017731071041688,-3.8481797119043963,-3.6739399385547933,-3.495224035317124,-3.3122497399904103,-3.125239978568479,-2.934422593638975,-2.7400300667922712,-2.5422992353784566,-2.3414710039575106,-2.137790050794202,-1.9315045297553128,-1.7228657679723811,-1.5121279596383035,-1.2995478563108613,-1.085384454100506,-0.8698986781234888,-0.6533530646047945,-0.43601144101820655
-8.291549232385883,-8.286498244623676,-8.271351435187595,-8.246127258131759,-8.210856445230418,-8.165581968536038,-8.11035898802448,-8.045254784391041,-7.970348677079319,-7.885731927642672,-7.791507628556078,-7.68779057761383,-7.574707138066116,-7.452395084664859,-7.321003435806398,-7.180692271975536,-7.031632540712123,-6.874005848337809,-6.708004238696729,-6.533829959179636,-6.351695214316633,-6.161821907238629,-5.964441369322556,-5.759794078349726,-5.548129365520692,-5.32970511168358,-5.104787433146022,-4.873650357453399,-4.6365754895285045,-4.393851668579321,-4.145774616192942,-3.8926465760443536,-3.634775945659094,-3.3724769006783615,-3.1060690120843946,-2.835876856852459,-2.5622296225037884,-2.285460706041314,-2.0059073077567637,-1.7239100204040443,-1.4398124142394446,-1.1539606184341957,-0.8667028993693878,-0.5783892363270493
-10.276237417029991,-10.269977410850181,-10.251205019163992,-10.219943113239037,-10.176229780892154,-10.120118280085283,-10.051676974038847,-9.970989247941688,-9.87815340735906,-9.773282558462451,-9.656504470227127,-9.527961418765315,-9.387810013984682,-9.236221008783284,-9.073379091013468,-8.899482658468157,-8.714743577163713,-8.519386923213835,-8.313650708608977,-8.097785591235398,-7.872054569487145,-7.636732661843022,-7.39210657179893,-7.13847433856383,-6.876144973944867,-6.605438085864085,-6.326683488965417,-6.040220802786328,-5.746399037983729,-5.4455761711182635,-5.138118708514996,-4.824401239731916,-4.504805981180264,-4.17972231045271,-3.849546291926735,-3.514680194221198,-3.1755320000939817,-2.8325149093778563,-2.4860468355601304,-2.1365498966194307,-1.7844499007399819,-1.4301758275299197,-1.0741593053757055,-0.7168340855694523
-12.219950967632531,-12.212506903675074,-12.190183781247967,-12.153008797637272,-12.101027244834153,-12.034302454353549,-11.95291572007451,-11.856966199196075,-11.746570791429548,-11.621863996574186,-11.48299775064991,-11.330141240786672,-11.163480699096004,-10.983219175775865,-10.78957629172526,-10.582787970970005,-10.363106153225644,-10.130798486947707,-9.886148003243301,-9.629452771041302,-9.36102553394128,-9.081193329183593,-8.790297089204893,-8.488691226264462,-8.176743200647472,-7.854833072971229,-7.52335304113985,-7.182706962511541,-6.833309861860599,-6.475587425733672,-6.109975483816267,-5.736919477941404,-5.356873919387368,-4.970301835125731,-4.5776742036943,-4.179469381382323,-3.7761725194270355,-3.3682749729316113,-2.9562737022246575,-2.540670667390595,-2.121972216708632,-1.7006884697453746,-1.2773326958527034,-0.8524206888281591
-14.111732606834286,-14.103136120616455,-14.077357135457234,-14.034427059079096,-13.974398195167232,-13.897343679645576,-13.803357391571968,-13.69255383876093,-13.565068018273596,-13.421055251944539,-13.260690997146066,-13.08417063302043,-12.891709222440438,-12.683541249988478,-12.45992033627316,-12.221118928931688,-11.96742797069437,-11.69915654491572,-11.416631499004014,-11.120197046208036,-10.810214346246294,-10.487061065289517,-10.151130915832608,-9.802833177016602,-9.442592195985098,-9.070846870882606,-8.688050116124792,-8.29466831059201,-7.891180729418474,-7.47807896006935,-7.055866303417144,-6.625057160547103,-6.186176406038762,-5.739758748487088,-5.286348079042438,-4.826496808762975,-4.360765195586873,-3.8897206617443305,-3.413937102440993,-2.933994186655024,-2.4504766508997746,-1.9639735868123984,-1.4750777234364247,-0.9843847050727547
-15.907700162824632,-15.898009621697113,-15.868949804746201,-15.82055611688254,-15.75288751836031,-15.666026452943262,-15.56007874745968,-15.435173482868713,-15.291462836995075,-15.129121899123838,-14.948348456681098,-14.749362754260455,-14.532407225288903,-14.297746196659068,-14.045665566687568,-13.77647245679198,-13.490494837310695,-13.188081127921572,-12.869599773146245,-12.535438793457212,-12.18600531253467,-11.821725061249026,-11.443041858973398,-11.050417072858084,-10.644329055725754,-10.225272563272215,-9.793758151282827,-9.350311553598893,-8.895473041591979,-8.429796765926461,-7.953850081412318,-7.46821285577065,-6.973476763154227,-6.47024456328365,-5.959129367077483,-5.440753889671044,-4.91574969173393,-4.384756410010628,-3.84842097802168,-3.307396837874816,-2.7623431441464295,-2.213923960803246,-1.662807452142659,-1.1096650687374965
-17.641840660332452,-17.63109372766876,-17.598866023159694,-17.5451968112989,-17.47015147975393,-17.37382145970141,-17.25632411443229,-17.11780259636268,-16.958425672624767,-16.77838751944997,-16.577907485595205,-16.35722982510012,-16.116623399701254,-15.856381351265371,-15.57682074464128,-15.27828218136514,-14.961129384689961,-14.62574875644485,-14.2725489062639,-13.901960153758287,-13.514434004238119,-13.11044259862276,-12.690478138209844,-12.255052285003822,-11.804695538334618,-11.339956588525895,-10.861401648400463,-10.369613763437123,-9.865192101419582,-9.34875122244281,-8.82092033016623,-8.28234250522595,-7.733673921740112,-7.175583047861779,-6.608749831353462,-6.033864871175518,-5.451628576097672,-4.86275031135886,-4.267947534414924,-3.6679449208272175,-3.0634734813570863,-2.4552696713418407,-1.8440744934373559,-1.2306325948205257
-19.30146818879998,-19.28971025588758,-19.254450782380463,-19.19573272651579,-19.113627627199815,-19.008235516848725,-18.87968479951458,-18.728132094444717,-18.553762045265383,-18.356787095021836,-18.1374472273493,-17.896009674089797,-17.632768589711382,-17.34804469292619,-17.0421848759441,-16.715561781838,-16.368573350535645,-16.001642333991093,-15.615215781126622,-15.209764493172447,-14.785782450067954,-14.343786208623241,-13.884314273174205,-13.407926439497968,-12.915203112787946,-12.406744600519517,-11.883170381067858,-11.345118348968944,-10.793244037743321,-10.228219821229494,-9.650734094399994,-9.061490434658086,-8.461206744637144,-7.850614377546848,-7.230457246131953,-6.601490916329207,-5.96448168672663,-5.320205654946751,-4.669447772091181,-4.0130008863986015,-3.351664777281345,-2.686245180917356,-2.0175528085847607,-1.3464023589350989
-20.829919654270963,-20.81723063002318,-20.779179016901264,-20.715811174934405,-20.627204308076987,-20.513466370147416,-20.374735933303086,-20.211182019211503,-20.02300389312343,-19.810430821098894,-19.57372179068179,-19.31316519536344,-19.02907848321957,-18.721807770148747,-18.3917274181834,-18.039239579387427,-17.66477370589581,-17.26878602669335,-16.85175899176994,-16.414200684329536,-15.956644201769057,-15.479647006181342,-14.983790245173422,-14.46967804382771,-13.937936768668633,-13.389214264531498,-12.824179065263388,-12.243519579217608,-11.647943250534158,-11.038175697228045,-10.414959827135483,-9.779054932795134,-9.131235766367105,-8.472291595716804,-7.803025242813596,-7.124252105615922,-6.436799164634459,-5.74150397538379,-5.039213647950012,-4.330783814917555,-3.6170775889127307,-2.8989645110339093,-2.177319491449635,-1.4530217434553954
-22.27903129850155,-22.265459514593786,-22.224760697998597,-22.156984433954847,-22.06221329740013,-21.94056275236597,-21.792181011302656,-21.61724885450522,-21.415979409860487,-21.18861789318358,-20.935441309460206,-20.656758115358766,-20.352907843423427,-20.024260688405995,-19.67121705624064,-19.294207076210956,-18.893690076903663,-18.470154026587522,-18.024114938699107,-17.556116243159952,-17.066728124290908,-16.55654682613034,-16.026193926002666,-15.476315577222085,-14.907581721854326,-14.320685274495409,-13.71634127806198,-13.095286032621644,-12.458276198324727,-11.806087873530485,-11.139515649250775,-10.459371641063298,-9.766484499673872,-9.061698401333203,-8.345872019338149,-7.619877477870562,-6.884599289448332,-6.140933277283133,-5.3897854838578265,-4.632071067053241,-3.8687131851693013,-3.1006418721988194,-2.3287929047243208,-1.5541066618184725
-23.63588567303945,-23.62148733010769,-23.578309843475385,-23.506405818259008,-23.405862858437327,-23.276803460119417,-23.119384862302073,-22.93379885529823,-22.720271547070112,-22.479063087751424,-22.210467352694547,-21.91481158442862,-21.592455993965018,-21.243793321935637,-20.869248360098982,-20.46927743379682,-20.044367845992046,-19.595037283565112,-19.12183318659226,-18.62533208137414,-18.106138878027338,-17.564886133494547,-17.002233280871383,-16.418865825988746,-15.815494512229542,-15.192854454597349,-14.551704244092056,-13.892825023483548,-13.217019535609559,-12.525111145357213,-11.817942836519729,-11.096376184750477,-10.361290307865827,-9.613580794775466,-8.854158614345268,-8.083949005522076,-7.303890350072533,-6.514933029309487,-5.718038266198736,-4.914176954256888,-4.104328474667209,-3.2894795030544897,-2.4706228073727603,-1.6487560383705273
-24.83232004375268,-24.817192865328863,-24.771829760194137,-24.69628599630448,-24.590653612099555,-24.455061304368094,-24.289674271450675,-24.094694011970994,-23.87035807934081,-23.61693979233774,-23.3347479021084,-23.024126216002703,-22.685453178697575,-22.319141411120384,-21.925637207733914,-21.505419992795325,-21.059001736251517,-20.586926329982624,-20.089768925153557,-19.568135231480856,-19.022660779268758,-18.454010145113386,-17.86287614221854,-17.249978976309535,-16.616065368173462,-15.961907643894923,-15.288302793895692,-14.596071501924609,-13.886057145180887,-13.159124766788887,-12.41616002187634,-11.658068098539974,-10.885772615013256,-10.100214494379873,-9.302350818203863,-8.49315366047317,-7.673608903277217,-6.844715035661458,-6.007481937122276,-5.162929647224358,-4.312087122839643,-3.4559909845218546,-2.5956842535440163,-1.732215081137754
-25.936199639187016,-25.920400007139484,-25.873020360414795,-25.794118423814194,-25.68379032719354,-25.542170488343803,-25.369431449223775,-25.165783665744204,-24.931475251359725,-24.666791674780818,-24.372055412174177,-24.047625554275136,-23.693897368890962,-23.31130181932789,-22.900305039328742,-22.461407765160747,-21.99514472554553,-21.502083990174548,-20.982826277603678,-20.43800422337015,-19.868281609223658,-19.27435255441049,-18.65694066999619,-18.016798177256888,-17.354704991213612,-16.671467770425906,-15.967918934202686,-15.244915648427494,-14.503338781233927,-13.744091829803496,-12.968099819593512,-12.176308177335988,-11.369681579180867,-10.549202775386707,-9.715871392990854,-8.870702717917904,-8.014726458010168,-7.148985488487316,-6.274534581363545,-5.3924391203703355,-4.503773802950524,-3.609621330904994,-2.711071091287287,-1.8092178291533452
-26.935676777001138,-26.919268290486215,-26.870062822154747,-26.78812032129035,-26.673540622208087,-26.526463322621606,-26.34706761356495,-26.135572061075813,-25.89223433990651,-25.617350919586972,-25.311256703222334,-24.974324619465015,-24.606965168158684,-24.20962592020736,-23.78279097227925,-23.32698035700954,-22.842749409420673,-22.33068809033223,-21.791420267584538,-21.22560295595175,-20.63392551667063,-20.017108817560015,-19.375904354754443,-18.71109333712187,-18.023485734480992,-17.31391929077779,-16.583258503423593,-15.832393570038125,-15.062239303880837,-14.273734019291869,-13.46783838850057,-12.645534271194354,-11.807823518273908,-10.955726751252232,-10.090282118784488,-9.212544031843818,-8.323581879083962,-7.424478723953944,-6.516329985152069,-5.600242102026964,-4.677331186551706,-3.7487216635132765,-2.815544900574149,-1.8789378298751296
-27.753384334394163,-27.736477722529003,-27.685778485035797,-27.60134839112583,-27.48329030586306,-27.331748064838933,-27.14690629893084,-26.92899020935785,-26.678265293307703,-26.395037020469402,-26.07965046086543,-25.732489864437078,-25.353978192895102,-24.944576604406045,-24.504783891741976,-24.035135874578422,-23.53620474668055,-23.00859837877326,-22.452959577944323,-21.86996530448294,-21.260325847107946,-20.6247839575904,-19.96411394582495,-19.279120736452516,-18.570638888183606,-17.83953157701707,-17.086689544593124,-16.313030012961846,-15.519495567089418,-14.70705300646351,-13.876692167197083,-13.02942471606549,-12.166282917946386,-11.288318378163984,-10.396600761269935,-9.492216487821864,-8.576267410747237,-7.649869472905336,-6.714151347482764,-5.770253062879008,-4.819324613757481,-3.862524559954145,-2.9010186149507886,-1.9359782256327893
-28.470348172801387,-28.453004805937574,-28.40099583556713,-28.314384626609083,-28.193276701480123,-28.03781961153175,-27.848202757281758,-27.624657157658806,-27.367455168541476,-27.076910150934573,-26.75337608918703,-26.397247159716482,-26.008957250766027,-25.58897943377825,-25.137825387030528,-24.656044772233873,-24.144224564854795,-23.602988338976125,-23.032995507568053,-22.43494051909498,-21.80955201143705,-21.15759192415713,-20.479854570194828,-19.7771656681185,-19.050381336114402,-18.300387048938536,-17.52809655910206,-16.734450783604615,-15.920416657571879,-15.086985956194079,-14.235174086400693,-13.366018849743497,-12.480579177995256,-11.579933843004472,-10.66518014237806,-9.737432562593224,-8.797821421167361,-7.8474914895403085,-6.887600598346651,-5.919318226777444,-4.943824077749983,-3.9623066406215077,-2.9759617431979737,-1.98599109480213
-29.07679175153054,-29.05907895562413,-29.005962148218252,-28.917506043960728,-28.79381841298897,-28.635049949628698,-28.441394088796113,-28.21308677032723,-27.95040615152157,-27.653672268250286,-27.323246645041817,-26.95953185461986,-26.562971027430567,-26.134047311756383,-25.673283285074195,-25.181240317375273,-24.658517887222345,-24.10575285137734,-23.5236186688895,-22.9128245805893,-22.27411474498771,-21.608267331633694,-20.91609357303452,-20.19843677629382,-19.456171295671883,-18.690201467319596,-17.901460507484227,-17.090909375529083,-16.259535603152628,-15.408352091233184,-14.538395875765271,-13.650726864390943,-12.746426545065631,-11.826596668431648,-10.892357905504744,-9.9448484823091,-8.985222793124231,-8.01464999403341,-7.034312578487057,-6.045404936616596,-5.049131900054111,-4.046707274030565,-3.039352358541069,-2.028294460379044
