hough_viz/data/file_4_3_2.json
{"header": {"discipline": 0, "disciplineName": "Meteorological products", "gribEdition": 2, "gribLength": 133963, "center": 7, "centerName": "US National Weather Service - NCEP(WMC)", "subcenter": 0, "refTime": "2014-11-30T06:00:00.000Z", "significanceOfRT": 1, "significanceOfRTName": "Start of forecast", "productStatus": 0, "productStatusName": "Operational products", "productType": 1, "productTypeName": "Forecast products", "productDefinitionTemplate": 0, "productDefinitionTemplateName": "Analysis/forecast at horizontal level/layer at a point in time", "parameterCategory": 2, "parameterCategoryName": "Momentum", "parameterNumber": 3, "parameterNumberName": "V-component_of_wind", "parameterUnit": "m.s-1", "genProcessType": 2, "genProcessTypeName": "Forecast", "forecastTime": 6, "surface1Type": 100, "surface1TypeName": "Isobaric surface", "surface1Value": 85000, "surface2Type": 255, "surface2TypeName": "Missing", "surface2Value": 0, "gridDefinitionTemplate": 0, "gridDefinitionTemplateName": "Latitude_Longitude", "numberPoints": 65160, "shape": 6, "shapeName": "Earth spherical with radius of 6,371,229.0 m", "gridUnits": "degrees", "resolution": 48, "winds": "true", "scanMode": 0, "nx": 360, "ny": 181, "basicAngle": 0, "subDivisions": 0, "lo1": 0, "la1": 90, "lo2": 359, "la2": -90, "dx": 1, "dy": 1}, "data":
[rows 133 to 151 of 181, columns 86 to 128 of 360]
-3.56481708441488,-2.688921264971095,-1.79992529141379,-0.9021602627645635,-3.167670665708247e-15,0.9021602627645685,1.7999252914137722,2.688921264971077,3.564817084414875,4.423345473357552,5.260323767787153,6.0716742935860015,6.853444232549065,7.601824880116964,8.313170201001675,8.984014592304069,9.611089767582733,10.19134067961711,10.72194040429038,11.200303913079622,11.624100667054947,11.991265971030899,12.30001103255383,12.548831676718939,12.736515674359227,12.862148647904116,12.925118526135076,12.925118526135076,12.862148647904116,12.73651567435923,12.548831676718939,12.300011032553831,11.991265971030908,11.62410066705495,11.200303913079628,10.721940404290379,10.191340679617124,9.611089767582738,8.984014592304074,8.313170201001693,7.6018248801169594,6.85344423254906,6.071674293586007
-3.0893190131664463,-2.3302557724771047,-1.559839759900744,-0.7818243648086827,-2.7451465203658105e-15,0.7818243648086869,1.5598397599007292,2.3302557724770896,3.0893190131664423,3.8333314021608995,4.558668185889144,5.261795596451471,5.939288067781728,6.587844924660912,7.204306463274986,7.7856693449743455,8.32910122823773,8.831954567555474,9.291779512005066,9.70633584067857,10.073603876813749,10.391794327456218,10.659357000714834,10.874988358140785,11.037637865435885,11.146513110550053,11.201083664233206,11.201083664233206,11.146513110550055,11.037637865435885,10.874988358140785,10.659357000714834,10.391794327456225,10.07360387681375,9.706335840678571,9.291779512005062,8.831954567555487,8.329101228237736,7.78566934497435,7.204306463274999,6.587844924660908,5.939288067781725,5.261795596451477
-2.615851817304228,-1.973122157743792,-1.3207796453683736,-0.6620024273250178,-2.3244269961958736e-15,0.6620024273250213,1.3207796453683605,1.9731221577437787,2.6158518173042236,3.2458373097552595,3.860009409103584,4.4553759306175555,5.029036308450378,5.5781957269054,6.1001787364972,6.592442288472612,7.052588124288563,7.478374459686664,7.867726906440751,8.218748578567794,8.529729333765768,8.799154105055036,9.025710282032353,9.208294105776833,9.346016046252457,9.438205136008982,9.48441223906794,9.48441223906794,9.438205136008985,9.346016046252457,9.208294105776835,9.025710282032355,8.799154105055042,8.52972933376577,8.218748578567798,7.867726906440748,7.478374459686675,7.052588124288566,6.592442288472617,6.1001787364972095,5.578195726905397,5.029036308450374,4.455375930617559
-2.1484820170622605,-1.620587773870294,-1.0847981899449446,-0.5437235782817091,-1.9091255736525052e-15,0.5437235782817122,1.0847981899449337,1.6205877738702834,2.148482017062257,2.665909071831754,3.1703480855795223,3.6593414821366297,4.130506934828487,4.581548972930969,5.010270164973014,5.414581824401911,5.79251418545418,6.14222599965641,6.462013506202717,6.750318732506125,7.005737084484427,7.2270241896013525,7.413101959324473,7.563063841464165,7.676179236804765,7.751897058510489,7.789848416965122,7.789848416965122,7.751897058510493,7.676179236804767,7.563063841464166,7.413101959324474,7.227024189601357,7.00573708448443,6.750318732506128,6.462013506202715,6.142225999656418,5.792514185454182,5.414581824401915,5.010270164973022,4.5815489729309675,4.130506934828484,3.6593414821366332
-1.6886797938687004,-1.273761570351612,-0.8526377085018361,-0.4273598814430761,-1.500548645314331e-15,0.42735988144307857,0.8526377085018275,1.2737615703516039,1.6886797938686977,2.0953709391755573,2.4918536478926985,2.876196296117565,3.246526405101987,3.601039763780449,3.938009218705015,4.255793088563359,4.552843162285042,4.82771224177027,5.079061192493536,5.305665467632414,5.506421073936613,5.680349950272105,5.826604732636653,5.944472882432053,6.033380157880572,6.092893411673146,6.122722701219557,6.122722701219557,6.092893411673148,6.033380157880574,5.944472882432055,5.826604732636654,5.68034995027211,5.506421073936614,5.305665467632416,5.079061192493534,4.827712241770277,4.552843162285043,4.255793088563362,3.9380092187050226,3.6010397637804474,3.2465264051019846,2.8761962961175676
-1.2513277164899947,-0.9438693842183333,-0.6318126151841791,-0.31667771859842536,-1.1119207540949184e-15,0.31667771859842714,0.6318126151841728,0.9438693842183273,1.2513277164899923,1.5526897059099374,1.846487147158508,2.1312886886343656,2.4057068058555857,2.668404561339484,2.9181021180276177,3.1535829745233235,3.3736998917642,3.5773804822555326,3.7636324346343475,3.931548348110629,4.080310153232773,4.2091930974397105,4.3175692759825335,4.404910691013313,4.470791823937554,4.5148917084979905,4.536995494489953,4.536995494489953,4.514891708497991,4.470791823937555,4.404910691013315,4.317569275982534,4.209193097439715,4.080310153232774,3.9315483481106317,3.7636324346343466,3.5773804822555375,3.3736998917642023,3.1535829745233244,2.9181021180276225,2.6684045613394827,2.4057068058555844,2.1312886886343674
-0.8299717974074858,-0.6260430093684821,-0.41906420271745826,-0.2100437573949787,-7.375069333871223e-16,0.21004375739497988,0.4190642027174541,0.6260430093684779,0.8299717974074844,1.0298570462779923,1.2247249351398997,1.413626087226728,1.5956401951137846,1.7698805043634414,1.935498133703601,2.0916862106919503,2.2376838027173696,2.372779624187141,2.4963155018388483,2.6076895812943515,2.7063592592338277,2.791843826904599,2.863726812085851,2.9216580080994334,2.965355179981592,2.9946054395033403,3.0092662823405147,3.0092662823405147,2.9946054395033412,2.965355179981593,2.9216580080994343,2.863726812085852,2.7918438269046004,2.7063592592338277,2.607689581294353,2.4963155018388474,2.3727796241871437,2.237683802717371,2.0916862106919516,1.935498133703604,1.7698805043634405,1.5956401951137837,1.4136260872267292
-0.42641314734090524,-0.32164101338075,-0.21530187673464535,-0.10791381098715704,-3.789076371434133e-16,0.10791381098715763,0.21530187673464316,0.3216410133807479,0.4264131473409045,0.5291078393101146,0.6292247710719385,0.7262761829985543,0.8197892503666273,0.9093083869118428,0.9943974643993809,1.07464193739685,1.1496508628979503,1.2190588049575135,1.282527615058687,1.339748079538519,1.3904414260458446,1.4343606816921586,1.4712918762787,1.501055084737754,1.5235053037094954,1.538533157983781,1.5460654333651824,1.5460654333651824,1.5385331579837815,1.5235053037094954,1.5010550847377542,1.4712918762787006,1.4343606816921597,1.3904414260458449,1.3397480795385193,1.2825276150586866,1.2190588049575148,1.1496508628979507,1.0746419373968508,0.9943974643993826,0.9093083869118423,0.819789250366627,0.726276182998555
-0.061001745145302495,-0.04601326963974489,-0.03080062210974014,-0.01543791704488424,-5.420570931916469e-17,0.015437917044884331,0.030800622109739835,0.04601326963974458,0.061001745145302405,0.07569302628038609,0.09001553860006792,0.10389950426402073,0.11727728198714084,0.13008369658109095,0.1422563564812651,0.1537359577122217,0.1644665728106885,0.174395923298544,0.1834756343783059,0.191661470610283,0.19891355142319034,0.20519654540828408,0.2104798424504334,0.21473770285752394,0.21794938276165118,0.22009923518115881,0.2211767862511617,0.2211767862511617,0.22009923518115893,0.21794938276165118,0.214737702857524,0.21047984245043347,0.20519654540828428,0.19891355142319037,0.19166147061028305,0.18347563437830594,0.17439592329854425,0.16446657281068858,0.1537359577122218,0.14225635648126536,0.13008369658109084,0.11727728198714077,0.1038995042640208
0.28168264278747107,0.21247161641922194,0.1422254496933506,0.07128637487302453,2.503011580869101e-16,-0.07128637487302493,-0.1422254496933492,-0.2124716164192206,-0.28168264278747057,-0.3495213396346994,-0.4156572036489893,-0.47976802754881814,-0.5415414698445428,-0.6006765765347435,-0.656885247323864,-0.7098936392178974,-0.7594435006599197,-0.8052934297057213,-0.8472200501098096,-0.8850190995920239,-0.9185064249828343,-0.9475188793990718,-0.9719151170791416,-0.9915762820053674,-1.006406586958563,-1.0163337801837327,-1.0213094973933616,-1.0213094973933616,-1.0163337801837329,-1.0064065869585632,-0.9915762820053676,-0.9719151170791417,-0.9475188793990723,-0.9185064249828344,-0.8850190995920242,-0.8472200501098094,-0.8052934297057222,-0.7594435006599201,-0.7098936392178978,-0.6568852473238652,-0.6006765765347433,-0.5415414698445424,-0.4797680275488187
0.6001248711350975,0.4526707792913499,0.30301132091320226,0.1518756218381552,5.332666179051975e-16,-0.15187562183815606,-0.30301132091319927,-0.45267077929134686,-0.6001248711350966,-0.744655214931015,-0.8855576733722685,-1.0221457838448,-1.1537541028041745,-1.2797414477496458,-1.399494021000838,-1.5124284000583628,-1.6179943799795724,-1.71567765392175,-1.8050023187933364,-1.885533193805959,-1.9568779406314918,-2.0186889748349515,-2.070665159270922,-2.112553271193458,-2.1441492359318524,-2.1652991211219144,-2.175899886648976,-2.175899886648976,-2.1652991211219144,-2.1441492359318524,-2.1125532711934585,-2.0706651592709227,-2.0186889748349532,-1.9568779406314927,-1.8855331938059594,-1.8050023187933362,-1.7156776539217522,-1.6179943799795735,-1.5124284000583634,-1.3994940210008404,-1.279741447749645,-1.1537541028041738,-1.0221457838448014
0.8707900099021046,0.656831955049521,0.43967388093645327,0.2203737598713244,7.737777016436858e-16,-0.22037375987132565,-0.43967388093644894,-0.6568319550495167,-0.8707900099021034,-1.0805056633579497,-1.2849572018339628,-1.4831485579860906,-1.6741141634492807,-1.8569236529895161,-2.0306863971496947,-2.194555841306845,-2.3477336300011276,-2.489473496443407,-2.6190848982520167,-2.7359363817058333,-2.839458658123341,-2.92914737737986,-3.0045655850506487,-3.065345851208947,-3.1111920605076437,-3.1418808548234787,-3.157262721435373,-3.157262721435373,-3.141880854823479,-3.1111920605076437,-3.0653458512089475,-3.0045655850506496,-2.929147377379863,-2.839458658123342,-2.7359363817058346,-2.619084898252016,-2.4894734964434098,-2.3477336300011293,-2.1945558413068462,-2.0306863971496982,-1.856923652989515,-1.6741141634492798,-1.4831485579860917
1.1155595921550794,0.8414602597150167,0.5632614174729123,0.2823184222237157,9.912781812475846e-16,-0.2823184222237173,-0.5632614174729066,-0.8414602597150111,-1.1155595921550774,-1.3842240303978186,-1.646144668306171,-1.9000454548604229,-2.1446894109504955,-2.378884655813846,-2.6014902137587157,-2.811421572883037,-3.0076559687073776,-3.1892373669807004,-3.355281121383114,-3.5049782834338252,-3.63759954360683,-3.752498784453612,-3.849116228422394,-3.926981165038113,-3.985714244156533,-4.025029324120017,-4.044734865810921,-4.044734865810921,-4.025029324120018,-3.985714244156534,-3.9269811650381135,-3.8491162284223948,-3.7524987844536146,-3.63759954360683,-3.5049782834338266,-3.3552811213831126,-3.189237366980704,-3.0076559687073794,-2.811421572883039,-2.60149021375872,-2.3788846558138452,-2.1446894109504946,-1.9000454548604244
1.3335605830551516,1.0058971680710567,0.6733331231965491,0.33748866702903246,1.1849922842764743e-15,-0.33748866702903435,-0.6733331231965424,-1.00589716807105,-1.3335605830551494,-1.654727024927641,-1.9678318030672597,-2.2713495024681003,-2.56380141540817,-2.843762745564791,-3.109869549479045,-3.3608253815512352,-3.5954076101934893,-3.8124733743679946,-4.010965151491066,-4.189915909576874,-4.348453818520099,-4.4858064975645435,-4.601304778264546,-4.694385964606384,-4.764596574406685,-4.81159454863205,-4.835150917876273,-4.835150917876273,-4.81159454863205,-4.764596574406686,-4.694385964606384,-4.601304778264547,-4.485806497564546,-4.3484538185201,-4.189915909576876,-4.010965151491064,-3.812473374368,-3.595407610193492,-3.3608253815512374,-3.1098695494790505,-2.84376274556479,-2.563801415408168,-2.271349502468103
1.5006980714094909,1.1319680255561912,0.7577231452674099,0.3797867139809449,1.33350944699847e-15,-0.379786713980947,-0.7577231452674023,-1.1319680255561844,-1.5006980714094889,-1.8621168671085242,-2.214463616610335,-2.55602172196913,-2.885127146428896,-3.2001765214432303,-3.4996349581257054,-3.782043525074271,-4.046026356138357,-4.290297353500488,-4.51366645341555,-4.715045424081733,-4.893453167396496,-5.048020498767897,-5.177994381694548,-5.282741596483757,-5.361751825234228,-5.414640138053565,-5.441148868398029,-5.441148868398029,-5.414640138053566,-5.361751825234229,-5.282741596483758,-5.177994381694549,-5.048020498767901,-4.893453167396498,-4.715045424081735,-4.513666453415548,-4.290297353500494,-4.04602635613836,-3.7820435250742737,-3.499634958125712,-3.200176521443229,-2.8851271464288937,-2.556021721969133
1.6422373972974817,1.2387303345884824,0.8291883022061056,0.415606547765092,1.4592802677846643e-15,-0.4156065477650943,-0.8291883022060973,-1.2387303345884741,-1.642237397297479,-2.0377436444839714,-2.4233222094678077,-2.7970945922386186,-3.1572398113190077,-3.5020032754032915,-3.829705331549939,-4.138749448281914,-4.427629993727495,-4.694939570907452,-4.939375874431624,-5.159748035199891,-5.354982422196718,-5.524127873113557,-5.666360328315978,-5.780986845579392,-5.86744897603391,-5.925325484871099,-5.954334403557631,-5.954334403557631,-5.925325484871099,-5.86744897603391,-5.780986845579393,-5.66636032831598,-5.52412787311356,-5.354982422196719,-5.159748035199892,-4.939375874431624,-4.694939570907458,-4.427629993727498,-4.138749448281917,-3.8297053315499467,-3.5020032754032893,-3.1572398113190054,-2.7970945922386217
1.7580285593951224,1.3260709500218166,0.887652856276191,0.4449102070413344,1.56217145654398e-15,-0.4449102070413368,-0.8876528562761821,-1.3260709500218082,-1.7580285593951195,-2.1814212303434655,-2.594186236333267,-2.9943126277463477,-3.379851029024301,-3.7489231358302897,-4.099730865958939,-4.430565119412147,-4.739814104962424,-5.025971192637775,-5.287642253871456,-5.5235524535562135,-5.7325524609127925,-5.913624048913966,-6.065885054984242,-6.188593678807265,-6.281152096302404,-6.343109372163557,-6.374163656770653,-6.374163656770653,-6.343109372163557,-6.281152096302404,-6.1885936788072655,-6.065885054984243,-5.91362404891397,-5.732552460912794,-5.523552453556216,-5.287642253871455,-5.025971192637782,-4.739814104962427,-4.43056511941215,-4.099730865958946,-3.7489231358302875,-3.379851029024298,-2.9943126277463508
1.826031489557837,1.377365173726672,0.9219884732213743,0.4621199375524932,1.6225983682080871e-15,-0.4621199375524957,-0.921988473221365,-1.3773651737266632,-1.826031489557834,-2.265801563523916,-2.6945328800300814,-3.110136703198244,-3.510588252978272,-3.8939365696728925,-4.258314018817193,-4.601945390106047,-4.923156546040234,-5.220382578156084,-5.492175431102182,-5.73721095741949,-5.954295368654678,-6.1423710513774585,-6.300521719766907,-6.427976879663879,-6.524115582341107,-6.588469449702974,-6.62072495617652,-6.62072495617652,-6.588469449702974,-6.524115582341109,-6.427976879663879,-6.300521719766909,-6.14237105137746,-5.954295368654678,-5.737210957419492,-5.49217543110218,-5.220382578156091,-4.923156546040238,-4.60194539010605,-4.258314018817199,-3.8939365696728903,-3.5105882529782697,-3.1101367031982474
1.8716766128269726,1.4117950307696043,0.9450353252354666,0.47367150259139434,1.663158294450701e-15,-0.47367150259139695,-0.9450353252354572,-1.4117950307695952,-1.8716766128269697,-2.3224395745669204,-2.7618878441503854,-3.1878804737811506,-3.598342070188278,-3.9912729057335343,-4.364758660883395,-4.716979750581444,-5.046220189083802,-5.350875950069229,-5.62946278129409,-5.8806234357201035,-6.103134283885485,-6.295911275304695,-6.458015219853407,-6.588656363408411,-6.687198235450314,-6.753160749883919,-6.786222543969433,-6.786222543969433,-6.753160749883919,-6.687198235450316,-6.588656363408411,-6.458015219853408,-6.2959112753046975,-6.1031342838854865,-5.880623435720104,-5.629462781294088,-5.350875950069235,-5.046220189083805,-4.716979750581447,-4.364758660883402,-3.9912729057335317,-3.598342070188276,-3.187880473781154
