hough_viz/data/file_5_0_2.json
{"header": {"discipline": 0, "disciplineName": "Meteorological products", "gribEdition": 2, "gribLength": 133963, "center": 7, "centerName": "US National Weather Service - NCEP(WMC)", "subcenter": 0, "refTime": "2014-11-30T06:00:00.000Z", "significanceOfRT": 1, "significanceOfRTName": "Start of forecast", "productStatus": 0, "productStatusName": "Operational products", "productType": 1, "productTypeName": "Forecast products", "productDefinitionTemplate": 0, "productDefinitionTemplateName": "Analysis/forecast at horizontal level/layer at a point in time", "parameterCategory": 2, "parameterCategoryName": "Momentum", "parameterNumber": 2, "parameterNumberName": "U-component_of_wind", "parameterUnit": "m.s-1", "genProcessType": 2, "genProcessTypeName": "Forecast", "forecastTime": 6, "surface1Type": 100, "surface1TypeName": "Isobaric surface", "surface1Value": 85000, "surface2Type": 255, "surface2TypeName": "Missing", "surface2Value": 0, "gridDefinitionTemplate": 0, "gridDefinitionTemplateName": "Latitude_Longitude", "numberPoints": 65160, "shape": 6, "shapeName": "Earth spherical with radius of 6,371,229.0 m", "gridUnits": "degrees", "resolution": 48, "winds": "true", "scanMode": 0, "nx": 360, "ny": 181, "basicAngle": 0, "subDivisions": 0, "lo1": 0, "la1": 90, "lo2": 359, "la2": -90, "dx": 1, "dy": 1}, "data":
[rows 0 to 18 of 181, columns 258 to 300 of 360]
3.465564812051316e-05,3.27799217898513e-05,3.065472046131081e-05,2.8296218200233352e-05,2.572236463292854e-05,2.2952748339178727e-05,2.0008447771319283e-05,1.6911870834489007e-05,1.3686584348941458e-05,1.035713469231302e-05,6.948860986867169e-06,3.487702253474277e-06,-3.4329363810151556e-20,-3.4877022534740624e-06,-6.948860986867097e-06,-1.0357134692312948e-05,-1.368658434894139e-05,-1.691187083448881e-05,-2.0008447771319218e-05,-2.2952748339178558e-05,-2.5722364632928478e-05,-2.82962182002333e-05,-3.065472046131067e-05,-3.277992178985134e-05,-3.465564812051314e-05,-3.626762404332537e-05,-3.760358144817782e-05,-3.8653352892546325e-05,-3.9408948981870014e-05,-3.986461917366761e-05,-4.001689554263842e-05,-3.9864619173667616e-05,-3.940894898187e-05,-3.8653352892546386e-05,-3.7603581448177806e-05,-3.626762404332541e-05,-3.465564812051317e-05,-3.277992178985138e-05,-3.065472046131081e-05,-2.8296218200233365e-05,-2.5722364632928437e-05,-2.2952748339178622e-05,-2.0008447771319286e-05
2.8070455091040146e-06,2.6551150314374898e-06,2.4829775251794442e-06,2.2919430606919534e-06,2.0834655255995484e-06,1.8591315598264513e-06,1.6206484803087373e-06,1.3698312872815655e-06,1.1085888510314348e-06,8.389093842407165e-07,5.628453104885906e-07,2.8249764406835595e-07,-2.7806170635904088e-21,-2.824976440683386e-07,-5.628453104885847e-07,-8.389093842407108e-07,-1.1085888510314298e-06,-1.3698312872815496e-06,-1.620648480308732e-06,-1.8591315598264377e-06,-2.0834655255995437e-06,-2.2919430606919492e-06,-2.482977525179433e-06,-2.6551150314374936e-06,-2.8070455091040116e-06,-2.93761267550583e-06,-3.045822835668022e-06,-3.130852444932666e-06,-3.192054376630984e-06,-3.2289628471080064e-06,-3.2412969606174622e-06,-3.228962847108006e-06,-3.192054376630984e-06,-3.1308524449326703e-06,-3.0458228356680206e-06,-2.9376126755058315e-06,-2.8070455091040146e-06,-2.6551150314374965e-06,-2.4829775251794442e-06,-2.2919430606919547e-06,-2.08346552559954e-06,-1.859131559826442e-06,-1.6206484803087373e-06
-2.9041557102305143e-05,-2.746969172697632e-05,-2.5688765410951924e-05,-2.3712332078849444e-05,-2.1555433581729442e-05,-1.9234485219525826e-05,-1.6767150810701808e-05,-1.4172208259925876e-05,-1.146940664687859e-05,-8.679315923831588e-06,-5.823170365889988e-06,-2.9227069653375657e-06,2.876812968297074e-20,2.9227069653373852e-06,5.823170365889928e-06,8.679315923831527e-06,1.146940664687853e-05,1.4172208259925712e-05,1.6767150810701757e-05,1.923448521952568e-05,2.155543358172939e-05,2.3712332078849407e-05,2.568876541095181e-05,2.746969172697635e-05,2.9041557102305113e-05,3.0392398692313714e-05,3.151193577684178e-05,3.2391648002680996e-05,3.302484022860803e-05,3.3406693479451596e-05,3.3534301621403493e-05,3.3406693479451596e-05,3.3024840228608025e-05,3.2391648002681044e-05,3.151193577684177e-05,3.0392398692313738e-05,2.904155710230515e-05,2.7469691726976392e-05,2.5688765410951924e-05,2.3712332078849454e-05,2.1555433581729354e-05,1.923448521952573e-05,1.676715081070181e-05
-0.00011114170133485217,-0.00010512619082114336,-9.83106065183564e-05,-9.074681913839718e-05,-8.249239367036761e-05,-7.361015127623738e-05,-6.416769118387006e-05,-5.42368762160822e-05,-4.389328587116867e-05,-3.321564111728534e-05,-2.2285205278347015e-05,-1.1185165571065624e-05,1.1009529778047763e-19,1.1185165571064934e-05,2.228520527834678e-05,3.32156411172851e-05,4.389328587116844e-05,5.4236876216081564e-05,6.416769118386986e-05,7.361015127623684e-05,8.249239367036742e-05,9.074681913839703e-05,9.831060651835595e-05,0.0001051261908211435,0.00011114170133485205,0.00011631135639220831,0.00012059581179670292,0.0001239624602556824,0.0001263856795415363,0.00012784702749231916,0.00012833538236773967,0.00012784702749231918,0.00012638567954153626,0.00012396246025568255,0.00012059581179670284,0.00011631135639220843,0.00011114170133485217,0.00010512619082114363,9.83106065183564e-05,9.074681913839722e-05,8.249239367036728e-05,7.361015127623704e-05,6.416769118387008e-05
-0.0002768870622924173,-0.0002619006349269432,-0.00024492098558974863,-0.00022607733966488081,-0.00020551310867593416,-0.00018338479883775582,-0.00015986081994965223,-0.00013512020369512958,-0.00010935124110267719,-8.275004953734991e-05,-5.551908012919734e-05,-2.7865576997924475e-05,2.7428015954877312e-19,2.786557699792276e-05,5.551908012919676e-05,8.275004953734931e-05,0.00010935124110267665,0.00013512020369512798,0.00015986081994965175,0.00018338479883775444,0.0002055131086759337,0.0002260773396648804,0.00024492098558974754,0.0002619006349269435,0.00027688706229241696,0.000289766211924866,0.0003004400657189447,0.0003088273892022303,0.00031486434977861144,0.0003185050025328843,0.00031972163989930333,0.00031850500253288434,0.0003148643497786113,0.0003088273892022308,0.0003004400657189445,0.0002897662119248663,0.00027688706229241734,0.0002619006349269439,0.00024492098558974863,0.0002260773396648809,0.00020551310867593332,0.00018338479883775493,0.0001598608199496523
-0.0007265085494977943,-0.0006871864969710274,-0.0006426345402677609,-0.0005931917466797102,-0.0005392344057204594,-0.00048117316533503987,-0.0004194499066211173,-0.0003545343808470296,-0.00028692063436098374,-0.0002171232486000379,-0.00014567342381464375,-7.311493631400206e-05,7.196684425051224e-19,7.311493631399756e-05,0.00014567342381464226,0.00021712324860003634,0.0002869206343609823,0.00035453438084702546,0.000419449906621116,0.00048117316533503613,0.0005392344057204583,0.000593191746679709,0.0006426345402677579,0.0006871864969710281,0.0007265085494977936,0.0007603014332850252,0.0007883079640824015,0.000810314995279747,0.0008261550400814433,0.0008357075461820667,0.0008388998132422315,0.0008357075461820667,0.0008261550400814431,0.0008103149952797483,0.0007883079640824012,0.0007603014332850256,0.0007265085494977944,0.000687186496971029,0.000642634540267761,0.0005931917466797104,0.0005392344057204573,0.00048117316533503754,0.00041944990662111733
-0.00144579639787267,-0.0013675431110538722,-0.0012788819954148507,-0.001180487815580656,-0.0010731094106718657,-0.0009575639951866848,-0.0008347309395051796,-0.0007055450773497179,-0.0005709895911358592,-0.00043208852936052076,-0.0002898990129745613,-0.00014550319005405562,1.4321841670766183e-18,0.00014550319005404667,0.0002898990129745583,0.0004320885293605176,0.0005709895911358561,0.0007055450773497097,0.000834730939505177,0.0009575639951866775,0.0010731094106718635,0.001180487815580654,0.0012788819954148447,0.0013675431110538737,0.0014457963978726687,0.0015130463011079189,0.0015687810083894053,0.001612576344941175,0.0016440990018077254,0.001663109072536397,0.0016694618790103533,0.0016631090725363973,0.0016440990018077252,0.0016125763449411773,0.0015687810083894048,0.0015130463011079206,0.0014457963978726702,0.0013675431110538759,0.0012788819954148507,0.0011804878155806566,0.0010731094106718616,0.0009575639951866802,0.0008347309395051797
-0.0025242848836637376,-0.002387658738167496,-0.002232861067966041,-0.0020610699767989824,-0.0018735928986004138,-0.0016718566471371733,-0.0014573965570945664,-0.0012318447992523682,-0.0009969179586796321,-0.000754403970485833,-0.0005061485125550649,-0.0002540409588229252,2.5005186407252614e-18,0.00025404095882290955,0.0005061485125550597,0.0007544039704858278,0.0009969179586796272,0.0012318447992523535,0.0014573965570945616,0.0016718566471371605,0.0018735928986004097,0.0020610699767989785,0.002232861067966031,0.0023876587381674984,0.002524284883663735,0.0026416996969904063,0.0027390095805210953,0.002815473947284813,0.0028705108572800475,0.002903701446389531,0.002914793114189122,0.0029037014463895315,0.002870510857280046,0.0028154739472848163,0.002739009580521093,0.0026416996969904085,0.002524284883663738,0.0023876587381675015,0.0022328610679660413,0.0020610699767989833,0.0018735928986004062,0.001671856647137165,0.0014573965570945666
-0.00445830275046703,-0.0042169984808128344,-0.003943600306426361,-0.0036401889524970035,-0.0033090735626329706,-0.0029527741248840562,-0.0025740022931109953,-0.0021756407496622806,-0.0017607212664208331,-0.0013324016311893718,-0.0008939416150184579,-0.00044867816338054915,4.4163276521147824e-18,0.00044867816338052145,0.0008939416150184487,0.0013324016311893625,0.001760721266420824,0.0021756407496622554,0.0025740022931109875,0.002952774124884034,0.003309073562632964,0.003640188952496997,0.003943600306426344,0.004216998480812838,0.004458302750467025,0.004665676644193356,0.0048375419214448,0.004972590583686369,0.005069794829053805,0.0051284148745463195,0.005148004586221972,0.005128414874546321,0.005069794829053804,0.004972590583686376,0.004837541921444796,0.00466567664419336,0.0044583027504670305,0.004216998480812844,0.003943600306426363,0.003640188952497005,0.003309073562632957,0.002952774124884042,0.002574002293110996
-0.007055758996119713,-0.006673868203432668,-0.006241185243925716,-0.005761003096181785,-0.005236976236287154,-0.004673092825061672,-0.004073644355746851,-0.0034431929931510825,-0.0027865368528206596,-0.0021086734844833446,-0.0014147618376772492,-0.0007100829990298775,6.989328743535172e-18,0.0007100829990298338,0.0014147618376772347,0.00210867348448333,0.002786536852820645,0.003443192993151042,0.004073644355746838,0.004673092825061637,0.0052369762362871435,0.005761003096181774,0.0062411852439256885,0.006673868203432675,0.007055758996119706,0.007383951202462503,0.007655947081602936,0.007869676580665121,0.008023513089107816,0.008116285818212728,0.008147288711493672,0.008116285818212728,0.008023513089107813,0.007869676580665131,0.007655947081602931,0.007383951202462507,0.007055758996119714,0.006673868203432683,0.006241185243925717,0.005761003096181787,0.005236976236287133,0.004673092825061649,0.004073644355746852
-0.010480472832156657,-0.009913220452957134,-0.009270522480344464,-0.008557270233961824,-0.007778891994077727,-0.006941311689095297,-0.006050903810880222,-0.005114444901028733,-0.004139061977294148,-0.003132178292678443,-0.0021014568399944913,-0.0010547420318638512,1.0381798762105728e-17,0.0010547420318637861,0.00210145683999447,0.0031321782926784208,0.004139061977294127,0.0051144449010286745,0.006050903810880204,0.006941311689095244,0.007778891994077712,0.008557270233961809,0.009270522480344424,0.009913220452957141,0.010480472832156647,0.010967962484820922,0.011371979320338909,0.011689448526640252,0.01191795397137188,0.01205575659012399,0.012101807621760401,0.01205575659012399,0.011917953971371877,0.01168944852664027,0.011371979320338902,0.010967962484820933,0.010480472832156659,0.00991322045295716,0.009270522480344465,0.008557270233961826,0.007778891994077699,0.006941311689095263,0.006050903810880223
-0.015672787045165438,-0.0148245022509165,-0.01386339404325893,-0.012796777035985925,-0.011632768828563877,-0.0103802282262986,-0.009048687819477968,-0.007648281434604019,-0.006189667009854132,-0.004683945481736193,-0.003142576300258631,-0.0015772902155966526,1.5525227129543797e-17,0.0015772902155965557,0.0031425763002585986,0.004683945481736159,0.0061896670098541,0.007648281434603928,0.00904868781947794,0.010380228226298523,0.011632768828563855,0.0127967770359859,0.01386339404325887,0.014824502250916515,0.015672787045165424,0.016401792466513063,0.017005970343517494,0.0174807225177221,0.017822435838418013,0.018028509660902556,0.018097375638955873,0.01802850966090256,0.01782243583841801,0.017480722517722123,0.017005970343517484,0.016401792466513077,0.01567278704516544,0.014824502250916537,0.013863394043258934,0.012796777035985927,0.011632768828563832,0.01038022822629855,0.009048687819477971
-0.022109755919468888,-0.020913072158183027,-0.01955722729011523,-0.018052540113392888,-0.016410462205985934,-0.014643490772283442,-0.012765073531822319,-0.010789506374021892,-0.00873182455783308,-0.006607688284339423,-0.0044332635131706715,-0.0022250989297889962,2.1901591684959093e-17,0.002225098929788859,0.004433263513170625,0.006607688284339376,0.008731824557833034,0.010789506374021766,0.012765073531822279,0.01464349077228333,0.0164104622059859,0.01805254011339285,0.019557227290115144,0.020913072158183055,0.02210975591946887,0.023138171087971893,0.023990490803285802,0.024660228397732277,0.025142286763819018,0.025432997146305245,0.02553014706364455,0.025432997146305255,0.025142286763819015,0.02466022839773231,0.02399049080328579,0.023138171087971914,0.02210975591946889,0.02091307215818308,0.01955722729011523,0.01805254011339289,0.016410462205985875,0.014643490772283371,0.012765073531822322
-0.030031492409498716,-0.028406047089137628,-0.02656441459838808,-0.02452061087251264,-0.02229019049194781,-0.01989012830255426,-0.017338690226790337,-0.014655294249013134,-0.011860362632892321,-0.008975166495652557,-0.006021663922027178,-0.003022332849975087,2.974874470973306e-17,0.003022332849974901,0.006021663922027114,0.008975166495652496,0.01186036263289226,0.014655294249012962,0.017338690226790285,0.019890128302554107,0.02229019049194776,0.024520610872512588,0.026564414598387962,0.02840604708913766,0.03003149240949869,0.03142837993911254,0.03258607852041513,0.033495777368165155,0.034150553124840145,0.03454542255156728,0.03467738045358055,0.03454542255156728,0.03415055312484013,0.033495777368165204,0.032586078520415104,0.031428379939112565,0.03003149240949872,0.0284060470891377,0.026564414598388084,0.024520610872512647,0.022290190491947727,0.019890128302554162,0.01733869022679034
-0.041003320357408786,-0.038784028212835366,-0.03626956619512585,-0.03347907087850847,-0.030433779617290067,-0.02715686891676553,-0.023673278046018494,-0.020009519235025138,-0.016193475900575186,-0.012254190436633932,-0.008221643184187407,-0.0041265242627453345,4.061727245956456e-17,0.00412652426274508,0.008221643184187322,0.012254190436633849,0.016193475900575106,0.020009519235024906,0.023673278046018417,0.027156868916765328,0.030433779617289995,0.033479070878508405,0.03626956619512568,0.03878402821283541,0.041003320357408744,0.042910552475580455,0.04449120937931308,0.04573326131514235,0.046627255517865264,0.04716638815179052,0.047346556092036814,0.04716638815179052,0.04662725551786525,0.045733261315142416,0.04449120937931305,0.0429105524755805,0.04100332035740879,0.03878402821283547,0.03626956619512585,0.03347907087850848,0.030433779617289942,0.027156868916765397,0.023673278046018497
-0.05399768573003187,-0.05107507754315242,-0.04776375717619469,-0.04408892577658085,-0.04007855103018615,-0.035763154310360985,-0.03117557839185081,-0.026350737497449723,-0.021325351579682714,-0.016137666859795195,-0.010827164750914959,-0.005434261380659451,5.3489295363524274e-17,0.005434261380659117,0.010827164750914848,0.01613766685979508,0.021325351579682607,0.026350737497449418,0.031175578391850707,0.035763154310360715,0.040078551030186066,0.044088925776580766,0.04776375717619448,0.05107507754315248,0.05399768573003182,0.056509338923811554,0.058590921927109414,0.06022659263637596,0.06140390260986889,0.06211389180781051,0.0623511567837014,0.06211389180781051,0.061403902609868874,0.060226592636376065,0.05859092192710937,0.0565093389238116,0.053997685730031886,0.051075077543152554,0.047763757176194695,0.04408892577658086,0.04007855103018599,0.03576315431036081,0.03117557839185081
-0.06932007037414213,-0.06556814281555326,-0.06131720209901108,-0.05659960045015635,-0.05145124166610298,-0.045911307865861464,-0.040021961290754866,-0.03382802342430467,-0.027376633873676497,-0.02071689160880643,-0.013899481289592168,-0.006976287525027852,6.866741914460542e-17,0.006976287525027423,0.013899481289592022,0.02071689160880628,0.027376633873676358,0.03382802342430428,0.04002196129075474,0.04591130786586111,0.051451241666102876,0.056599600450156246,0.06131720209901082,0.06556814281555333,0.06932007037414206,0.0725444303405807,0.07521668338860296,0.07731649205896268,0.07882787553977949,0.07973933129016587,0.08004392258150946,0.07973933129016587,0.07882787553977948,0.0773164920589628,0.07521668338860292,0.07254443034058077,0.06932007037414213,0.06556814281555343,0.06131720209901109,0.05659960045015637,0.05145124166610277,0.04591130786586124,0.04002196129075487
-0.08937371201967786,-0.08453638725456772,-0.07905568953798431,-0.07297333028888611,-0.06633559993378822,-0.05919301560866387,-0.05159993669303724,-0.04361415110228296,-0.03529643548669582,-0.02671009268448481,-0.01792046994894997,-0.008994461616428018,8.853225495359179e-17,0.008994461616427465,0.01792046994894978,0.02671009268448462,0.03529643548669562,0.04361415110228244,0.05159993669303708,0.05919301560866342,0.0663355999337881,0.07297333028888595,0.07905568953798395,0.08453638725456782,0.08937371201967775,0.09353084887099519,0.09697615948693387,0.0996834229733708,0.10163203542048405,0.10280716671094647,0.1031998733860741,0.10280716671094647,0.10163203542048405,0.09968342297337093,0.09697615948693382,0.09353084887099528,0.08937371201967786,0.08453638725456793,0.07905568953798431,0.07297333028888614,0.06633559993378796,0.05919301560866357,0.051599936693037245
-0.11243062765332561,-0.10634535439775619,-0.09945072878213948,-0.09179922307049852,-0.083449069841405,-0.07446381880289242,-0.0649118531408063,-0.0548658690814701,-0.044402322629506344,-0.03360084769147706,-0.022543650013769085,-0.011314881547228286,1.1137208880621412e-16,0.01131488154722759,0.02254365001376885,0.03360084769147683,0.04440232262950612,0.054865869081469454,0.0649118531408061,0.07446381880289184,0.08344906984140484,0.09179922307049834,0.09945072878213904,0.10634535439775632,0.1124306276533255,0.11766023594498382,0.12199437879590808,0.1254000707619754,0.1278513924709114,0.12932968788436208,0.12982370628161213,0.1293296878843621,0.12785139247091135,0.12540007076197562,0.12199437879590802,0.1176602359449839,0.11243062765332561,0.10634535439775647,0.0994507287821395,0.09179922307049854,0.08344906984140467,0.07446381880289205,0.06491185314080632
