hough_viz/data/file_2_0_1.json
{"header": {"discipline": 0, "disciplineName": "Meteorological products", "gribEdition": 2, "gribLength": 133963, "center": 7, "centerName": "US National Weather Service - NCEP(WMC)", "subcenter": 0, "refTime": "2014-11-30T06:00:00.000Z", "significanceOfRT": 1, "significanceOfRTName": "Start of forecast", "productStatus": 0, "productStatusName": "Operational products", "productType": 1, "productTypeName": "Forecast products", "productDefinitionTemplate": 0, "productDefinitionTemplateName": "Analysis/forecast at horizontal level/layer at a point in time", "parameterCategory": 2, "parameterCategoryName": "Momentum", "parameterNumber": 2, "parameterNumberName": "U-component_of_wind", "parameterUnit": "m.s-1", "genProcessType": 2, "genProcessTypeName": "Forecast", "forecastTime": 6, "surface1Type": 100, "surface1TypeName": "Isobaric surface", "surface1Value": 85000, "surface2Type": 255, "surface2TypeName": "Missing", "surface2Value": 0, "gridDefinitionTemplate": 0, "gridDefinitionTemplateName": "Latitude_Longitude", "numberPoints": 65160, "shape": 6, "shapeName": "Earth spherical with radius of 6,371,229.0 m", "gridUnits": "degrees", "resolution": 48, "winds": "true", "scanMode": 0, "nx": 360, "ny": 181, "basicAngle": 0, "subDivisions": 0, "lo1": 0, "la1": 90, "lo2": 359, "la2": -90, "dx": 1, "dy": 1}, "data":
[rows 0 to 19 of 181, columns 308 to 351 of 360]
9.018113220402256e-05,7.750316121623023e-05,6.473076456496268e-05,5.1879503448062226e-05,3.896503514764013e-05,2.6003093953997636e-05,1.3009471995832288e-05,1.597788911094335e-19,-1.3009471995832288e-05,-2.600309395399006e-05,-3.896503514764013e-05,-5.1879503448062226e-05,-6.473076456496268e-05,-7.750316121626055e-05,-9.018113220405286e-05,-0.00010274923137352634,-0.0001151921464320032,-0.0001274947176039607,-0.00013964195610162853,-0.00015161906238592046,-0.00016341144419786504,-0.00017500473433659447,-0.00018638480816404217,-0.00019753780081307375,-0.00020845012408020282,-0.00021910848298037385,-0.0002294998919451145,-0.00023961169064326773,-0.00024943155940575733,-0.0002589475342350516,-0.00026814802138168826,-0.00027702181146937386,-0.00028555809315168764,-0.00029374646628432696,-0.00030157695459598474,-0.00030904001784294957,-0.00031612656343191003,-0.0003228279574990863,-0.00032913603542780674,-0.00033504311179689415,-0.00034054198974361734,-0.0003456259697323589,-0.0003502888577166958,-0.0003545249726856193
-0.06189723320065313,-0.05319550915302365,-0.044428974571631266,-0.03560831012848223,-0.026744262444481335,-0.01784763099632966,-0.008929254959025756,-1.0966674560223845e-16,0.008929254959025081,0.017847630996329442,0.026744262444481116,0.035608310128482014,0.04442897457163106,0.05319550915302344,0.06189723320065291,0.07052354500416567,0.07906393473140975,0.08750799723304913,0.09584544471963366,0.1040661192956867,0.11216000533553394,0.12011724168580502,0.12792813367972422,0.1355831649485734,0.14307300901591782,0.15038854066048402,0.15752084703383454,0.16446123851930003,0.1712012593189422,0.17773269775563588,0.18404759627773842,0.19013826115413499,0.19599727184786944,0.20161749005692198,0.20699206841113424,0.2121144588146714,0.21697842042386994,0.22157802725074602,0.22590767538289536,0.2299620898110005,0.23373633085561524,0.23722580018540437,0.2404262464195004,0.24333377030715883
-0.12388464753351026,-0.10646852146726354,-0.08892267990782747,-0.07126849976041251,-0.053527489924110314,-0.035721265086613316,-0.01787151939004734,-2.1949327009558635e-16,0.017871519390045994,0.03572126508661288,0.05352748992410987,0.0712684997604121,0.08892267990782707,0.10646852146726316,0.12388464753350985,0.14114983923970487,0.1582430616092515,0.17514348918370218,0.19183053139536888,0.20828385765375929,0.2244834221152657,0.24040948810594662,0.2560426521676124,0.2713638676979598,0.28635446815591586,0.30099618980394843,0.3152711939596141,0.3291620887292433,0.3426519501972901,0.3557243430455069,0.36836334057685854,0.38055354411973935,0.39228010178889045,0.4035287265801283,0.41428571377686446,0.42453795764718566,0.43427296741117183,0.44347888245899103,0.4521444868012185,0.46025922273379777,0.4678132037009741,0.474797226340541,0.4812027816967175,0.4870220655870033
-0.1859416189689985,-0.15980131230953026,-0.1334663123665181,-0.10696870428079663,-0.08034077130617483,-0.05361495547726356,-0.026823818083853992,-3.2944303274813174e-16,0.026823818083851973,0.05361495547726288,0.08034077130617417,0.10696870428079598,0.13346631236651746,0.15980131230952965,0.18594161896899783,0.21185538440786428,0.23751103669464885,0.26287731836899136,0.28792332452404806,0.31261854045936155,0.3369328788583176,0.3608367164449183,0.3843009300751651,0.40729693221913654,0.4297967057904807,0.4517728382809265,0.4731985551581988,0.49404775248665866,0.5142950287309378,0.5339157157037822,0.552885908620455,0.5711824952230181,0.5887831839390715,0.6056665310405902,0.6218119667698147,0.637199820400321,0.6518113442027755,0.6656287362861615,0.6786351622866287,0.6908147758775827,0.7021527380759884,0.7126352353213873,0.7222494963055888,0.730983807532549
-0.24811437031365252,-0.2132336063266449,-0.1780930500364474,-0.14273551479791183,-0.10720407832131558,-0.07154203018880713,-0.035792819112718546,-4.3959792905831865e-16,0.03579281911271585,0.07154203018880624,0.10720407832131468,0.14273551479791097,0.17809305003644657,0.2132336063266441,0.2481143703136517,0.28269284515952264,0.31692690231905973,0.35077483286696787,0.3841953983137484,0.41714788084844956,0.44959213294703887,0.48148862628599454,0.5127984999014562,0.5434836075353431,0.5735065641106786,0.6028307912795592,0.6314205619882317,0.6592410440050005,0.68625834235795,0.7124395406307276,0.7377527410661476,0.7621671034286753,0.7856528825785183,0.8081814647114864,0.829725402220517,0.8502584471363424,0.8697555831066033,0.8881930558744278,0.9055484022193203,0.921800477325147,0.9369294805418313,0.9509169795093988,0.9637459326149648,0.9754007097553207
-0.3105414171035113,-0.26688444606839823,-0.2229023174461482,-0.17864861668555984,-0.13417726010425,-0.0895424291999256,-0.04479850463857495,-5.50203374649225e-16,0.04479850463857157,0.08954242919992451,0.1341772601042489,0.1786486166855588,0.2229023174461471,0.2668844460683972,0.31054141710351035,0.35382004125712324,0.39666759019226144,0.43903186077070866,0.48086123865448044,0.5221047611899496,0.5627121794979776,0.6026340196944581,0.6418216431665932,0.6802273058315769,0.7178042163053869,0.7545065929108923,0.7902897194557682,0.8251099997122832,0.8589250105326042,0.8916935535348431,0.9233757052969654,0.9539328659973055,0.9833278064425228,1.0115247134256238,1.038489233358856,1.064188514128244,1.0885912451188378,1.1116676953618836,1.1333897497574112,1.1537309433281664,1.1726664934631044,1.1901733301111843,1.2062301238886697,1.2208173120657047
-0.3731523161547542,-0.3206932914938879,-0.2678435514563509,-0.21466748530950067,-0.16122987989879195,-0.1075958407149857,-0.05383071257313693,-6.611345614426865e-16,0.05383071257313285,0.10759584071498438,0.16122987989879065,0.21466748530949936,0.2678435514563497,0.3206932914938866,0.373152316154753,0.4251567121980953,0.4766431202779926,0.5275488121370755,0.5778117670312343,0.6273707472923477,0.6761653729369355,0.7241361952298958,0.7712247691135959,0.8173737244142022,0.8625268357383777,0.9066290909752799,0.9496267583203362,0.9914674517391633,1.032100194791904,1.0714754827401338,1.1095453428607944,1.1462633928935348,1.1815848975503764,1.2154668230187504,1.2478678893915904,1.2787486209605194,1.30807139431093,1.3358004841603275,1.3619021068840649,1.3863444616755016,1.40909776929038,1.430134308328252,1.4494284490067257,1.4669566843874238
-0.4359959698108251,-0.3747021700884111,-0.31295185349018906,-0.25082025326502677,-0.1883830671971592,-0.12571636538009887,-0.06289649753694443,-7.724781324206344e-16,0.06289649753693968,0.1257163653800973,0.18838306719715767,0.2508202532650252,0.3129518534901876,0.3747021700884097,0.43599596981082367,0.4967585756040569,0.5569159575927061,0.6163948232733555,0.67512270681019,0.7330280573234602,0.7900403260631923,0.846090052362005,0.9011089482621933,0.9550299817141192,1.0077874582444153,1.0593171009945979,1.1095561290325116,1.1584433338412135,1.205919153892151,1.2519257472116718,1.2964070618525976,1.339308904184853,1.3805790049220823,1.4201670828037036,1.4580249058549013,1.4941063501498344,1.5283674560065459,1.5607664815450764,1.5912639535434883,1.619822715529929,1.6464079730520582,1.6709873360687317,1.69353085841227,1.7140110742732655
-0.4992652954189258,-0.4290768782208555,-0.35836569694089926,-0.2872179022612245,-0.2157201768101707,-0.14395962955281955,-0.07202368966213926,-8.845758898986787e-16,0.07202368966213381,0.14395962955281777,0.2157201768101689,0.2872179022612228,0.3583656969408977,0.42907687822085383,0.4992652954189242,0.5688454347604532,0.6377325235636452,0.7058426335220395,0.7730927829582099,0.8394010379241631,0.904686612025217,0.9688699648458144,1.0318728988572208,1.0936186546892082,1.154032004649493,1.213039344377116,1.2705687825180043,1.3265502283135064,1.3809154769952126,1.433598292881917,1.4845344900776385,1.533662010672206,1.5809210003492935,1.6262538813096634,1.6696054224208685,1.7109228065078532,1.7501556947025585,1.787256287774091,1.8221793843646952,1.854882436060668,1.8853255992310367,1.9134717835708892,1.9392866972901912,1.9627388888930628
-0.5628066381242859,-0.483685362359735,-0.4039747904871672,-0.323772037559937,-0.24317481827819915,-0.1622813279385985,-0.0811901227984269,-9.971555950868558e-16,0.08119012279842079,0.16228132793859648,0.24317481827819717,0.32377203755993506,0.40397479048716534,0.48368536235973314,0.562806638124284,0.641242220694001,0.7188965483935905,0.7956750113864866,0.8714840669423481,0.9462313534044735,1.0198258027182345,1.0921777513835131,1.1631990496958127,1.2328031691431391,1.300905307827632,1.3674224937836386,1.4322736860662597,1.4953798734872512,1.5566641708780165,1.6160519127622943,1.6734707443245915,1.7288507095633325,1.7821243365215103,1.8332267194908412,1.8820955980894059,1.9286714331163006,1.9728974790909979,2.0147198533889865,2.0540876018894214,2.0909527610548935,2.125270416367602,2.1569987570507796,2.186099127008675,2.2125360719230693
-0.6266751497915962,-0.5385750209325928,-0.44981872137170514,-0.36051438698808846,-0.270770821356911,-0.1806973631889577,-0.09040375311825369,-1.110314963588946e-15,0.09040375311824685,0.18069736318895546,0.2707708213569088,0.3605143869880863,0.4498187213717031,0.5385750209325908,0.6266751497915941,0.7140117715124877,0.8004784798748708,0.8859699285137838,0.9703819592680083,1.0536117290807507,1.1355578352980455,1.2161204392123133,1.2952013877003892,1.3727043328080357,1.4485348491350447,1.522600548878071,1.5948111943909278,1.6650788081252443,1.7333177798175954,1.799444970792368,1.8633798152534862,1.9250444184413709,1.9843636515357488,2.041265243188512,2.095679867575263,2.14754122885811,2.1967861419569537,2.243354609530794,2.2871898950752048,2.3282385920470614,2.3664506889321704,2.4017796301766023,2.434182372907451,2.4636194393739657
-0.6911108288659787,-0.5939521125849939,-0.4960697571461333,-0.3975830171218786,-0.29861188343422984,-0.19927693716425077,-0.09969920264259609,-1.2244792139012399e-15,0.09969920264258857,0.19927693716424832,0.2986118834342273,0.39758301712187627,0.4960697571461311,0.5939521125849916,0.6911108288659764,0.7874275330594552,0.8827848780978094,0.9770666857447873,1.0701580881407706,1.1619456677515752,1.252317595550225,1.341163767263443,1.4283759375166876,1.5138478517145184,1.597475375495416,1.67915662160349,1.7587920740223932,1.836284709220243,1.9115401143578914,1.9844666023163688,2.054975323403578,2.122980373603898,2.1883988992390426,2.251151197912467,2.3111608156145005,2.368354639869739,2.4226629888133564,2.474019696087735,2.5223621914559486,2.5676315770339833,2.609772699048726,2.6487342150343474,2.6844686563851736,2.7169324861888944
-0.7558838274979539,-0.6496191022616773,-0.5425629162154465,-0.4348457008312175,-0.32659869294337107,-0.21795377485684506,-0.10904331366886133,-1.3392411118981928e-15,0.10904331366885307,0.21795377485684242,0.3265986929433684,0.43484570083121493,0.542562916215444,0.6496191022616749,0.7558838274979515,0.8612276247254049,0.965522148754071,1.0686403327717657,1.1704565431554024,1.2708467325362183,1.3696885909323613,1.466861694764816,1.5622476535749181,1.655730254264947,1.747195602685843,1.8365322623997171,1.9236313904479696,2.008386869959654,2.0906954394385813,2.1704568185714885,2.2475738304042183,2.3219525197368047,2.393502267593462,2.4621359016278097,2.5277698023289927,2.5903240048991263,2.6497222966781084,2.7058923099970253,2.7587656103469658,2.808277779755964,2.8543684952723596,2.8969816024590296,2.9360651838089047,2.9715716219984842
-0.8210478437637281,-0.7056221389802425,-0.5893367423131676,-0.4723333296059503,-0.35475445149397977,-0.23674335972859809,-0.11844383264690601,-1.454695797426259e-15,0.11844383264689706,0.23674335972859517,0.3547544514939769,0.47233332960594737,0.5893367423131649,0.7056221389802397,0.8210478437637255,0.9354732282223155,1.0487588826509155,1.1607667859299267,1.2713604736826989,1.380405204536362,1.4877681242834078,1.5933184277441368,1.6969275181325427,1.7984691637317554,1.8978196516878931,1.9948579387351568,2.089465798668384,2.181527966383458,2.270932278310126,2.3575698090659647,2.4413350041652553,2.5221258086207947,2.599843791282232,2.67439426475922,2.745686400783462,2.813633340868917,2.8781523021355064,2.939164678167327,2.996596134782408,3.0503767005975075,3.100440852277438,3.1467275943651725,3.189180533595396,3.22774794760104
-0.8868744815786865,-0.7621946436517673,-0.6365861889586426,-0.5102021520528571,-0.38319651241541197,-0.2557240068544865,-0.12793994098247227,-1.571324486138432e-15,0.1279399409824626,0.2557240068544833,0.38319651241540886,0.5102021520528539,0.6365861889586397,0.7621946436517644,0.8868744815786839,1.010473799562347,1.132842010872794,1.253830028693927,1.3732904477628065,1.49107772396027,1.6070483516339917,1.721061038438081,1.8329768774759576,1.9426595165370781,2.0499753242210517,2.1547935527469537,2.25698649724934,2.3564296513669354,2.453001858934513,2.5465854615929393,2.6370664421378427,2.724334563431942,2.8082835027120727,2.8888109811270524,2.9658188883487555,3.0392134021043833,3.1089051024844756,3.1748090808873175,3.236845043466943,3.2949374089588623,3.3490154007641633,3.399013133179912,3.4448696916707116,3.4865292070837115
-0.9530725822256843,-0.8190863896441064,-0.6841022664673333,-0.5482846700567459,-0.4117990732324731,-0.2748117626702511,-0.1374896363067223,-1.6886113160597583e-15,0.1374896363067119,0.2748117626702477,0.4117990732324697,0.5482846700567425,0.6841022664673302,0.8190863896441032,0.9530725822256811,1.0858976026754004,1.2173996241659564,1.347418431740502,1.4757956175098705,1.6023747736481975,1.7270016829517336,1.8495245067288215,1.969793969791864,2.087663542326222,2.202989618414166,2.315631690996609,2.4254525230592954,2.5323183148349435,2.6360988668177106,2.7366677383911506,2.833902401876721,2.9276843918148,3.0178994492966655,3.104437661171328,3.1871935939578253,3.266066422299621,3.340960051804801,3.411783236122309,3.478449688111518,3.540878184969863,3.5989926671902928,3.6527223312280763,3.7020017157639944,3.746770781458909
-1.0196877743063166,-0.876336590934498,-0.7319177264159296,-0.5866071328910061,-0.4405818489345568,-0.2940197838616119,-0.14709950097230742,-1.8066371299029826e-15,0.1470995009722963,0.29401978386160826,0.44058184893455316,0.5866071328910025,0.7319177264159262,0.8763365909344946,1.019687774306313,1.161796625196007,1.3024900058589437,1.4415965030829463,1.57894663702886,1.7143730677156455,1.8477107988983328,1.9787973790906057,2.1074730994868194,2.23358118854266,2.3569680029770614,2.4774832149629247,2.5949799952783934,2.709315192195631,2.820349505889202,2.927947658151372,3.0319785572078586,3.132315457432874,3.2288361137692214,3.3214229306650074,3.4099631053457684,3.4943487652472145,3.5744770994413635,3.650250483895838,3.721576600413665,3.7883685491088173,3.85054495428032,3.9080300635560157,3.9607538401851468,4.0086520483673755
-1.0869982372974483,-0.9341843195806507,-0.7802322421705071,-0.6253295719588423,-0.4696650339883821,-0.3134282815203594,-0.15680966497122978,-1.9258947936064304e-15,0.15680966497121793,0.31342828152035557,0.4696650339883782,0.6253295719588386,0.7802322421705035,0.9341843195806471,1.0869982372974447,1.2384878151013452,1.3884684862769614,1.536757522479223,1.6831742563596932,1.8275403016819147,1.969679770657525,2.1094194882385136,2.246589203104239,2.381021795086527,2.5125534787797865,2.6410240030883463,2.7662768464677097,2.8881594076219232,3.0065231914248134,3.1212239898383354,3.23212205760795,3.3390822825205992,3.4419743500181985,3.5406729019657948,3.635057689381206,3.7250137189398176,3.8104313930762688,3.8912066435122252,3.9672410580474917,4.038442000460167,4.104722723369582,4.16600247392464,4.222206592188701,4.273266602101254
-1.1546750196240054,-0.9923468691412921,-0.8288096968578472,-0.6642627476271274,-0.4989064965602566,-0.33294240477798154,-0.16657267396133021,-2.045801485502092e-15,0.16657267396131764,0.3329424047779774,0.49890649656025254,0.6642627476271236,0.8288096968578432,0.9923468691412883,1.1546750196240019,1.3155963764593632,1.4749148817620878,1.6324364304746055,1.7879691068541461,1.9413234182925199,2.0923125261836373,2.2407524735576527,2.3864624092040887,2.529264808011271,2.668985687253261,2.805454818561061,2.9385059353196374,3.0679769352381534,3.193710077846714,3.3155521766787293,3.433354785905136,3.5469743811926726,3.65627253456625,3.7611160830620567,3.861377290966182,3.9569340054408397,4.047669805348815,4.133474143094718,4.214242479310139,4.28987641021881,4.360283787526432,4.425378830689187,4.485082231424093,4.539321250333968
-1.222750964170973,-1.0508524653366762,-0.8776736646447801,-0.7034255537877782,-0.5283204272478862,-0.35257162364891576,-0.17639326583602416,-2.1664153951426535e-15,0.1763932658360108,0.3525716236489113,0.5283204272478818,0.7034255537877739,0.8776736646447759,1.0508524653366722,1.2227509641709688,1.3931597293057791,1.5618711439102269,1.728679659113626,1.893382044435084,2.0557776353885515,2.215668577961551,2.3728600696699016,2.5271605968944244,2.678382168210886,2.8263405434285223,2.970855458058376,3.111750842937793,3.2488550387435513,3.3820010051323677,3.5110265242537344,3.635774398387488,3.756092641464912,3.871834664240434,3.982859452887979,4.089031740804656,4.190222173412218,4.286307465755711,4.377170552707242,4.462700731591728,4.5427937970611225,4.617352168052538,4.686285006675762,4.749508328885209,4.806945106801591
