hough_viz/data/file_2_1_0.json
{"header": {"discipline": 0, "disciplineName": "Meteorological products", "gribEdition": 2, "gribLength": 133963, "center": 7, "centerName": "US National Weather Service - NCEP(WMC)", "subcenter": 0, "refTime": "2014-11-30T06:00:00.000Z", "significanceOfRT": 1, "significanceOfRTName": "Start of forecast", "productStatus": 0, "productStatusName": "Operational products", "productType": 1, "productTypeName": "Forecast products", "productDefinitionTemplate": 0, "productDefinitionTemplateName": "Analysis/forecast at horizontal level/layer at a point in time", "parameterCategory": 2, "parameterCategoryName": "Momentum", "parameterNumber": 3, "parameterNumberName": "V-component_of_wind", "parameterUnit": "m.s-1", "genProcessType": 2, "genProcessTypeName": "Forecast", "forecastTime": 6, "surface1Type": 100, "surface1TypeName": "Isobaric surface", "surface1Value": 85000, "surface2Type": 255, "surface2TypeName": "Missing", "surface2Value": 0, "gridDefinitionTemplate": 0, "gridDefinitionTemplateName": "Latitude_Longitude", "numberPoints": 65160, "shape": 6, "shapeName": "Earth spherical with radius of 6,371,229.0 m", "gridUnits": "degrees", "resolution": 48, "winds": "true", "scanMode": 0, "nx": 360, "ny": 181, "basicAngle": 0, "subDivisions": 0, "lo1": 0, "la1": 90, "lo2": 359, "la2": -90, "dx": 1, "dy": 1}, "data":
[rows 19 to 37 of 181, columns 43 to 85 of 360]
-21.07420906049963,-21.112800943719282,-21.125670131166682,-21.112800943719282,-21.07420906049963,-21.00994149977281,-20.920076561661908,-20.80472373275138,-20.664023552694513,-20.498147442987502,-20.307297498118775,-20.091706239347964,-19.851636331414607,-19.58738026252157,-19.29925998798329,-18.98762653797276,-18.652859589845356,-18.295367005560486,-17.915584334764585,-17.513974284140982,-17.091026153673074,-16.647255240507675,-16.18320221114481,-15.699432442718868,-15.196535334173651,-14.675123588170557,-14.135832464604784,-13.579319006638958,-13.006261240197276,-12.417357347895374,-11.813324818412333,-11.194899572341242,-10.56283506558334,-9.917901371378042,-9.260884242087295,-8.592584151877443,-7.9138153214646385,-7.225404726112432,-6.528191088089732,-5.823023854816952,-5.110762163945125,-4.3922737966291,-3.6684341202697937
-21.91322087240893,-21.953349185573458,-21.966730724409565,-21.953349185573458,-21.91322087240893,-21.84639467508429,-21.75295201102718,-21.63300672573002,-21.486704954046793,-21.314224942150226,-21.115776830366315,-20.891602397150677,-20.641974764518764,-20.367198065288743,-20.067607072542522,-19.743566791756308,-19.395472016097667,-19.023746845430832,-18.628844169616407,-18.21124511673477,-17.771458466905646,-17.310020032417917,-16.827492004924878,-16.324462270500263,-15.801543693389698,-15.259373369329936,-14.698611849345939,-14.11994233497109,-13.524069845871464,-12.911720360887902,-12.283639933542648,-11.640593783088054,-10.983365362204783,-10.31275540248541,-9.629580938866281,-8.934674314196394,-8.228882165155722,-7.513064390758935,-6.788093104700859,-6.054851572820299,-5.314233136976625,-4.567140126650417,-3.8144827595938886
-22.720813473146176,-22.762420680215914,-22.77629538396892,-22.762420680215914,-22.720813473146176,-22.651524454732424,-22.55463804297045,-22.430272279028756,-22.278578683433654,-22.09974207146475,-21.893980327986068,-21.66154414198687,-21.40271670115574,-21.117813346860032,-20.80718118995095,-20.47119868786246,-20.110275183519253,-19.72485040661533,-19.31539393787124,-18.8824046369222,-18.426410034534527,-17.94796568989065,-17.447654513725823,-16.92608605814116,-16.38389577395835,-15.821744236520628,-15.240316340883588,-14.640320467375945,-14.022487618547288,-13.387570528554065,-12.736342746068948,-12.069597691830952,-11.38814769198446,-10.692822988384966,-9.984470727077223,-9.263953926178367,-8.532150424423165,-7.789951811652819,-7.038262342550065,-6.277997834944127,-5.510084554027723,-4.735458083845705,-3.955062187429919
-23.494616541085787,-23.537640765399075,-23.55198800013534,-23.537640765399075,-23.494616541085787,-23.422967745585428,-23.322781671918662,-23.19418038138377,-23.037320554843767,-22.852393301834873,-22.639623927729033,-22.39927165923398,-22.131629328565445,-21.837023016676206,-21.515811655976684,-21.168386593031066,-20.79517111176184,-20.396619917743468,-19.973218584213765,-19.525482960477675,-19.053958543424322,-18.55921981292312,-18.04186953190853,-17.50253801200626,-16.94188234559567,-16.36058560524387,-15.759356011487114,-15.138926069973058,-14.500051679015526,-13.843511208648852,-13.170104552303869,-12.48065215226099,-11.775994000067667,-11.056988613138092,-10.324511988781916,-9.579456536936581,-8.822729992903144,-8.055254311410723,-7.277964543356653,-6.491807696591011,-5.697741582133369,-4.896733647227716,-4.089759796656911
-24.203593330349964,-24.24791585959029,-24.262696038460813,-24.24791585959029,-24.203593330349964,-24.129782450914345,-24.02657314847034,-23.894091167654796,-23.732497917354056,-23.54199027405208,-23.322800341966776,-23.075195170266763,-22.799476427713117,-22.495980035122418,-22.165075756099007,-21.80716674653496,-21.4226890634268,-21.012111133607128,-20.575933183038757,-20.114686627366385,-19.62893342446851,-19.119265389798333,-18.586303475347748,-18.030697013113027,-17.453122923983788,-16.854284893019155,-16.234912512115955,-15.595760391113295,-14.93760723841679,-14.261254912262281,-13.56752744377509,-12.85727003301505,-12.131348019230407,-11.390645826575247,-10.636065886574867,-9.868527538652073,-9.088965910053554,-8.298330776541507,-7.497585405238107,-6.687705381032932,-5.86967741798299,-5.044498157153738,-4.213172952365368
-24.876418336180834,-24.92197296784445,-24.937164014382386,-24.92197296784445,-24.876418336180834,-24.800555620693075,-24.694477248414238,-24.55831245950081,-24.392227149773532,-24.196423668598804,-23.97114057235723,-23.71665233379938,-23.433269007643027,-23.121335852819247,-22.78123291182756,-22.41337454771272,-22.018208939227186,-21.596217534794285,-21.147914465937525,-20.673845920890518,-20.174589479150736,-19.650753407787896,-19.102975920364177,-18.531924399369355,-17.938294583118033,-17.322809718099613,-16.68621967781399,-16.029300049166043,-15.352851187532579,-14.657697241652539,-13.944685149528713,-13.21468360656427,-12.468582007191193,-11.707289361280186,-10.931733186652117,-10.142858379040543,-9.34162606088166,-8.529012410334776,-7.706007471959547,-6.873613950499199,-6.032845989239207,-5.1847279344300246,-4.330293087278853
-25.51137114852753,-25.55808852963117,-25.57366731678319,-25.55808852963117,-25.51137114852753,-25.433572091404887,-25.324786144430306,-25.185145846523003,-25.014821327876017,-24.814020102678857,-24.582986816293364,-24.32200294719105,-24.031386464014926,-23.71149143818371,-23.362707612510324,-22.985459926360324,-22.580207997928735,-22.147445564266068,-21.687699879735803,-21.201531073636147,-20.689531467768763,-20.15232485478592,-19.590565738195192,-19.004938534947787,-18.396156741581915,-17.764962064937123,-17.11212351849885,-16.438436485473844,-15.744721749738309,-15.031824495839189,-14.300613279266935,-13.55197896825451,-12.786833658391592,-12.00610956137667,-11.210757869260593,-10.401747595565707,-9.580064394692002,-8.74670936104916,-7.9026978093771705,-7.049058037741743,-6.186830074711457,-5.317064412243262,-4.4408207258197345
-26.07180003538532,-26.119543694917372,-26.135464713864433,-26.119543694917372,-26.07180003538532,-25.992291903563082,-25.88111616786199,-25.738408278790686,-25.564342103929533,-25.35912971609977,-25.123021134985414,-24.856304022522824,-24.5593033324289,-24.232380914295085,-23.87593507272933,-23.490400082083312,-23.07624565735603,-22.633976381918398,-22.164131092756183,-21.66728222398012,-21.144035109403102,-20.595027245034203,-20.02092751238798,-19.422435363555383,-18.800279969029113,-18.155219329321685,-17.488039351458657,-16.799552891471816,-16.090598764059465,-15.36204072061984,-14.614766396903107,-13.849686231563933,-13.067732356932213,-12.269857463353448,-11.457033638482216,-10.630251182943255,-9.790517403802536,-8.938855387318876,-8.076302752470884,-7.203910386778091,-6.322741165956311,-5.433868658967439,-4.538375820040917
-26.591560262374554,-26.640255726357466,-26.656494142354617,-26.640255726357466,-26.591560262374554,-26.51046707832779,-26.397074973770486,-26.251522099515334,-26.073985789318918,-25.864682343827823,-25.623866767049662,-25.351832455669953,-25.04891084159343,-24.715470988145345,-24.351919140424663,-23.958698230356944,-23.5362873370501,-23.085201103110187,-22.60598910762876,-22.099235196605367,-21.56555677162113,-21.005604037630032,-20.420059210784345,-19.809635687259302,-19.175077174089804,-18.51715678307786,-17.8366760888751,-17.134464152387366,-16.411376510691817,-15.668294134696746,-14.906122355814237,-14.125789762953294,-13.328247071177309,-12.514465963404174,-11.685437906560315,-10.842172943631054,-9.985698463078682,-9.117057947127979,-8.237309700443818,-7.3475255607499665,-6.448789592959868,-5.542196768410645,-4.62885163080908
-27.069815209303293,-27.119386471709202,-27.135916939120573,-27.119386471709202,-27.069815209303293,-26.987263546850226,-26.8718320608346,-26.72366138674124,-26.542932047712632,-26.32986423460912,-26.0847175377404,-25.807790630594663,-25.499420905950945,-25.159984064817994,-24.78989365870051,-24.389600585750287,-23.959592541416296,-23.500393424262892,-23.012562697680114,-22.496694708263764,-21.953417961695553,-21.383394357005816,-20.787318380151465,-20.16591625789183,-19.519945072993224,-18.8501918418402,-18.157472555577368,-17.442631185949793,-16.706538657053496,-15.950091784248587,-15.174212181527858,-14.379845138672136,-13.567958469560285,-12.739541333037074,-11.895603027775435,-11.037171762601654,-10.165293403781108,-9.281030200791466,-8.385459492135267,-7.479672392768926,-6.564772464747183,-5.6418743727028335,-4.712102525799471
-27.46419640978033,-27.51448987785428,-27.531261178294315,-27.51448987785428,-27.46419640978033,-27.380442048916223,-27.26332883704928,-27.112999458588252,-26.929637066724354,-26.713465060287227,-26.46474681156799,-26.183785345440594,-25.87092297017272,-25.526540860375874,-25.151058592602855,-24.744933634158315,-24.308660785745392,-23.842771578627175,-23.347833627037815,-22.824449936631975,-22.27325816981534,-21.69492986885119,-21.09016963768961,-20.45971428351609,-19.804331919065493,-19.12482102679498,-18.42200948605617,-17.696753564451623,-16.949936874604703,-16.182469297613697,-15.395285874501853,-14.58934566701392,-13.765630589147158,-12.925144210840363,-12.068910535278482,-11.197972751302535,-10.313391962444586,-9.416245894136646,-8.507627580668183,-7.588644033492258,-6.660414892502502,-5.724071061924507,-4.78075333248311
-27.81377523830151,-27.8647088682571,-27.88169364268607,-27.8647088682571,-27.81377523830151,-27.72895480760169,-27.61035091678685,-27.45810806642843,-27.27241174098838,-27.053488182834915,-26.801604116601055,-26.517066424221742,-26.200221771045474,-25.85145618347596,-25.471194578658437,-25.05990024678357,-24.618074286639715,-24.146254995101224,-23.64501721129665,-23.114971616255797,-22.556763988888964,-21.971074419204797,-21.358616479725406,-20.72013635610811,-20.056411938033243,-19.368251871465283,-18.656494573442455,-17.92200721059456,-17.165684642634137,-16.38844833210768,-15.59124522173549,-14.775046580707828,-13.940846821343031,-13.089662287549272,-12.222530016566019,-11.340506475494017,-10.444666274152725,-9.536100855833881,-8.61591716754593,-7.685236311369637,-6.7451921785678195,-5.79693006811363,-4.841605291320071
-28.118503980759936,-28.169995641434916,-28.18716650167599,-28.169995641434916,-28.118503980759936,-28.032754254307907,-27.91285093491176,-27.758940106296503,-27.571209285098664,-27.349887192406133,-27.095243475096826,-26.807588377315415,-26.487272362488675,-26.13468568633977,-25.750257921421777,-25.334457433749687,-24.887790812168593,-24.41080225115315,-23.90407288779051,-23.36822009375425,-22.80389672313211,-22.211790317023844,-21.592622265878294,-20.947146930590254,-20.27615072342793,-19.58045114991067,-18.860895812804554,-18.118361379448807,-17.353752513671814,-16.568000773597568,-15.76206347668557,-14.93692253338698,-14.093583250837991,-13.233073108047947,-12.356440504074365,-11.464753480710343,-10.559098421239957,-9.640578726847714,-8.710313472294118,-7.769436042495478,-6.81909275166891,-5.860441446725159,-4.894650096610376
-28.331346936471835,-28.38322836316211,-28.400529198193034,-28.38322836316211,-28.331346936471835,-28.24494812764892,-28.12413720033319,-27.969061344030084,-27.77990949478291,-27.55691210498335,-27.30034086260078,-27.01050836017226,-26.68776771395672,-26.33251213371721,-25.9451744436553,-25.526226555081546,-25.07617889146421,-24.595579766556863,-24.08501471636259,-23.545105785748543,-22.976510770580063,-22.379922416297802,-21.75606757391406,-21.1057063144568,-20.429631002940212,-19.72866533298994,-19.003663323299364,-18.255508277139267,-17.485111706188963,-16.693412219999644,-15.881374382443283,-15.049987536540105,-14.200264599096512,-13.333240826622013,-12.449972554028552,-11.551535907649287,-10.63902549414424,-9.713553066890825,-8.77624617148355,-7.82824677199342,-6.870709859660568,-5.904802045715455,-4.931700140042664
-28.49553014926105,-28.547712234417624,-28.565113329654515,-28.547712234417624,-28.49553014926105,-28.408630650017543,-28.287119610341065,-28.131145072716137,-27.94089706809082,-27.716607384353278,-27.458549283933976,-27.167037170877485,-26.842426207789543,-26.485111883126194,-26.095529529351996,-25.674153792554456,-25.22149805416091,-24.73811380546231,-24.224589975706063,-23.68155221457645,-23.109662129936844,-22.509616481762475,-21.882146333245693,-21.22801616010809,-20.548022919204634,-19.842995077554384,-19.113791602981234,-18.361300917593734,-17.58643981537973,-16.79015234523407,-15.973408660780445,-15.137203838388636,-14.282556664827254,-13.410508396028996,-12.52212148848061,-11.618478304783478,-10.700679794961344,-9.769844155122414,-8.827105465109588,-7.873612306798902,-6.910526364729356,-5.939021010769385,-4.960279874543845
-28.611325714638244,-28.663719848983636,-28.681191656000607,-28.663719848983636,-28.611325714638244,-28.524073087146427,-28.402068270394565,-28.245459908458443,-28.05443880450344,-27.82923768832016,-27.570130932779108,-27.277434219549562,-26.951504154490138,-26.592737833179424,-26.201572357116216,-25.778484301178693,-25.323989132991283,-24.838640584906802,-24.323029979368886,-23.77778550847666,-23.203571468629438,-22.601087451183865,-21.971067490109665,-21.314279167682265,-20.631522679302076,-19.923629858579567,-19.191463163874314,-18.435914627522152,-17.6579047690313,-16.858381473571093,-16.03831883711994,-15.198715979679376,-14.340595828000303,-13.465003869304265,-12.573006877518301,-11.665691613575346,-10.744163501363273,-9.809545280936305,-8.86297564062913,-7.905607829740601,-6.938608253477041,-5.963155051867296,-4.980436664380471
-28.63029172137777,-28.682720586987106,-28.700203975795596,-28.682720586987106,-28.63029172137777,-28.542981255464294,-28.42089556360025,-28.264183388395303,-28.073035659495297,-27.847685260963832,-27.588406747548962,-27.295516010180474,-26.96936989110551,-26.610365749131198,-26.21894097550418,-25.795572461016764,-25.340776014988933,-24.85510573683414,-24.339153340974544,-23.793547435928144,-23.218952758446072,-22.616069363633326,-21.985631772039422,-21.328408074758233,-20.645198997627375,-19.936836925667002,-19.204184888947026,-18.448135511117766,-17.669609921885645,-16.86955663475846,-16.048950391427816,-15.208790974196507,-14.350101987897796,-13.473929612790602,-12.58134132994995,-11.673424620705841,-10.75128564171461,-9.81604787727754,-8.868850770548274,-7.91084833529684,-6.943207749921592,-5.96710793542224,-4.983738119066092
-28.596601592550233,-28.6489687635302,-28.666431579107126,-28.6489687635302,-28.596601592550233,-28.509393867498545,-28.38745183755478,-28.230924070298684,-28.04000127070344,-27.81491604879091,-27.5559426362323,-27.26339655223901,-26.937634219151104,-26.579052528191625,-26.188088355915724,-25.765218031943913,-25.31095675862777,-24.825857983355235,-24.31051272426025,-23.765548850158165,-23.191630315584327,-22.589456351867746,-21.95976061522541,-21.30331029291523,-20.620905168536535,-19.913376647616893,-19.18158674467268,-18.426427032977003,-17.648817558315137,-16.849705718050405,-16.03006510686642,-15.19089433059196,-14.333215789553561,-13.458074432938242,-12.566536485683812,-11.659688149448149,-10.738634279239651,-9.804497037321699,-8.858414526030764,-7.901539401174026,-6.935037467695772,-5.960086259323773,-4.977873603925693
-28.511800178086208,-28.5640120575307,-28.58142308823184,-28.5640120575307,-28.511800178086208,-28.424851062030868,-28.30327064346908,-28.147207049412845,-27.956850419311778,-27.732432673397454,-27.474227230124367,-27.182548673051652,-26.857752367571457,-26.500234027950974,-26.11042923521556,-25.688812906460335,-25.23589871623687,-24.752238470719867,-24.238421435416335,-23.695073617236353,-23.122857001800053,-22.52246874691014,-21.894640333172465,-21.240136672799622,-20.55975517768322,-19.85432478787029,-19.12470496162765,-18.371784628324217,-17.596481105407655,-16.799738980794274,-15.982528962034209,-15.145846693653752,-14.29071154411592,-13.418165363876952,-12.529271216052006,-11.625112081236598,-10.706789538061432,-9.775422421088638,-8.832145457684135,-7.87810788552717,-6.914472052441157,-5.942412000252026,-4.963112034398985
