hough_viz/data/file_2_3_2.json
{"header": {"discipline": 0, "disciplineName": "Meteorological products", "gribEdition": 2, "gribLength": 133963, "center": 7, "centerName": "US National Weather Service - NCEP(WMC)", "subcenter": 0, "refTime": "2014-11-30T06:00:00.000Z", "significanceOfRT": 1, "significanceOfRTName": "Start of forecast", "productStatus": 0, "productStatusName": "Operational products", "productType": 1, "productTypeName": "Forecast products", "productDefinitionTemplate": 0, "productDefinitionTemplateName": "Analysis/forecast at horizontal level/layer at a point in time", "parameterCategory": 2, "parameterCategoryName": "Momentum", "parameterNumber": 3, "parameterNumberName": "V-component_of_wind", "parameterUnit": "m.s-1", "genProcessType": 2, "genProcessTypeName": "Forecast", "forecastTime": 6, "surface1Type": 100, "surface1TypeName": "Isobaric surface", "surface1Value": 85000, "surface2Type": 255, "surface2TypeName": "Missing", "surface2Value": 0, "gridDefinitionTemplate": 0, "gridDefinitionTemplateName": "Latitude_Longitude", "numberPoints": 65160, "shape": 6, "shapeName": "Earth spherical with radius of 6,371,229.0 m", "gridUnits": "degrees", "resolution": 48, "winds": "true", "scanMode": 0, "nx": 360, "ny": 181, "basicAngle": 0, "subDivisions": 0, "lo1": 0, "la1": 90, "lo2": 359, "la2": -90, "dx": 1, "dy": 1}, "data":
[rows 38 to 56 of 181, columns 0 to 42 of 360]
0.0,0.5677430039947131,1.1347943005931647,1.7004630251380048,2.2640599974229634,2.8248985613527693,3.382295421527832,3.935571475734435,4.484052642326166,5.027070681488581,5.56396400938648,6.094078504201894,6.61676830308077,7.131396589017366,7.637336366717678,8.13397122649662,8.620696095278298,9.096917973784317,9.562056659012068,10.015545451122728,10.456831843877705,10.88537819778238,11.300662395117028,11.702178476056826,12.089437255105956,12.461966917094793,12.819313592013991,13.1610419079852,13.486735521694628,13.795997625643219,14.088451431595486,14.363740629637933,14.621529822287794,14.861504933123209,15.083373589436956,15.286865478447561,15.471732676633788,15.63774995179126,15.784715037443199,15.91244887927096,16.020795853264186,16.109623955324622,16.17882496209284
0.0,0.622027638750508,1.2432974326392114,1.863052460121531,2.480537645162425,3.0950006771802205,3.7056929276211794,4.311870362048069,4.912794446631514,5.50773304793971,6.095961324930231,6.676762612057181,7.249429292417776,7.81326365987454,8.36757876910275,8.911699272527505,9.44496224313073,9.9667179821256,10.47633081051446,10.973179843565758,11.456659747266455,11.926181475828251,12.381172989349178,12.82107995075608,13.245366401178948,13.653515412934272,14.04502971932175,14.419432320467216,14.77626706447347,15.115099203171114,15.435515921792243,15.737126841921626,16.019564497112682,16.282484780588746,16.525567364484175,16.748516090114492,16.95105932880013,17.132950312804148,17.293967435980697,17.433914523767964,17.552621072196686,17.64994245562294,17.725760102932234
0.0,0.675293583479431,1.349764425748395,2.022590787979855,2.692952934892389,3.3600341334713555,4.02302164803227,4.681107730414035,5.333490604095659,5.97937544103744,6.617975330056495,7.248512235556829,7.87021794544585,8.482335007082485,9.084117650116536,9.67483269509497,10.253760446728165,10.820195570727739,11.373447953147732,11.912843541182166,12.437725164394552,12.947453335378809,13.441407028876204,13.918984438398944,14.379603709438678,14.822703648366618,15.247744406161482,15.65420813613241,16.041599624835374,16.40944689541447,16.75730178263302,17.0847404788939,17.391364050583768,17.676798924112266,17.940697341053873,18.18273778183797,18.40262535747095,18.600092168812974,18.774897632971864,18.926828776416247,19.05570049445105,19.161355776738997,19.243665898593584
0.0,0.725792279106285,1.450700292120209,2.1738408502914335,2.894332918241092,3.6112986873676807,4.323864645321631,5.031162640245548,5.732330938483518,6.426515274470837,7.112869891525005,7.790558572269962,8.45875565743816,9.116647051809197,9.763431216059429,10.398320143314175,11.020540319212724,11.629333664316412,12.223958457711657,12.80369024068263,13.367822699352622,13.915668525218688,14.446560252531182,14.959851071497985,15.454915616322568,15.93115072711592,16.38797618475392,16.824835417785014,17.241196180526753,17.6365512015252,18.01041880158704,18.362343480631484,18.691896472646967,18.998676268076448,19.282309102995015,19.542449414483595,19.7787802616442,19.991013711743534,20.1788911910147,20.342183799689526,20.480692590877627,20.594248812952596,20.682714115149818
0.0,0.7741994226709561,1.5474556026016666,2.3188264462478694,3.0873721570571515,3.8521563804662824,4.6122473447050165,5.366718996016469,6.114652126910962,6.85513549607877,7.58726693859728,8.310154465079988,9.022917348428155,9.724687196861138,10.414609011917973,11.09184223014132,11.755561747174559,12.40495892302434,13.03924256726385,13.657639902976491,14.259397508265508,14.843782234182509,15.410082097956524,15.957607150435352,16.485690316682327,16.993688208704345,17.480981909321056,17.94697772622009,18.391107915279726,18.81283137227759,19.211634292142854,19.587030794948543,19.938563517881395,20.265804172467963,20.56835406637821,20.84584458917063,21.097937661387345,21.324326146451824,21.52473422486749,21.698917730261275,21.846664446862786,21.96779436805648,22.062159915692007
0.0,0.8206228914176203,1.6402459802493146,2.4578706820145992,3.2725008469598036,4.0831439737131,4.888812418494539,5.688524598407867,6.481306187348077,7.266191303067686,8.042223683955473,8.808457854093952,9.563960275176134,10.30781048387816,11.039102213302066,11.7569444971224,12.460462755091463,13.148799858580592,13.82111717485939,14.476595588840514,15.11443650104524,15.73386280057391,16.334119811895846,16.91447621430526,17.474224932922876,18.012684000157726,18.529197386579654,19.023135800190083,19.493897453117423,19.940908794802844,20.363625210783322,20.76153168622046,21.134143433366738,21.481006482204684,21.80169823353946,22.095827973870822,22.363037351417415,22.603000812713134,22.81542599924392,23.00005410364159,23.15666018500071,23.285053442934466,23.38507745003552
0.0,0.8625685743618603,1.7240862417843643,2.5835033756963797,3.4397729087032975,4.291851608277359,5.138701347775792,5.979290371238224,6.812594550422377,7.637598632546584,8.453297477218912,9.258697281045906,10.052816788428927,10.83468848707297,11.603359786751332,12.357894179890092,13.097372382558326,13.820893454473968,14.527575896660764,15.216558725418997,15.887002521301493,16.538090451816927,17.169029266614356,17.779050263936632,18.367410227165053,18.93339233031433,19.476307011374626,19.995492812436673,20.490317185576316,20.960177263516737,21.404500594129363,21.8227458378786,22.214403427360686,22.578996188133054,22.916079920077927,23.22524393859168,23.50611157494085,23.758340635174864,23.981623817036738,24.17568908436351,24.340299998520408,24.475256006464903,24.580392685089695
0.0,0.9013847475844049,1.8016712967015545,2.699762786869861,3.5945650319489446,4.484987853236894,5.3699464076850925,6.248362509612361,7.119165944308125,7.981295771924196,8.833701620066545,9.675344963512265,10.505200389492583,11.322256847000377,12.125518878600065,12.914007833239177,13.686763058583903,14.442843071425973,15.181326704734932,15.901314229958281,16.601928453202113,17.282315783956754,17.94164727506531,18.579119632668096,19.19395619489246,19.785407878095654,20.35275408950783,20.895303605163377,21.412395412050806,21.903399513455316,22.36771769651273,22.80478426103972,23.214066708752362,23.59506639203324,23.947319121456776,24.27039573133255,24.563902602577553,24.827482142280456,25.060813219373436,25.26361155588095,25.435630073268662,25.576659193470544,25.686527094227515
0.0,0.9373175105129257,1.8734930440219852,2.807386014846384,3.737858618256358,4.663777216712966,5.584013721030819,6.497446964780971,7.402964070259515,8.299461804357644,9.185847922681253,10.061042500282474,10.923979247381892,11.773606808478386,12.608890043263843,13.4288112877822,14.232371594296204,15.018591948351341,15.786514461554145,16.535203538611686,17.263747017210278,17.971257279344773,18.656872332744346,19.319756861077344,19.95910324165553,20.574132529397925,21.164095405855416,21.728273092139847,22.265978224645398,22.77655569249524,23.25938343569322,23.71387320300816,24.139471268667386,24.535659106986234,24.901954024111774,25.23790974611089,25.543116962686348,25.817203825858318,26.05983640300386,26.27071908370241,26.449594939891536,26.596246038894158,26.71049370893604
0.0,0.9672819760481908,1.9333854680069336,2.89713342758811,3.8573516763569646,4.812870336287654,5.762525255079419,6.705159424496839,7.63962439000614,8.564781649990143,9.479504042837108,10.382677120213538,11.27320050484779,12.149989231170306,13.011975067177005,13.858107815905456,14.687356594938096,15.49871109237365,16.291182797736568,17.063806206324777,17.815639995528432,18.545768171686504,19.25330118608396,19.93737701872987,20.597162228595945,21.231852969036108,21.840675967149732,22.4228894658956,22.977784127808622,23.504683899218215,24.00294683391562,24.471965875266406,24.91116959581556,25.320022893483713,25.698027643506695,26.044723305323757,26.359687483675373,26.642536443226707,26.8929255760901,27.11054982167665,27.295144038365542,27.446483326538317,27.564383302584357
0.0,0.9931802425939775,1.985150448050043,2.974702053474144,3.9606294426638113,4.941731414965789,5.916812648754001,6.884685157744826,7.844169738375389,8.79409740648146,9.733310821524595,10.6606656966333,11.575032192740318,12.475296295117511,13.360361170631178,14.229148504064304,15.08059981187753,15.91367773180831,16.727367286737007,17.520677121280222,18.29264070960458,19.04231753298958,19.768794225704777,20.471185687805267,21.148636163489584,21.80032028370636,22.425444071739342,23.02324591054576,23.59299747066935,24.134004597597578,24.64560815748206,25.127184840191557,25.578147918719395,25.99794796401991,26.38607351440316,26.74205169867215,27.065448812243584,27.35587084555009,27.61296396408017,27.836414939471037,28.025951531129177,28.181342817913524,28.302399479477327
0.0,1.015432054547152,2.0296269615511555,3.041349080742575,4.049365784563022,5.0524489599319615,6.049376504513323,7.038933815658954,8.019915270214836,8.991125693387206,9.951381814878925,10.899513710522072,11.834366227650326,12.754800392474559,13.659694797746951,14.547946969022965,15.418474707856667,16.27021741029281,17.102137359049365,17.913220987816235,18.70248011612961,19.4689531533177,20.211706270050804,20.92983453606853,21.622463022697918,22.288747868819243,22.92787730898083,23.539072662410167,24.121589281716552,24.674717460129152,25.197783296165433,25.6901495146763,26.15121624326771,26.58042174315275,26.977243093543855,27.341196828751205,27.671839527211244,27.968768351727483,28.231621540265643,28.460078846704906,28.653861931008542,28.812734698338303,28.93650358669969
0.0,1.0305620903806347,2.059868599600061,3.0866654762293084,4.1097017264401385,5.127730938148321,6.139512799574772,7.143814610374388,8.139412783491544,9.125094335912443,10.09965836649806,11.061917519097209,12.010699429157105,12.944848152068996,13.863225571508584,14.764712786055481,15.648211472402231,16.512645223492054,17.356960859955052,18.18012971324506,18.98114887891378,19.759042438495385,20.51286264851285,21.24169109515736,21.944639813234105,22.620852368011057,23.26950489865277,23.88980712196792,24.481003295247646,25.04237313702159,25.57323270460993,26.07293522740222,26.540871894847715,26.976472598197233,27.379206625092912,27.74858330615937,28.084152612808882,28.385505705531756,28.652275432004394,28.884136774407825,29.08080724541184,29.242047232342266,29.367660289112155
0.0,1.0408760780806072,2.080484008994741,3.11755719061791,4.150832109027182,5.179049877898275,6.200957772264625,7.215310754769795,8.220872992553693,9.216419362924574,10.200736945982301,11.172626502374419,12.130903934384575,13.07440172857319,14.00197037821273,14.912479783784612,15.80482062983137,16.67790573648667,17.53067138403649,18.362078608897775,19.171114469435505,19.956793280076027,20.718157812213118,21.45428046044359,22.16426437271157,22.847244542984605,23.50238886513024,24.12889914670918,24.726012081449856,25.29300017921946,25.829172652358697,26.33387625730007,26.806496090444604,27.246456337327096,27.653220974157428,28.026294420882873,28.365222144976197,28.669591215213384,28.939030804766816,29.1732126430006,29.371851415417808,29.5347051112722,29.661575318421068
0.0,1.0469849010750292,2.0926942123237593,3.1358538980296036,4.175193028801963,5.2094453300079095,6.23735072453278,7.257656867990031,8.269120674509974,9.27050983124842,10.260604299770062,11.23819780247736,12.202099292274006,13.151134403672325,14.084146883576722,14.999999999999996,15.897577926996144,16.77578710412241,17.633557568774194,18.469844259769747,19.283628290596177,20.073918190765745,20.839751113769918,21.58019401015953,22.29434476432182,22.98133329356934,23.64032260820166,24.27050983124842,24.871127176651246,25.44144288469278,25.98076211353316,26.4884277857678,26.963821388975013,27.406363729278027,27.81551563700362,28.19077862357725,28.531695488854602,28.837850878149563,29.108871788279895,29.344428022014167,29.544232590366242,29.708042062247106,29.835656861048196
0.0,1.0452549726148015,2.0892364630546574,3.1306725406864873,4.168294376070627,5.200837786834052,6.227044777881867,7.2456650740705495,8.255457643475618,9.255192209397878,10.243650749266058,11.21962897860969,12.181937818294244,13.129404843230875,14.06087571079581,14.975215567219,15.871310430228661,16.748068546267042,17.604421720623982,18.439326618867625,19.25176603798671,20.04075014569573,20.805317686393117,21.544537152303153,22.25750791837464,22.943361339553864,23.601261809094716,24.23040777661687,24.830032724671426,25.399406102624294,25.93783421671969,26.444661075239097,26.919269187726087,27.36108031730337,27.76955618516535,28.14419912638791,28.484552696256507,28.790202226373708,29.060775329868736,29.2959423550936,29.49541678725277,29.65895559747732,29.786359538918227
0.0,1.0382275218616526,2.0751901234146066,3.1096244254607126,4.1402701291453194,5.1658715514372835,6.185179154985334,7.196951070486844,8.199954609714291,9.192967767355983,10.17478070984128,11.144197249336454,12.1000363011153,13.041133322528948,13.966341731821686,14.874534305064218,15.764604549502394,16.63546805164818,17.48606379847044,18.3153554700759,19.122332702305314,19.906012317706516,20.665439523384727,21.399689074270622,22.107866400388918,22.789108696754106,23.442585974565386,24.067502072420204,24.663095626314266,25.228640997246316,25.76344915529745,26.266868519107966,26.738285749728874,27.177126497880913,27.58285610371071,27.954980248191394,28.293045555374256,28.59664014475747,28.865394133099024,29.098980085062497,29.297113412146597,29.459552719412358,29.586100099585735
0.0,1.0266982933680953,2.05214571301647,3.0750929092223482,4.09429357840009,5.108505981530128,6.116494457026695,7.11703092620112,8.108896389486539,9.090882411601106,10.061792593840218,11.020444031704073,11.965668756084566,12.89631515625574,13.811249382934088,14.709356729699197,15.589542991091882,16.450735795734936,17.291885912852464,18.111968530596016,18.909984504619917,19.684961575384758,20.43595555270586,21.16205146610363,21.862364679554087,22.536041969281634,23.182262563280744,23.800239141300306,24.389218794071983,24.948483940614235,25.477353202494196,25.97518223398233,26.44136450708845,26.875332050522655,27.276556141680842,27.644547950811756,27.97885913658079,28.279082392304755,28.544851942192402,28.775843986985855,28.971777098460144,29.132412562300093,29.257554668937026
0.0,1.0071222750075914,2.01301752665838,3.0164602265345137,4.016227834274694,5.0111022870512825,5.999871483592231,6.981330760939779,7.954284362146683,8.917546893121887,9.86994476685062,10.810317633229388,11.737519792773842,12.650421592477123,13.547910802118036,14.428893969342239,15.292297751865535,16.137070225176075,16.962182164142344,17.766628296965475,18.54942852994804,19.309629141587294,20.04630394453787,20.758555414028432,21.44551578135733,22.106348091135118,22.74024722098573,23.346440862464128,23.924190461995146,24.472792120687245,24.991577451924933,25.47991439569484,25.937207988653526,26.362901088998644,26.756475055260427,27.117450378186398,27.44538726494956,27.739886174968213,28.000588306684556,28.22717603470918,28.419373296798664,28.576945930194867,28.69970195691619
