hough_viz/data/file_1_1_1.json
{"header": {"discipline": 0, "disciplineName": "Meteorological products", "gribEdition": 2, "gribLength": 133963, "center": 7, "centerName": "US National Weather Service - NCEP(WMC)", "subcenter": 0, "refTime": "2014-11-30T06:00:00.000Z", "significanceOfRT": 1, "significanceOfRTName": "Start of forecast", "productStatus": 0, "productStatusName": "Operational products", "productType": 1, "productTypeName": "Forecast products", "productDefinitionTemplate": 0, "productDefinitionTemplateName": "Analysis/forecast at horizontal level/layer at a point in time", "parameterCategory": 2, "parameterCategoryName": "Momentum", "parameterNumber": 2, "parameterNumberName": "U-component_of_wind", "parameterUnit": "m.s-1", "genProcessType": 2, "genProcessTypeName": "Forecast", "forecastTime": 6, "surface1Type": 100, "surface1TypeName": "Isobaric surface", "surface1Value": 85000, "surface2Type": 255, "surface2TypeName": "Missing", "surface2Value": 0, "gridDefinitionTemplate": 0, "gridDefinitionTemplateName": "Latitude_Longitude", "numberPoints": 65160, "shape": 6, "shapeName": "Earth spherical with radius of 6,371,229.0 m", "gridUnits": "degrees", "resolution": 48, "winds": "true", "scanMode": 0, "nx": 360, "ny": 181, "basicAngle": 0, "subDivisions": 0, "lo1": 0, "la1": 90, "lo2": 359, "la2": -90, "dx": 1, "dy": 1}, "data":
[rows 114 to 132 of 181, columns 0 to 42 of 360]
-15.958575608898176,-15.956145040535842,-15.948854075823517,-15.936704935659677,-15.919701320790104,-15.897848410680615,-15.871152861939311,-15.839622806288952,-15.803267848089925,-15.76209906141468,-15.716128986674443,-15.665371626799304,-15.609842442972784,-15.54955834992219,-15.48453771076626,-15.414800331421542,-15.340367454569352,-15.261261753185021,-15.177507323631508,-15.089129678319402,-14.996155737935602,-14.898613823243,-14.796533646453728,-14.689946302178504,-14.578884257954932,-14.463381344357567,-14.343472744692786,-14.219194984281632,-14.09058591933383,-13.957684725416426,-13.82053188552054,-13.679169177729818,-13.533639662494474,-13.383987669514624,-13.230258784237039,-13.072499833969383,-12.91075887361615,-12.745085171040682,-12.575529192057704,-12.40214258506094,-12.22497816529051,-12.044089898744911,-11.859532885742436
-14.990979462118107,-14.988696263335587,-14.981847362472493,-14.970434845770377,-14.954462189592382,-14.933934259364307,-14.908857308092559,-14.879238974459422,-14.845088280496244,-14.806415628835225,-14.763232799540694,-14.715552946520774,-14.663390593520585,-14.606761629698152,-14.545683304784438,-14.480174223828884,-14.41025434153216,-14.335944956167735,-14.257268703094242,-14.174249547860528,-14.086912778905493,-13.995284999855016,-13.899394121418213,-13.79926935288557,-13.694941193231518,-13.58644142182413,-13.473803088744843,-13.357060504721066,-13.236249230674796,-13.111406066890435,-12.982569041805062,-12.849777400424582,-12.713071592369346,-12.572493259552783,-12.428085223496879,-12.27989147228834,-12.127957147179359,-11.972328528837185,-11.813053023246585,-11.650179147269482,-11.483756513866304,-11.313835816983355,-11.140468816110964
-14.01560811011006,-14.013473465108767,-14.007070180338436,-13.99640020630164,-13.98146679317583,-13.96227448982331,-13.938829142405599,-13.91113789260264,-13.87920917543738,-13.84305271670636,-13.802679530017167,-13.758101913433572,-13.709333445729424,-13.656388982252409,-13.599284650398985,-13.538037844701826,-13.47266722153125,-13.40319269341234,-13.329635422959374,-13.252017816429495,-13.170363516897554,-13.084697397054189,-12.99504555162937,-12.901435289443697,-12.803895125089845,-12.70245477024677,-12.597145124629243,-12.487998266575463,-12.375047443275735,-12.258327060645,-12.137872672842516,-12.013720971441675,-11.885909774253397,-11.754478013806494,-11.619465725488398,-11.480914035350027,-11.338865147578378,-11.193362331640722,-11.044449909104312,-10.8921732401356,-10.736578709683094,-10.577713713348041,-10.415626642947291
-13.035231327851246,-13.033245998982453,-13.027290617126482,-13.017366996350336,-13.003478159485034,-12.985628337204833,-12.963822966738512,-12.938068690213152,-12.908373352630868,-12.874745999479149,-12.837196873975525,-12.79573741394737,-12.750380248347835,-12.701139193408947,-12.648029248433044,-12.591066591223864,-12.530268573158592,-12.4656537139025,-12.397241695767654,-12.325053357717499,-12.249110689019112,-12.16943682254505,-12.08605602772686,-11.99899370316237,-11.908276368879033,-11.813931658255672,-11.715988309605084,-11.61447615742006,-11.50942612328553,-11.400870206459533,-11.28884147412594,-11.173374051321861,-11.054503110542848,-10.932264861028987,-10.806696537735228,-10.677836389989256,-10.54572366984037,-10.410398620102928,-10.27190246209801,-10.130277383096981,-9.985566523470865,-9.837813963549337,-9.687064710193475
-12.05407816887098,-12.052242274380623,-12.046735150140794,-12.03755847367489,-12.024715040287457,-12.008208762212725,-11.98804466742289,-11.964228898096563,-11.93676870874779,-11.905672464016254,-11.870949636119338,-11.832610801966794,-11.790667639938892,-11.745132926329108,-11.696020531452302,-11.643345415419718,-11.587123623581983,-11.527372281641515,-11.464109590435895,-11.397354820393709,-11.327128305664575,-11.253451437925175,-11.176346659863157,-11.09583745834084,-11.011948357240922,-10.924704909996251,-10.834133691806002,-10.740262291540617,-10.643119303337974,-10.54273431789332,-10.439137913445677,-10.332361646463397,-10.222438042031772,-10.109400583945561,-9.993283704509517,-9.87412277404997,-9.75195409014067,-9.626814866546212,-9.498743221886356,-9.36777816802472,-9.2339595981854,-9.097328274801097,-8.957925817096491
-11.073001649431333,-11.071315177646838,-11.066256276008993,-11.05782648550824,-11.046028373940434,-11.030865535124647,-11.012342587808467,-10.990465174261079,-10.965239958554589,-10.936674624534056,-10.904777873476943,-10.869559421442615,-10.831029996312731,-10.789201334523426,-10.744086177490283,-10.695698267727174,-10.644052344660166,-10.589164140137719,-10.531050373638651,-10.4697287471792,-10.405217939920815,-10.337537602480321,-10.266708350944137,-10.192751760588422,-10.11569035930702,-10.035547620749286,-9.952347957169739,-9.866116711991875,-9.776880152088324,-9.684665459779678,-9.589500724554526,-9.491414934513093,-9.390437967537204,-9.286600582189195,-9.179934408342522,-9.070471937547055,-8.958246513131773,-8.843292320048107,-8.725644374456861,-8.605338513061938,-8.482411382194151,-8.356900426648384,-8.228843878277546
-10.096954727436016,-10.09541691232533,-10.090803935426647,-10.083117201897423,-10.07235905319115,-10.058532766344145,-10.041642552977313,-10.021693558013268,-9.998691858109131,-9.972644459805508,-9.943559297392254,-9.911445230491593,-9.876312041359393,-9.838170431905418,-9.797032020433383,-9.752909338101947,-9.70581582510757,-9.655765826590516,-9.602774588265179,-9.54685825177609,-9.488033849781017,-9.426319300762653,-9.36173340357047,-9.294295831694415,-9.224027127272157,-9.150948694831778,-9.07508279477172,-8.996452536580072,-8.915081871795193,-8.830995586709825,-8.744219294820972,-8.654779429027762,-8.562703233579738,-8.468018755777997,-8.370754837431706,-8.270941106072613,-8.168607965930203,-8.063786588670286,-7.956508903899809,-7.84680758944077,-7.734716061376256,-7.620268463871568,-7.503499658773589
-9.125833655094677,-9.124443746427037,-9.120274443803769,-9.113327017234832,-9.103603582973662,-9.091107102872535,-9.075841383480336,-9.057811074883082,-9.037021669287434,-9.013479499347724,-8.987191736236975,-8.95816638746249,-8.926412294426676,-8.891939129733883,-8.854757394244022,-8.814878413873915,-8.772314336147298,-8.727078126494572,-8.679183564303411,-8.628645238721427,-8.575478544212164,-8.519699675865807,-8.461325624466,-8.400374171314276,-8.336863882813716,-8.27081410481344,-8.202244956715662,-8.131177325347139,-8.057632858596829,-7.981633958821749,-7.903203776022989,-7.822366200793998,-7.7391458570432805,-7.6535680944937186,-7.565658980960795,-7.475445294412087,-7.382954514810438,-7.288214815743289,-7.1912550558407435,-7.092104769984938,-6.990794160313431,-6.887354087019349,-6.781816058951065
-8.161602709656076,-8.160359658031783,-8.156630881804476,-8.150417516795516,-8.141721455656072,-8.130545347290607,-8.116892596049993,-8.100767360694524,-8.08217455312709,-8.061119836896989,-8.037609625474749,-8.011651080298515,-7.983252108592616,-7.952421360958941,-7.919168228741882,-7.883502841167642,-7.845436062258779,-7.804979487524903,-7.762145440430592,-7.716946968641537,-7.66939784005009,-7.619512538581437,-7.567306259781656,-7.512794906189006,-7.455995082489852,-7.396924090460724,-7.33559992369803,-7.272041262137025,-7.206267466361727,-7.138298571707496,-7.068155282158072,-6.995858964038944,-6.921431639508962,-6.844895979852174,-6.766275298571923,-6.6855935442893495,-6.602875293448385,-6.518145742829546,-6.431430701874748,-6.34275658482549,-6.252150402676831,-6.159639754949575,-6.065252821283192
-7.211514356668266,-7.210416008101992,-7.20712129697078,-7.201631226875561,-7.193947470144867,-7.184072367325433,-7.172008926469238,-7.1577608222172335,-7.141332394679993,-7.122728648115693,-7.101955249405755,-7.079018526328663,-7.053925465632458,-7.0266837109065134,-6.997301560253212,-6.965787963760273,-6.932152520774474,-6.896405476977574,-6.858557721265408,-6.818620782431004,-6.7766068256528085,-6.732528648789053,-6.686399678479409,-6.638233966055092,-6.588046183258698,-6.535851617775046,-6.481666168574407,-6.425506341069506,-6.367389242087839,-6.307332574660747,-6.245354632630913,-6.181474295079869,-6.115711020577257,-6.048084841253554,-5.978616356698092,-5.907326727684224,-5.834237669723545,-5.759371446451135,-5.682750862843855,-5.604399258273709,-5.524340499398458,-5.4425989728916,-5.359199578013963
-6.271282127985981,-6.270326981342251,-6.267461832357985,-6.262687553785315,-6.256005599915745,-6.2474180061371545,-6.236927388313798,-6.224536941989486,-6.210250441414204,-6.194072238394418,-6.176007260967492,-6.156061011900551,-6.134239567014284,-6.1105495733321895,-6.084998247055834,-6.0575933713667265,-6.028343294055474,-5.997256924978981,-5.964343733346404,-5.929613744834757,-5.893077538534976,-5.854746243729432,-5.814631536501848,-5.772745636180644,-5.729101301616817,-5.683711827297467,-5.636591039296171,-5.5877532910614205,-5.537213459044431,-5.4849869381676255,-5.4310896371351935,-5.375537973587143,-5.318348869098331,-5.25953974402399,-5.1991285121933135,-5.137133575452736,-5.0735738180605425,-5.008468600934557,-4.9418377557546,-4.873701578921582,-4.804080825375022,-4.732996702270872,-4.6604708625216436
-5.34354738567639,-5.342733537527498,-5.340292240986855,-5.3362242396970325,-5.330530772810635,-5.3232135746128275,-5.3142748739930665,-5.303717393766148,-5.291544349842825,-5.2777594502502,-5.262366894002225,-5.245371369820643,-5.2267780547067595,-5.206592612364479,-5.184821191475076,-5.161470423824259,-5.136547422282057,-5.110059778636177,-5.082015561279463,-5.052423312752195,-5.021292047139935,-4.988631247327771,-4.954450862111715,-4.918761303168216,-4.8815734418826615,-4.842898606037845,-4.802748576363418,-4.76113558294736,-4.718072301510581,-4.673571849545768,-4.627647782321677,-4.5803140887540605,-4.531585187144509,-4.481475920788504,-4.430001553453993,-4.377177764731913,-4.323020645260021,-4.267546691821542,-4.210772802320081,-4.152716270632362,-4.093394781340341,-4.032826404344319,-3.9710295893586673
-4.4378355288873585,-4.437159625041169,-4.435132119389463,-4.4317536295301005,-4.427025184583822,-4.420948224880763,-4.413524601521718,-4.404756575814278,-4.394646818584009,-4.3831984093609,-4.370414835441302,-4.356299990825671,-4.340858175032408,-4.3240940917881945,-4.30601284759518,-4.286619950175505,-4.265921306793588,-4.243923222456713,-4.220632397994471,-4.196055928017616,-4.17020129875698,-4.143076385783095,-4.114689451607218,-4.085049143164491,-4.054164489179995,-4.022044897418522,-3.9887001518188727,-3.9541404095135726,-3.918376197734916,-3.881418410608267,-3.8432783058336026,-3.8039675012563077,-3.7634979713282704,-3.721882043460342,-3.679132394267295,-3.635262045706398,-3.5902843611108057,-3.5442130411189523,-3.4970621195012135,-3.448845958885071,-3.3995792463801315,-3.349276989104281,-3.2979545096123757
-3.5460096794835696,-3.545469605033901,-3.543849546196803,-3.541149996457893,-3.5373717781261713,-3.5325160420835426,-3.526584267434243,-3.519578261054295,-3.5115001570411097,-3.5023524160634234,-3.4921378246117545,-3.4808594941496103,-3.4685208601657047,-3.455125681127477,-3.4406780373362236,-3.425182329684202,-3.408643278314071,-3.3910659211810965,-3.3724556125185376,-3.352818021206695,-3.332159129046115,-3.310485228935477,-3.287802922954714,-3.2641191203539583,-3.23944103544891,-3.2137761854232942,-3.18713238803905,-3.1595177592549644,-3.1309407107544733,-3.1014099473833823,-3.0709344644982868,-3.039523545226494,-3.0071867576382996,-2.973933951832457,-2.9397752569357403,-2.9047210780175186,-2.8687820929202683,-2.831969249006998,-2.794293759826579,-2.7557671016979843,-2.7164010102144975,-2.676207476668931,-2.6351987444009684
-2.671002582868352,-2.6705957762376897,-2.669375480262943,-2.667342066658087,-2.664496154820605,-2.66083861164281,-2.656370551247787,-2.6510933346500134,-2.645008569340789,-2.6381181087985697,-2.630424051924386,-2.621928742402496,-2.6126347679864765,-2.6025449597109667,-2.5916623910293097,-2.579990376877349,-2.5675324726636624,-2.554292473186557,-2.540274411478132,-2.525482557575781,-2.5099214172214914,-2.4935957304893632,-2.4765104703417236,-2.458670841114322,-2.440082276931037,-2.420750440048592,-2.4006812191317715,-2.3798807274596836,-2.358355301063588,-2.336111496796888,-2.313156090337843,-2.289496074125635,-2.2651386552304023,-2.240091253157895,-2.214361497589425,-2.1879572260577875,-2.1608864815598756,-2.133157510106703,-2.1047787582115913,-2.075758870317278,-2.0461066861627386,-2.015831238090514,-1.9849417482953704
-1.824449230472505,-1.8241713580177856,-1.8233378252962693,-1.8219488862100977,-1.8200049638435714,-1.8175066503342745,-1.814454706692703,-1.810850062570456,-1.8066938159770516,-1.8019872329454643,-1.7967317471464794,-1.790928959451983,-1.7845806374473188,-1.7776887148928668,-1.7702552911350016,-1.762282630466609,-1.7537731614373608,-1.7447294761139562,-1.735154329290554,-1.7250506376496326,-1.714421478873542,-1.7032700907070124,-1.691599869970906,-1.6794143715275107,-1.6667173071976953,-1.6535125446302545,-1.6398041061237838,-1.625596167401449,-1.61089305633902,-1.595699251646558,-1.5800193815041592,-1.5638582221521626,-1.547220696436264,-1.5301118723079674,-1.5125369612808393,-1.4945013168430301,-1.4760104328265515,-1.4570699417337998,-1.4376856130218423,-1.4178633513449854,-1.397609194756158,-1.3769293128676632,-1.355830004971856
-0.9948458278652057,-0.9946943080269779,-0.9942397946667049,-0.9934824262335593,-0.9924224334293025,-0.9910601391380113,-0.9893959583277232,-0.9874303979240349,-0.9851640566556861,-0.982597624872181,-0.979731884333503,-0.9765677079719814,-0.9731060596263876,-0.9693479937483414,-0.9652946550811146,-0.9609472783109309,-0.9563071876908684,-0.9513757966374794,-0.9461546073002505,-0.9406452101040325,-0.9348492832645818,-0.9287685922773603,-0.922404989379748,-0.9157604129868328,-0.9088368871009513,-0.9016365206951584,-0.8941615070708129,-0.8864141231894762,-0.8783967289793296,-0.8701117666163158,-0.861561759780229,-0.8527493128859764,-0.8436771102902512,-0.8343479154738476,-0.8247645701998808,-0.8149299936481575,-0.8048471815259649,-0.7945192051555499,-0.7839492105385639,-0.7731404173977615,-0.7620961181962401,-0.7508196771345255,-0.7393145291258021
-0.18509695714920454,-0.18506876598609348,-0.18498420108406166,-0.18484328820239743,-0.18464607026452962,-0.18439260734495258,-0.18408297665092696,-0.18371727249896164,-0.183295606286084,-0.18281810645590715,-0.18228491845950506,-0.1816962047111066,-0.18105214453862245,-0.18035293412902031,-0.17959878646856442,-0.17878993127793766,-0.1779266149422667,-0.17700910043607046,-0.17603766724315578,-0.17501261127148368,-0.173934244763033,-0.1728028961986886,-0.17161891019818296,-0.17038264741512116,-0.16909448442712297,-0.16775481362111316,-0.16636404307379707,-0.16492259642735602,-0.16343091276040211,-0.16188944645423056,-0.1602986670544108,-0.1586590591277582,-0.15697112211473047,-0.15523537017729316,-0.15345233204230108,-0.15162255084044282,-0.14974658394079787,-0.14782500278105687,-0.14585839269345582,-0.1438473527264783,-0.14179249546237974,-0.13969444683058857,-0.13755384591704234
0.5913360328659569,0.5912459695239511,0.5909758069320998,0.590525627384546,0.5898955680103404,0.5890858207316724,0.5880966322054069,0.5869283037479517,0.585581191243473,0.5840557050354886,0.5823523098018761,0.5804715244133244,0.5784139217752825,0.5761801286534465,0.5737708254828402,0.5711867461605491,0.5684286778221672,0.5654974606020283,0.5623939873772934,0.5591192034959704,0.5556741064889531,0.5520597457661632,0.5482772222968904,0.5443276882744251,0.5402123467650906,0.5359324513417771,0.5314893057020905,0.5268842632712348,0.5221187267897439,0.5171941478861953,0.5121120266350284,0.5068739110996078,0.5014813968606684,0.495936126530286,0.49023978925152123,0.484394120183891,0.4784008999748216,0.4722619542172462,0.465979152893512,0.459554409805765,0.45298968199298767,0.4462869691348656,0.4394483129426662
