hough_viz/data/file_5_0_0.json
{"header": {"discipline": 0, "disciplineName": "Meteorological products", "gribEdition": 2, "gribLength": 133963, "center": 7, "centerName": "US National Weather Service - NCEP(WMC)", "subcenter": 0, "refTime": "2014-11-30T06:00:00.000Z", "significanceOfRT": 1, "significanceOfRTName": "Start of forecast", "productStatus": 0, "productStatusName": "Operational products", "productType": 1, "productTypeName": "Forecast products", "productDefinitionTemplate": 0, "productDefinitionTemplateName": "Analysis/forecast at horizontal level/layer at a point in time", "parameterCategory": 2, "parameterCategoryName": "Momentum", "parameterNumber": 3, "parameterNumberName": "V-component_of_wind", "parameterUnit": "m.s-1", "genProcessType": 2, "genProcessTypeName": "Forecast", "forecastTime": 6, "surface1Type": 100, "surface1TypeName": "Isobaric surface", "surface1Value": 85000, "surface2Type": 255, "surface2TypeName": "Missing", "surface2Value": 0, "gridDefinitionTemplate": 0, "gridDefinitionTemplateName": "Latitude_Longitude", "numberPoints": 65160, "shape": 6, "shapeName": "Earth spherical with radius of 6,371,229.0 m", "gridUnits": "degrees", "resolution": 48, "winds": "true", "scanMode": 0, "nx": 360, "ny": 181, "basicAngle": 0, "subDivisions": 0, "lo1": 0, "la1": 90, "lo2": 359, "la2": -90, "dx": 1, "dy": 1}, "data":
[rows 60 to 79 of 181, columns 220 to 263 of 360]
4.537235424781334,5.606449168999892,6.632994449775795,7.609058637677312,8.527213294870883,9.38047071001836,10.162337078979487,10.866861926582715,11.488683393334012,12.023069042405318,12.465951876336344,12.813961289340925,13.064448719652242,13.215507806677193,13.26598889955154,13.215507806677197,13.064448719652246,12.81396128934093,12.46595187633637,12.023069042405325,11.488683393334002,10.866861926582725,10.162337078979501,9.380470710018376,8.527213294870899,7.60905863767733,6.632994449775773,5.606449168999869,4.537235424781354,3.4334905793225987,2.30361479735686,1.1562071158226366,1.1372305590352078e-14,-1.1562071158226135,-2.303614797356838,-3.433490579322578,-4.537235424781333,-5.606449168999848,-6.632994449775753,-7.60905863767731,-8.527213294870881,-9.38047071001836,-10.162337078979487,-10.866861926582688
4.601485415883629,5.685839871817804,6.726921653123462,7.716807498822459,8.647963779919658,9.513303834868406,10.306241903343858,11.020743247855892,11.651370081745025,12.193322954022445,12.642477276090064,12.995414712350158,13.249449195803312,13.402647370640253,13.453843306246872,13.402647370640254,13.249449195803317,12.995414712350163,12.642477276090087,12.193322954022454,11.65137008174501,11.020743247855902,10.306241903343874,9.513303834868422,8.647963779919673,7.7168074988224795,6.72692165312344,5.68583987181778,4.60148541588365,3.482110877481786,2.336235372746207,1.1725797061665895,1.1533344298857691e-14,-1.1725797061665661,-2.3362353727461844,-3.482110877481764,-4.601485415883628,-5.68583987181776,-6.7269216531234175,-7.716807498822459,-8.647963779919658,-9.513303834868406,-10.306241903343858,-11.020743247855863
4.648781800147933,5.744281797226179,6.79606434133535,7.796124732231073,8.7368519064857,9.611086362276591,10.41217464751791,11.134019996648703,11.771128730699909,12.318652067508609,12.772423023878087,13.128988128835989,13.385633706633659,13.54040652945724,13.59212868267065,13.540406529457242,13.385633706633662,13.128988128835994,12.77242302387811,12.318652067508616,11.771128730699896,11.134019996648712,10.412174647517924,9.611086362276607,8.736851906485716,7.796124732231091,6.796064341335327,5.744281797226154,4.648781800147955,3.5179017665594308,2.3602483763601816,1.1846320708599434,1.1651889819382077e-14,-1.18463207085992,-2.360248376360158,-3.517901766559409,-4.648781800147932,-5.744281797226135,-6.796064341335306,-7.796124732231071,-8.736851906485699,-9.611086362276591,-10.41217464751791,-11.134019996648675
4.682720377990215,5.786218107275611,6.845679222950619,7.853040586204803,8.800635568802418,9.68125240075244,10.488189056232676,11.215304260053308,11.857064226469072,12.408584774630251,12.865668500148159,13.224836719876915,13.48335594679266,13.639258693480404,13.691358445901187,13.639258693480404,13.483355946792665,13.22483671987692,12.865668500148182,12.408584774630258,11.857064226469058,11.215304260053323,10.48818905623269,9.681252400752458,8.800635568802436,7.853040586204823,6.845679222950596,5.786218107275586,4.682720377990234,3.5435843191245078,2.3774794439154854,1.1932805145769754,1.1736954807726378e-14,-1.193280514576952,-2.3774794439154623,-3.543584319124486,-4.682720377990213,-5.786218107275564,-6.845679222950576,-7.853040586204801,-8.800635568802416,-9.68125240075244,-10.488189056232676,-11.215304260053282
4.705806702662924,5.814744796693058,6.879429171781451,7.891756936959641,8.844023666674447,9.728982036118401,10.539896977747492,11.270596939212158,11.91552085259692,12.469760457505194,12.929097655884629,13.290036614300186,13.549830369337396,13.706501733652686,13.758858343562851,13.70650173365269,13.549830369337398,13.290036614300192,12.929097655884652,12.469760457505203,11.91552085259691,11.270596939212172,10.539896977747507,9.728982036118419,8.844023666674461,7.891756936959658,6.879429171781429,5.814744796693033,4.7058067026629455,3.5610545781818184,2.389200678137138,1.1991635182930689,1.1794819281256268e-14,-1.1991635182930453,-2.3892006781371142,-3.5610545781817966,-4.705806702662923,-5.814744796693012,-6.879429171781409,-7.8917569369596405,-8.844023666674445,-9.728982036118401,-10.539896977747492,-11.270596939212131
4.7096110086312475,5.819445599282721,6.884990695046325,7.898136854349539,8.851173423165735,9.736847217747039,10.54841772573216,11.279708405515724,11.92515369345916,12.479841361190674,12.939549900629292,13.300780652210284,13.560784431797007,13.717582453632247,13.769981390092598,13.717582453632252,13.560784431797012,13.300780652210289,12.939549900629316,12.479841361190683,11.925153693459146,11.279708405515734,10.548417725732174,9.736847217747057,8.851173423165752,7.898136854349559,6.884990695046302,5.8194455992826954,4.709611008631267,3.563933434463278,2.391132174897133,1.2001329556749858,1.1804354543586865e-14,-1.2001329556749623,-2.3911321748971095,-3.563933434463256,-4.709611008631245,-5.819445599282674,-6.884990695046281,-7.898136854349539,-8.851173423165733,-9.736847217747039,-10.54841772573216,-11.279708405515695
4.698145002203679,5.8052775925144395,6.868228515023714,7.878908071383853,8.829624379905995,9.71314191542412,10.522736576010399,11.252246857451201,11.896120746014383,12.449457972626268,12.908047306878224,13.268398607032788,13.5277693821097,13.68418566389828,13.736457030047376,13.684185663898283,13.527769382109705,13.268398607032797,12.908047306878249,12.449457972626279,11.896120746014368,11.252246857451212,10.522736576010413,9.713141915424142,8.829624379906011,7.87890807138387,6.8682285150236915,5.805277592514415,4.6981450022037,3.5552566916087005,2.38531073086783,1.1972111151751048,1.1775615693430875e-14,-1.197211115175081,-2.3853107308678068,-3.555256691608679,-4.698145002203677,-5.805277592514393,-6.868228515023671,-7.878908071383851,-8.829624379905995,-9.71314191542412,-10.522736576010399,-11.252246857451173
4.67459583543296,5.776178990808381,6.833801936311514,7.839415522716847,8.785366423425796,9.664455380903224,10.469991997374237,11.195845652791247,11.836492162554082,12.387055819890474,12.843346502928705,13.201891564055014,13.45996225885878,13.615594513525217,13.667603872622973,13.615594513525217,13.459962258858784,13.20189156405502,12.843346502928728,12.387055819890483,11.836492162554068,11.195845652791261,10.469991997374253,9.664455380903242,8.785366423425812,7.839415522716865,6.833801936311492,5.776178990808355,4.674595835432981,3.5374361831518235,2.373354505554468,1.1912101670992592,1.1716591134235187e-14,-1.1912101670992359,-2.3733545055544454,-3.5374361831518026,-4.674595835432958,-5.776178990808335,-6.83380193631147,-7.839415522716846,-8.785366423425792,-9.664455380903224,-10.469991997374237,-11.195845652791224
4.630312277396919,5.721459873568946,6.769063705391185,7.76515087514294,8.702140558008567,9.572901696731654,10.370807273266498,11.089784744387169,11.724362257407947,12.269710294286332,12.72167842717157,13.076826905666593,13.33245283540551,13.486610748711875,13.538127410782318,13.486610748711879,13.332452835405515,13.076826905666598,12.721678427171593,12.269710294286343,11.724362257407932,11.089784744387183,10.37080727326651,9.572901696731671,8.702140558008585,7.765150875142958,6.769063705391162,5.721459873568921,4.630312277396938,3.503925208934971,2.350871153905077,1.1799255498991974,1.160559708004453e-14,-1.1799255498991743,-2.3508711539050537,-3.50392520893495,-4.630312277396917,-5.7214598735689,-6.769063705391141,-7.76515087514294,-8.702140558008566,-9.572901696731654,-10.370807273266498,-11.089784744387144
4.569481962190086,5.646294703986021,6.680135733758662,7.663136897021123,8.587816961368684,9.447138553174613,10.234561716252626,10.944093684872662,11.570334492326372,12.108518067934474,12.55454850972249,12.905031256707883,13.157298923558795,13.30943160100713,13.360271467517276,13.309431601007136,13.1572989235588,12.905031256707888,12.554548509722514,12.108518067934483,11.570334492326358,10.944093684872675,10.23456171625264,9.447138553174627,8.587816961368702,7.66313689702114,6.68013573375864,5.646294703985997,4.569481962190106,3.457892703533304,2.3199867934698686,1.1644243830618468,1.1453129581904319e-14,-1.1644243830618237,-2.3199867934698455,-3.4578927035332834,-4.569481962190085,-5.646294703985976,-6.68013573375862,-7.663136897021121,-8.587816961368684,-9.447138553174613,-10.234561716252626,-10.944093684872637
4.495903686864235,5.55537747753927,6.572571491181593,7.539744267148815,8.449535036620974,9.295019742495732,10.069763735643697,10.767870746473855,11.384027759105226,11.913545446625882,12.352393859702298,12.697233096927059,12.945438723485232,13.095121744688072,13.145142982363138,13.095121744688074,12.945438723485235,12.697233096927066,12.352393859702325,11.913545446625891,11.384027759105214,10.767870746473868,10.06976373564371,9.295019742495748,8.44953503662099,7.539744267148832,6.572571491181573,5.5553774775392455,4.495903686864255,3.4022133544313578,2.2826301240586053,1.145674700152059,1.1268710094379717e-14,-1.1456747001520364,-2.282630124058583,-3.4022133544313373,-4.495903686864233,-5.555377477539226,-6.572571491181553,-7.539744267148814,-8.449535036620972,-9.295019742495732,-10.069763735643697,-10.767870746473832
4.4011577244159525,5.4383043321756785,6.434062160229607,7.380852890251199,8.271470873097154,9.09913796814821,9.857555129051903,10.540950343269015,11.144122560574013,11.662481276187837,12.092081467291148,12.429653617029974,12.672628597513132,12.819157222426865,12.868124320459163,12.819157222426867,12.672628597513134,12.429653617029977,12.09208146729117,11.662481276187847,11.144122560574,10.540950343269028,9.857555129051915,9.099137968148225,8.27147087309717,7.380852890251216,6.434062160229584,5.438304332175655,4.401157724415972,3.3305156488817933,2.234526338239249,1.121530932918855,1.1031235082056368e-14,-1.121530932918833,-2.2345263382392266,-3.3305156488817733,-4.401157724415952,-5.438304332175635,-6.434062160229566,-7.380852890251195,-8.271470873097154,-9.09913796814821,-9.857555129051903,-10.540950343268989
4.289386574871047,5.30019396103169,6.270663670804265,7.193409843711735,8.061409824208942,8.868057608331616,9.607214119375268,10.273253929976015,10.861108075009316,11.366302629475411,11.784992757770034,12.113991975204854,12.350796399080012,12.493603804743413,12.541327341608483,12.493603804743413,12.350796399080014,12.11399197520486,11.784992757770057,11.366302629475422,10.861108075009303,10.273253929976024,9.60721411937528,8.868057608331629,8.061409824208955,7.193409843711749,6.270663670804243,5.300193961031667,4.289386574871066,3.24593436687327,2.177778638394769,1.0930486994994322,1.075108747017201e-14,-1.0930486994994109,-2.1777786383947473,-3.24593436687325,-4.289386574871045,-5.300193961031647,-6.270663670804225,-7.193409843711734,-8.061409824208939,-8.868057608331616,-9.607214119375268,-10.273253929975986
4.164857966553363,5.146319795982597,6.088615024331549,6.98457221593903,7.827372595583209,8.610601943478235,9.328299411359758,9.975002888139674,10.545790569869428,11.036318417640004,11.442853218341087,11.762300996666928,11.992230562136593,12.130892011921617,12.177230048663048,12.13089201192162,11.992230562136594,11.76230099666693,11.44285321834111,11.036318417640011,10.545790569869414,9.975002888139686,9.32829941135977,8.610601943478251,7.827372595583222,6.984572215939047,6.088615024331528,5.146319795982574,4.164857966553382,3.15169905318872,2.114553806981332,1.0613155295003607,1.043896406110332e-14,-1.0613155295003396,-2.1145538069813115,-3.1516990531887012,-4.164857966553362,-5.146319795982556,-6.08861502433151,-6.984572215939029,-7.827372595583205,-8.610601943478235,-9.328299411359758,-9.97500288813965
4.019822994294393,4.967106878077547,5.8765880792973935,6.741344896852852,7.554796009207923,8.3107505622224,9.003455285289947,9.627638277201521,10.178549128496659,10.651995074947912,11.04437290702834,11.352696392511602,11.574619003502338,11.70845177493039,11.753176158594743,11.708451774930392,11.57461900350234,11.352696392511605,11.044372907028361,10.651995074947921,10.178549128496647,9.627638277201532,9.003455285289958,8.310750562222415,7.554796009207937,6.741344896852868,5.876588079297374,4.967106878077525,4.019822994294411,3.0419458302892304,2.040917621738397,1.0243567977464223,1.0075442693706624e-14,-1.024356797746402,-2.040917621738377,-3.0419458302892117,-4.019822994294392,-4.967106878077507,-5.876588079297356,-6.741344896852851,-7.554796009207921,-8.3107505622224,-9.003455285289947,-9.627638277201498
3.8581996270193057,4.7673964578949635,5.640310523093353,6.4702984194983575,7.25104343805798,7.976603637754278,8.641457067362273,9.240543790833229,9.76930439646305,10.223714696768491,10.600316354983812,10.896243205091704,11.109243065077308,11.237694877393313,11.280621046186662,11.237694877393315,11.10924306507731,10.896243205091709,10.600316354983832,10.223714696768498,9.76930439646304,9.24054379083324,8.641457067362284,7.976603637754289,7.2510434380579945,6.470298419498374,5.6403105230933335,4.767396457894943,3.858199627019322,2.919639567337456,1.9588592876215425,0.983170905935292,9.670343519624735e-15,-0.9831709059352727,-1.9588592876215236,-2.919639567337438,-3.858199627019305,-4.767396457894926,-5.6403105230933175,-6.4702984194983575,-7.2510434380579785,-7.976603637754278,-8.641457067362273,-9.240543790833206
3.6845106157428167,4.552777086897168,5.386394175378264,6.179017551790972,6.924614873641745,7.617511695107356,8.252434652993854,8.82455160021481,9.329508381348193,9.763461970388313,10.12310971849426,10.405714489141708,10.609125489384583,10.73179463868813,10.772788350756487,10.731794638688132,10.609125489384585,10.405714489141712,10.123109718494277,9.763461970388319,9.329508381348182,8.82455160021482,8.252434652993866,7.617511695107369,6.924614873641759,6.179017551790986,5.386394175378246,4.552777086897148,3.6845106157428322,2.788202794034377,1.870675065500407,0.9389103701735284,9.235002540152077e-15,-0.93891037017351,-1.8706750655003885,-2.7882027940343606,-3.6845106157428154,-4.552777086897133,-5.386394175378229,-6.17901755179097,-6.924614873641744,-7.617511695107356,-8.252434652993854,-8.82455160021479
3.4920693942365686,4.314986488573295,5.105063930271899,5.856288752939223,6.562943682072851,7.219650646972188,7.821411711103794,8.363647109416409,8.842230103118164,9.253518386650658,9.594381807833576,9.862226190212766,10.055013076309438,10.171275241512507,10.210127860543759,10.171275241512511,10.05501307630944,9.862226190212768,9.594381807833594,9.253518386650665,8.842230103118151,8.363647109416418,7.821411711103804,7.219650646972202,6.562943682072863,5.8562887529392365,5.105063930271881,4.314986488573276,3.4920693942365832,2.6425755432406013,1.7729700967297848,0.8898712772342751,8.752660282310087e-15,-0.8898712772342575,-1.772970096729767,-2.6425755432405853,-3.4920693942365673,-4.31498648857326,-5.105063930271865,-5.8562887529392205,-6.562943682072849,-7.219650646972188,-7.821411711103794,-8.363647109416387
3.2844493682889366,4.058440152982181,4.801543757558065,5.508104714887515,6.1727456694521114,6.790408302266464,7.35639182773991,7.866388769493443,8.316517742855726,8.703352994544147,9.023950474715873,9.275870242964748,9.457195037741068,9.566544867869688,9.603087515116096,9.56654486786969,9.45719503774107,9.275870242964753,9.023950474715889,8.703352994544156,8.316517742855716,7.866388769493451,7.356391827739917,6.790408302266475,6.172745669452124,5.508104714887528,4.80154375755805,4.058440152982164,3.284449368288951,2.4854619406983076,1.6675586469759667,0.8369642250507305,8.232273271123184e-15,-0.836964225050714,-1.6675586469759502,-2.485461940698293,-3.2844493682889353,-4.05844015298215,-4.801543757558035,-5.508104714887514,-6.172745669452111,-6.790408302266464,-7.35639182773991,-7.866388769493424
3.0661526534193264,3.788701133271712,4.482415309819607,5.142015599303384,5.762482045242556,6.339092523335663,6.867458679677447,7.343559328781981,7.763771057232127,8.124895800043582,8.424185179870493,8.659361423816513,8.828634698661896,8.930716732575087,8.96483061963918,8.930716732575089,8.8286346986619,8.659361423816515,8.424185179870507,8.124895800043587,7.763771057232117,7.34355932878199,6.867458679677457,6.339092523335674,5.762482045242565,5.142015599303396,4.482415309819592,3.788701133271696,3.0661526534193393,2.3202689004808716,1.5567265001930475,0.781336471261624,7.685125786267513e-15,-0.7813364712616087,-1.556726500193032,-2.3202689004808574,-3.066152653419325,-3.7887011332716827,-4.4824153098195785,-5.142015599303383,-5.762482045242554,-6.339092523335663,-6.867458679677447,-7.343559328781964
