hough_viz/data/file_1_0_1.json
{"header": {"discipline": 0, "disciplineName": "Meteorological products", "gribEdition": 2, "gribLength": 133963, "center": 7, "centerName": "US National Weather Service - NCEP(WMC)", "subcenter": 0, "refTime": "2014-11-30T06:00:00.000Z", "significanceOfRT": 1, "significanceOfRTName": "Start of forecast", "productStatus": 0, "productStatusName": "Operational products", "productType": 1, "productTypeName": "Forecast products", "productDefinitionTemplate": 0, "productDefinitionTemplateName": "Analysis/forecast at horizontal level/layer at a point in time", "parameterCategory": 2, "parameterCategoryName": "Momentum", "parameterNumber": 3, "parameterNumberName": "V-component_of_wind", "parameterUnit": "m.s-1", "genProcessType": 2, "genProcessTypeName": "Forecast", "forecastTime": 6, "surface1Type": 100, "surface1TypeName": "Isobaric surface", "surface1Value": 85000, "surface2Type": 255, "surface2TypeName": "Missing", "surface2Value": 0, "gridDefinitionTemplate": 0, "gridDefinitionTemplateName": "Latitude_Longitude", "numberPoints": 65160, "shape": 6, "shapeName": "Earth spherical with radius of 6,371,229.0 m", "gridUnits": "degrees", "resolution": 48, "winds": "true", "scanMode": 0, "nx": 360, "ny": 181, "basicAngle": 0, "subDivisions": 0, "lo1": 0, "la1": 90, "lo2": 359, "la2": -90, "dx": 1, "dy": 1}, "data":
[rows 114 to 132 of 181, columns 86 to 128 of 360]
-25.407173882705585,-25.434310937033455,-25.4537004538622,-25.465336526957167,-25.46921561185777,-25.465336526957167,-25.4537004538622,-25.434310937033455,-25.407173882705585,-25.372297557088224,-25.32969258384801,-25.27937194087251,-25.22135095631705,-25.155647303935577,-25.082280997697104,-25.001274385689214,-24.912652143310662,-24.81644126575498,-24.712671059787485,-24.601373134818154,-24.482581393273108,-24.35633202026758,-24.222663472583594,-24.081616466955637,-23.933233967668,-23.777561173467365,-23.614645503794886,-23.44453658434174,-23.267286231932687,-23.082948438742115,-22.891579355847558,-22.693237276125508,-22.487982616494826,-22.275877899513166,-22.056987734332058,-21.83137879701622,-21.599119810233503,-21.360281522321216,-21.114936685735543,-20.863160034890406,-20.605028263392665,-20.340620000680506,-20.07001578807213
-25.070531061017196,-25.09730855175946,-25.116441159193776,-25.12792305534257,-25.131750742709055,-25.12792305534257,-25.116441159193776,-25.09730855175946,-25.070531061017196,-25.036116843650053,-24.994076382562024,-24.944422483684814,-24.88717027207702,-24.82233718731693,-24.749942978190195,-24.67000969667423,-24.582561691220906,-24.487625599339808,-24.3852303394842,-24.27540710224215,-24.158189340835612,-24.03361276093022,-23.901715309759012,-23.76253716456334,-23.61612072035447,-23.462510576999687,-23.301753525636705,-23.133898534420656,-22.958996733607925,-22.777101399981326,-22.588267940621567,-22.392553876029634,-22.190018822605513,-21.980724474488486,-21.764734584764483,-21.54211494604623,-21.312933370432262,-21.077259668850637,-20.835165629793888,-20.58672499745152,-20.332013449246833,-20.07110857278488,-19.80408984221846
-24.72722639647682,-24.75363720821041,-24.772507822256514,-24.78383249044328,-24.787607763167085,-24.78383249044328,-24.772507822256514,-24.75363720821041,-24.72722639647682,-24.693283432044844,-24.651818654270258,-24.602844693726052,-24.546376468355028,-24.482431178925648,-24.41102830379254,-24.332189592963157,-24.245939061472544,-24.152302982068115,-24.051309877206737,-23.942990510366492,-23.827377876675833,-23.704507192862945,-23.574415886528396,-23.437143584744316,-23.29273210198361,-23.141225427382878,-22.982669711342883,-22.817113251470694,-22.644606477867768,-22.465201937768448,-22.278954279533586,-22.08592023600411,-21.886158607219635,-21.679730242507414,-21.466698021947064,-21.24712683721666,-21.021083571826093,-20.78863708074374,-20.549858169422553,-20.30481957223201,-20.053595930302556,-19.79626376878918,-19.53290147356113
-24.376384158926534,-24.402420240872985,-24.421023109222514,-24.432187097361208,-24.435908804630134,-24.432187097361208,-24.421023109222514,-24.402420240872985,-24.376384158926534,-24.342922794225938,-24.302046339427037,-24.253767245893936,-24.198100219906216,-24.13506221817925,-24.064672442699027,-23.98695233487305,-23.901925568999044,-23.80961804505356,-23.710057880802612,-23.603275403236676,-23.48930313933286,-23.36817580614681,-23.239930300237603,-23.104605686428688,-22.962243185908346,-22.812886163673323,-22.656580115319464,-22.493372653183254,-22.323313491838697,-22.14645443295373,-21.962849349510954,-21.772554169397427,-21.575626858368437,-21.372127402390593,-21.162117789369535,-20.94566199026779,-20.722825939618634,-20.49367751544174,-20.25828651856694,-20.01672465137215,-19.769065495942183,-19.51538449165492,-19.255758912201728
-24.02165405009052,-24.04731124966778,-24.06564340528685,-24.07664493279555,-24.080312481022023,-24.07664493279555,-24.06564340528685,-24.04731124966778,-24.02165405009052,-23.988679621986627,-23.94839800968631,-23.900821483358907,-23.84596453527521,-23.783843875393025,-23.71447842626712,-23.637889317285275,-23.554099878232005,-23.463135632182134,-23.365024287726204,-23.259795730530158,-23.147482014231894,-23.0281173506774,-22.90173809949951,-22.768382757042392,-22.628091944635205,-22.480908396218425,-22.326876945326717,-22.166044511432144,-21.998460085652102,-21.824174715826093,-21.643241490966115,-21.455715525085207,-21.261653940409172,-21.061115849976616,-20.854162339632563,-20.640856449421033,-20.42126315438255,-20.195449344762018,-19.963483805633373,-19.725437195946917,-19.48138202700597,-19.231392640379212,-18.975545185255516
-23.66231770958273,-23.687591106937845,-23.70564903457495,-23.716485991874343,-23.720098677793846,-23.716485991874343,-23.70564903457495,-23.687591106937845,-23.66231770958273,-23.629836541031253,-23.59015749536201,-23.543292659196688,-23.489256308018387,-23.428064901823124,-23.359737080106,-23.28429365618343,-23.201757610853164,-23.112154085394163,-23.015510373908285,-22.911855915006257,-22.80122228284039,-22.68364317748677,-22.559154414679895,-22.427793914902878,-22.289601691836463,-22.14461984017049,-21.992892522781453,-21.834465957280045,-21.669388401932835,-21.497710140962305,-21.319483469229848,-21.134762676306195,-20.943604029934292,-20.74606575888962,-20.54220803524315,-20.332092956032294,-20.11578452434563,-19.893348629826864,-19.66485302860427,-19.430367322651446,-19.18996293858594,-18.943713105912007,-18.69169283471414
-23.29795907516722,-23.322843306056892,-23.340623172942085,-23.351293259903105,-23.354850316728097,-23.351293259903105,-23.340623172942085,-23.322843306056892,-23.29795907516722,-23.265978060250855,-23.226910003034746,-23.180766804027584,-23.127562518894784,-23.067313354177,-23.00003766235345,-22.925755936251583,-22.84449080280475,-22.75626701615983,-22.661111450136875,-22.559053090043093,-22.450123023843638,-22.33435443269189,-22.21178258082219,-22.082444804808006,-21.94638050218883,-21.803631119469326,-21.65424013949431,-21.49825306820348,-21.33571742076981,-21.166682707126046,-20.99120041688343,-20.809324003647507,-20.621108868735625,-20.42661234430116,-20.225893675869578,-20.019014004291698,-19.80603634711957,-19.58702557941072,-19.362048413966612,-19.131173381011234,-18.894470807316154,-18.652012794778322,-18.403873198457095
-22.931238630836116,-22.955731172643524,-22.973231176358592,-22.983733311310644,-22.98723437844765,-22.983733311310644,-22.973231176358592,-22.955731172643524,-22.931238630836116,-22.899761011601854,-22.861307903328495,-22.815891019205317,-22.76352419365519,-22.70422337812046,-22.638006636204008,-22.56489413816688,-22.484908154784222,-22.39807305056143,-22.30441527631242,-22.203963361102527,-22.096747903558224,-21.98280156254648,-21.862159047226616,-21.734857106477477,-21.600934517703408,-21.4604320750223,-21.313392576839263,-21.159860812809857,-20.999883550196692,-20.833509519623696,-20.660789400232286,-20.481775804244,-20.296523260934332,-20.105088200022536,-19.90752893448266,-19.703905642780775,-19.494280350544077,-19.278716911667274,-19.057280988862047,-18.830040033655592,-18.597063265844184,-18.358421652408204,-18.114187885894882
-22.561847481999894,-22.585945482182158,-22.603163584575576,-22.61349654437937,-22.61694121407389,-22.61349654437937,-22.603163584575576,-22.585945482182158,-22.561847481999894,-22.530876924513095,-22.49304324365358,-22.448357963927048,-22.396834696902573,-22.338489137066418,-22.273339057041305,-22.20140430217274,-22.122706784483903,-22.03727047600103,-21.945121401451342,-21.84628763033561,-21.740799268377927,-21.62868844835525,-21.509989320309398,-21.384738041144622,-21.25297276361392,-21.114733624697244,-20.970062733375467,-20.819004157803548,-20.661603911886935,-20.497909941265313,-20.327972108707865,-20.15184217892462,-19.969573802798397,-19.781222501042237,-19.58684564728725,-19.38650245060607,-19.18025393747717,-18.968162933195618,-18.750294042735895,-18.52671363107258,-18.297489802964932,-18.06269238221154,-17.822392890381295
-22.18992708792168,-22.213627845026608,-22.230562115901684,-22.240724742203962,-22.244112628299032,-22.240724742203962,-22.230562115901684,-22.213627845026608,-22.18992708792168,-22.159467064067137,-22.12225705188129,-22.078308385894342,-22.027634453295658,-21.970250689856016,-21.906174575225652,-21.83542562760979,-21.758025397823246,-21.673997462725797,-21.583367418040474,-21.486162870556836,-21.382413429721705,-21.272150698619786,-21.155408264347113,-21.032221687780076,-20.90262849274324,-20.7666681545792,-20.62438208812405,-20.47581363509198,-20.321008050872997,-20.160012490747697,-19.99287599552328,-19.819649476595302,-19.64038570043949,-19.455139272538638,-19.263966620749205,-19.06692597811285,-18.86407736511811,-18.65548257141753,-18.44120513700598,-18.221310332865738,-17.995865141084295,-17.764938234451023,-17.528599955538724
-21.817100085289862,-21.840402630981263,-21.857052378458533,-21.86704425604731,-21.870375220124874,-21.86704425604731,-21.857052378458533,-21.840402630981263,-21.817100085289862,-21.78715183956549,-21.750567016333903,-21.707356759686675,-21.65753423188655,-21.601114609358156,-21.53811507806505,-21.468554828274762,-21.392455048713224,-21.309838920110472,-21.220731608139623,-21.12516025575108,-21.023153974904623,-20.91474383770154,-20.799962866919817,-20.678846025955067,-20.55143020817033,-20.417754225658012,-20.27785879741733,-20.131786536950926,-19.979581939284376,-19.821291367412563,-19.656963038177068,-19.486647007578874,-19.31039515553078,-19.12826117005432,-18.94030053092583,-18.746570492776804,-18.547130067653576,-18.342040007041653,-18.13136278336026,-17.915162570932605,-17.693505226437757,-17.4664582688501,-17.234090858872378
-21.443374919109473,-21.466278294071174,-21.482642832715992,-21.492463550246935,-21.4957374551783,-21.492463550246935,-21.482642832715992,-21.466278294071174,-21.443374919109473,-21.41393968442078,-21.37798155626271,-21.33551148782945,-21.286542415915253,-21.231089256973807,-21.1691689025745,-21.100800214257134,-21.026004017786455,-20.944803096808485,-20.85722218591037,-20.763287963085975,-20.66302904160954,-20.55647596131977,-20.44366117931713,-20.324619060077072,-20.199385864982315,-20.067999741277234,-19.930500710447884,-19.786930656031036,-19.63733331085606,-19.481754243723476,-19.32024084552426,-19.152842314804133,-18.979609642777163,-18.80059559779339,-18.615854709265076,-18.42544325105648,-18.229419224342337,-18.02784233994011,-17.82077400012151,-17.608277279908762,-17.390416907861333,-17.16725924635902,-16.938872271387293
-21.069526195475365,-21.09203026773735,-21.108109503256692,-21.11775900414249,-21.120975831063305,-21.11775900414249,-21.108109503256692,-21.09203026773735,-21.069526195475365,-21.04060414142916,-21.005272915536572,-20.96354328003126,-20.915427946164442,-20.860941570332923,-20.8001007496146,-20.732924016712857,-20.65943183431127,-20.57964658884054,-20.493592583659336,-20.401296031651267,-20.302785047240157,-20.198089637826165,-20.087241694645208,-19.970274983054576,-19.847225132247708,-19.71812962440117,-19.58302778325723,-19.441960762145463,-19.294971531447043,-19.14210486550555,-18.983407328988296,-18.81892726270224,-18.64871476886892,-18.472821695862844,-18.291301622417972,-18.104209841307085,-17.911603342499124,-17.71354079579944,-17.51008253297843,-17.301290529393896,-17.087228385112745,-16.867961305537786,-16.643556081545555
-20.696122289358176,-20.718227534023928,-20.734021805880843,-20.743500293840704,-20.746660110664266,-20.743500293840704,-20.734021805880843,-20.718227534023928,-20.696122289358176,-20.667712805355247,-20.633007735819177,-20.592017652250338,-20.54475504062528,-20.491234297593323,-20.43147172609128,-20.365485530377363,-20.293295810486004,-20.214924556105196,-20.13039563987823,-20.039734810131836,-19.942969683033002,-19.840129734176834,-19.731246289607984,-19.616352516278443,-19.49548341194457,-19.36867579450643,-19.2359682907927,-19.097401324794603,-18.95301710535228,-18.80285961329767,-18.646974588057457,-18.485409513720427,-18.318213604573337,-18.145437790109764,-17.96713469951653,-17.783358645642274,-17.5941656084533,-17.399613217981475,-17.19976073676962,-16.994669041819517,-16.784400606048216,-16.56901947925818,-16.348591268627068
-20.32339884463382,-20.345105988494836,-20.3606158159843,-20.369923602658492,-20.37302651327543,-20.369923602658492,-20.3606158159843,-20.345105988494836,-20.32339884463382,-20.295500996607544,-20.261420942370766,-20.22116906303815,-20.174757619722072,-20.122200749797752,-20.063514462596917,-19.998716634531142,-19.927827003646573,-19.850867163611497,-19.767860557138718,-19.67883246884466,-19.583810017547474,-19.48282214800631,-19.375899622104534,-19.2630750094793,-19.14438267760059,-19.019858781302474,-18.88954125177007,-18.753469784985278,-18.611685829635046,-18.464232574485653,-18.31115493522703,-18.152499540791005,-17.98831471914764,-17.818650482584104,-17.64355851247043,-17.463092143516867,-17.27730634752762,-17.08625771665589,-16.89000444616537,-16.688606316703407,-16.482124676091203,-16.27062242063674,-16.0541639759759
-19.952814940208523,-19.974126268478486,-19.989353284393367,-19.998491349656604,-20.001537680725,-19.998491349656604,-19.989353284393367,-19.974126268478486,-19.952814940208523,-19.925425791220512,-19.89196716451457,-19.852449251912496,-19.806884090953297,-19.755285561226394,-19.6976693801438,-19.634053098152403,-19.56445609338797,-19.488899565772343,-19.40740653055577,-19.32000181130623,-19.226712032347905,-19.127565610651185,-19.022592747176567,-18.911825417675164,-18.795297362948578,-18.673044078571095,-18.54510280407745,-18.411512511619232,-18.272313894093646,-18.127549352748044,-17.977262984264076,-17.82150056732545,-17.66030954867327,-17.49373902865329,-17.321839746259535,-17.144664063678636,-16.962265950339855,-16.774700966475436,-16.582026246196456,-16.384300480089188,-16.181583897337397,-15.973938247375955,-15.761426781081354
-19.58389858043354,-19.604815874194045,-19.619761351123152,-19.62873045868381,-19.631720464798974,-19.62873045868381,-19.619761351123152,-19.604815874194045,-19.58389858043354,-19.557015841451953,-19.524175845991994,-19.485388597434408,-19.44066591075084,-19.3900214089049,-19.333470518702455,-19.271030466092476,-19.202720270919865,-19.128560741131803,-19.04857446643946,-18.96278581143696,-18.871220908179662,-18.77390764822411,-18.670875674131985,-18.56215637044068,-18.447782854103295,-18.327789964400868,-18.202214252329995,-18.07109396946905,-17.934469056326392,-17.79238113017407,-17.64487347237083,-17.491991015178183,-17.333780328073587,-17.170289603564964,-17.00156864251076,-16.827668838950153,-16.648643164447915,-16.464546151958757,-16.275433879216077,-16.08136395165012,-15.882395484840808,-15.678589086510604,-15.47000683806274
-19.217028378153657,-19.237553822877484,-19.2522193223485,-19.26102040931348,-19.2639544028761,-19.26102040931348,-19.2522193223485,-19.237553822877484,-19.217028378153657,-19.190649240426307,-19.158424445036335,-19.120363807968577,-19.076478922861785,-19.02678315747709,-18.971291649626046,-18.910021302559493,-18.842990779818688,-18.770220499550206,-18.691732628286346,-18.607551074193033,-18.517701479787128,-18.422211214125475,-18.321109364468033,-18.2144267274176,-18.10219579953888,-17.984450767459716,-17.8612274974575,-17.73256352453396,-17.598498040981646,-17.459071884445567,-17.314327525483662,-17.16430905462984,-17.00906216896358,-16.84863415819017,-16.683073890235793,-16.51243179636188,-16.33675985580328,-16.15611157993485,-15.970541995971413,-15.780107630205885,-15.584866490790857,-15.384878050068744,-15.180203226455923
-18.854374591514674,-18.874512690697607,-18.88890143047344,-18.897536427892657,-18.90041505265139,-18.897536427892657,-18.88890143047344,-18.874512690697607,-18.854374591514674,-18.828493267184736,-18.796876601409906,-18.759534224932857,-18.7164775126032,-18.667719579912614,-18.613275278999733,-18.55316119412602,-18.487395636624065,-18.415998639319774,-18.338991950430163,-18.25639902693864,-18.168245027449807,-18.074556804525873,-17.975362896507118,-17.87069351881883,-17.76058055476742,-17.64505754582842,-17.52415968142945,-17.397923788231168,-17.266388318909517,-17.129593340442675,-16.987580521906228,-16.840393121780423,-16.68807597477318,-16.530675478162987,-16.368239577665907,-16.200817752830766,-16.02846100196727,-15.851221826611386,-15.66915421553288,-15.482313628289825,-15.290756978335043,-15.094542615679774,-14.893730309119658
