hough_viz/data/file_5_3_0.json
{"header": {"discipline": 0, "disciplineName": "Meteorological products", "gribEdition": 2, "gribLength": 133963, "center": 7, "centerName": "US National Weather Service - NCEP(WMC)", "subcenter": 0, "refTime": "2014-11-30T06:00:00.000Z", "significanceOfRT": 1, "significanceOfRTName": "Start of forecast", "productStatus": 0, "productStatusName": "Operational products", "productType": 1, "productTypeName": "Forecast products", "productDefinitionTemplate": 0, "productDefinitionTemplateName": "Analysis/forecast at horizontal level/layer at a point in time", "parameterCategory": 2, "parameterCategoryName": "Momentum", "parameterNumber": 3, "parameterNumberName": "V-component_of_wind", "parameterUnit": "m.s-1", "genProcessType": 2, "genProcessTypeName": "Forecast", "forecastTime": 6, "surface1Type": 100, "surface1TypeName": "Isobaric surface", "surface1Value": 85000, "surface2Type": 255, "surface2TypeName": "Missing", "surface2Value": 0, "gridDefinitionTemplate": 0, "gridDefinitionTemplateName": "Latitude_Longitude", "numberPoints": 65160, "shape": 6, "shapeName": "Earth spherical with radius of 6,371,229.0 m", "gridUnits": "degrees", "resolution": 48, "winds": "true", "scanMode": 0, "nx": 360, "ny": 181, "basicAngle": 0, "subDivisions": 0, "lo1": 0, "la1": 90, "lo2": 359, "la2": -90, "dx": 1, "dy": 1}, "data":
[rows 0 to 18 of 181, columns 172 to 214 of 360]
-0.0010333469534376763,-0.000922082899755999,-0.0008038012384383033,-0.0006794021643476375,-0.0005498324295520375,-0.0004160781379696511,-0.0002791572405224698,-0.0001401117879151565,-9.843726138041469e-19,0.0001401117879151517,0.00027915724052246505,0.00041607813796964906,0.0005498324295520355,0.0006794021643476355,0.0008038012384383016,0.0009220828997559996,0.0010333469534376722,0.0011367466128517347,0.001231494944155628,0.001316870855337519,0.0013922245841619257,0.001456982643252675,0.001510652184678095,0.0015528247508213894,0.0015831793829897108,0.0016014850641036336,0.0016076024768766066,0.0016014850641036338,0.0015831793829897123,0.0015528247508213896,0.0015106521846780978,0.0014569826432526756,0.001392224584161927,0.0013168708553375206,0.00123149494415563,0.0011367466128517406,0.001033346953437674,0.0009220828997560014,0.0008038012384383036,0.0006794021643476375,0.0005498324295520377,0.000416078137969654,0.0002791572405224671
-8.339858376231144e-05,-7.441876873519401e-05,-6.487258194272078e-05,-5.483267563052771e-05,-4.4375459547911126e-05,-3.3580519423500075e-05,-2.2530011269804432e-05,-1.130803612635236e-05,-7.94459998285774e-20,1.1308036126351975e-05,2.2530011269804046e-05,3.3580519423499926e-05,4.437545954791098e-05,5.483267563052757e-05,6.487258194272063e-05,7.441876873519405e-05,8.339858376231113e-05,9.174368520955533e-05,9.939056181600349e-05,0.00010628101623336972,0.00011236260794296758,0.00011758905235972203,0.00012192057308580766,0.00012532420463305568,0.00012777404331022234,0.0001292514443657215,0.00012974516388544155,0.00012925144436572148,0.00012777404331022247,0.00012532420463305573,0.00012192057308580789,0.00011758905235972211,0.00011236260794296767,0.00010628101623336983,9.939056181600359e-05,9.174368520955582e-05,8.339858376231124e-05,7.441876873519421e-05,6.487258194272079e-05,5.483267563052772e-05,4.4375459547911146e-05,3.3580519423500326e-05,2.2530011269804222e-05
0.0008665497859130534,0.000773245362285611,0.0006740560745528618,0.0005697368130865818,0.00046108151045621523,0.00034891709912265097,0.00023409721798286093,0.00011749571566245176,8.2548061414699195e-19,-0.0001174957156624477,-0.00023409721798285695,-0.0003489170991226493,-0.0004610815104562136,-0.0005697368130865804,-0.0006740560745528604,-0.0007732453622856117,-0.00086654978591305,-0.000953259242432624,-0.0010327138205236215,-0.0011043088228707796,-0.0011674993682759904,-0.0012218045385332308,-0.00126681103850648,-0.0013021763415552777,-0.0013276312963692663,-0.0013429821753721907,-0.0013481121491057237,-0.0013429821753721907,-0.0013276312963692674,-0.0013021763415552781,-0.0012668110385064821,-0.0012218045385332314,-0.0011674993682759915,-0.0011043088228707809,-0.0010327138205236226,-0.000953259242432629,-0.0008665497859130514,-0.0007732453622856131,-0.0006740560745528621,-0.0005697368130865819,-0.00046108151045621534,-0.0003489170991226534,-0.00023409721798285868
0.0032919441111901185,0.0029374890609419548,0.0025606779452356397,0.0021643785241864727,0.0017516068756807458,0.001325504441201948,0.000889314117564148,0.0004463555765091213,3.135926049280048e-18,-0.000446355576509106,-0.0008893141175641329,-0.0013255044412019417,-0.00175160687568074,-0.0021643785241864675,-0.002560677945235634,-0.0029374890609419565,-0.0032919441111901055,-0.003621345479021899,-0.003923186221130164,-0.004195169147211019,-0.004435224302969199,-0.004641524723720137,-0.0048125003386943034,-0.004946849920223857,-0.005043550986870854,-0.005101867585128418,-0.005121355890471279,-0.005101867585128418,-0.005043550986870858,-0.004946849920223859,-0.004812500338694311,-0.00464152472372014,-0.0044352243029692024,-0.004195169147211023,-0.003923186221130168,-0.003621345479021918,-0.0032919441111901116,-0.002937489060941962,-0.0025606779452356405,-0.002164378524186473,-0.0017516068756807464,-0.0013255044412019577,-0.0008893141175641396
0.00817326302586212,0.0072932194228508725,0.006357670016265454,0.005373734901990162,0.004348902420360836,0.003290972165373509,0.0022079956250643865,0.0011082149048242695,7.785900235454588e-18,-0.001108214904824232,-0.0022079956250643487,-0.0032909721653734936,-0.004348902420360822,-0.005373734901990148,-0.0063576700162654405,-0.007293219422850876,-0.008173263025862089,-0.008991103162095351,-0.009740515574288573,-0.01041579678147735,-0.011011807485929006,-0.011524011686301612,-0.011948511199352935,-0.012282075327468884,-0.012522165446222935,-0.01266695432484101,-0.012715340032530909,-0.012666954324841013,-0.012522165446222946,-0.012282075327468889,-0.011948511199352956,-0.011524011686301619,-0.011011807485929014,-0.010415796781477358,-0.009740515574288585,-0.008991103162095395,-0.008173263025862104,-0.0072932194228508915,-0.006357670016265455,-0.005373734901990162,-0.004348902420360838,-0.003290972165373532,-0.0022079956250643656
0.02116567787224129,0.018886695860292894,0.01646397468874895,0.013915952728603968,0.011262021965512202,0.00852238041506816,0.005717878403711516,0.0028698598851531346,2.0162553903819446e-17,-0.0028698598851530366,-0.005717878403711418,-0.008522380415068118,-0.011262021965512164,-0.013915952728603928,-0.016463974688748915,-0.0188866958602929,-0.021165677872241207,-0.02328357629539604,-0.025224272643935248,-0.02697299704682184,-0.028516440655441146,-0.02984285693197496,-0.030942151047646697,-0.03180595671046427,-0.032427699837753426,-0.032802648588896796,-0.0329279493774979,-0.0328026485888968,-0.032427699837753454,-0.031805956710464274,-0.03094215104764675,-0.02984285693197497,-0.028516440655441167,-0.026972997046821868,-0.025224272643935276,-0.023283576295396163,-0.021165677872241245,-0.018886695860292943,-0.016463974688748953,-0.013915952728603968,-0.011262021965512207,-0.00852238041506822,-0.00571787840371146
0.04160482166327831,0.03712508608602642,0.03236280618692009,0.027354225791534757,0.022137463220942503,0.01675222118827324,0.011239484637093605,0.005641208821239087,3.963300700823785e-17,-0.0056412088212388955,-0.011239484637093412,-0.01675222118827316,-0.02213746322094243,-0.027354225791534684,-0.032362806186920015,-0.037125086086026444,-0.04160482166327814,-0.04576791942599415,-0.04958269568645317,-0.05302011769388804,-0.05605402459124993,-0.0586613265151271,-0.06082218032354664,-0.0625201406142675,-0.06374228488422069,-0.06447931187756106,-0.06472561237384018,-0.06447931187756106,-0.06374228488422073,-0.06252014061426753,-0.060822180323546755,-0.05866132651512713,-0.05605402459124998,-0.053020117693888105,-0.049582695686453224,-0.04576791942599437,-0.04160482166327821,-0.03712508608602652,-0.0323628061869201,-0.027354225791534757,-0.022137463220942514,-0.01675222118827336,-0.011239484637093497
0.0719088030053647,0.06416613255846663,0.055935119098228625,0.047278405607104966,0.03826187490182904,0.028954148225398647,0.01942606299798047,0.009750133701369729,6.850076456357169e-17,-0.009750133701369396,-0.019426062997980144,-0.028954148225398508,-0.03826187490182891,-0.04727840560710484,-0.05593511909822851,-0.06416613255846668,-0.07190880300536442,-0.07910420404166899,-0.08569757432079242,-0.09163873431372443,-0.09688246820554813,-0.1013888680150941,-0.1051236373187727,-0.10805835226706788,-0.11017067790719354,-0.1114445381655714,-0.11187023819645725,-0.1114445381655714,-0.11017067790719362,-0.10805835226706792,-0.10512363731877286,-0.10138886801509417,-0.0968824682055482,-0.09163873431372452,-0.08569757432079252,-0.07910420404166937,-0.07190880300536455,-0.06416613255846682,-0.05593511909822864,-0.04727840560710497,-0.03826187490182904,-0.02895414822539885,-0.019426062997980286
0.12450774128945129,0.11110156056328979,0.09684982987628549,0.08186101350439678,0.06624918539070762,0.05013316097384364,0.03363559293073881,0.01688203771570409,1.1860683415595871e-16,-0.016882037715703513,-0.03363559293073824,-0.05013316097384341,-0.06624918539070739,-0.08186101350439656,-0.09684982987628524,-0.11110156056328986,-0.12450774128945083,-0.13696634292456944,-0.1483825479874935,-0.15866947226440065,-0.16774882605012845,-0.1755515099801046,-0.18201814091823196,-0.18709950389841346,-0.19075692668015856,-0.19296257406768622,-0.19369965975257097,-0.19296257406768622,-0.1907569266801587,-0.18709950389841354,-0.18201814091823232,-0.17555150998010474,-0.16774882605012859,-0.1586694722644008,-0.1483825479874937,-0.1369663429245701,-0.12450774128945104,-0.11110156056329008,-0.09684982987628549,-0.08186101350439678,-0.06624918539070765,-0.050133160973843995,-0.0336355929307385
0.1934492093308781,0.1726198614143199,0.15047677212167704,0.1271884637328295,0.10293217433648,0.07789250894128422,0.05226003452026297,0.02622982968106988,1.8428089732483747e-16,-0.02622982968106898,-0.052260034520262094,-0.07789250894128384,-0.10293217433647965,-0.12718846373282916,-0.1504767721216767,-0.17261986141431998,-0.19344920933087734,-0.21280629195660059,-0.23054379020458257,-0.246526711002961,-0.2606334146737084,-0.2727565406840307,-0.282803824724845,-0.2906988008978854,-0.2963813836673575,-0.29980832514714884,-0.3009535442433541,-0.2998083251471489,-0.2963813836673578,-0.2906988008978855,-0.2828038247248455,-0.2727565406840309,-0.26063341467370854,-0.24652671100296125,-0.23054379020458285,-0.21280629195660164,-0.19344920933087767,-0.17261986141432034,-0.15047677212167704,-0.1271884637328295,-0.10293217433648003,-0.07789250894128479,-0.05226003452026248
0.28257274642027536,0.2521471578780233,0.21980257721370344,0.1857851662163632,0.15035381792396452,0.11377818629104774,0.07633663395930965,0.038314113749819835,2.691805226291009e-16,-0.038314113749818524,-0.07633663395930833,-0.11377818629104723,-0.15035381792396402,-0.1857851662163627,-0.21980257721370294,-0.2521471578780234,-0.2825727464202743,-0.3108477857401778,-0.33675708571557483,-0.3601034609291882,-0.3807092313687151,-0.39841757467900785,-0.41309371967488356,-0.4246259720312263,-0.43292656434423915,-0.43793232409438565,-0.4396051544274069,-0.4379323240943857,-0.4329265643442395,-0.4246259720312265,-0.41309371967488434,-0.3984175746790081,-0.38070923136871543,-0.3601034609291886,-0.33675708571557517,-0.31084778574017935,-0.28257274642027486,-0.252147157878024,-0.21980257721370347,-0.1857851662163632,-0.15035381792396457,-0.11377818629104855,-0.07633663395930892
0.4114888308966002,0.3671824000139438,0.3200814893563873,0.27054456529434234,0.21894863373113035,0.16568637086042587,0.11116313466330861,0.055793879889265485,3.9198677140661736e-16,-0.05579387988926358,-0.11116313466330673,-0.1656863708604251,-0.2189486337311296,-0.27054456529434157,-0.32008148935638664,-0.3671824000139441,-0.41148883089659866,-0.4526635833123809,-0.490393292533413,-0.5243908126906996,-0.554397402127579,-0.580184692579965,-0.6015564271967204,-0.618349954172808,-0.6304374646277293,-0.6377269653082849,-0.6401629787127746,-0.6377269653082851,-0.6304374646277299,-0.6183499541728081,-0.6015564271967214,-0.5801846925799652,-0.5543974021275795,-0.5243908126907002,-0.49039329253341357,-0.4526635833123831,-0.4114888308965994,-0.3671824000139448,-0.3200814893563874,-0.27054456529434234,-0.21894863373113044,-0.16568637086042703,-0.11116313466330756
0.566200217740502,0.5052354747646026,0.4404255847562254,0.37226379011161564,0.30126884324523145,0.2279810585706514,0.15295820038162333,0.07677123792900144,5.393657826343127e-16,-0.07677123792899881,-0.1529582003816207,-0.22798105857065035,-0.30126884324523046,-0.37226379011161465,-0.44042558475622434,-0.5052354747646028,-0.5662002177404998,-0.6228558351783529,-0.6747711436198649,-0.7215510362204731,-0.7628394897510142,-0.7983222741494742,-0.8277293440014865,-0.8508368937490062,-0.8674690609857317,-0.8774992648762167,-0.8808511695124508,-0.8774992648762169,-0.8674690609857325,-0.8508368937490062,-0.8277293440014879,-0.7983222741494748,-0.7628394897510148,-0.7215510362204739,-0.6747711436198657,-0.622855835178356,-0.5662002177405008,-0.505235474764604,-0.4404255847562254,-0.37226379011161564,-0.30126884324523157,-0.227981058570653,-0.15295820038162186
0.7512753731360872,0.6703829457008935,0.5843884992606277,0.4939465034775671,0.39974527654998493,0.302501746695062,0.20295599589224306,0.10186562741249916,7.156695050780531e-16,-0.1018656274124957,-0.20295599589223962,-0.3025017466950606,-0.39974527654998354,-0.49394650347756575,-0.5843884992606265,-0.6703829457008937,-0.7512753731360843,-0.8264501413492363,-0.8953351249624845,-0.9574060676566383,-1.0121905720783333,-1.059271695069137,-1.0982911208547252,-1.1289518880443008,-1.1510206496860698,-1.1643294491784582,-1.1687769985212555,-1.1643294491784584,-1.1510206496860709,-1.128951888044301,-1.0982911208547275,-1.0592716950691377,-1.0121905720783342,-0.9574060676566393,-0.8953351249624856,-0.8264501413492403,-0.7512753731360856,-0.6703829457008953,-0.5843884992606279,-0.4939465034775671,-0.3997452765499851,-0.30250174669506413,-0.20295599589224117
0.9920302403222953,0.8852149005703654,0.7716625409177262,0.6522373633861243,0.5278482656874612,0.39944192396342204,0.2679955880083958,0.13450964380845998,9.450140607568071e-16,-0.1345096438084554,-0.26799558800839124,-0.39944192396342015,-0.5278482656874596,-0.6522373633861226,-0.7716625409177245,-0.8852149005703658,-0.9920302403222915,-1.0912956309411281,-1.182255602866189,-1.2642178957879864,-1.3365587271671981,-1.3987275395964458,-1.4502511908745819,-1.4907375549045532,-1.5198785060097535,-1.5374522639564872,-1.5433250818354525,-1.5374522639564872,-1.5198785060097548,-1.4907375549045538,-1.4502511908745845,-1.3987275395964462,-1.3365587271671993,-1.2642178957879877,-1.1822556028661904,-1.0912956309411337,-0.9920302403222931,-0.8852149005703678,-0.7716625409177265,-0.6522373633861245,-0.5278482656874615,-0.3994419239634249,-0.2679955880083933
1.2656348147762073,1.1293595206901414,0.9844891187257032,0.8321261601169829,0.6734302189782531,0.509609067244818,0.3419094827992854,0.17160776073905318,1.2056514480428309e-15,-0.1716077607390473,-0.3419094827992796,-0.5096090672448155,-0.6734302189782506,-0.8321261601169807,-0.9844891187257009,-1.1293595206901421,-1.2656348147762024,-1.392277863710621,-1.5083248374218476,-1.6128925483688554,-1.7051851731316245,-1.7845003091079077,-1.8502343202211293,-1.9018869309554427,-1.9390650337544564,-1.9614856808071206,-1.9689782374514064,-1.961485680807121,-1.9390650337544584,-1.9018869309554436,-1.8502343202211322,-1.7845003091079086,-1.705185173131626,-1.612892548368857,-1.5083248374218494,-1.392277863710628,-1.2656348147762047,-1.1293595206901443,-0.9844891187257034,-0.832126160116983,-0.6734302189782532,-0.5096090672448216,-0.3419094827992822
1.5764226417889908,1.4066837434862338,1.2262391325166824,1.0364621013252513,0.8387969677097994,0.6347480826906231,0.4258683814908041,0.21374756476147225,1.5017098286257821e-15,-0.21374756476146495,-0.425868381490797,-0.6347480826906201,-0.8387969677097967,-1.0364621013252489,-1.22623913251668,-1.4066837434862345,-1.576422641788985,-1.734164011917706,-1.8787073467988789,-2.0089525843764013,-2.1239084797480774,-2.2227001491378715,-2.3045757282896786,-2.3689120946083335,-2.415219609498786,-2.443145844811481,-2.4524782650333647,-2.4431458448114816,-2.415219609498788,-2.368912094608335,-2.3045757282896826,-2.222700149137873,-2.1239084797480787,-2.0089525843764027,-1.8787073467988815,-1.7341640119177142,-1.5764226417889877,-1.4066837434862376,-1.2262391325166828,-1.0364621013252515,-0.8387969677097997,-0.6347480826906277,-0.4258683814908002
1.9517694358506663,1.7416156452362899,1.5182071079453905,1.2832440978445157,1.0385148253150633,0.7858818278925722,0.5272677952314019,0.26464093627551066,1.8592674751880826e-15,-0.2646409362755015,-0.5272677952313929,-0.7858818278925683,-1.0385148253150598,-1.2832440978445125,-1.5182071079453872,-1.7416156452362905,-1.9517694358506588,-2.1470690825475973,-2.3260282370905987,-2.487284912255089,-2.62961184737362,-2.751925848530598,-2.8532960323219942,-2.9329509104401756,-2.9902842611657245,-3.0248597430808006,-3.036414215890781,-3.0248597430808006,-2.9902842611657268,-2.9329509104401765,-2.8532960323219996,-2.7519258485305995,-2.6296118473736225,-2.4872849122550913,-2.326028237090601,-2.147069082547608,-1.951769435850662,-1.7416156452362945,-1.5182071079453907,-1.283244097844516,-1.0385148253150638,-0.7858818278925777,-0.5272677952313968
2.3618036912520206,2.107500088948037,1.8371571384238172,1.5528323127703887,1.2566894955909795,0.9509825125402651,0.6380379783501846,0.32023758988698203,2.2498686091014384e-15,-0.32023758988697104,-0.6380379783501737,-0.9509825125402603,-1.256689495590975,-1.5528323127703847,-1.8371571384238132,-2.1075000889480378,-2.361803691252012,-2.5981325413694987,-2.8146880340518527,-3.009822051239968,-3.1820495052378965,-3.330059641126948,-3.4527260124020307,-3.5491150539097713,-3.6184931868429935,-3.6603324017184193,-3.6743142768476345,-3.6603324017184193,-3.618493186842996,-3.5491150539097727,-3.452726012402037,-3.33005964112695,-3.182049505237899,-3.009822051239971,-2.814688034051856,-2.598132541369512,-2.361803691252016,-2.1075000889480426,-1.8371571384238174,-1.5528323127703891,-1.2566894955909798,-0.9509825125402718,-0.6380379783501786
