hough_viz/data/file_5_2_0.json
{"header": {"discipline": 0, "disciplineName": "Meteorological products", "gribEdition": 2, "gribLength": 133963, "center": 7, "centerName": "US National Weather Service - NCEP(WMC)", "subcenter": 0, "refTime": "2014-11-30T06:00:00.000Z", "significanceOfRT": 1, "significanceOfRTName": "Start of forecast", "productStatus": 0, "productStatusName": "Operational products", "productType": 1, "productTypeName": "Forecast products", "productDefinitionTemplate": 0, "productDefinitionTemplateName": "Analysis/forecast at horizontal level/layer at a point in time", "parameterCategory": 2, "parameterCategoryName": "Momentum", "parameterNumber": 3, "parameterNumberName": "V-component_of_wind", "parameterUnit": "m.s-1", "genProcessType": 2, "genProcessTypeName": "Forecast", "forecastTime": 6, "surface1Type": 100, "surface1TypeName": "Isobaric surface", "surface1Value": 85000, "surface2Type": 255, "surface2TypeName": "Missing", "surface2Value": 0, "gridDefinitionTemplate": 0, "gridDefinitionTemplateName": "Latitude_Longitude", "numberPoints": 65160, "shape": 6, "shapeName": "Earth spherical with radius of 6,371,229.0 m", "gridUnits": "degrees", "resolution": 48, "winds": "true", "scanMode": 0, "nx": 360, "ny": 181, "basicAngle": 0, "subDivisions": 0, "lo1": 0, "la1": 90, "lo2": 359, "la2": -90, "dx": 1, "dy": 1}, "data":
[rows 40 to 59 of 181, columns 135 to 179 of 360]
12.395182272138536,11.267703543964364,10.054470788195237,8.764717438672438,7.408259297160283,5.995419829167503,4.536951596141229,3.0439544219820744,1.5277909166816732,8.586946525360954e-15,-1.527790916681687,-3.043954421982088,-4.536951596141211,-5.995419829167457,-7.408259297160296,-8.764717438672426,-10.054470788195196,-11.267703543964378,-12.395182272138527,-13.428326178806055,-14.359272415007815,-15.180935917765604,-15.887063331689507,-16.472280600788118,-16.932133868279756,-17.26312337313184,-17.462730085355496,-17.529434877344883,-17.462730085355496,-17.263123373131844,-16.932133868279767,-16.472280600788125,-15.887063331689514,-15.180935917765618,-14.359272415007828,-13.428326178806065,-12.395182272138536,-11.267703543964393,-10.054470788195212,-8.764717438672442,-7.408259297160316,-5.995419829167477,-4.536951596141231,-3.0439544219821073,-1.5277909166817063
12.571500978829867,11.427984116902676,10.197493395440407,8.88939359182392,7.5136401354110784,6.0807033407078315,4.601488721952674,3.0872539955686307,1.549523402143349,8.70909392687053e-15,-1.5495234021433635,-3.0872539955686444,-4.601488721952656,-6.080703340707784,-7.513640135411091,-8.889393591823907,-10.197493395440365,-11.427984116902687,-12.571500978829857,-13.619341127428342,-14.563529866464064,-15.396881349516212,-16.113053268607437,-16.706595122996966,-17.172989700782534,-17.508687457610478,-17.711133530851463,-17.778787183647847,-17.711133530851463,-17.50868745761048,-17.17298970078254,-16.706595122996973,-16.11305326860744,-15.396881349516224,-14.563529866464073,-13.619341127428353,-12.571500978829867,-11.427984116902703,-10.197493395440382,-8.889393591823923,-7.513640135411109,-6.080703340707802,-4.601488721952676,-3.087253995568663,-1.5495234021433828
12.675696691659532,11.522702078844684,10.282012745612114,8.963071086936342,7.57591504523872,6.131101715584283,4.639626999813758,3.1128419210913028,1.5623662357639692,8.781277053717425e-15,-1.5623662357639831,-3.1128419210913165,-4.639626999813741,-6.131101715584236,-7.575915045238731,-8.963071086936328,-10.282012745612073,-11.522702078844695,-12.675696691659518,-13.732221598855933,-14.684236007942927,-15.524494514425335,-16.246602243706917,-16.845063519947225,-17.31532369147328,-17.653803794428942,-17.85792779085081,-17.926142173872687,-17.85792779085081,-17.653803794428942,-17.315323691473285,-16.845063519947235,-16.246602243706928,-15.524494514425344,-14.684236007942939,-13.732221598855944,-12.675696691659532,-11.522702078844711,-10.282012745612091,-8.963071086936344,-7.575915045238751,-6.131101715584255,-4.6396269998137605,-3.112841921091336,-1.562366235764003
12.712499022987497,11.556156831669284,10.311865309063823,8.98909426498182,7.597910785779816,6.148902617754092,4.653097587998286,3.1218796759807015,1.5669023745863855,8.806772415075054e-15,-1.5669023745863997,-3.1218796759807157,-4.653097587998268,-6.148902617754044,-7.597910785779828,-8.989094264981807,-10.311865309063782,-11.556156831669298,-12.712499022987485,-13.772091420724003,-14.726869886932626,-15.569567980974513,-16.293772261519035,-16.893971096704696,-17.365596610985776,-17.70505944942335,-17.909776094843618,-17.978188529963646,-17.909776094843618,-17.705059449423352,-17.365596610985783,-16.893971096704703,-16.29377226151904,-15.569567980974524,-14.72686988693264,-13.772091420724015,-12.7124990229875,-11.556156831669309,-10.3118653090638,-8.989094264981823,-7.597910785779848,-6.1489026177540635,-4.653097587998288,-3.1218796759807352,-1.5669023745864192
12.612787805781643,11.465515450944388,10.230983600457957,8.918587787135195,7.538316135561816,6.100673346437109,4.616600749458675,3.097393033197141,1.554612285695898,8.737695989143836e-15,-1.554612285695912,-3.097393033197155,-4.616600749458657,-6.100673346437063,-7.538316135561828,-8.91858778713518,-10.23098360045792,-11.465515450944398,-12.612787805781629,-13.664069229607406,-14.611358836005268,-15.44744717908143,-16.165971121701187,-16.76146226280454,-17.22938855524031,-17.566188797381468,-17.769299736019754,-17.837175574270393,-17.769299736019754,-17.56618879738147,-17.229388555240313,-16.761462262804542,-16.165971121701194,-15.447447179081438,-14.61135883600528,-13.664069229607417,-12.612787805781643,-11.465515450944412,-10.230983600457936,-8.918587787135197,-7.538316135561846,-6.100673346437081,-4.6166007494586765,-3.0973930331971737,-1.5546122856959315
12.427129885904295,11.296745169407725,10.08038540101076,8.787307813008931,7.427353506628606,6.010872555304199,4.548645234369788,3.0517999766547668,1.531728678390163,8.609078709059136e-15,-1.5317286783901767,-3.05179997665478,-4.548645234369771,-6.010872555304154,-7.427353506628618,-8.787307813008919,-10.080385401010721,-11.296745169407735,-12.42712988590428,-13.462936640262953,-14.396282317645797,-15.220063593878416,-15.928010996035983,-16.51473661691771,-16.975775120274076,-17.307617724711896,-17.507738907639347,-17.57461562601787,-17.507738907639347,-17.3076177247119,-16.97577512027408,-16.514736616917716,-15.928010996035994,-15.220063593878425,-14.396282317645811,-13.462936640262964,-12.427129885904295,-11.296745169407751,-10.080385401010739,-8.787307813008935,-7.427353506628636,-6.010872555304173,-4.548645234369791,-3.051799976654799,-1.531728678390196
12.163345665867201,11.056955037588951,9.866414305102685,8.600784202250699,7.26969693832412,5.883282891133896,4.4520935087187485,2.987021006454721,1.4992154707189453,8.426338274754755e-15,-1.4992154707189593,-2.987021006454733,-4.452093508718731,-5.883282891133851,-7.269696938324131,-8.600784202250686,-9.86641430510265,-11.056955037588962,-12.163345665867187,-13.177165889199289,-14.090699923524255,-14.896995223233954,-15.589915394243224,-16.164186895654,-16.61543917458594,-16.94023792872282,-17.136111243426786,-17.201568404501405,-17.136111243426786,-16.940237928722823,-16.615439174585944,-16.16418689565401,-15.589915394243235,-14.896995223233965,-14.090699923524268,-13.177165889199303,-12.163345665867201,-11.056955037588978,-9.866414305102664,-8.600784202250702,-7.269696938324149,-5.883282891133869,-4.45209350871875,-2.9870210064547518,-1.4992154707189778
11.750698168695658,10.68184238783478,9.531691336529725,8.308998358761045,7.023068886371837,5.683689619112428,4.301054041945897,2.885684846472747,1.4483538468937607,8.140470595341863e-15,-1.448353846893774,-2.8856848464727594,-4.301054041945879,-5.683689619112386,-7.023068886371849,-8.308998358761032,-9.531691336529692,-10.68184238783479,-11.750698168695644,-12.730124041227223,-13.61266598314598,-14.391607317380535,-15.061019830039763,-15.61580888769996,-16.051752210641546,-16.36553200694718,-16.55476022290154,-16.617996717522097,-16.55476022290154,-16.365532006947188,-16.051752210641553,-15.615808887699966,-15.06101983003977,-14.391607317380544,-13.612665983145995,-12.730124041227235,-11.750698168695658,-10.681842387834807,-9.531691336529706,-8.308998358761048,-7.023068886371867,-5.6836896191124024,-4.301054041945898,-2.885684846472778,-1.448353846893792
11.245821990174436,10.222890273933736,9.122156189958508,7.951996989269141,6.721318289944402,5.439486299990265,4.116256534841522,2.7616995719990114,1.3861244078537656,7.790710127790277e-15,-1.386124407853778,-2.761699571999024,-4.116256534841507,-5.439486299990223,-6.721318289944413,-7.951996989269129,-9.12215618995847,-10.222890273933746,-11.245821990174425,-12.183166210656944,-13.027789179879456,-13.773262807048887,-14.41391358773324,-14.944865782655947,-15.362078525015953,-15.662376573923973,-15.843474479902888,-15.903993978538288,-15.843474479902888,-15.66237657392398,-15.362078525015956,-14.944865782655956,-14.413913587733248,-13.773262807048896,-13.027789179879466,-12.183166210656955,-11.245821990174441,-10.222890273933762,-9.122156189958485,-7.951996989269144,-6.7213182899444295,-5.43948629999024,-4.116256534841524,-2.7616995719990416,-1.3861244078537955
10.659535289552709,9.689932824068427,8.6465841188516,7.537429687540028,6.370910865081824,5.155905564079211,3.901660708513007,2.6177218590678977,1.31386056565158,7.384551312515307e-15,-1.3138605656515923,-2.6177218590679097,-3.9016607085129933,-5.155905564079171,-6.370910865081833,-7.537429687540018,-8.646584118851564,-9.689932824068437,-10.659535289552698,-11.548012255080115,-12.348601874465906,-13.055211177297329,-13.662462440117505,-14.165734114148004,-14.561195998065712,-14.845838388147614,-15.017494983933403,-15.074859375080063,-15.017494983933403,-14.84583838814762,-14.561195998065713,-14.16573411414801,-13.662462440117514,-13.055211177297338,-12.348601874465917,-11.548012255080124,-10.65953528955271,-9.68993282406845,-8.64658411885158,-7.5374296875400315,-6.370910865081849,-5.155905564079187,-3.901660708513009,-2.6177218590679256,-1.3138605656516087
9.926965667347925,9.02399849998258,8.052353255193117,7.019424739987761,5.93307416406658,4.801569311268745,3.6335216167452886,2.437820628738087,1.2235663537498225,6.8770528317454055e-15,-1.2235663537498334,-2.4378206287380975,-3.6335216167452744,-4.801569311268707,-5.933074164066589,-7.019424739987751,-8.052353255193086,-9.02399849998259,-9.926965667347917,-10.75438263191901,-11.499952250987404,-12.158000289564749,-12.723518604737242,-13.192203260657088,-13.560487284093211,-13.825567811251302,-13.985427419259679,-14.038849479975527,-13.985427419259679,-13.825567811251307,-13.560487284093215,-13.192203260657095,-12.723518604737249,-12.15800028956476,-11.499952250987414,-10.754382631919018,-9.926965667347929,-9.023998499982602,-8.052353255193099,-7.019424739987763,-5.9330741640666025,-4.801569311268722,-3.63352161674529,-2.437820628738113,-1.223566353749849
9.105661332323805,8.277400865252684,7.386144379565712,6.4386748752742955,5.4422031674038776,4.404313007337419,3.332903365888174,2.2361283173624673,1.1223349821304158,6.308082061404124e-15,-1.122334982130426,-2.2361283173624775,-3.3329033658881615,-4.404313007337384,-5.442203167403886,-6.438674875274287,-7.386144379565684,-8.27740086525269,-9.105661332323796,-9.864622218507312,-10.548507373186222,-11.152112017392277,-11.670842355316655,-12.100750535869773,-12.438564698211975,-12.681713872590082,-12.828347546969574,-12.877349750548596,-12.828347546969574,-12.681713872590084,-12.438564698211978,-12.100750535869778,-11.67084235531666,-11.152112017392284,-10.548507373186233,-9.864622218507321,-9.105661332323805,-8.277400865252703,-7.386144379565695,-6.438674875274298,-5.442203167403899,-4.404313007337397,-3.3329033658881753,-2.2361283173624917,-1.1223349821304403
8.208569304030512,7.461909265005438,6.65845959084969,5.804335018719713,4.906035952343992,3.9703989900254513,3.004544894000319,2.0158243971380565,1.0117622594255025,5.686608241483193e-15,-1.0117622594255116,-2.0158243971380654,-3.0045448940003077,-3.97039899002542,-4.906035952343999,-5.804335018719706,-6.658459590849663,-7.4619092650054455,-8.208569304030501,-8.892757174182258,-9.509265792644877,-10.053403156573786,-10.521028052070394,-10.908581571320308,-11.213114198030826,-11.43230825503087,-11.564495543193667,-11.608670037439431,-11.564495543193667,-11.43230825503087,-11.213114198030828,-10.908581571320314,-10.5210280520704,-10.053403156573795,-9.509265792644886,-8.892757174182265,-8.208569304030512,-7.461909265005455,-6.658459590849673,-5.804335018719716,-4.906035952344012,-3.9703989900254317,-3.00454489400032,-2.0158243971380783,-1.0117622594255242
7.183967945869105,6.5305067167382616,5.827344388265286,5.079832450350837,4.293659920202539,3.4748100454787716,2.6295147681612066,1.7642072957135244,0.8854731404879536,4.976800440421608e-15,-0.8854731404879617,-1.764207295713532,-2.629514768161197,-3.4748100454787454,-4.293659920202545,-5.079832450350829,-5.827344388265264,-6.530506716738268,-7.1839679458690995,-7.782754841133446,-8.322310272700898,-8.79852789794475,-9.207783413188862,-9.546962136846965,-9.813482714030307,-10.005316762217015,-10.121004308467812,-10.159664900701678,-10.121004308467812,-10.005316762217019,-9.813482714030311,-9.54696213684697,-9.207783413188867,-8.798527897944757,-8.322310272700905,-7.782754841133453,-7.183967945869107,-6.530506716738277,-5.827344388265273,-5.079832450350839,-4.293659920202557,-3.474810045478755,-2.629514768161208,-1.7642072957135433,-0.8854731404879725
6.085165674192878,5.531652647563993,4.936040404183968,4.302861912865394,3.6369360442508687,2.9433308962975815,2.2273252229916563,1.4943682598430383,0.7500382519127736,4.215588855010931e-15,-0.7500382519127803,-1.4943682598430452,-2.2273252229916483,-2.9433308962975597,-3.6369360442508736,-4.302861912865387,-4.93604040418395,-5.531652647563997,-6.085165674192872,-6.592366915717665,-7.049396264433862,-7.452775451035863,-7.799434516346643,-8.0867351755607,-8.31249089718453,-8.47498354386156,-8.572976448434826,-8.60572382573079,-8.572976448434826,-8.474983543861562,-8.312490897184533,-8.086735175560703,-7.799434516346649,-7.452775451035869,-7.049396264433867,-6.592366915717672,-6.08516567419288,-5.531652647564006,-4.936040404183957,-4.302861912865395,-3.6369360442508833,-2.943330896297568,-2.2273252229916576,-1.494368259843054,-0.7500382519127898
4.925552844000237,4.477519411802075,3.995409353279968,3.482891817085253,2.9438673711349526,2.382438316934607,1.8028774685867794,1.2095956340958383,0.6071080464556027,3.4122498524559723e-15,-0.6071080464556081,-1.2095956340958436,-1.8028774685867726,-2.382438316934589,-2.9438673711349566,-3.4828918170852483,-3.995409353279953,-4.477519411802079,-4.925552844000233,-5.336099844925439,-5.706035904005575,-6.032545584457542,-6.313143950461187,-6.5456954790212745,-6.728430312587014,-6.8599577287366715,-6.939276724414912,-6.965783634170508,-6.939276724414912,-6.8599577287366715,-6.728430312587015,-6.545695479021277,-6.313143950461189,-6.032545584457547,-5.70603590400558,-5.336099844925444,-4.925552844000238,-4.477519411802085,-3.9954093532799586,-3.482891817085254,-2.943867371134964,-2.382438316934596,-1.80287746858678,-1.2095956340958511,-0.6071080464556159
3.672696635642228,3.3386243129599547,2.9791430433395876,2.5969886963036384,2.1950696971841785,1.776444892249833,1.3443002690386971,0.9019247090694896,0.4526849574672251,2.5443151154800873e-15,-0.4526849574672292,-0.9019247090694937,-1.344300269038692,-1.7764448922498202,-2.1950696971841817,-2.5969886963036344,-2.979143043339576,-3.338624312959958,-3.6726966356422244,-3.9788175192924053,-4.2546571991450595,-4.498116368679959,-4.707342156612292,-4.880742228361892,-5.016996904680924,-5.11506920520978,-5.174212740523759,-5.193977392607277,-5.174212740523759,-5.115069205209782,-5.016996904680925,-4.8807422283618935,-4.7073421566122935,-4.498116368679963,-4.254657199145063,-3.9788175192924076,-3.672696635642229,-3.338624312959962,-2.9791430433395805,-2.5969886963036384,-2.1950696971841874,-1.7764448922498255,-1.3443002690386976,-0.9019247090694995,-0.4526849574672349
2.3711723794343786,2.1554880627417807,1.9233991803724468,1.6766720688602903,1.4171844705018366,1.14691124260349,0.8679093276249774,0.5823020986052638,0.29226319901153797,1.6426648658796204e-15,-0.2922631990115407,-0.5823020986052665,-0.867909327624974,-1.1469112426034815,-1.4171844705018393,-1.6766720688602874,-1.9233991803724395,-2.1554880627417834,-2.371172379434376,-2.5688106425664534,-2.7468987056183205,-2.9040812108976435,-3.0391619046298635,-3.151112741171715,-3.239081707059354,-3.3023993053452663,-3.3405836508742794,-3.353344137720581,-3.3405836508742794,-3.3023993053452667,-3.239081707059355,-3.151112741171716,-3.0391619046298644,-2.904081210897646,-2.746898705618323,-2.568810642566455,-2.3711723794343786,-2.155488062741786,-1.9233991803724424,-1.6766720688602905,-1.4171844705018424,-1.146911242603485,-0.8679093276249777,-0.5823020986052702,-0.2922631990115443
1.0324265026380783,0.9385159094276683,0.8374626434551162,0.7300357810920963,0.6170529056273112,0.49937388496397334,0.3778943275058589,0.25353876603659375,0.12725362146689492,7.15228786061979e-16,-0.1272536214668961,-0.2535387660365949,-0.3778943275058575,-0.49937388496396945,-0.6170529056273122,-0.7300357810920951,-0.8374626434551129,-0.9385159094276695,-1.0324265026380774,-1.118479706767247,-1.1960206049714037,-1.2644590641947406,-1.3232742264383002,-1.3720184728038398,-1.410320830143937,-1.4378897943916396,-1.4545155490824255,-1.460071562184193,-1.4545155490824255,-1.43788979439164,-1.4103208301439376,-1.3720184728038403,-1.3232742264383008,-1.2644590641947415,-1.1960206049714048,-1.1184797067672476,-1.0324265026380786,-0.9385159094276708,-0.8374626434551141,-0.7300357810920965,-0.6170529056273137,-0.4993738849639711,-0.37789432750585905,-0.2535387660365965,-0.12725362146689767
-0.3525400998481852,-0.3204726840828945,-0.2859662776850365,-0.24928349524283433,-0.21070351488034525,-0.17051995354335664,-0.12903863239713848,-0.08657524934272234,-0.04345297636524241,-2.442273876235213e-16,0.043452976365242806,0.08657524934272273,0.12903863239713795,0.17051995354335536,0.21070351488034555,0.24928349524283402,0.28596627768503535,0.3204726840828949,0.352540099848185,0.381924472584099,0.40840216947134594,0.4317716792489434,0.4518551458365891,0.46849972192682116,0.48157873224532344,0.49099263762625056,0.49666979256538113,0.498566990485669,0.49666979256538113,0.49099263762625056,0.48157873224532366,0.4684997219268215,0.4518551458365894,0.4317716792489436,0.4084021694713463,0.38192447258409945,0.3525400998481853,0.32047268408289536,0.28596627768503585,0.2492834952428345,0.21070351488034608,0.17051995354335592,0.12903863239713853,0.08657524934272326,0.04345297636524335
