hough_viz/data/file_2_3_0.json
{"header": {"discipline": 0, "disciplineName": "Meteorological products", "gribEdition": 2, "gribLength": 133963, "center": 7, "centerName": "US National Weather Service - NCEP(WMC)", "subcenter": 0, "refTime": "2014-11-30T06:00:00.000Z", "significanceOfRT": 1, "significanceOfRTName": "Start of forecast", "productStatus": 0, "productStatusName": "Operational products", "productType": 1, "productTypeName": "Forecast products", "productDefinitionTemplate": 0, "productDefinitionTemplateName": "Analysis/forecast at horizontal level/layer at a point in time", "parameterCategory": 2, "parameterCategoryName": "Momentum", "parameterNumber": 3, "parameterNumberName": "V-component_of_wind", "parameterUnit": "m.s-1", "genProcessType": 2, "genProcessTypeName": "Forecast", "forecastTime": 6, "surface1Type": 100, "surface1TypeName": "Isobaric surface", "surface1Value": 85000, "surface2Type": 255, "surface2TypeName": "Missing", "surface2Value": 0, "gridDefinitionTemplate": 0, "gridDefinitionTemplateName": "Latitude_Longitude", "numberPoints": 65160, "shape": 6, "shapeName": "Earth spherical with radius of 6,371,229.0 m", "gridUnits": "degrees", "resolution": 48, "winds": "true", "scanMode": 0, "nx": 360, "ny": 181, "basicAngle": 0, "subDivisions": 0, "lo1": 0, "la1": 90, "lo2": 359, "la2": -90, "dx": 1, "dy": 1}, "data":
[rows 95 to 113 of 181, columns 86 to 128 of 360]
2.5703828471637933,1.9305323167345547,1.2883297300530818,0.6445575120475119,2.2617956376969937e-15,-0.6445575120475155,-1.2883297300530687,-1.9305323167345423,-2.5703828471637897,-3.2071017620308853,-3.839913317417092,-4.468046529919338,-5.090736115974683,-5.707223424240507,-6.316757359894252,-6.918595299726852,-7.512003996914636,-8.096260474367696,-8.670652905566069,-9.234481481810693,-9.787059264832553,-10.327713023721126,-10.855784055152535,-11.370628985918074,-11.871620556775412,-12.35814838666727,-12.829619716376804,-13.285460130713341,-13.725114258348865,-14.148046448452368,-14.553741423297923,-14.941704906051191,-15.311464222969635,-15.662568879282654,-15.994591108050045,-16.307126391330176,-16.599793953022715,-16.872237222785746,-17.12412427046171,-17.35514821048325,-17.565027575765964,-17.75350666063269,-17.92035583235149
2.423049953567571,1.8198752942916268,1.214483397299887,0.6076118393653558,2.1321507887232657e-15,-0.6076118393653591,-1.214483397299875,-1.8198752942916145,-2.4230499535675665,-3.0232724997173217,-3.6198116540255914,-4.211940625422679,-4.798937995967405,-5.380088599783784,-5.954684394380427,-6.522025323291341,-7.081420168986805,-7.632187395015519,-8.173655976351757,-8.705166216935986,-9.226070553412935,-9.735734344087778,-10.23353664213926,-10.718870952147768,-11.191145969016588,-11.649786298386045,-12.09423315766293,-12.523945056811,-12.938398458073197,-13.33708841382173,-13.719529181759006,-14.085254816719763,-14.433819738353522,-14.764799273995594,-15.077790176065278,-15.37241111336096,-15.648303135653407,-15.905130111011385,-16.14257913532657,-16.360360913539047,-16.5582101120988,-16.73588568223369,-16.89317115363034
2.2583771576803264,1.6961948260305886,1.1319459422641156,0.5663179567298924,1.9872477787315394e-15,-0.5663179567298955,-1.1319459422641045,-1.6961948260305775,-2.2583771576803224,-2.8178080046397604,-3.373805786595586,-3.925693105895394,-4.472797572852334,-5.014452624948412,-5.549998338938186,-6.078782234863681,-6.600160071000608,-7.113496628767748,-7.618166486642895,-8.113554782142652,-8.599057960937667,-9.07408451219062,-9.538055689221036,-9.990406214618982,-10.430584968948526,-10.85805566220185,-11.272297487186037,-11.672805754046397,-12.059092505153352,-12.430687109603571,-12.787136836611305,-13.128007407091054,-13.45288352275978,-13.761369372113878,-14.053089112664498,-14.327687328843776,-14.584829465023896,-14.824202233121643,-15.045513994291625,-15.24849511424333,-15.432898291748941,-15.598498859941802,-15.745095060038372
2.0700131378936306,1.5547206375028007,1.0375339495015283,0.5190831862026348,1.82149779377396e-15,-0.5190831862026377,-1.037533949501518,-1.5547206375027904,-2.070013137893628,-2.5827836461370146,-3.0924074303548985,-3.5982635924677506,-4.099735824663195,-4.596213160272188,-5.087090718137738,-5.571770439569498,-6.049661816986078,-6.5201826133576315,-6.982759571571952,-7.436829112859962,-7.881838023429655,-8.317244128471877,-8.742516952716802,-9.157138366736334,-9.56060321820504,-9.95241994735039,-10.332111185842663,-10.699214338394702,-11.053282146363035,-11.393883232663622,-11.720602627338375,-12.033042273132143,-12.330821510464169,-12.613577541203142,-12.880965870680827,-13.132660727405783,-13.368355459965697,-13.587762910634941,-13.790615765231998,-13.976666878800636,-14.145689576717944,-14.29747793086246,-14.43184701050586
1.858930066791428,1.3961828964312608,0.9317346922772806,0.4661513129234811,1.6357562922939575e-15,-0.4661513129234838,-0.9317346922772711,-1.3961828964312517,-1.8589300667914248,-2.319412417211432,-2.7770689208791555,-3.231341993841468,-3.681678174334361,-4.127528797090881,-4.568350661805205,-5.0036066949385996,-5.432766604060732,-5.855307523929363,-6.270714653521074,-6.6784818832370085,-7.078112411519485,-7.469119350128164,-7.85102631733835,-8.223368018338746,-8.585690812121545,-8.937553264174056,-9.278526684298711,-9.608195648906012,-9.926158507144207,-10.23202787024895,-10.525431083516866,-10.806010680327883,-11.073424817663259,-11.327347692588651,-11.56746993919477,-11.793499005512139,-12.005159509940539,-12.202193576759143,-12.38436115030829,-12.551440287460382,-12.703227428023368,-12.839537642747487,-12.960204858633073
1.6344691715183073,1.2275974996503598,0.8192301893259873,0.40986477320865233,1.4382430407865043e-15,-0.4098647732086546,-0.8192301893259792,-1.227597499650352,-1.6344691715183046,-2.0393494944714323,-2.441745184203249,-2.841165983550132,-3.2371252597941282,-3.629140597549992,-4.016734386513984,-4.399434403358515,-4.776774387063467,-5.148294606983475,-5.513542422958869,-5.872072836787985,-6.223449034388952,-6.567242917990353,-6.9030356277024065,-7.2304180518332215,-7.548991325328407,-7.858367315726649,-8.158169096039366,-8.448031403978167,-8.727601086970704,-8.996537532422655,-9.254513082701722,-9.501213434337972,-9.73633802095421,-9.959600379459825,-10.170728499061894,-10.369465152668482,-10.555568210280198,-10.728810933988328,-10.888982254220027,-11.035887026894088,-11.169346271173959,-11.289197387528306,-11.395294355833496
1.3925985425133325,1.0459362088904067,0.69799956311107,0.3492125123826684,1.2254101804310451e-15,-0.34921251238267037,-0.6979995631110633,-1.0459362088903998,-1.3925985425133303,-1.7375642093255643,-2.0804129217999794,-2.4207269715922295,-2.758091738453999,-3.09209619538393,-3.4223334094006823,-3.7484010373281342,-4.069901815988514,-4.386444046206431,-4.697642070033956,-5.003116740615431,-5.302495884119516,-5.595414753175681,-5.881516471262671,-6.160452467507584,-6.431882901365802,-6.6954770766643135,-6.950913844504089,-7.197881994530529,-7.4360806340953625,-7.665219554847964,-7.885019586309544,-8.095212935999356,-8.295543515698613,-8.485767253454515,-8.665652390944322,-8.834979765837188,-8.993543078809681,-9.141149144889761,-9.277618128822871,-9.402783764173527,-9.516493555895348,-9.618608966122766,-9.709005582958087
1.1350876202810039,0.8525279943008275,0.5689296942814658,0.2846382410665195,9.98814721623388e-16,-0.28463824106652114,-0.5689296942814601,-0.8525279943008218,-1.135087620281002,-1.4162643168427103,-1.6957155134931363,-1.973100741995326,-2.2480820511762625,-2.5203244186683396,-2.7894961590824763,-3.055269328115719,-3.3173201221008104,-3.5753292725111177,-3.8289824349401282,-4.07797057208169,-4.321990330244379,-4.560744408941243,-4.793941923104632,-5.021298757484859,-5.242537912800876,-5.4573898432212005,-5.665592784764022,-5.866893074216271,-6.06104545818319,-6.247813391891793,-6.426969327384254,-6.598294990750025,-6.761581648058994,-6.916630359671613,-7.063252222616203,-7.201268600738137,-7.330511342340459,-7.450822985050852,-7.562056947665255,-7.664077708734504,-7.75676097167633,-7.839993816211603,-7.913674835940286
0.8692414301973193,0.6528594267161923,0.4356820145888972,0.2179737910384921,7.648846852114516e-16,-0.2179737910384933,-0.43568201458889283,-0.652859426716188,-0.8692414301973177,-1.0845643968921275,-1.2985659889336592,-1.5109854783464347,-1.7215640647033146,-1.9300451904339722,-2.136174853400751,-2.3397019163611747,-2.5403784129399614,-2.73795984973788,-2.932205504209278,-3.122878717945428,-3.3097471850063496,-3.492583234949813,-3.6711641102126955,-3.8452722375067614,-4.014695492898211,-4.179227460247995,-4.338667682698107,-4.492821906897372,-4.641502319669245,-4.784527776833225,-4.921724023901141,-5.052923908379398,-5.177967583418553,-5.296702702562079,-5.408984605357036,-5.514676493600574,-5.6136495980074494,-5.705783335095589,-5.790965454098457,-5.8690921737253525,-5.940068308602908,-6.00380738524381,-6.060231747401423
0.5933984226191197,0.4456825693610457,0.2974237205443423,0.1488025067387656,5.221579988277428e-16,-0.1488025067387664,-0.2974237205443393,-0.4456825693610429,-0.5933984226191189,-0.7403913113052513,-0.8864821472270948,-1.0314929412046512,-1.1752470199226563,-1.3175692411798132,-1.458286207272572,-1.5972264762535409,-1.7342207708070707,-1.8691021844876052,-2.0017063850694634,-2.1318718147603444,-2.2594398870346164,-2.3842551798465728,-2.506165624988242,-2.625022693361081,-2.7406815759358114,-2.8530013601798965,-2.9618452017377717,-3.0670804911546057,-3.1685790154405016,-3.2662171142782648,-3.359875830684457,-3.4494410559401554,-3.5348036686148525,-3.6158596675141084,-3.69251029838898,-3.764662174252875,-3.832227389159194,-3.895123625301201,-3.953274253303575,-4.006608425583515,-4.055061162667599,-4.098573432359259,-4.137092221660428
0.3104396738745195,0.23316130648498115,0.15559886795923683,0.07784685618105139,2.73169851297534e-16,-0.07784685618105182,-0.1555988679592353,-0.23316130648497962,-0.31043967387451893,-0.3873398183410071,-0.46376804890397083,-0.5396312495373377,-0.6148369926169648,-0.6892936515294676,-0.7629105123051274,-0.8355978841388998,-0.9072672086648349,-0.9778311678508128,-1.04720379038211,-1.1153005564042038,-1.182038500497199,-1.2473363127564117,-1.3111144378559607,-1.373295171974678,-1.4338027574662506,-1.4925634751582335,-1.5495057341675145,-1.6045601591227718,-1.6576596746876846,-1.708739587281889,-1.7577376639001456,-1.8045942079336703,-1.849252131901256,-1.8916570270015747,-1.9317572294019183,-1.9695038831826266,-2.0048509998604924,-2.0377555144186514,-2.068177337774664,-2.0960794056228953,-2.1214277235916565,-2.1441914086601113,-2.1643427267844793
0.024826720741048545,0.018646555614088296,0.012443672531393963,0.006225628750520875,2.1846149779744005e-17,-0.006225628750520907,-0.012443672531393843,-0.018646555614088164,-0.024826720741048514,-0.03097663833304895,-0.03708881566282586,-0.04315580598381176,-0.04917021760284871,-0.055124722885828085,-0.061012067185283486,-0.06682507767906223,-0.07255667210930301,-0.0781998674110773,-0.08374778822017737,-0.08919367524968895,-0.09453089352514114,-0.09975294046820084,-0.10485345381906264,-0.1098262193878821,-0.11466517862580995,-0.11936443600639886,-0.12391826620839577,-0.12832112109116336,-0.13256763645423492,-0.13665263857276574,-0.14057115050092123,-0.14431839813551695,-0.14788981603252951,-0.1512810529693864,-0.15448797724625982,-0.1575066817199073,-0.16033348856392346,-0.16296495374960515,-0.16539787124196967,-0.16762927690581475,-0.1696564521170608,-0.1714769270749752,-0.17308848381124456
-0.2629059357867964,-0.19746023665610288,-0.13177396264346164,-0.06592714235556132,-2.313427742265546e-16,0.06592714235556169,0.1317739626434603,0.19746023665610155,0.262905935786796,0.32803132453228817,0.39275705763818897,0.45700427676894523,0.5206947065845708,0.5837507501070949,0.6460955832605216,0.7076532484691415,0.7683487472001275,0.8281081313377021,0.8868585932775216,0.9445285546315252,1.00104775343518,1.0563473297508605,1.1103599095630716,1.1630196868633118,1.2142625038245596,1.2640259289676967,1.3122493332246545,1.3588739638055911,1.4038430157801196,1.447101701285359,1.488597316276512,1.5282793047386192,1.5660993202812827,1.6020112850412909,1.6359714458213968,1.667938427396853,1.697873282924744,1.7257395413947219,1.7515032520633071,1.7751330258176474,1.7966000734183094,1.815878240574538,1.8329440398092256
-0.5484797783299836,-0.4119456128139827,-0.274909555024125,-0.13753856228803932,-4.826320605744065e-16,0.13753856228804004,0.2749095550241223,0.41194561281398,0.548479778329983,0.6843457057229221,0.8193778632888108,0.9534117351437681,1.086284021661272,1.2178328384276098,1.3478979134730877,1.4763207825387576,1.6029449821406854,1.7276162401966229,1.850182663982763,1.9704949251916302,2.0884064418656245,2.203773556984558,2.3164557134895993,2.426315625530401,2.5332194457267674,2.6370369282410566,2.737641587462683,2.8349108521113435,2.9287262145712485,3.0189733752743884,3.1055423819569548,3.188327763619238,3.2672286590257933,3.3421489395893205,3.4129973264885356,3.4796875018773616,3.542138214049918,3.6002733764332207,3.6540221602869374,3.7033190809973098,3.7481040778600607,3.7883225872551147,3.8239256091239553
-0.8308759346338322,-0.624044330508025,-0.41645242449215375,-0.20835313534661445,-7.3112515767673935e-16,0.2083531353466156,0.4164524244921496,0.624044330508021,0.830875934633831,1.0366952444199131,1.2412515007413278,1.444295483309228,1.64557981430738,1.84485925978394,2.0418910284312313,2.2364350673895834,2.4282543547147317,2.617115188152572,2.8027874698693407,2.9850449867903848,3.1636656862059533,3.3384319463082224,3.5091308413299345,3.675554400961652,3.8374998637315554,3.9947699240390384,4.147172972541215,4.294523329599371,4.436641471501019,4.573354249181873,4.704495099181315,4.829904246574321,4.949428899632591,5.062923435977736,5.170249579999711,5.2712765713243535,5.365881324124743,5.453948577082346,5.535371033815144,5.610049493601784,5.677892972242349,5.738818812908603,5.792752786848594
-1.1077204287026503,-0.8319733723235705,-0.5552126845459879,-0.2777755556362401,-9.74733097130664e-16,0.2777755556362417,0.5552126845459824,0.8319733723235652,1.1077204287026488,1.382117898370606,1.6548314702783367,1.9255288849467838,2.1938803392739095,2.459558888348994,2.722240843784621,2.9816061680811563,3.2373388645431027,3.4891273622724306,3.7366648957697017,3.979649878680577,4.217786271232347,4.4507839409127925,4.678359015951944,4.900234231176118,5.116139265812826,5.3258110728349815,5.528994199443192,5.725441098295645,5.914912429106417,6.097177350244739,6.272013799979961,6.439208767029568,6.598558550080619,6.749869005968427,6.892955786210075,7.027644561604671,7.153771234626607,7.2711821393531375,7.379734228682609,7.479295248615346,7.569743899384758,7.650969983242432,7.722874538717101
-1.3731436491566726,-1.0313242609523405,-0.6882483629993618,-0.34433394043259696,-1.2082909435148372e-15,0.3443339404325989,0.688248362999355,1.0313242609523336,1.3731436491566706,1.7132900733410699,2.051349117483203,2.3869089087117956,2.7195606191102537,3.0488989638105304,3.3745226947702776,3.6960350896318235,4.0130444350672105,4.325164504020579,4.632015026266321,4.93322215170977,5.2284189058659765,5.517245636961579,5.799350454115087,6.074389656061704,6.342028149900416,6.601939859353017,6.853808122037872,7.097326075274229,7.332197029947141,7.55813483197743,7.774864210956379,7.982121115520295,8.17965303505645,8.367219307348353,8.544591411785575,8.711553247780953,8.86790139805581,9.013445376472633,9.148007860113049,9.2714249053185,9.38354614743035,9.484234983986031,9.573368741148128
-1.6298930371278093,-1.2241605115237373,-0.8169365349038448,-0.4087172469555928,-1.4342162940264395e-15,0.4087172469555951,0.8169365349038366,1.2241605115237293,1.6298930371278066,2.0336397891319145,2.434908864311155,2.833211378108196,3.2280620602637677,3.618979846043756,4.00548846234244,4.387117007947962,4.763400527262865,5.133880576780907,5.498105783629823,5.855632395499653,6.206024821286588,6.548856161793628,6.883708729841482,7.210174559156064,7.527855901412569,7.836365710830512,8.135328115729408,8.424378876470511,8.703165829226728,8.971349315039955,9.228602593643235,9.474612241543404,9.709078533879389,9.931715809590743,10.142252819451647,10.340433056546342,10.526015068783233,10.698772753067137,10.858495630771037,11.004989104171868,11.13807469353789,11.257590254578716,11.363390175993175
-1.874235905054675,-1.4076786218382813,-0.9394062990574469,-0.4699894544056522,-1.6492245887593292e-15,0.4699894544056548,0.9394062990574374,1.4076786218382724,1.874235905054672,2.338509720524666,2.799934422120002,3.2579478349188267,3.7119919401291943,4.161513554949044,4.605965006534201,5.04480479925342,5.477498274417352,5.9035182616778386,6.322345721303751,6.733470376550953,7.136391335355921,7.530617700595577,7.915669168169789,8.291076612177944,8.656382656476616,9.011142231921895,9.35492311861763,9.687306472508762,10.00788733567832,10.316275129726217,10.612094131628908,10.89498393149999,11.164599871694165,11.420613466719454,11.662712803446185,11.89060292112511,12.104006170751607,12.302662553338275,12.486330036683574,12.65478485025088,12.807821757798326,12.9452543074276,13.066915058746826
