hough_viz/data/file_4_2_2.json
{"header": {"discipline": 0, "disciplineName": "Meteorological products", "gribEdition": 2, "gribLength": 133963, "center": 7, "centerName": "US National Weather Service - NCEP(WMC)", "subcenter": 0, "refTime": "2014-11-30T06:00:00.000Z", "significanceOfRT": 1, "significanceOfRTName": "Start of forecast", "productStatus": 0, "productStatusName": "Operational products", "productType": 1, "productTypeName": "Forecast products", "productDefinitionTemplate": 0, "productDefinitionTemplateName": "Analysis/forecast at horizontal level/layer at a point in time", "parameterCategory": 2, "parameterCategoryName": "Momentum", "parameterNumber": 3, "parameterNumberName": "V-component_of_wind", "parameterUnit": "m.s-1", "genProcessType": 2, "genProcessTypeName": "Forecast", "forecastTime": 6, "surface1Type": 100, "surface1TypeName": "Isobaric surface", "surface1Value": 85000, "surface2Type": 255, "surface2TypeName": "Missing", "surface2Value": 0, "gridDefinitionTemplate": 0, "gridDefinitionTemplateName": "Latitude_Longitude", "numberPoints": 65160, "shape": 6, "shapeName": "Earth spherical with radius of 6,371,229.0 m", "gridUnits": "degrees", "resolution": 48, "winds": "true", "scanMode": 0, "nx": 360, "ny": 181, "basicAngle": 0, "subDivisions": 0, "lo1": 0, "la1": 90, "lo2": 359, "la2": -90, "dx": 1, "dy": 1}, "data":
[rows 160 to 179 of 181, columns 135 to 179 of 360]
1.0771476475240599e-15,-0.20451616919363502,-0.4080359561688478,-0.6095678329812372,-0.8081299565848911,-1.0027549522729977,-1.1924946266302057,-1.3764245870356167,-1.5536487452107057,-1.7233036828713495,-1.8845628582149245,-2.0366406327488766,-2.178796098842476,-2.31033668935433,-2.4306215517498817,-2.5390646702705353,-2.635137720943516,-2.7183726455231767,-2.7883639318237146,-2.8447705893337685,-2.8873178104879273,-2.9157983095015596,-2.930073332246322,-2.930073332246323,-2.91579830950156,-2.8873178104879273,-2.844770589333769,-2.7883639318237154,-2.7183726455231803,-2.6351377209435194,-2.539064670270536,-2.430621551749884,-2.3103366893543287,-2.178796098842475,-2.0366406327488784,-1.8845628582149268,-1.7233036828713515,-1.5536487452107077,-1.3764245870356189,-1.1924946266302128,-1.0027549522730048,-0.8081299565848934,-0.6095678329812395,-0.40803595616884525,-0.2045161691936323
9.57102055589473e-16,-0.18172331934851144,-0.36256130095191746,-0.5416329203416201,-0.7180657585881739,-0.8910002526385992,-1.0595938830212017,-1.2230252785157338,-1.3804982177914082,-1.5312455085171939,-1.674532725045745,-1.8096617864613174,-1.9359743575598167,-2.052855056191743,-2.1597344513421723,-2.2560918373414127,-2.341457770690683,-2.4154163571436595,-2.4776072779014373,-2.5277275450494914,-2.5655329776843483,-2.5908393915384,-2.6035234963071416,-2.603523496307142,-2.5908393915384003,-2.5655329776843483,-2.5277275450494923,-2.477607277901438,-2.415416357143662,-2.341457770690686,-2.256091837341414,-2.1597344513421737,-2.0528550561917416,-1.935974357559815,-1.809661786461319,-1.6745327250457462,-1.5312455085171959,-1.3804982177914098,-1.2230252785157354,-1.059593883021208,-0.8910002526386058,-0.7180657585881762,-0.5416329203416225,-0.3625613009519151,-0.18172331934850902
8.429066546510473e-16,-0.1600412351949215,-0.31930276557925874,-0.4770086849858957,-0.6323906660280305,-0.7846917033129606,-0.9331698014962841,-1.0771015902086218,-1.2157858482433364,-1.3485469198357716,-1.4747380063902302,-1.593744317617704,-1.7049860667323626,-1.8079212951144992,-1.902048512678451,-1.9869091410818833,-2.0620897478733715,-2.127224060693757,-2.1819947517182596,-2.226134983645735,-2.259429709703195,-2.2817167213320597,-2.292887438451958,-2.2928874384519586,-2.2817167213320597,-2.259429709703195,-2.2261349836457356,-2.18199475171826,-2.1272240606937594,-2.0620897478733746,-1.9869091410818847,-1.9020485126784523,-1.807921295114498,-1.7049860667323615,-1.5937443176177055,-1.4747380063902316,-1.3485469198357731,-1.2157858482433377,-1.0771015902086236,-0.9331698014962898,-0.7846917033129664,-0.6323906660280326,-0.47700868498589755,-0.31930276557925674,-0.16004123519491936
7.335234669560761e-16,-0.1392728376841576,-0.2778671521027719,-0.41510772568744997,-0.5503259361590648,-0.682863013988279,-0.8120732518544928,-0.9373271504669921,-1.0580144854222122,-1.173547280155696,-1.283362670504822,-1.386925646926415,-1.483731661009461,-1.573309083584252,-1.6552215024522965,-1.729069848542679,-1.7944943401364533,-1.8511762356870232,-1.8988393866969115,-1.9372515830854804,-1.966225684493104,-1.9856205320101918,-1.9953416358892042,-1.9953416358892047,-1.9856205320101923,-1.966225684493104,-1.9372515830854808,-1.8988393866969124,-1.8511762356870252,-1.7944943401364561,-1.72906984854268,-1.6552215024522978,-1.5733090835842511,-1.4837316610094602,-1.3869256469264164,-1.2833626705048229,-1.1735472801556974,-1.0580144854222135,-0.9373271504669936,-0.8120732518544975,-0.6828630139882841,-0.5503259361590664,-0.41510772568745163,-0.27786715210277013,-0.13927283768415574
6.286617910429312e-16,-0.11936293183023261,-0.2381443394549058,-0.35576553179594006,-0.47165347022749365,-0.5852435603625369,-0.695982402699971,-0.8033304887313601,-0.9067648293721484,-1.0057815029119148,-1.0998981100702976,-1.1886561241977915,-1.2716231251714893,-1.3483949061024594,-1.4185974425910803,-1.4818887149363156,-1.537960374421312,-1.586539245557365,-1.62738865696743,-1.6603095944252857,-1.6851416704328372,-1.7017639056118887,-1.7100953181035088,-1.7100953181035092,-1.7017639056118887,-1.6851416704328372,-1.6603095944252861,-1.6273886569674307,-1.5865392455573668,-1.5379603744213144,-1.4818887149363165,-1.4185974425910812,-1.3483949061024585,-1.2716231251714887,-1.1886561241977924,-1.0998981100702985,-1.005781502911916,-0.9067648293721495,-0.8033304887313615,-0.6959824026999752,-0.5852435603625413,-0.4716534702274951,-0.35576553179594145,-0.2381443394549043,-0.11936293183023101
5.338367455867803e-16,-0.10135866372002335,-0.20222351821893797,-0.30210316006452687,-0.40051098568158733,-0.49696756203562825,-0.5910029623824362,-0.6821590557039293,-0.7699917386764213,-0.8540730992973785,-0.9339935016296868,-1.0093635815067554,-1.0798161434755955,-1.1450079497361603,-1.2046213923614066,-1.2583660406511892,-1.3059800560814296,-1.3472314679550976,-1.3819193035401227,-1.4098745671883433,-1.4309610636653174,-1.445076061679817,-1.4521507943803509,-1.452150794380351,-1.445076061679817,-1.4309610636653174,-1.4098745671883435,-1.3819193035401234,-1.3472314679550994,-1.3059800560814312,-1.2583660406511896,-1.2046213923614075,-1.1450079497361592,-1.0798161434755946,-1.0093635815067563,-0.9339935016296876,-0.8540730992973795,-0.7699917386764223,-0.6821590557039303,-0.5910029623824398,-0.49696756203563186,-0.40051098568158866,-0.3021031600645281,-0.20222351821893664,-0.101358663720022
4.458398545393011e-16,-0.08465084553061575,-0.16888928065087788,-0.25230490417250007,-0.3344913235625961,-0.4150481348472435,-0.49358287333940776,-0.5697129256874414,-0.6430673939288688,-0.7132889024679812,-0.7800353391738194,-0.8429815221160825,-0.9018207838188023,-0.9562664653134635,-1.0060533127126867,-1.0509387695005001,-1.0907041582433021,-1.125155745964341,-1.1541256879913027,-1.177472845678679,-1.195083474021065,-1.206871775807391,-1.2127803196163103,-1.2127803196163103,-1.206871775807391,-1.1950834740210652,-1.1774728456786794,-1.1541256879913029,-1.1251557459643424,-1.0907041582433032,-1.0509387695005008,-1.0060533127126874,-0.9562664653134629,-0.9018207838188015,-0.8429815221160832,-0.7800353391738202,-0.7132889024679819,-0.6430673939288696,-0.5697129256874423,-0.4935828733394108,-0.4150481348472465,-0.3344913235625972,-0.25230490417250107,-0.16888928065087677,-0.08465084553061462
3.6400753265415986e-16,-0.06911348347385488,-0.1378902530034868,-0.20599523508116552,-0.2730966290800991,-0.3388675237537299,-0.4029874899144769,-0.4651441415325232,-0.5250346576491486,-0.5823672576900047,-0.6368626229907476,-0.6882552576094878,-0.7362947817963309,-0.780747151818354,-0.8213958001971471,-0.8580426908037981,-0.8905092836710016,-0.9186374048218403,-0.9422900168774968,-0.9613518866895872,-0.9757301467444793,-0.9853547476044833,-0.990178799181672,-0.990178799181672,-0.9853547476044833,-0.9757301467444793,-0.9613518866895874,-0.9422900168774971,-0.9186374048218414,-0.8905092836710028,-0.8580426908037984,-0.8213958001971475,-0.7807471518183534,-0.7362947817963305,-0.6882552576094884,-0.6368626229907481,-0.5823672576900055,-0.5250346576491491,-0.465144141532524,-0.4029874899144794,-0.33886752375373236,-0.2730966290801,-0.20599523508116632,-0.13789025300348595,-0.06911348347385396
2.9408722672018473e-16,-0.055837835375534016,-0.11140363442991687,-0.16642668617561138,-0.22063892383541164,-0.27377623083683156,-0.3255797275615049,-0.3757970325806597,-0.42418349223206714,-0.47050337254809405,-0.5145310077279006,-0.5560518995585337,-0.5948637624286591,-0.6307775088437275,-0.6636181706412428,-0.6932257514180601,-0.7194560060167764,-0.7421811432736442,-0.7612904486042709,-0.7766908233939456,-0.7883072385647335,-0.7960831001096002,-0.7999805248127269,-0.7999805248127269,-0.7960831001096004,-0.7883072385647335,-0.7766908233939458,-0.7612904486042711,-0.7421811432736449,-0.7194560060167774,-0.6932257514180602,-0.6636181706412432,-0.6307775088437271,-0.5948637624286587,-0.5560518995585342,-0.5145310077279011,-0.47050337254809466,-0.4241834922320676,-0.3757970325806603,-0.3255797275615068,-0.27377623083683356,-0.22063892383541236,-0.16642668617561207,-0.11140363442991616,-0.05583783537553328
2.317226758034819e-16,-0.04399678547278096,-0.08777922302927903,-0.13113400903471512,-0.17384992332967963,-0.21571885827351414,-0.2565368326238239,-0.2961049853125836,-0.3342305442772694,-0.3707277656269722,-0.40541883856796523,-0.438134751680015,-0.4687161163230309,-0.49701394316249947,-0.5228903680305473,-0.5462193235863072,-0.5668871535033281,-0.5847931661917785,-0.5998501253577462,-0.6119846750096948,-0.6211376968414802,-0.6272645982507971,-0.6303355295898531,-0.6303355295898531,-0.6272645982507971,-0.6211376968414802,-0.6119846750096949,-0.5998501253577464,-0.584793166191779,-0.5668871535033289,-0.5462193235863074,-0.5228903680305478,-0.4970139431624992,-0.4687161163230305,-0.4381347516800153,-0.4054188385679655,-0.3707277656269726,-0.33423054427726984,-0.29610498531258406,-0.2565368326238254,-0.2157188582735157,-0.17384992332968022,-0.13113400903471567,-0.08777922302927847,-0.043996785472780374
1.7593634091012167e-16,-0.03340473011995302,-0.06664671575259266,-0.09956400528539015,-0.13199622899257685,-0.16378538034032544,-0.1947765857787048,-0.22481885927004505,-0.2537658378777344,-0.2814764948317354,-0.30781582659683465,-0.33265551059629334,-0.35587453038654193,-0.37735976523712944,-0.3970065412435525,-0.4147191412879956,-0.4304112713635054,-0.4440064809897219,-0.4554385356719322,-0.4646517395888704,-0.4716012069371608,-0.47625308061044114,-0.4785846971477795,-0.4785846971477795,-0.47625308061044114,-0.4716012069371608,-0.46465173958887046,-0.4554385356719323,-0.4440064809897224,-0.4304112713635059,-0.4147191412879958,-0.3970065412435528,-0.3773597652371291,-0.3558745303865416,-0.33265551059629367,-0.30781582659683493,-0.2814764948317358,-0.2537658378777347,-0.22481885927004552,-0.194776585778706,-0.16378538034032664,-0.13199622899257724,-0.09956400528539057,-0.06664671575259225,-0.03340473011995257
1.3175011864952614e-16,-0.02501516817953791,-0.04990846497422051,-0.0745586127443301,-0.09884551844775541,-0.12265085872121945,-0.14585865633981493,-0.16835584524638428,-0.19003282139798366,-0.21078397674576388,-0.23050821374677005,-0.24910943790100695,-0.2664970259141833,-0.2825862672052927,-0.2972987766080502,-0.3105628762555422,-0.322313944787588,-0.3324947321795131,-0.3410556386585135,-0.3479549563487625,-0.35315907246799005,-0.3566426330855794,-0.35838866664436797,-0.35838866664436797,-0.3566426330855794,-0.35315907246799005,-0.34795495634876256,-0.34105563865851357,-0.3324947321795134,-0.3223139447875884,-0.31056287625554235,-0.2972987766080504,-0.28258626720529256,-0.2664970259141831,-0.24910943790100715,-0.2305082137467702,-0.2107839767457641,-0.19003282139798386,-0.16835584524638458,-0.14585865633981585,-0.12265085872122036,-0.09884551844775573,-0.07455861274433037,-0.04990846497422019,-0.025015168179537577
9.456308645595985e-17,-0.017954530405886102,-0.035821588144417445,-0.053514126706282646,-0.07094594982205646,-0.08803213140175875,-0.10468942928623058,-0.12083669079456494,-0.13639524809180986,-0.15128930145075348,-0.16544628854057644,-0.17879723794323282,-0.19127710517526525,-0.2028250895779909,-0.2133849305321992,-0.22290518155423322,-0.23133946093808525,-0.23864667772240822,-0.244791231881548,-0.24974318776528937,-0.2534784199423356,-0.25597873073698446,-0.25723193888637486,-0.25723193888637486,-0.25597873073698446,-0.25347841994233566,-0.24974318776528942,-0.24479123188154805,-0.2386466777224085,-0.23133946093808555,-0.22290518155423336,-0.2133849305321994,-0.20282508957799072,-0.19127710517526508,-0.17879723794323293,-0.16544628854057658,-0.15128930145075362,-0.13639524809181006,-0.12083669079456515,-0.1046894292862312,-0.0880321314017594,-0.0709459498220567,-0.05351412670628287,-0.035821588144417216,-0.017954530405885863
6.323153692426093e-17,-0.01200566304322442,-0.023952835702907037,-0.03578331255477571,-0.04743945670480382,-0.058864480590363345,-0.07000272264352354,-0.08079991846861383,-0.09120346521290443,-0.10116267784241773,-0.11062903607431963,-0.11955642076285951,-0.12790133858721206,-0.13562313394656514,-0.1426841870301203,-0.14905009709702927,-0.15468985007334468,-0.15957596964947215,-0.16368465114198782,-0.16699587746766337,-0.1694935166646833,-0.17116540048594153,-0.17200338368151827,-0.1720033836815183,-0.17116540048594156,-0.1694935166646833,-0.1669958774676634,-0.1636846511419879,-0.1595759696494723,-0.1546898500733449,-0.14905009709702932,-0.14268418703012042,-0.13562313394656506,-0.12790133858721195,-0.11955642076285959,-0.11062903607431974,-0.10116267784241785,-0.09120346521290451,-0.08079991846861395,-0.07000272264352395,-0.05886448059036379,-0.04743945670480396,-0.03578331255477586,-0.023952835702906884,-0.01200566304322426
4.133420845730326e-17,-0.007848054990205034,-0.01565787504538136,-0.02339141150726069,-0.031010987363573297,-0.038479480806663934,-0.0457605060872084,-0.05281859078192615,-0.05961934861166053,-0.06612964696787468,-0.07231776833139024,-0.07815356479695207,-0.08360860495079199,-0.08865631238561911,-0.09327209517820484,-0.0974334656987607,-0.10112015016840983,-0.1043141874310004,-0.10700001645805272,-0.1091645521605254,-0.11079724913805436,-0.11189015305508326,-0.11243793939358668,-0.1124379393935867,-0.11189015305508329,-0.11079724913805436,-0.10916455216052542,-0.10700001645805274,-0.10431418743100054,-0.10112015016840996,-0.09743346569876077,-0.0932720951782049,-0.08865631238561905,-0.08360860495079192,-0.07815356479695214,-0.07231776833139032,-0.06612964696787477,-0.05961934861166061,-0.05281859078192624,-0.04576050608720867,-0.03847948080666422,-0.031010987363573394,-0.023391411507260783,-0.015657875045381263,-0.007848054990204932
2.473780244293032e-17,-0.004696923956085645,-0.009370964970790293,-0.013999351586123355,-0.018559534767738837,-0.0230292977615637,-0.02738686433159114,-0.03161100485151315,-0.035681139733325686,-0.03957743968901298,-0.04328092233684573,-0.04677354468163655,-0.0500382910183987,-0.05305925583115057,-0.055821721282990816,-0.05831222891992022,-0.06051864523907645,-0.062430220801940856,-0.06403764260452209,-0.06533307944937541,-0.06631022009840953,-0.06696430402060422,-0.06729214458483884,-0.06729214458483884,-0.06696430402060422,-0.06631022009840953,-0.06533307944937543,-0.0640376426045221,-0.06243022080194091,-0.060518645239076525,-0.058312228919920245,-0.05582172128299086,-0.053059255831150544,-0.05003829101839868,-0.04677354468163659,-0.04328092233684577,-0.039577439689013026,-0.03568113973332573,-0.031611004851513205,-0.027386864331591307,-0.02302929776156387,-0.0185595347677389,-0.013999351586123412,-0.009370964970790232,-0.0046969239560855835
1.2343782061110626e-17,-0.0023436926463166865,-0.004675967057647631,-0.006985460627500282,-0.009260921735351858,-0.01149126456341334,-0.013665623105619746,-0.015773404105719258,-0.017804338666552743,-0.01974853227908859,-0.021596513027476255,-0.02333927773526799,-0.024968335827989487,-0.026475750698365327,-0.027854178372671883,-0.02909690328983903,-0.03019787101898855,-0.031151717756012946,-0.031953796455489784,-0.03260019947061986,-0.03308777759088965,-0.0334141553847084,-0.033577742772272,-0.03357774277227201,-0.0334141553847084,-0.03308777759088965,-0.03260019947061986,-0.0319537964554898,-0.03115171775601298,-0.030197871018988597,-0.02909690328983905,-0.027854178372671897,-0.026475750698365306,-0.02496833582798947,-0.023339277735268,-0.02159651302747627,-0.019748532279088616,-0.017804338666552764,-0.015773404105719282,-0.013665623105619827,-0.011491264563413421,-0.009260921735351887,-0.006985460627500311,-0.004675967057647601,-0.002343692646316655
5.85860228431727e-18,-0.001112362728333289,-0.0022193061372684265,-0.003315437309786665,-0.004395416004998243,-0.005453980675259115,-0.006485974099902345,-0.007486368510698714,-0.00845029008663809,-0.009373042698695528,-0.010250130788899883,-0.011077281272240279,-0.01185046435470674,-0.01256591316604156,-0.013220142111552606,-0.013809963853580218,-0.014332504839885888,-0.014785219303309984,-0.01516590166449341,-0.015472697277238524,-0.015704111464159017,-0.0158590167985979,-0.015936658597336804,-0.015936658597336808,-0.0158590167985979,-0.01570411146415902,-0.015472697277238531,-0.015165901664493418,-0.014785219303309999,-0.014332504839885908,-0.013809963853580225,-0.013220142111552613,-0.012565913166041554,-0.01185046435470673,-0.011077281272240287,-0.01025013078889989,-0.009373042698695539,-0.008450290086638099,-0.007486368510698726,-0.006485974099902385,-0.005453980675259155,-0.004395416004998257,-0.0033154373097866786,-0.0022193061372684122,-0.0011123627283332745
2.1003393137165846e-18,-0.00039878780911370784,-0.0007956327641074159,-0.0011886014762511187,-0.0015757794414803382,-0.0019552803676674514,-0.002325255364447384,-0.002683901950825591,-0.0030294728366842562,-0.00336028443540413,-0.0036747250661293275,-0.003971262805714421,-0.004248452952100015,-0.004504945062755969,-0.004739489533901671,-0.00495094368845003,-0.005138277343015376,-0.005300577826863383,-0.005437054428351135,-0.005547042247194761,-0.005630005433796788,-0.005685539799851524,-0.0057133747875098475,-0.0057133747875098475,-0.005685539799851525,-0.005630005433796789,-0.005547042247194762,-0.005437054428351138,-0.005300577826863389,-0.005138277343015383,-0.004950943688450032,-0.004739489533901673,-0.004504945062755965,-0.004248452952100012,-0.003971262805714425,-0.00367472506612933,-0.0033602844354041336,-0.00302947283668426,-0.0026839019508255956,-0.002325255364447399,-0.001955280367667466,-0.001575779441480343,-0.0011886014762511235,-0.0007956327641074108,-0.0003987878091137025
-1.9673691745505435e-20,3.7354099773934124e-06,7.452621412858991e-06,1.1133524425936015e-05,1.476018602714791e-05,1.8314937485724116e-05,2.178046040988102e-05,2.5139871120285265e-05,2.837680290564256e-05,3.1475485759669745e-05,3.442082321098037e-05,3.7198465871576456e-05,3.9794881345622845e-05,4.219742015792069e-05,4.4394377380879234e-05,4.63750496597452e-05,4.812978735827267e-05,4.9650041570779785e-05,5.092840577155878e-05,5.195865189872416e-05,5.273576069670469e-05,5.325594616955081e-05,5.3516674025927825e-05,5.3516674025927825e-05,5.325594616955081e-05,5.273576069670485e-05,5.195865189872433e-05,5.092840577155878e-05,4.9650041570779785e-05,4.812978735827267e-05,4.63750496597452e-05,4.4394377380879234e-05,4.219742015792069e-05,3.9794881345622764e-05,3.719846587157654e-05,3.4420823210980536e-05,3.1475485759669745e-05,2.837680290564256e-05,2.5139871120285343e-05,2.1780460409881178e-05,1.8314937485724316e-05,1.476018602714791e-05,1.1133524425936035e-05,7.452621412858931e-06,3.735409977393352e-06
