hough_viz/data/file_2_2_2.json
{"header": {"discipline": 0, "disciplineName": "Meteorological products", "gribEdition": 2, "gribLength": 133963, "center": 7, "centerName": "US National Weather Service - NCEP(WMC)", "subcenter": 0, "refTime": "2014-11-30T06:00:00.000Z", "significanceOfRT": 1, "significanceOfRTName": "Start of forecast", "productStatus": 0, "productStatusName": "Operational products", "productType": 1, "productTypeName": "Forecast products", "productDefinitionTemplate": 0, "productDefinitionTemplateName": "Analysis/forecast at horizontal level/layer at a point in time", "parameterCategory": 2, "parameterCategoryName": "Momentum", "parameterNumber": 2, "parameterNumberName": "U-component_of_wind", "parameterUnit": "m.s-1", "genProcessType": 2, "genProcessTypeName": "Forecast", "forecastTime": 6, "surface1Type": 100, "surface1TypeName": "Isobaric surface", "surface1Value": 85000, "surface2Type": 255, "surface2TypeName": "Missing", "surface2Value": 0, "gridDefinitionTemplate": 0, "gridDefinitionTemplateName": "Latitude_Longitude", "numberPoints": 65160, "shape": 6, "shapeName": "Earth spherical with radius of 6,371,229.0 m", "gridUnits": "degrees", "resolution": 48, "winds": "true", "scanMode": 0, "nx": 360, "ny": 181, "basicAngle": 0, "subDivisions": 0, "lo1": 0, "la1": 90, "lo2": 359, "la2": -90, "dx": 1, "dy": 1}, "data":
[rows 114 to 132 of 181, columns 129 to 171 of 360]
-2.3347407110385863,-1.949979186846247,-1.5628419133860039,-1.1738005577916508,-0.7833291070277442,-0.391903290409523,-2.0628224853781415e-15,0.3919032904095189,0.78332910702774,1.173800557791647,1.5628419133860094,1.9499791868462433,2.3347407110385725,2.7166577133137473,3.09526488663429,3.4701009564794645,3.8407092428372454,4.206638216598543,4.567442049675859,4.922681158176148,5.271922737966102,5.614741291977297,5.950719148608804,6.279446970595748,6.600524253723683,6.913559814781275,7.2181722681567955,7.513990490497771,7.800654072867581,8.077813759848256,8.345131875054376,8.60228273253976,8.848953033595615,9.084842248456763,9.309662982450831,9.523141326144431,9.725017189059598,9.915044616553953,10.092992089478578,10.258642806248417,10.411794946981628,10.552261919386009,10.679872586092955
-2.61937279953707,-2.1877043637176974,-1.753370547121158,-1.3169005185989908,-0.878826049647885,-0.43968086652805877,-2.314304574776251e-15,0.4396808665280542,0.8788260496478806,1.3169005185989864,1.7533705471211645,2.187704363717693,2.6193727995370546,3.0478499330836404,3.4726137309720544,3.8931466839444067,4.30893643737565,4.719476415498735,5.124266438589147,5.522813332356861,5.914631528803277,6.299243657811,6.676181128745773,7.044984701362033,7.4052050453163965,7.756403287607434,8.09815154727485,8.430033456706527,8.751644668918317,9.062593350188555,9.362500657447079,9.651001199837163,9.927743483888014,10.19239034175541,10.444619342008743,10.684123182464113,10.910610064584668,11.12380404899217,11.323445391656632,11.509290860354403,11.681114031009184,11.838705563554864,11.98187345698414
-2.897495503823406,-2.419992892453934,-1.9395418925163355,-1.4567278595462432,-0.9721390280710194,-0.48636579493662857,-2.560035402779339e-15,0.4863657949366234,0.9721390280710143,1.4567278595462385,1.9395418925163426,2.419992892453929,2.897495503823389,3.3714679632464186,3.84133280829106,4.3065175810207466,4.766455525446139,5.220586278029974,5.6683565504037,6.1092208034641375,6.542641912028879,6.968091819240551,7.38505217992273,7.793014992103754,8.191483215938845,8.579971379276579,8.958006169131924,9.325127008345254,9.68088661672461,10.024851555987768,10.356602757839955,10.675736034544066,10.981862571361155,11.274609400261298,11.553619854327657,11.818554002300223,12.06908906272968,12.304919797236852,12.52575888239868,12.731337259807544,12.9214044638775,13.095728926998003,13.254098261663355
-3.1643905376504935,-2.642904052813122,-2.1181975964955577,-1.5909104426900043,-1.061685009571,-0.5311660768078723,-2.7958462037009403e-15,0.5311660768078668,1.0616850095709944,1.5909104426899985,2.1181975964955653,2.6429040528131162,3.1643905376504753,3.6820217000547157,4.195166886189403,4.703200907689174,5.20550480335549,5.701466593265475,6.190482024375167,6.671955306708802,7.145299839237142,7.609938924560446,8.065306471525393,8.510847684920007,8.946019741406142,9.370292450866078,9.783148902357524,10.18408609389001,10.572615545255296,10.948263893165278,11.310573467972205,11.65910285126868,11.993427413688002,12.31313983224962,12.617850586619426,12.907188433680323,13.18080085983475,13.438354510488194,13.679535596190432,13.904050274939628,14.111625010183571,14.302006904081807,14.47496400562269
-3.423676240333831,-2.8594598875954778,-2.291759723450119,-1.721267403100273,-1.1486779835606684,-0.5746890768383737,-3.024933902863187e-15,0.5746890768383677,1.1486779835606626,1.7212674031002677,2.2917597234501272,2.8594598875954715,3.42367624033381,3.9837213709502133,4.538912950721349,5.088574564227958,5.632036533462879,6.1686367337305095,6.697721400343737,7.218645925135522,7.730775641814694,8.233486599209025,8.726166321453594,9.20821455419835,9.679043995925543,10.138081013486135,10.584766340983444,11.018555761152529,11.438920768405055,11.845349212731954,12.237345923679309,12.614433313637289,12.976151959707094,13.322061163436983,13.651739487745425,13.96478527037731,14.260817113267517,14.539474347215682,14.8004174713061,15.043328566537259,15.267911683157228,15.473893201232768,15.661022164013135
-3.6729431657897917,-3.0676480235671404,-2.4586154247627263,-1.8465873817839276,-1.2323095565254067,-0.6165303518949946,-3.2451696730540875e-15,0.6165303518949883,1.2323095565254003,1.8465873817839218,2.4586154247627356,3.0676480235671337,3.6729431657897695,4.273763392538428,4.869376696916063,5.459057415858468,6.042087114242984,6.61775546019098,7.185361090497817,7.744212465135893,8.293628709789683,8.832940445396178,9.361490603680114,9.878635227690552,10.383744256363162,10.87620229215258,11.35540935079953,11.820781592319246,12.271752032320544,12.707771232788957,13.128307971492317,13.532849889193223,13.920904113879867,14.291997861254648,14.645679010748987,14.981516656362631,15.29910163165624,15.598047008257623,15.877988567274397,16.13858524303858,16.379519538642608,16.600497912760364,16.8012511372821
-3.906357224394777,-3.262595819716444,-2.6148594445961466,-1.9639372660308454,-1.3106223324282307,-0.6557106073994454,-3.4513988985167934e-15,0.6557106073994385,1.3106223324282238,1.9639372660308387,2.6148594445961564,3.2625958197164375,3.9063572243947524,4.545359334523362,5.178823624461786,5.80597831555041,6.42605931640394,7.038311153838999,7.6419878933018275,8.236354047674645,8.820685473353453,9.394270252505434,9.956409560431123,10.506418516974747,11.043627020945157,11.567380566530884,12.07704104071466,12.571987500715881,13.051616930513699,13.51534497552917,13.962606654571253,14.392857048179408,14.805571962524025,15.200248568055846,15.576406012126279,15.933586004832346,16.27135337737231,16.5892966122318,16.887028344554516,17.164185834086698,17.420431407120187,17.655452867895857,17.86896387896602
-4.129787071990532,-3.4492047868158964,-2.764420176917794,-2.076267546860419,-1.3855853046216922,-0.6932149401223383,-3.648806735432487e-15,0.6932149401223312,1.385585304621685,2.0762675468604117,2.7644201769178043,3.44920478681589,4.129787071990507,4.8053378477628526,5.475034059573252,6.138059785746387,6.793607231566222,7.440877713449377,8.079082632018043,8.707444432886854,9.325197553993187,9.931589358316558,10.52588105085087,11.107348578712404,11.675283513286676,12.228993913339567,12.767805168041141,13.291060818875076,13.798123359432186,14.288375012113805,14.761218480798611,15.216077678555951,15.652398429519055,16.06964914406295,16.467321466464483,16.844930894255544,17.20201736851466,17.53814583437788,17.85290677108618,18.14591669092337,18.416818606436866,18.66528246537185,18.89100555278913
-4.340623072865467,-3.625295352933252,-2.905550769047427,-2.1822662191153217,-1.456322913947567,-0.7286053036385148,-3.835087482273343e-15,0.7286053036385074,1.4563229139475597,2.1822662191153155,2.9055507690474376,3.6252953529332443,4.340623072865442,5.050662412205098,5.754548297390386,6.451423151895497,7.1404379410555805,7.820753206484649,8.4915400888263,9.151981337591174,9.801272306850846,10.438621935574897,11.06325371141688,11.674406616775094,12.271336055975267,12.853314762445644,13.41963368477933,13.969602850604211,14.502552207207989,15.017832437894214,15.51481575307461,15.99289665513404,16.45149267613606,16.890045087470398,17.308019580577643,17.70490691792198,18.08022355341869,18.433512221560495,18.764342494525213,19.072311306585725,19.3570434451835,19.618192008067293,19.855438825940066
-4.532061063885578,-3.78518467010493,-3.033696611866758,-2.278512461612186,-1.5205522949010788,-0.7607395694417597,-4.004229430484046e-15,0.7607395694417517,1.5205522949010708,2.2785124616121784,3.033696611866769,3.7851846701049214,4.532061063885552,5.273415839370345,6.008345769962307,6.735955456748265,7.455358419404573,8.165678176236781,8.866049312037543,9.555618532461772,10.233545703634391,10.899004875724023,11.551185289235567,12.189292362795872,12.812548661228675,13.420194842739592,14.011490584057162,14.585715482402724,15.142169933190214,15.680175982386599,16.199078152494394,16.698244241150068,17.177066091365237,17.634960332472286,18.071369090871606,18.485760669714708,18.877630196694916,19.246500239156468,19.591921385772693,19.91347279408448,20.210762703232014,20.483428911254997,20.73113921637996
-4.711873463893594,-3.935364275015545,-3.1540604509647836,-2.3689138901003095,-1.5808811725639598,-0.7909223948349176,-4.163099775329038e-15,0.7909223948349093,1.5808811725639513,2.3689138901003015,3.154060450964795,3.9353642750155364,4.711873463893567,5.482641960764329,6.246730702942152,7.003208765993521,7.751154497925141,8.489656642074877,9.2178154473376,9.93474376437334,10.63956812646216,11.331429813688732,12.009485899160266,12.672910275983158,13.320894663746964,13.952649593289514,14.567405368543534,15.164413004292761,15.742945138695013,16.302296919460574,16.84178686260611,17.360757682737937,17.858577093853064,18.334638579682256,18.78836213263666,19.219194960457774,19.626612159709616,20.010117355292692,20.369243305200627,20.70355246978257,21.01263754481786,21.296121957753485,21.553660326499696
-4.877500679871982,-4.0736963914711986,-3.26492893152223,-2.452183658593971,-1.6364507776076511,-0.8187241334247347,-4.30943702969542e-15,0.818724133424726,1.6364507776076427,2.4521836585939623,3.2649289315222414,4.073696391471189,4.877500679871954,5.675362485015698,6.466309735194023,7.249378783018651,8.02361557947737,8.788076836295746,9.541831175188557,10.2839602626008,11.013559928555706,11.729741268246531,12.43163172503012,13.118376153502824,13.78913786136344,14.443099628793842,15.07946470411549,15.69745777450864,16.29632591061156,16.87533948384899,17.43379305537212,17.971006235527216,18.486324512805627,18.97912005126519,19.448792455451596,19.894769501887854,20.316507836240387,20.713493635312588,21.085243233059256,21.43130370985916,21.751253444327876,22.044702626998422,22.31129373524409
-5.02140621411898,-4.193886524502633,-3.3612572301748744,-2.524532761674154,-1.6847325388777952,-0.8428797289959666,-4.436582442636374e-15,0.8428797289959579,1.6847325388777863,2.524532761674146,3.3612572301748864,4.1938865245026244,5.021406214118949,5.842808093751724,6.657091411737856,7.463264089285083,8.260343929167222,9.047359812380126,9.823352881300593,10.587377707906683,11.338503445636205,12.075814963479804,12.798413960927078,13.50542006240751,14.195971889892391,14.869228112351276,15.52436847078425,16.160594777581217,16.77713188899049,17.373228649512107,17.948158807065006,18.501221897813412,19.031744099574087,19.539079052764887,20.02260864789428,20.48174377863264,20.915925059547515,21.324623507628605,21.707341186772084,22.063611814439053,22.393001329748984,22.69510842231605,22.96956502118397
-5.152808559911588,-4.303633974481511,-3.449216073977524,-2.5905958349984215,-1.728819354045072,-0.8649365730130245,-4.552680865151073e-15,0.8649365730130157,1.7288193540450632,2.5905958349984126,3.4492160739775364,4.303633974481503,5.1528085599115565,5.995705241840692,6.831297080500238,7.658566035947818,8.47650420839226,9.284115066164173,10.08041465983626,10.864432821014157,11.635214344337232,12.391820151249128,13.133328434120273,13.858835779328603,14.567458267929835,15.258332552576524,15.930616909373828,16.583492263390482,17.216163186575344,17.827858866864034,18.41783404729458,18.985369933988334,19.529775071889567,20.05038618719695,20.546568995460444,21.017718974359298,21.463262100219325,21.88265554737232,22.275388349505523,22.640982022195377,22.97899114586711,23.289003908469848,23.570642607206153
-5.26939039213522,-4.4010033077550785,-3.52725427876703,-2.649207833772195,-1.7679337371110921,-0.8845056855206347,-4.65568486202339e-15,0.8845056855206258,1.767933737111083,2.6492078337721856,3.527254278767043,4.4010033077550705,5.269390392135187,6.131357536009877,6.985854565190164,7.83184040667115,8.668284357019138,9.494167338124962,10.308483138793651,11.110239640657797,11.898460026921022,12.672183972458724,13.430468813826273,14.172390697749298,14.897045706696566,15.603550960164208,16.29104569032964,16.958692290764613,17.605677336929585,18.23121257720622,18.834535893260544,19.414912228566763,19.971634483960436,20.504024379129877,21.011433278996165,21.493242983975183,21.948866483158515,22.377748669495812,22.779367016107265,23.153232212902083,23.498888762727486,23.815915536321846,24.10392628539575
-5.36319243734723,-4.479346926377151,-3.5900440211677807,-2.696367200322528,-1.7994052713872106,-0.900251044305841,-4.738562145621927e-15,0.9002510443058318,1.799405271387201,2.6963672003225194,3.5900440211677935,4.479346926377142,5.363192437347198,6.240503724468832,7.110211919078109,7.971257415708152,8.822591163055234,9.663175942086134,10.491987629729756,11.308016446613324,12.110268187323097,12.89776543169045,13.66954873562773,14.42467780006321,15.162232616550614,15.881314588157643,16.58104762426796,17.26057920796269,17.91908143468093,18.555752020893923,19.169815281563935,19.760523075197028,20.327155715338225,20.869022847398604,21.38546428974595,21.875850838034484,22.339585031793384,22.77610188234032,23.18486956113317,23.56539004772114,23.917199736506028,24.239870001574182,24.53300771891115
-5.4443502142929745,-4.5471300318614905,-3.64436987191787,-2.737169608657486,-1.8266345258576078,-0.9138739702594516,-4.810267790002674e-15,0.9138739702594423,1.8266345258575987,2.7371696086574766,3.644369871917883,4.547130031861481,5.444350214292941,6.334937294626169,7.217806229688177,8.091881379677108,8.956097818663675,9.809402632039333,10.65075619933049,11.479133460815966,12.293525166404395,13.092939105249961,13.876401314608426,14.642957266460803,15.391673030458664,16.1216364117744,16.83195806247008,17.521772565031018,18.19023948674362,18.836544403633244,19.45989989271427,20.059546491343795,20.634753622509876,21.184820484927073,21.709076906854808,22.206884162598485,22.67763575069832,23.120758132857933,23.535711432712425,23.921990093584565,24.279123494427765,24.606676523205287,24.904250107007226
-5.510915687508598,-4.602725621863987,-3.688927844044665,-2.770635675883172,-1.848967914934324,-0.9250474713928025,-4.869080639862109e-15,0.9250474713927929,1.848967914934315,2.770635675883163,3.6889278440446787,4.602725621863977,5.5109156875085645,6.412391551279432,7.306054903698264,8.1908169536284,9.06559975479917,9.929337519117327,10.780977915165638,11.619483350306634,12.443832234829486,13.253020226599627,14.04606145469491,14.821989720537546,15.579859675058216,16.31874797045824,17.037754385166664,17.73600292062163,18.41264286853964,19.066849847372552,19.697826806689513,20.304804998260128,20.887044912655792,21.443837180228027,21.974503435366042,22.478397142980825,22.954904386208547,23.403444614373626,23.823471350300373,24.214472856111207,24.57597275670048,24.907530620124113,25.20874249419809
-5.554860768440564,-4.639428623947455,-3.7183440503252614,-2.7927292472447625,-1.8637119337634585,-0.9324239743736792,-4.907907607087903e-15,0.9324239743736696,1.8637119337634487,2.792729247244753,3.718344050325275,4.6394286239474445,5.554860768440531,6.463525170748,7.364314763264643,8.256132072627949,9.137890556820414,10.00851592895355,10.866947466120948,11.71213930172579,12.543061699708236,13.358702309120147,14.158067397518721,14.940183061676514,15.704096414132454,16.44887674413838,17.17361665158678,17.877433152538075,18.55946875500047,19.218892503651922,19.85490099223111,20.466719342364293,21.05360214763523,21.614834381748096,22.149732269676786,22.65764412073957,23.137951122583765,23.590068095113246,24.01344420344025,24.40756362899287,24.77194619796052,25.106147966311756,25.409761760671657
