hough_viz/data/file_4_2_2.json
{"header": {"discipline": 0, "disciplineName": "Meteorological products", "gribEdition": 2, "gribLength": 133963, "center": 7, "centerName": "US National Weather Service - NCEP(WMC)", "subcenter": 0, "refTime": "2014-11-30T06:00:00.000Z", "significanceOfRT": 1, "significanceOfRTName": "Start of forecast", "productStatus": 0, "productStatusName": "Operational products", "productType": 1, "productTypeName": "Forecast products", "productDefinitionTemplate": 0, "productDefinitionTemplateName": "Analysis/forecast at horizontal level/layer at a point in time", "parameterCategory": 2, "parameterCategoryName": "Momentum", "parameterNumber": 2, "parameterNumberName": "U-component_of_wind", "parameterUnit": "m.s-1", "genProcessType": 2, "genProcessTypeName": "Forecast", "forecastTime": 6, "surface1Type": 100, "surface1TypeName": "Isobaric surface", "surface1Value": 85000, "surface2Type": 255, "surface2TypeName": "Missing", "surface2Value": 0, "gridDefinitionTemplate": 0, "gridDefinitionTemplateName": "Latitude_Longitude", "numberPoints": 65160, "shape": 6, "shapeName": "Earth spherical with radius of 6,371,229.0 m", "gridUnits": "degrees", "resolution": 48, "winds": "true", "scanMode": 0, "nx": 360, "ny": 181, "basicAngle": 0, "subDivisions": 0, "lo1": 0, "la1": 90, "lo2": 359, "la2": -90, "dx": 1, "dy": 1}, "data":
[rows 95 to 113 of 181, columns 301 to 343 of 360]
9.076680150016031,9.993263965858459,10.861161604178607,11.676144754923342,12.4342429021041,13.13176266775149,13.765305805681765,14.33178575741049,14.828442689555148,15.25285693946614,15.602960803579874,15.877048611062705,16.073785033667782,16.192211591320053,16.231751321734837,16.19221159132006,16.073785033667786,15.877048611062708,15.602960803579881,15.252856939466149,14.82844268955516,14.331785757410502,13.76530580568178,13.13176266775151,12.43424290210412,11.676144754923403,10.861161604178626,9.993263965858525,9.076680150016054,8.115875660867449,7.115531441304015,6.080521067809317,5.0158870068840935,3.9268160486564745,2.8186140373620825,1.6966800218036417,0.5664799517287669,-0.5664799517286795,-1.6966800218036118,-2.818614037362053,-3.9268160486564465,-5.015887006884065,-6.080521067809343
8.507066113334712,9.366129007576982,10.179561062774336,10.94339931971975,11.653922435206184,12.307668812036441,12.901453463576999,13.43238353069261,13.897872375465127,14.29565218303362,14.623785010160313,14.880672226695234,15.065062303941643,15.17605691197801,15.213115296231132,15.176056911978014,15.065062303941643,14.880672226695243,14.62378501016032,14.295652183033631,13.897872375465136,13.432383530692622,12.901453463577017,12.307668812036457,11.653922435206201,10.943399319719807,10.179561062774354,9.366129007577046,8.507066113334734,7.606557648115593,6.668990798643288,5.69893329636465,4.701111163920896,3.6803856904405086,2.641729747827477,1.590203563428669,0.5309300671156474,-0.5309300671155655,-1.5902035634286413,-2.6417297478274495,-3.6803856904404815,-4.701111163920869,-5.698933296364674
7.869846412316561,8.664561411134958,9.417063537716974,10.123686677343148,10.780988233106768,11.385765897899805,11.935073255731464,12.426234136370589,12.856855653377982,13.224839862008729,13.528393980188023,13.766039122765251,13.936617506493784,14.039298090634574,14.0735806257031,14.039298090634576,13.936617506493786,13.766039122765259,13.528393980188032,13.224839862008736,12.856855653377991,12.426234136370603,11.935073255731476,11.385765897899821,10.780988233106786,10.123686677343201,9.41706353771699,8.664561411135013,7.869846412316582,7.036790312851574,6.169451678318002,5.27205609535882,4.348975585048276,3.4047073028448263,2.443851628901995,1.4710897554781623,0.49116088063916413,-0.49116088063908836,-1.4710897554781364,-2.44385162890197,-3.404707302844801,-4.34897558504825,-5.272056095358842
7.13997372361185,7.860984517474766,8.543697384951944,9.184786217579095,9.781127695005715,10.329816501497753,10.82817948034402,11.273788657206868,11.664473068969055,11.99832934044796,12.273730957448047,12.489336190974575,12.644094634002354,12.737252318953228,12.768355390950289,12.737252318953235,12.644094634002355,12.489336190974578,12.273730957448056,11.998329340447963,11.664473068969063,11.273788657206879,10.828179480344033,10.329816501497767,9.781127695005729,9.184786217579143,8.54369738495196,7.860984517474817,7.139973723611867,6.384177695475167,5.59727859534137,4.7831101165275856,3.945638806022626,3.0889447398689067,2.2172016454422754,1.334656567471289,0.44560917686288215,-0.4456091768628133,-1.3346565674712658,-2.217201645442252,-3.0889447398688845,-3.9456388060226035,-4.783110116527605
6.32034326854586,6.958585913959285,7.5629270282745145,8.130422322330753,8.658307016099823,9.144009308416402,9.585162906534977,9.979618554470141,10.325454503955658,10.620985877008957,10.864772874487242,11.055627790644175,11.192620799512905,11.275084484924724,11.302617092093517,11.275084484924728,11.192620799512909,11.055627790644177,10.864772874487247,10.620985877008964,10.325454503955665,9.97961855447015,9.585162906534988,9.144009308416411,8.658307016099833,8.130422322330798,7.562927028274528,6.9585859139593325,6.320343268545876,5.65130854604678,4.9547412163788564,4.234034885553616,3.4927007623696573,2.7343505521564473,1.9626788609091663,1.1814451955392469,0.3944556479351949,-0.3944556479351341,-1.181445195539226,-1.9626788609091463,-2.7343505521564277,-3.492700762369637,-4.234034885553634
5.4474003310077705,5.997491212177313,6.518362919026836,7.00747781695841,7.462452987354994,7.88107183692031,8.261294896698725,8.601269758162898,8.899340097961897,9.154053747362166,9.364169767067551,9.52866449295084,9.646736523242478,9.71781062287944,9.741540525992647,9.717810622879446,9.64673652324248,9.528664492950844,9.364169767067558,9.154053747362171,8.899340097961904,8.601269758162907,8.261294896698734,7.881071836920322,7.4624529873550065,7.007477816958448,6.518362919026849,5.997491212177353,5.447400331007786,4.870770262996342,4.270410291871664,3.649245311065159,3.0103015739240004,2.356691950109108,1.6916007600071972,1.0182682610415776,0.33997486146419964,-0.3399748614641472,-1.0182682610415599,-1.6916007600071796,-2.3566919501090906,-3.0103015739239836,-3.649245311065175
4.504552845686987,4.959432842307376,5.390150980640491,5.794608845212006,6.170835957961714,6.516999378214473,6.831412632583059,7.112543931296912,7.359023630927887,7.5696509071554505,7.7433996050620015,7.8794232384565,7.977059113870092,8.035831559132088,8.055454240796955,8.035831559132088,7.977059113870093,7.879423238456502,7.743399605062007,7.569650907155454,7.359023630927892,7.112543931296919,6.831412632583068,6.516999378214482,6.170835957961724,5.7946088452120375,5.3901509806405015,4.95943284230741,4.504552845686999,4.027727120398493,3.531278713445094,3.0176262715627113,2.489272257816007,1.9487907598499679,1.3988149491937572,0.842024252713406,0.28113129871387366,-0.2811312987138303,-0.8420242527133912,-1.3988149491937425,-1.948790759849953,-2.4892722578159923,-3.017626271562724
3.4971759610503477,3.850328747539831,4.1847231194049925,4.4987299408793096,4.790819402292431,5.05956847314905,5.303667834990533,5.521928260262779,5.713286406113301,5.876809994890782,6.01170235610803,6.117306307740528,6.193107357951194,6.238736211642898,6.25397056962705,6.238736211642902,6.193107357951196,6.117306307740531,6.011702356108034,5.8768099948907855,5.713286406113306,5.521928260262785,5.303667834990539,5.059568473149057,4.790819402292438,4.4987299408793335,4.1847231194050005,3.850328747539856,3.497175961050357,3.1269852848135358,2.741560250592546,2.342778610411361,1.9325831883355342,1.5129724152286985,1.0859905925983668,0.6537179329642453,0.21826042527226283,-0.21826042527222916,-0.6537179329642337,-1.0859905925983557,-1.5129724152286872,-1.9325831883355233,-2.3427786104113704
2.4544863059114808,2.7023459183493346,2.937039973111852,3.157425064355594,3.3624274980690645,3.551048523001962,3.722369196480943,3.875554861405921,4.009859212615534,4.124627932810921,4.2193018803238065,4.293419813198494,4.346620636316331,4.378645160614814,4.389337365830654,4.378645160614815,4.346620636316333,4.293419813198495,4.219301880323807,4.124627932810924,4.009859212615536,3.8755548614059245,3.7223691964809476,3.551048523001967,3.36242749806907,3.1574250643556105,2.9370399731118577,2.7023459183493523,2.4544863059114874,2.194668682915334,1.9241588547033295,1.6442747179669945,1.3563798400866411,1.0618768159681962,0.762200434741868,0.45881068961356714,0.15318566492498908,-0.15318566492496544,-0.4588106896135591,-0.7622004347418603,-1.0618768159681882,-1.3563798400866336,-1.6442747179670016
1.36842885018937,1.506615909387795,1.6374628873201849,1.7603323106627449,1.8746255719357472,1.9797858458589763,2.0753008021485573,2.160705101538582,2.2355826628672246,2.2995686901823613,2.352351449990766,2.393673789992357,2.423334391900353,2.4411887522437326,2.4471498863736163,2.4411887522437334,2.423334391900353,2.3936737899923575,2.352351449990767,2.2995686901823618,2.235582662867226,2.160705101538584,2.0753008021485595,1.9797858458589788,1.8746255719357499,1.7603323106627542,1.6374628873201882,1.5066159093878053,1.3684288501893733,1.2235749431868124,1.0727599020543612,0.9167184825125569,0.7562109026721711,0.5920191393280123,0.4249431182466202,0.25579681700824625,0.08540429939003161,-0.08540429939001842,-0.25579681700824175,-0.4249431182466157,-0.592019139328008,-0.7562109026721668,-0.9167184825125607
0.2478423132122719,0.27286999397404427,0.29656827955397114,0.31882171428685024,0.3395218816755717,0.3585679325853887,0.37586707657077234,0.39133503394113034,0.4048964463629864,0.41648524399821063,0.42604496738962594,0.43352904252580926,0.43890100774499397,0.44213469137262007,0.4432143392271026,0.44213469137262024,0.438901007744994,0.4335290425258094,0.4260449673896259,0.41648524399821074,0.4048964463629867,0.3913350339411308,0.37586707657077284,0.35856793258538916,0.33952188167557207,0.31882171428685196,0.29656827955397175,0.27286999397404615,0.24784231321227249,0.22160716961355204,0.19429237816034797,0.1660310137709494,0.13696076297183796,0.10722325310277403,0.07696336232264014,0.04632851377759737,0.015467957370359218,-0.015467957370356828,-0.04632851377759657,-0.07696336232263934,-0.10722325310277325,-0.13696076297183724,-0.16603101377095011
-0.8880658035774891,-0.9777447092466275,-1.0626601409748706,-1.142398399314508,-1.2165710074861749,-1.284816603998655,-1.3468027031657672,-1.4022273149431932,-1.45082041619361,-1.4923452662122894,-1.5265995601040048,-1.5534164143921452,-1.5726651800582385,-1.5842520790508394,-1.5881206611627665,-1.5842520790508399,-1.5726651800582385,-1.5534164143921454,-1.5265995601040059,-1.4923452662122905,-1.450820416193611,-1.4022273149431945,-1.346802703165769,-1.2848166039986568,-1.2165710074861764,-1.1423983993145141,-1.0626601409748724,-0.9777447092466339,-0.8880658035774914,-0.7940603305813863,-0.6961862754733489,-0.5949204708116103,-0.49075627341727385,-0.3842011607894913,-0.27577425872611894,-0.1660038121949534,-0.055424611777430105,0.055424611777421556,0.1660038121949505,0.27577425872611605,0.38420116078948846,0.49075627341727096,0.5949204708116127
-2.0395582342948773,-2.245517465877973,-2.4405367620859386,-2.6236660085109182,-2.7940130178724276,-2.950747876664059,-3.093106988408724,-3.220396793823894,-3.331997149772702,-3.427364350539,-3.506033776706932,-3.567622158740031,-3.611829444231875,-3.638440259731247,-3.647324960019944,-3.6384402597312477,-3.6118294442318755,-3.5676221587400327,-3.5060337767069343,-3.427364350539002,-3.331997149772705,-3.2203967938238978,-3.093106988408727,-2.9507478766640634,-2.794013017872431,-2.623666008510932,-2.4405367620859435,-2.2455174658779886,-2.039558234294882,-1.823662480009979,-1.5988820254363674,-1.3663119783538995,-1.127085396654092,-0.8823677681960009,-0.633351332666582,-0.38124927310863954,-0.1272898054151804,0.12728980541516074,0.3812492731086329,0.6333513326665754,0.8823677681959944,1.1270853966540852,1.3663119783539053
-3.1934817466715404,-3.5159668003265563,-3.82132241715413,-4.108060935283312,-4.374785393476652,-4.620196336984849,-4.843098148359768,-5.042404872382411,-5.217145506727563,-5.366468732589571,-5.489647062221954,-5.586080383184587,-5.655298882031179,-5.696965333193172,-5.710876741908804,-5.696965333193174,-5.655298882031181,-5.586080383184588,-5.489647062221958,-5.366468732589574,-5.217145506727569,-5.042404872382417,-4.843098148359773,-4.620196336984855,-4.3747853934766585,-4.1080609352833335,-3.8213224171541365,-3.51596680032658,-3.1934817466715484,-2.8554383709544116,-2.5034835865216287,-2.13933208170462,-1.7647579660304555,-1.3815861269386216,-0.9916833391129339,-0.5969491697427093,-0.199306724022659,0.19930672402262825,0.5969491697426988,0.9916833391129237,1.3815861269386114,1.7647579660304449,2.139332081704629
-4.342575350218325,-4.781098490760998,-5.196328600051025,-5.586242718734728,-5.9489412244199285,-6.282657086445216,-6.585764474675826,-6.85678668038456,-7.094403310628233,-7.2974567210694525,-7.464957655903408,-7.596090067412723,-7.690215091669904,-7.74687416101819,-7.765791238167065,-7.746874161018194,-7.690215091669906,-7.5960900674127245,-7.464957655903411,-7.297456721069457,-7.0944033106282385,-6.856786680384568,-6.585764474675835,-6.282657086445226,-5.9489412244199364,-5.5862427187347565,-5.196328600051035,-4.781098490761031,-4.342575350218335,-3.8828956190835457,-3.4042988107998613,-2.909116600908903,-2.399761467361695,-1.878714937168653,-1.3485154966495445,-0.8117462241830092,-0.271022205708754,0.27102220570871227,0.8117462241829949,1.3485154966495307,1.8787149371686396,2.3997614673616807,2.9091166009089147
-5.480691358872571,-6.034144043790766,-6.558198985477648,-7.050303040935142,-7.508058728671207,-7.929235908988587,-8.31178264900138,-8.653835219445728,-8.953727174581395,-9.209997470948005,-9.42139758542187,-9.586897597895133,-9.70569120894303,-9.777199668033624,-9.801074593142234,-9.77719966803363,-9.705691208943032,-9.586897597895137,-9.421397585421873,-9.209997470948013,-8.953727174581399,-8.653835219445739,-8.31178264900139,-7.929235908988598,-7.508058728671217,-7.050303040935178,-6.558198985477661,-6.034144043790805,-5.480691358872586,-4.900537296571134,-4.296508309161045,-3.6715471651522598,-3.0286986124174824,-2.3710945444866938,-1.701938742276824,-1.0244912655927974,-0.3420525704443734,0.3420525704443206,1.0244912655927791,1.7019387422768064,2.3710945444866764,3.0286986124174655,3.671547165152275
-6.589847027301354,-7.25530477553886,-7.885415408210629,-8.477109089652782,-9.0275031477262,-9.533916117905312,-9.993880807103887,-10.40515631359166,-10.765738944442246,-11.073871977323805,-11.328054219073564,-11.527047319360024,-11.66988180380131,-11.755861797146892,-11.784568413511874,-11.755861797146897,-11.669881803801312,-11.527047319360026,-11.328054219073568,-11.073871977323812,-10.765738944442255,-10.405156313591668,-9.9938808071039,-9.533916117905326,-9.027503147726215,-8.477109089652826,-7.885415408210646,-7.25530477553891,-6.58984702730137,-5.892284206755958,-5.166014769845531,-4.4145770282624435,-3.6416319111493918,-2.85094512942074,-2.0463688295976343,-1.231822826536922,-0.41127550648780276,0.41127550648773925,1.2318228265369005,2.046368829597613,2.8509451294207198,3.6416319111493705,4.414577028262462
-7.675603823632937,-8.450703763840457,-9.184632724772317,-9.873815078305142,-10.514893197288918,-11.104743813568836,-11.640493234233997,-12.11953134196028,-12.539524311239537,-12.898425978543013,-13.194487811024278,-13.426267425195507,-13.592635614074867,-13.692781848569407,-13.726218226291344,-13.692781848569412,-13.59263561407487,-13.426267425195508,-13.194487811024281,-12.89842597854302,-12.539524311239548,-12.119531341960291,-11.640493234234011,-11.104743813568852,-10.514893197288933,-9.873815078305194,-9.184632724772335,-8.450703763840512,-7.675603823632956,-6.863109113145696,-6.017178024936464,-5.141931850234404,-4.241634700423185,-3.3206727327190855,-2.3835327812541305,-1.4347804976706866,-0.47903810772631933,0.47903810772624544,1.4347804976706613,2.383532781254106,3.3206727327190615,4.241634700423161,5.141931850234426
-8.727179936004683,-9.608470424936643,-10.442949411798383,-11.226551398847445,-11.955458755970362,-12.626120319792664,-13.235268694590115,-13.779936170712109,-14.257469182964703,-14.665541238513688,-15.002164251323686,-15.265698227913507,-15.454859257239564,-15.568725765781368,-15.606743007355124,-15.568725765781373,-15.454859257239564,-15.265698227913514,-15.002164251323688,-14.665541238513695,-14.257469182964714,-13.779936170712123,-13.235268694590129,-12.626120319792681,-11.95545875597038,-11.226551398847505,-10.442949411798402,-9.608470424936707,-8.727179936004704,-7.803371503677591,-6.841545829776673,-5.846388832302912,-4.822748816115123,-3.7756128524761836,-2.7100824825433643,-1.6313488631720237,-0.5446674761220338,0.5446674761219498,1.6313488631719955,2.7100824825433363,3.775612852476155,4.822748816115095,5.846388832302936
