hough_viz/data/file_3_3_1.json
{"header": {"discipline": 0, "disciplineName": "Meteorological products", "gribEdition": 2, "gribLength": 133963, "center": 7, "centerName": "US National Weather Service - NCEP(WMC)", "subcenter": 0, "refTime": "2014-11-30T06:00:00.000Z", "significanceOfRT": 1, "significanceOfRTName": "Start of forecast", "productStatus": 0, "productStatusName": "Operational products", "productType": 1, "productTypeName": "Forecast products", "productDefinitionTemplate": 0, "productDefinitionTemplateName": "Analysis/forecast at horizontal level/layer at a point in time", "parameterCategory": 2, "parameterCategoryName": "Momentum", "parameterNumber": 2, "parameterNumberName": "U-component_of_wind", "parameterUnit": "m.s-1", "genProcessType": 2, "genProcessTypeName": "Forecast", "forecastTime": 6, "surface1Type": 100, "surface1TypeName": "Isobaric surface", "surface1Value": 85000, "surface2Type": 255, "surface2TypeName": "Missing", "surface2Value": 0, "gridDefinitionTemplate": 0, "gridDefinitionTemplateName": "Latitude_Longitude", "numberPoints": 65160, "shape": 6, "shapeName": "Earth spherical with radius of 6,371,229.0 m", "gridUnits": "degrees", "resolution": 48, "winds": "true", "scanMode": 0, "nx": 360, "ny": 181, "basicAngle": 0, "subDivisions": 0, "lo1": 0, "la1": 90, "lo2": 359, "la2": -90, "dx": 1, "dy": 1}, "data":
[rows 38 to 56 of 181, columns 258 to 300 of 360]
2.2516090272149296,2.0863302762881726,1.915333039093139,1.7390860071711178,1.558072261385827,1.372787947832346,1.183740917935183,0.9914493364627952,0.7964402612739485,0.5992481986888333,0.400413638444337,0.2004815722492821,8.91567571550863e-15,-0.20048157224927796,-0.4004136384443327,-0.5992481986888292,-0.7964402612739441,-0.991449336462791,-1.1837409179351788,-1.3727879478323484,-1.5580722613858229,-1.739086007171114,-1.9153330390931356,-2.0863302762881695,-2.251609027214932,-2.4107162743055275,-2.5632159156550864,-2.708689960346787,-2.8467396741359092,-2.9769866723526683,-3.0990739570283194,-3.2126668954017448,-3.3174541371246136,-3.4131484676510326,-3.4994875954726608,-3.576234871041497,-3.6431799354098486,-3.700139296809574,-3.7469568335902737,-3.783504222137878,-3.8096812886007556,-3.8254162834592793,-3.830666078186267
1.1464466934424558,1.062292084358011,0.9752258065093526,0.8854865025121671,0.7933201415610077,0.6989793452448332,0.6027226951288044,0.504814024000175,0.4055216927209472,0.3051178546694385,0.2038777097867594,0.10207875027292407,4.539574508853831e-15,-0.10207875027292196,-0.2038777097867572,-0.3051178546694363,-0.4055216927209451,-0.504814024000173,-0.6027226951288023,-0.6989793452448344,-0.7933201415610058,-0.8854865025121652,-0.975225806509351,-1.062292084358009,-1.1464466934424569,-1.2274589718287139,-1.305106870492816,-1.3791775619417626,-1.4494680235588846,-1.5157855940747158,-1.577948501638156,-1.6357863620404611,-1.689140645726529,-1.7378651123133875,-1.7818262114249177,-1.8209034487441522,-1.8549897162798274,-1.8839915859419334,-1.9078295656216222,-1.9264383170735493,-1.939766835003463,-1.9477785868701722,-1.9504516130186995
-0.0008680779936714045,-0.0008043569636138605,-0.0007384312470292064,-0.0006704815417241638,-0.0006006940931178654,-0.0005292601837560661,-0.0004563756090190134,-0.00038224014045992586,-0.0003070569782450187,-0.00023103219419600953,-0.00015437416696155825,-7.729301086588402e-05,-3.4373205089325796e-18,7.729301086588254e-05,0.0001543741669615553,0.00023103219419600752,0.0003070569782450147,0.0003822401404599219,0.0004563756090190095,0.0005292601837560661,0.0006006940931178654,0.0006704815417241638,0.0007384312470291985,0.0008043569636138526,0.0008680779936714045,0.0009294196822876618,0.0009882138961579503,0.0010442994844287686,0.001097522720401139,0.001147737722884753,0.001194806856048212,0.001238601106669255,0.0012790004377510112,0.0013158941175351344,0.001349181023009785,0.0013787699170807527,0.0014045796986461461,0.0014265396248887064,0.0014445895051769795,0.001458679866043716,0.001468772086789274,0.0014748385053380162,0.001476862494058397
-1.2095262188233222,-1.1207412742596765,-1.02888445576505,-0.9342075364940534,-0.8369700193014961,-0.7374384254631025,-0.6358855641592344,-0.5325897847238766,-0.4278342137084457,-0.3219059788516314,-0.21509542208219148,-0.10769530371192725,-4.78934992980231e-15,0.10769530371192503,0.21509542208218915,0.3219059788516292,0.42783421370844343,0.5325897847238744,0.6358855641592323,0.7374384254631039,0.836970019301494,0.9342075364940514,1.0288844557650485,1.120741274259675,1.2095262188233236,1.2949959360943168,1.3769161595185395,1.455062351457791,1.5292203186318403,1.599186799207318,1.6647700199242834,1.725790221733381,1.7820801525029146,1.8334855254453106,1.8798654420064773,1.9210927780589475,1.957054532340281,1.987652136181663,2.012801723677777,2.0324343615574216,2.046496238124818,2.0549488107537237,2.0577689115300943
-2.4402892959729066,-2.2611605210109307,-2.075834062232193,-1.8848178865783336,-1.688635556109447,-1.4878247929568764,-1.2829360054642507,-1.0745307795564507,-0.8631803394715908,-0.6494639820751688,-0.43396748904755944,-0.21728152129718825,-9.662791253698626e-15,0.21728152129718373,0.4339674890475549,0.6494639820751642,0.8631803394715862,1.0745307795564463,1.2829360054642465,1.487824792956879,1.6886355561094428,1.884817886578329,2.075834062232189,2.2611605210109267,2.440289295972909,2.6127294075970644,2.7780082095235903,2.935672684044794,3.0852906837951393,3.226452116237122,3.3587700676964407,3.481881863865449,3.5954500638682423,3.699163385162642,3.7927375567440054,3.875916098312286,3.94847102326672,4.010203463601236,4.060944214987846,4.100554200553946,4.128924852082353,4.145978407589251,4.151668124464374
-3.69013463226566,-3.419261298840258,-3.139016007864656,-2.8501668922018246,-2.5535056672001386,-2.2498454606566494,-1.940018584090351,-1.6248742514341217,-1.305276251398314,-0.982100579886063,-0.6562330389493078,-0.3285668088670029,-1.4611792424967835e-14,0.32856680886699596,0.656233038949301,0.9821005798860564,1.305276251398307,1.6248742514341148,1.9400185840903448,2.2498454606566534,2.5535056672001315,2.8501668922018175,3.13901600786465,3.419261298840252,3.690134632265663,3.950893563162157,4.200823369425267,4.439239010828434,4.665487006670642,4.878947226921582,5.079034591955002,5.265200676211241,5.436935211393594,5.59376748507825,5.735267630904318,5.861047806807638,5.970763258068941,6.064113262262541,6.140841953515625,6.200739023818813,6.243640299465797,6.269428191042064,6.278032015729293
-4.953940845426886,-4.5902981591520104,-4.214073784690588,-3.8262989269020062,-3.4280364497175633,-3.020377962904322,-2.6044408300386723,-2.1813651058903774,-1.752310411611638,-1.3184527562962745,-0.8809813136204152,-0.44109516240019747,-1.961607435295768e-14,0.4410951624001883,0.8809813136204059,1.3184527562962651,1.7523104116116293,2.1813651058903685,2.6044408300386626,3.020377962904328,3.4280364497175544,3.8262989269019974,4.21407378469058,4.5902981591520025,4.9539408454268905,5.304005124188682,5.639531493581947,5.959600299150332,6.2633342545454855,6.549900846107942,6.8185146147292555,7.068439308740733,7.298989901928147,7.509534471140941,7.699495928349681,7.8683536024042064,8.015644666157103,8.14096540504069,8.24397232362063,8.324383087093011,8.381977295144447,8.416597086053992,8.428147569381151
-6.210780787729178,-5.754880105830823,-5.2832056975791675,-4.797050389741574,-4.297746700224582,-3.786663185734968,-3.265200690661002,-2.734788507455287,-2.1968804590434208,-1.652950913996604,-1.1044907453897133,-0.5530032444219382,-2.4592772001805828e-14,0.5530032444219267,1.1044907453897017,1.6529509139965923,2.196880459043409,2.734788507455276,3.2652006906609907,3.786663185734975,4.297746700224572,4.797050389741564,5.2832056975791595,5.7548801058308126,6.210780787729182,6.649658151194481,7.070309263879427,7.471581150323248,7.852373952177273,8.211643942840185,8.548406388240162,8.861738245922414,9.150780695044464,9.414741490344367,9.652897133629889,9.86459485683678,10.049254411220668,10.206369657778511,10.335509954540441,10.43632133692946,10.508527487953756,10.551930495572368,10.566411395158307
-7.459465221038159,-6.911905196445542,-6.345400120150067,-5.761502743188618,-5.161813487685234,-4.54797606020534,-3.9216729464703826,-3.2846207997813375,-2.638565735791241,-1.9852785465237972,-1.3265498467553287,-0.6641851660642752,-2.953717635612531e-14,0.6641851660642614,1.3265498467553147,1.9852785465237839,2.638565735791228,3.2846207997813237,3.9216729464703683,4.547976060205347,5.16181348768522,5.761502743188606,6.345400120150057,6.91190519644553,7.459465221038165,7.986579369961028,8.491802859971148,8.973750908600069,9.431102529746298,9.862604154406368,10.267073066620442,10.643400645214406,10.990555402453545,11.307585811278697,11.593622913375786,11.847882700930153,12.069668265537508,12.258371708381377,12.413475806441545,12.53455543016638,12.621278708723395,12.67340793963412,12.690800240300097
-8.670247437063994,-8.033810271773191,-7.375352990950724,-6.696680380234559,-5.9996526340767184,-5.286180257079589,-4.558218827435711,-3.8177636368237904,-3.0668442214527825,-2.3075187992445,-1.541868628401128,-0.7719923028213079,-3.433149964658741e-14,0.7719923028212917,1.5418686284011116,2.3075187992444843,3.0668442214527665,3.8177636368237753,4.558218827435696,5.2861802570795975,5.999652634076702,6.696680380234544,7.375352990950709,8.033810271773179,8.670247437064003,9.282920056791365,9.870148837890923,10.430324227091454,10.96191082258848,11.463451582473848,11.933571818386426,12.370982963437209,12.774486104081696,13.142975266258537,13.475440446787573,13.770970381718332,14.028755044041228,14.248087863915215,14.428367665326652,14.569100313870969,14.66990007114071,14.730490652007708,14.750705981901403
-9.841564834115877,-9.119147432476948,-8.371735081589717,-7.601376386756023,-6.810182847611424,-6.000323070651497,-5.174016825232285,-4.333528959336669,-3.4811631917833594,-2.6192557978940583,-1.750169205924938,-0.8762855218151765,-3.896955445353832e-14,0.8762855218151582,1.7501692059249194,2.61925579789404,3.481163191783341,4.333528959336651,5.174016825232268,6.000323070651508,6.810182847611405,7.601376386756006,8.371735081589703,9.119147432476934,9.841564834115886,10.537007190623335,11.203568342839676,11.839421292978777,12.442823212301912,13.012120218090141,13.545751906821993,14.042255631130917,14.50027050882013,14.918541152946116,15.295921112746951,15.63137601598418,15.923986404085234,16.17295025231541,16.37758516807198,16.537330261274853,16.651747681727297,16.720523819232923,16.74347016317939
-10.975771207379406,-10.170097694044197,-9.33654864984438,-8.47740877477088,-7.595032911503193,-6.691839590949307,-5.770304403220728,-4.832953212211926,-3.8823552323828463,-2.9211159867210093,-1.9518701651838182,-0.9772744031967231,-4.346066107829226e-14,0.977274403196703,1.951870165183798,2.9211159867209884,3.8823552323828263,4.832953212211905,5.770304403220709,6.69183959094932,7.595032911503172,8.477408774770861,9.336548649844362,10.170097694044179,10.975771207379417,11.751360894751755,12.494740918738662,13.203873726366096,13.876815633899573,14.511722154346135,15.106853053065095,15.660577117630089,16.17137662886902,16.637851520826832,17.05872321824894,17.432838141067123,17.759170866282375,18.036826938577978,18.265045321959413,18.443200485701084,18.57080411888259,18.64750646881502,18.673097299688706
-12.020639352149107,-11.138267575588195,-10.225366581814026,-9.284438568995624,-8.318062555413011,-7.328887310547418,-6.319624094988359,-5.29303922905669,-4.251946510512756,-3.199199502132682,-2.137683710290859,-1.0703086759877358,-4.759801593503425e-14,1.0703086759877138,2.1376837102908364,3.199199502132661,4.251946510512733,5.293039229056669,6.319624094988337,7.328887310547431,8.31806255541299,9.284438568995604,10.225366581814011,11.138267575588179,12.020639352149118,12.870063391790243,13.684211482261611,14.460852100237974,15.197856527769092,15.893204686947623,16.54499067680237,17.151427997240205,17.710854445718745,18.221736673227966,18.682674387093257,19.092404189080284,19.4498030382818,19.753891329294625,20.003835577249994,20.198950702337683,20.338701907562115,20.422706144583756,20.450733163627994
-12.993159687931545,-12.039400319472492,-11.052641791586158,-10.0355887408088,-8.991028838858103,-7.921825151818808,-6.830908292677732,-5.721268388717114,-4.595946885783438,-3.4580282118961807,-2.310631323044671,-1.156901154346747,-5.1448895832819505e-14,1.156901154346723,2.310631323044646,3.4580282118961567,4.595946885783415,5.72126838871709,6.830908292677708,7.921825151818825,8.991028838858078,10.035588740808777,11.052641791586138,12.039400319472474,12.993159687931557,13.911305708829511,14.791321807742564,15.630795921712764,16.427427110544862,17.17903186352338,17.883550084263874,18.539050737293728,19.143737140886273,19.695951891640505,20.194181407308573,20.637060075419534,21.02337399632825,21.35206431042983,21.622230100420325,21.833130860648346,21.984188526789644,22.07498906028123,22.105283583172255
-13.900769676799877,-12.88038744288076,-11.824700962285393,-10.73660379827729,-9.61907834955029,-8.475187675681065,-7.308067101495912,-6.120915623363157,-4.91698714096631,-3.69958153859166,-2.4720356403744495,-1.2377140642961024,-5.5042750822340284e-14,1.237714064296077,2.472035640374423,3.699581538591634,4.916987140966284,6.120915623363131,7.3080671014958885,8.475187675681081,9.619078349550263,10.736603798277267,11.824700962285371,12.880387442880739,13.90076967679989,14.88305086726562,15.824538649812354,16.722652471870145,17.57493066587987,18.379037196552833,19.132768063781292,19.834057343649324,20.480982850986837,21.07177140794545,21.60480370415577,22.078618735144467,22.49191780684613,22.843568095233252,23.132605751308294,23.35823854294671,23.519848026350157,23.616991241157983,23.649401924570714
-14.673228394449,-13.596144037535886,-12.481793594872203,-11.333231423563811,-10.153605652686686,-8.946149554483979,-7.714172682191704,-6.461051798783197,-5.1902216214963435,-3.9051654075128504,-2.6094054065920393,-1.306493206829349,-5.810144855668715e-14,1.306493206829322,2.609405406592012,3.905165407512823,5.190221621496316,6.46105179878317,7.714172682191679,8.946149554483997,10.15360565268666,11.333231423563785,12.48179359487218,13.596144037535865,14.673228394449012,15.71009445225661,16.70390023316585,17.65192178460985,18.551560645412277,19.400350967988764,20.19596627706389,20.936225846377987,21.619100675906374,22.242719053207367,22.80537168365596,23.305516375501586,23.741782266908565,24.11297358339299,24.418072915357588,24.656244006740618,24.826834047135677,24.929375461099625,24.963587189744334
-15.343580970405725,-14.217289564180103,-13.052029555490666,-11.850994841025084,-10.617477373452802,-9.354858138411643,-8.06659788746136,-6.756227652403978,-5.427339066970894,-4.083574522404955,-2.728617183918843,-1.36618089539551,-6.07558375336574e-14,1.3661808953954815,2.7286171839188142,4.083574522404927,5.427339066970865,6.7562276524039495,8.06659788746133,9.354858138411664,10.617477373452775,11.850994841025058,13.052029555490645,14.217289564180078,15.343580970405739,16.42781668771079,17.467024901358368,18.45835721386933,19.39909645228176,20.286664115733114,21.118627442952008,21.892706080287567,22.6067783320004,23.25888697568311,23.84724462687089,24.37023863813804,24.8264355192526,25.21458486627325,25.53362278881976,25.782674826122467,25.96105834385852,26.068284405205105,26.104059110981257
-15.925399922131339,-14.75640025330576,-13.546954317090599,-12.300377120729543,-11.020085445669297,-9.709588482399173,-8.372478212004054,-7.012419560793754,-5.633140354994531,-4.238421103037054,-2.8320846334451435,-1.4179856167287956,-6.305966072677146e-14,1.4179856167287666,2.8320846334451137,4.238421103037025,5.633140354994501,7.012419560793724,8.372478212004024,9.70958848239919,11.020085445669269,12.300377120729516,13.546954317090576,14.756400253305738,15.925399922131355,17.050749176731426,18.12936351302112,19.158286524078225,20.134698003449007,21.05592167513799,21.919432529094635,22.722863742090105,23.46401316501539,24.14084935881893,24.751517162539816,25.294342778175015,25.76783835844348,26.170706084871917,26.501841725025205,26.760337659130624,26.94548536780063,27.056777374035224,27.09390863418112
-16.336816526531464,-15.1376169332679,-13.89692618419302,-12.618144926410762,-11.304778210461713,-9.96042588322324,-8.58877272097961,-7.193578329706144,-5.778666840250358,-4.347916426655651,-2.9052486763553977,-1.4546178413746622,-6.468874330037631e-14,1.454617841374632,2.905248676355367,4.347916426655621,5.7786668402503265,7.1935783297061135,8.588772720979579,9.960425883223257,11.304778210461686,12.618144926410736,13.896926184192996,15.137616933267877,16.336816526531482,17.491238041254096,18.597717288306686,19.6532214849835,20.654857567648655,21.599880121422398,22.48569890517261,23.309885951185517,24.070182220056523,24.764503792560216,25.390947581528042,25.947796548078017,26.433524407898943,26.846799814689582,27.186490009286327,27.451663924477362,27.641594736993174,27.755761859678582,27.79385236838596
