hough_viz/data/file_5_0_1.json
{"header": {"discipline": 0, "disciplineName": "Meteorological products", "gribEdition": 2, "gribLength": 133963, "center": 7, "centerName": "US National Weather Service - NCEP(WMC)", "subcenter": 0, "refTime": "2014-11-30T06:00:00.000Z", "significanceOfRT": 1, "significanceOfRTName": "Start of forecast", "productStatus": 0, "productStatusName": "Operational products", "productType": 1, "productTypeName": "Forecast products", "productDefinitionTemplate": 0, "productDefinitionTemplateName": "Analysis/forecast at horizontal level/layer at a point in time", "parameterCategory": 2, "parameterCategoryName": "Momentum", "parameterNumber": 2, "parameterNumberName": "U-component_of_wind", "parameterUnit": "m.s-1", "genProcessType": 2, "genProcessTypeName": "Forecast", "forecastTime": 6, "surface1Type": 100, "surface1TypeName": "Isobaric surface", "surface1Value": 85000, "surface2Type": 255, "surface2TypeName": "Missing", "surface2Value": 0, "gridDefinitionTemplate": 0, "gridDefinitionTemplateName": "Latitude_Longitude", "numberPoints": 65160, "shape": 6, "shapeName": "Earth spherical with radius of 6,371,229.0 m", "gridUnits": "degrees", "resolution": 48, "winds": "true", "scanMode": 0, "nx": 360, "ny": 181, "basicAngle": 0, "subDivisions": 0, "lo1": 0, "la1": 90, "lo2": 359, "la2": -90, "dx": 1, "dy": 1}, "data":
[rows 40 to 59 of 181, columns 220 to 263 of 360]
3.123950472266164,3.0129646404626746,2.879048328467473,2.7232207202757284,2.5466677580770583,2.3507331165193786,2.136907976533532,1.906819676545941,1.662219327450635,1.4049684855979685,1.1370249852267358,0.8604280381634593,0.577282714189116,0.28974392018694894,-3.2590682893041768e-15,-0.2897439201869437,-0.5772827141891108,-0.8604280381634543,-1.1370249852267196,-1.4049684855979636,-1.6622193274506407,-1.9068196765459369,-2.1369079765335277,-2.3507331165193754,-2.5466677580770547,-2.7232207202757257,-2.879048328467476,-3.0129646404626778,-3.1239504722661624,-3.2111611546828343,-3.273932961760256,-3.3117881621439076,-3.3244386549012797,-3.311788162143908,-3.2739329617602566,-3.211161154682836,-3.123950472266164,-3.0129646404626795,-2.879048328467479,-2.7232207202757284,-2.5466677580770583,-2.3507331165193786,-2.136907976533532,-1.9068196765459515
3.366581486273742,3.246975605865122,3.102658280518393,2.9347278522206337,2.744462372930349,2.533309877830368,2.3028773649057808,2.054918564718879,1.7913205934607126,1.5140895908573742,1.2253354522353206,0.9272557709439692,0.622119113343404,0.3122477536444918,-3.512193635167996e-15,-0.3122477536444861,-0.6221191133433983,-0.9272557709439638,-1.225335452235303,-1.514089590857369,-1.7913205934607186,-2.054918564718874,-2.3028773649057763,-2.5333098778303644,-2.7444623729303452,-2.9347278522206297,-3.102658280518396,-3.246975605865125,-3.3665814862737404,-3.4605656487743333,-3.5282128171410885,-3.5690081555762507,-3.582641186921436,-3.569008155576251,-3.5282128171410894,-3.4605656487743355,-3.366581486273742,-3.2469756058651273,-3.102658280518399,-2.9347278522206337,-2.7444623729303497,-2.533309877830368,-2.3028773649057808,-2.0549185647188897
3.6142290973923474,3.4858249417363583,3.330891553475108,3.1506080692446083,2.9463465552179935,2.71966156485347,2.47227830780387,2.206079520029415,1.923091135040301,1.6254668653193667,1.3154718112696249,0.9954652224325116,0.6678825421743648,0.33521687249175247,-3.7705525571431876e-15,-0.33521687249174636,-0.6678825421743586,-0.9954652224325059,-1.3154718112696064,-1.6254668653193614,-1.9230911350403077,-2.2060795200294097,-2.4722783078038653,-2.7196615648534666,-2.94634655521799,-3.150608069244605,-3.3308915534751113,-3.485824941736361,-3.614229097392345,-3.7151267872859774,-3.7877501190734812,-3.83154638534878,-3.8461822700806123,-3.8315463853487803,-3.7877501190734817,-3.7151267872859792,-3.6142290973923474,-3.485824941736364,-3.3308915534751145,-3.1506080692446083,-2.946346555217994,-2.71966156485347,-2.47227830780387,-2.2060795200294265
3.8664021514166707,3.729038943302013,3.563295497173549,3.370433220734955,3.151919912363347,2.909418590277368,2.6447748359644114,2.3600027481910466,2.0572696144953264,1.7388794168199535,1.407255296818482,1.0649211142842279,0.7144822390533354,0.358605722567061,-4.0336326575109375e-15,-0.35860572256705453,-0.7144822390533287,-1.0649211142842214,-1.4072552968184622,-1.7388794168199477,-2.057269614495334,-2.3600027481910413,-2.6447748359644065,-2.909418590277363,-3.1519199123633435,-3.3704332207349506,-3.563295497173553,-3.729038943302016,-3.866402151416668,-3.974339704561592,-4.052030132782879,-4.098882165010998,-4.114539228990665,-4.098882165010999,-4.052030132782881,-3.974339704561593,-3.8664021514166707,-3.7290389433020183,-3.5632954971735566,-3.370433220734955,-3.151919912363348,-2.909418590277368,-2.6447748359644114,-2.360002748191059
4.125196335175059,3.9786388430903687,3.801801507041945,3.5960301659344247,3.3628908639217636,3.1041579318656267,2.8218004836061987,2.517967429816798,2.194971123496188,1.8552697615659846,1.5014486765077537,1.1362006604217862,0.7623054712533079,0.3826086771559481,-4.303620266223404e-15,-0.38260867715594116,-0.762305471253301,-1.1362006604217798,-1.5014486765077326,-1.8552697615659783,-2.1949711234961953,-2.5179674298167924,-2.8218004836061934,-3.1041579318656223,-3.3628908639217587,-3.5960301659344203,-3.8018015070419473,-3.9786388430903727,-4.125196335175056,-4.24035859228741,-4.323249160113936,-4.37323719138278,-4.389942246992388,-4.373237191382781,-4.323249160113938,-4.240358592287411,-4.125196335175059,-3.9786388430903763,-3.8018015070419526,-3.5960301659344247,-3.3628908639217636,-3.1041579318656267,-2.8218004836061987,-2.517967429816811
4.386517311407221,4.230675764990586,4.0426362214505,3.823829775254696,3.5759216755776557,3.300798652748919,3.000554559096055,2.677474433464078,2.334017110690174,1.9727965083858687,1.5965617334456472,1.2081761596835563,0.8105956358295788,0.40684598973589486,-4.5762439568129795e-15,-0.4068459897358875,-0.8105956358295714,-1.2081761596835494,-1.5965617334456246,-1.9727965083858625,-2.334017110690182,-2.677474433464072,-3.000554559096049,-3.3007986527489135,-3.5759216755776513,-3.8238297752546897,-4.042636221450505,-4.230675764990591,-4.386517311407219,-4.508974812432472,-4.597116292541685,-4.650270941849945,-4.668034221380362,-4.6502709418499455,-4.5971162925416875,-4.508974812432472,-4.386517311407221,-4.230675764990593,-4.042636221450509,-3.823829775254696,-3.5759216755776566,-3.300798652748919,-3.000554559096055,-2.6774744334640923
4.6499414348319545,4.484741114735982,4.285409206796143,4.05346274719177,3.7906669885335407,3.4990219652252543,3.1807472719943877,2.8382651714359164,2.4741821591314506,2.0912691266439754,1.6924402733599173,1.280730927672196,0.859274446298429,0.43127836754421695,-4.851061760396312e-15,-0.431278367544209,-0.859274446298421,-1.2807309276721885,-1.6924402733598933,-2.0912691266439687,-2.474182159131459,-2.83826517143591,-3.1807472719943815,-3.499021965225249,-3.790666988533536,-4.053462747191764,-4.285409206796149,-4.484741114735987,-4.649941434831953,-4.779752892897445,-4.873187545354286,-4.92953429807989,-4.948364318262915,-4.92953429807989,-4.8731875453542886,-4.779752892897447,-4.6499414348319545,-4.484741114735989,-4.285409206796153,-4.05346274719177,-3.7906669885335416,-3.4990219652252543,-3.1807472719943877,-2.8382651714359315
4.914996618004406,4.740379576920255,4.529685384936291,4.284517552074156,4.006741953578306,3.6984726294787764,3.3620556954700938,3.000051487554137,2.6152150763372766,2.210475299279468,1.788912470472666,1.3537349375906662,0.9082546644261154,0.4558620248461027,-5.127581170694902e-15,-0.45586202484609445,-0.9082546644261071,-1.3537349375906584,-1.788912470472641,-2.210475299279461,-2.6152150763372863,-3.0000514875541304,-3.362055695470088,-3.6984726294787698,-4.006741953578301,-4.28451755207415,-4.529685384936295,-4.740379576920259,-4.914996618004404,-5.052207567069436,-5.150968165942741,-5.2105267868336025,-5.230430152674568,-5.2105267868336025,-5.150968165942744,-5.052207567069439,-4.914996618004406,-4.740379576920263,-4.5296853849362995,-4.284517552074156,-4.006741953578307,-3.6984726294787764,-3.3620556954700938,-3.0000514875541526
5.179315382969739,4.995307783920158,4.773282876385633,4.514930403974825,4.22221658500025,3.897369148369736,3.542860379224308,3.1613883033553822,2.755856153599473,2.3293502744832453,1.885116633278052,1.426536116229049,0.9570987979695046,0.48037737994533775,-5.4033323110584255e-15,-0.48037737994532914,-0.9570987979694957,-1.4265361162290406,-1.8851166332780254,-2.3293502744832386,-2.755856153599482,-3.1613883033553747,-3.5428603792243014,-3.8973691483697293,-4.222216585000245,-4.514930403974818,-4.77328287638564,-4.995307783920161,-5.179315382969736,-5.323905264598778,-5.42797701250234,-5.490738577838624,-5.511712307198961,-5.490738577838625,-5.4279770125023425,-5.323905264598781,-5.179315382969739,-4.995307783920165,-4.773282876385643,-4.514930403974825,-4.22221658500025,-3.897369148369736,-3.542860379224308,-3.1613883033553987
5.4427264395828905,5.249360531083786,5.016043819292582,4.744551985266506,4.436951245793736,4.095582628236051,3.7230441538970993,3.3221710655114522,2.896014249335527,2.447817016060962,1.9809904172618487,1.499087285232636,1.0057751937891712,0.5048085458172844,-5.678136482661465e-15,-0.5048085458172752,-1.0057751937891621,-1.4990872852326271,-1.9809904172618207,-2.447817016060953,-2.8960142493355363,-3.3221710655114447,-3.723044153897093,-4.095582628236045,-4.43695124579373,-4.7445519852665,-5.016043819292588,-5.24936053108379,-5.442726439582886,-5.594669913468681,-5.704034571158928,-5.769988081572411,-5.79202849867107,-5.769988081572412,-5.704034571158929,-5.5946699134686835,-5.4427264395828905,-5.249360531083795,-5.016043819292594,-4.744551985266506,-4.436951245793736,-4.095582628236051,-3.7230441538970993,-3.3221710655114696
5.701940881166562,5.4993657580304,5.254937140867791,4.97051527904539,4.648264794670271,4.290638208508677,3.900357274822163,3.4803922671741216,3.033939372854577,2.564396367964947,2.0753367582902422,1.5704825827623319,1.0536760864963108,0.5288504789850154,-5.948562526286354e-15,-0.5288504789850058,-1.0536760864963013,-1.5704825827623228,-2.075336758290213,-2.5643963679649384,-3.033939372854588,-3.480392267174114,-3.9003572748221553,-4.29063820850867,-4.648264794670265,-4.970515279045385,-5.2549371408677965,-5.4993657580304065,-5.70194088116656,-5.861120791271003,-5.975694033112384,-6.044788635139065,-6.06787874570917,-6.044788635139066,-5.975694033112386,-5.861120791271006,-5.701940881166562,-5.499365758030409,-5.254937140867803,-4.97051527904539,-4.648264794670271,-4.290638208508677,-3.900357274822163,-3.4803922671741407
5.956468995232545,5.744851150482266,5.4895115196408515,5.192393391477298,4.855758014351753,4.482167386750126,4.074464758928681,3.6357529940626856,3.169370953584192,2.6788680864304375,2.167977415594172,1.6405871275646604,1.1007109808808102,0.5524577590049737,-6.214099548288844e-15,-0.5524577590049637,-1.1007109808808002,-1.6405871275646504,-2.1679774155941423,-2.678868086430428,-3.169370953584203,-3.635752994062677,-4.0744647589286735,-4.4821673867501195,-4.855758014351747,-5.192393391477292,-5.489511519640856,-5.744851150482272,-5.956468995232541,-6.122754514314779,-6.242442174522831,-6.3146210804931195,-6.338741907168402,-6.3146210804931195,-6.242442174522833,-6.1227545143147815,-5.956468995232545,-5.744851150482277,-5.489511519640863,-5.192393391477298,-4.855758014351753,-4.482167386750126,-4.074464758928681,-3.6357529940627047
6.206610887241934,5.9861061519343215,5.720043534300769,5.410447931514482,5.059675553051588,4.67039598851433,4.245571890442291,3.7884364267375723,3.3024686743049223,2.791367141175726,2.2590216186286214,1.7094835775291832,1.1469353341903648,0.5756582204198453,-6.475060634359768e-15,-0.5756582204198348,-1.1469353341903545,-1.7094835775291732,-2.2590216186285894,-2.7913671411757166,-3.302468674304934,-3.788436426737563,-4.2455718904422834,-4.670395988514323,-5.059675553051582,-5.410447931514476,-5.720043534300776,-5.986106151934328,-6.20661088724193,-6.379879566043506,-6.504593509070889,-6.579803567913296,-6.604937348609862,-6.579803567913297,-6.504593509070892,-6.37987956604351,-6.206610887241934,-5.986106151934333,-5.720043534300781,-5.410447931514482,-5.059675553051589,-4.67039598851433,-4.245571890442291,-3.7884364267375923
6.446181593173771,6.21716553404408,5.940833091173125,5.619287321305255,5.254975381903801,4.850669906805154,4.409447904801169,3.9346673417441886,3.429941584399434,2.899111900542069,2.346218224589952,1.7754684112633858,1.1912062112699902,0.5978782127388307,-6.724993307006231e-15,-0.5978782127388199,-1.1912062112699797,-1.7754684112633756,-2.346218224589919,-2.899111900542059,-3.4299415843994465,-3.9346673417441798,-4.409447904801162,-4.850669906805147,-5.254975381903795,-5.619287321305248,-5.940833091173131,-6.217165534044086,-6.446181593173767,-6.626138318068533,-6.755666129391097,-6.833779242286254,-6.859883168798888,-6.833779242286254,-6.7556661293911,-6.626138318068537,-6.446181593173771,-6.217165534044092,-5.940833091173137,-5.619287321305255,-5.254975381903802,-4.850669906805154,-4.409447904801169,-3.9346673417442086
6.676591565866353,6.439389639930472,6.153180070624947,5.820141085590269,5.442807312596979,5.024050489497899,4.56705760856913,4.075306661574351,3.5525401701475485,3.0027367029435412,2.430080596328141,1.8389301090518784,1.2337842532693968,0.6192485543402095,-6.965369024293807e-15,-0.6192485543401984,-1.2337842532693857,-1.838930109051868,-2.4300805963281067,-3.0027367029435306,-3.5525401701475605,-4.0753066615743405,-4.567057608569122,-5.02405048949789,-5.44280731259697,-5.8201410855902616,-6.153180070624954,-6.439389639930478,-6.6765915658663495,-6.86298059854977,-6.997138204897247,-7.078043364517887,-7.105080340295115,-7.078043364517887,-6.997138204897249,-6.862980598549773,-6.676591565866353,-6.439389639930484,-6.153180070624959,-5.820141085590269,-5.442807312596979,-5.024050489497899,-4.56705760856913,-4.0753066615743725
6.898846901387239,6.653748821685623,6.358011695807595,6.013886261852058,5.623991522160019,5.191294811125401,4.719089211988625,4.210968494484624,3.6707997640852983,3.1026940309918074,2.510974922864592,1.9001457794062395,1.2748553792272403,0.639862559833572,-7.197237398186215e-15,-0.6398625598335603,-1.2748553792272288,-1.9001457794062286,-2.510974922864556,-3.1026940309917976,-3.6707997640853107,-4.210968494484614,-4.719089211988617,-5.191294811125394,-5.623991522160012,-6.01388626185205,-6.358011695807601,-6.653748821685631,-6.898846901387235,-7.091440590531633,-7.230064134853192,-7.313662525476428,-7.341599528170617,-7.313662525476428,-7.230064134853193,-7.0914405905316364,-6.898846901387239,-6.653748821685634,-6.358011695807608,-6.013886261852058,-5.62399152216002,-5.191294811125401,-4.719089211988625,-4.210968494484646
7.10397906088306,6.8515931693056125,6.547062516604683,6.19270476492797,5.791216790732785,5.345654159927802,4.8594078731715555,4.336178558309754,3.7799483063630164,3.194950365409688,2.5856369230118177,1.9566452223795419,1.3127622701502963,0.6588884043776494,-7.41124198054579e-15,-0.6588884043776374,-1.3127622701502843,-1.9566452223795303,-2.5856369230117813,-3.1949503654096776,-3.7799483063630293,-4.3361785583097445,-4.859407873171546,-5.345654159927795,-5.791216790732778,-6.192704764927962,-6.547062516604688,-6.85159316930562,-7.103979060883055,-7.302299382307336,-7.445044796183346,-7.5311289237194385,-7.559896612726053,-7.5311289237194385,-7.445044796183347,-7.302299382307338,-7.10397906088306,-6.851593169305625,-6.547062516604695,-6.19270476492797,-5.791216790732786,-5.345654159927802,-4.8594078731715555,-4.336178558309777
7.2951886645729305,7.03600959330114,6.7232822405655766,6.359386650350513,5.947092287823636,5.489536962033901,4.990202945290064,4.4528904709656265,3.88168881142836,3.2809451562083605,2.6552315272607676,2.009309983118063,1.3480963767493168,0.6766229429506335,-7.610721825546026e-15,-0.6766229429506212,-1.3480963767493046,-2.009309983118051,-2.6552315272607303,-3.2809451562083503,-3.8816888114283734,-4.452890470965615,-4.990202945290053,-5.489536962033892,-5.947092287823628,-6.359386650350505,-6.723282240565584,-7.036009593301145,-7.295188664572925,-7.498846945151957,-7.645434472550804,-7.733835627173984,-7.763377622856741,-7.733835627173984,-7.645434472550805,-7.498846945151958,-7.2951886645729305,-7.036009593301152,-6.723282240565591,-6.359386650350513,-5.947092287823636,-5.489536962033901,-4.990202945290064,-4.452890470965649
7.474412874995655,7.208866433866474,6.888456166343004,6.5156205880301235,6.093197202803057,5.62440090768958,5.112799525562484,4.562286651853076,3.977052021939065,3.3615496247284544,2.7204638051145027,2.0586736132826458,1.3812156721926212,0.6932458458363573,-7.797697882320887e-15,-0.6932458458363446,-1.3812156721926083,-2.0586736132826338,-2.7204638051144645,-3.361549624728443,-3.977052021939079,-4.562286651853064,-5.112799525562474,-5.624400907689571,-6.093197202803049,-6.515620588030115,-6.888456166343011,-7.208866433866479,-7.474412874995651,-7.683074520972218,-7.833263330676959,-7.923836276581527,-7.954104043878151,-7.923836276581527,-7.833263330676962,-7.683074520972223,-7.474412874995655,-7.208866433866486,-6.888456166343018,-6.5156205880301235,-6.093197202803057,-5.62440090768958,-5.112799525562484,-4.5622866518531
7.630210568856627,7.3591290410480195,7.032040097673431,6.651433083093657,6.2202046465064385,5.741636696697036,5.2193714247307605,4.657383584679631,4.059950243343991,3.431618229191546,2.777169528247215,2.1015848902920866,1.410005922350212,0.7076959579543697,-7.960234173506285e-15,-0.7076959579543569,-1.4100059223501993,-2.101584890292075,-2.777169528247176,-3.4316182291915345,-4.059950243344005,-4.657383584679621,-5.219371424730752,-5.741636696697026,-6.220204646506432,-6.651433083093649,-7.032040097673438,-7.359129041048028,-7.630210568856622,-7.843221586989115,-7.996540952977948,-8.089001813871171,-8.119900486688005,-8.089001813871175,-7.99654095297795,-7.843221586989117,-7.630210568856627,-7.359129041048034,-7.032040097673446,-6.651433083093657,-6.22020464650644,-5.741636696697036,-5.2193714247307605,-4.657383584679655
