hough_viz/data/file_1_0_0.json
{"header": {"discipline": 0, "disciplineName": "Meteorological products", "gribEdition": 2, "gribLength": 133963, "center": 7, "centerName": "US National Weather Service - NCEP(WMC)", "subcenter": 0, "refTime": "2014-11-30T06:00:00.000Z", "significanceOfRT": 1, "significanceOfRTName": "Start of forecast", "productStatus": 0, "productStatusName": "Operational products", "productType": 1, "productTypeName": "Forecast products", "productDefinitionTemplate": 0, "productDefinitionTemplateName": "Analysis/forecast at horizontal level/layer at a point in time", "parameterCategory": 2, "parameterCategoryName": "Momentum", "parameterNumber": 3, "parameterNumberName": "V-component_of_wind", "parameterUnit": "m.s-1", "genProcessType": 2, "genProcessTypeName": "Forecast", "forecastTime": 6, "surface1Type": 100, "surface1TypeName": "Isobaric surface", "surface1Value": 85000, "surface2Type": 255, "surface2TypeName": "Missing", "surface2Value": 0, "gridDefinitionTemplate": 0, "gridDefinitionTemplateName": "Latitude_Longitude", "numberPoints": 65160, "shape": 6, "shapeName": "Earth spherical with radius of 6,371,229.0 m", "gridUnits": "degrees", "resolution": 48, "winds": "true", "scanMode": 0, "nx": 360, "ny": 181, "basicAngle": 0, "subDivisions": 0, "lo1": 0, "la1": 90, "lo2": 359, "la2": -90, "dx": 1, "dy": 1}, "data":
[rows 80 to 99 of 181, columns 264 to 307 of 360]
10.728935915844986,10.74698216832426,10.761754785926712,10.773249268769911,10.781462115523029,10.786390824473397,10.788033894288512,10.786390824473397,10.781462115523032,10.773249268769911,10.761754785926714,10.74698216832426,10.728935915844986,10.707621525552206,10.683045490015687,10.655215295333921,10.624139418853812,10.589827326588367,10.552289470333283,10.511537284483211,10.467583182548738,10.420440553375105,10.370123757063842,10.31664812059853,10.260029933176074,10.200286441244828,10.137435843251183,10.07149728409614,10.002490849303571,9.930437558902007,9.855359361021687,9.777279125208993,9.696220635460131,9.61220858297631,9.525268558642559,9.435427045232496,9.342711409341419,9.24714989305018,9.148771605322368,9.047606513137433,8.943685432362466,8.837040018365366,8.727702756372352,8.615706951572593
9.706772788138103,9.723099744871531,9.736464951232886,9.746864336050843,9.754294731572045,9.758753874426034,9.7602404063147,9.758753874426034,9.754294731572045,9.746864336050843,9.736464951232886,9.723099744871531,9.706772788138103,9.68748905438179,9.6652544176147,9.640075650722581,9.611960423401742,9.580917299822787,9.54695573602187,9.510086077020327,9.470319553673452,9.42766827924948,9.382145245739776,9.33376431990134,9.282540239032857,9.228488606485573,9.171625886910382,9.111969401242503,9.04953732142537,8.984348664875302,8.916423288688568,8.84578188359277,8.772445967644217,8.696437879673327,8.617780772480003,8.536498605781064,8.452616138911882,8.36615892328446,8.277153294604206,8.185626364847828,8.091606014004778,7.9951208815847075,7.896200357893636,7.794874575081342
8.672263571910772,8.686850466567718,8.698791262421134,8.708082322188936,8.71472081572431,8.718704720877817,8.720032824113359,8.718704720877817,8.71472081572431,8.708082322188936,8.698791262421134,8.686850466567718,8.672263571910772,8.655035021759721,8.635170064097835,8.612674749983656,8.587555931707774,8.559821260705576,8.529479185226513,8.49653894776071,8.461010582223599,8.42290491089949,8.382233541145013,8.339008861853383,8.293244039680639,8.244953015034952,8.194150497830229,8.14085196300535,8.085073645810333,8.026832536860937,7.9661463769631355,7.903033651709125,7.837513585846398,7.769606137421722,7.699331991701721,7.626712554871946,7.55176994751633,7.474526997879065,7.395007234910877,7.313234881101891,7.229234845103226,7.143032714139567,7.054654746215074,6.96412786211491
7.620241904319471,7.633059280659227,7.6435515531989875,7.651715525890897,7.65754871190979,7.661049334410694,7.662216327070085,7.661049334410694,7.65754871190979,7.651715525890897,7.6435515531989875,7.633059280659227,7.620241904319471,7.605103328476717,7.587648164487822,7.5678817293648235,7.545810044155345,7.521439832108514,7.494778516626998,7.465834219005766,7.434615755958266,7.40113263693076,7.365395061205665,7.327413914794742,7.287200767123122,7.244767867505136,7.200128141413066,7.153295186539915,7.104283268657414,7.053107317270546,6.999782921069848,6.944326323182975,6.886754416226863,6.82708473716208,6.7653354619509,6.701525400020737,6.635673988534587,6.567801286470318,6.497927968510469,6.42607531874457,6.3522652241857935,6.276520168103949,6.19886322317689,6.1193180444623145
6.554831775307113,6.565857113710119,6.574882428431405,6.5819049702726735,6.586922600099651,6.5899337894936885,6.590937621217322,6.5899337894936885,6.586922600099652,6.5819049702726735,6.574882428431405,6.565857113710119,6.554831775307113,6.541809771647262,6.5267950693590375,6.509792242066203,6.49080646899466,6.4698435333948074,6.446909820779902,6.422012316980966,6.395158606018851,6.366356867794048,6.335615875595033,6.302944993425822,6.268354173153613,6.231853951477354,6.193455446718148,6.153170355432522,6.111010948849531,6.066990069132828,6.021121125468814,5.973418089982073,5.923895493479323,5.872568421023196,5.819452507337179,5.7645639320431235,5.707919414732779,5.649536209874853,5.589432101559115,5.527625398079196,5.464134926355713,5.398980026201395,5.332180544430005,5.26375682881079
5.480933928477792,5.490152952458488,5.497699622665561,5.503571640310158,5.50776721671882,5.5102850738783316,5.5111244448250085,5.5102850738783316,5.50776721671882,5.503571640310158,5.497699622665562,5.490152952458488,5.480933928477792,5.470045358927479,5.457490560571321,5.4432733577225125,5.42739808107877,5.409869566403144,5.390693153051009,5.369874682343637,5.34742049578888,5.323337433149478,5.297632830359613,5.2703145172902985,5.241390815364335,5.2108705350215185,5.178762973034897,5.1450779096788875,5.109825605750097,5.073016799441807,5.0346627030729865,4.994774999672939,4.953365839422519,4.9104478359530805,4.866034062504233,4.820138047941615,4.772773772635868,4.723955664204079,4.673698593114989,4.622017868159301,4.56892923178648,4.514448855309441,4.458593333978629,4.401379681926926
4.3957687049018475,4.403162462541132,4.409214974239932,4.413924396344554,4.417289294319405,4.419308643183964,4.419981827825004,4.419308643183964,4.417289294319405,4.413924396344554,4.409214974239933,4.403162462541132,4.3957687049018475,4.387035953532283,4.376966868513103,4.365564516985143,4.3528323722151345,4.338774312537716,4.3233946201740485,4.306697979927411,4.288689477756169,4.269374599224532,4.248759227831613,4.226849643219241,4.203652519259134,4.179174922019963,4.1534243076149675,4.1264085199307505,4.098135788237942,4.068614724684505,4.037854321672373,4.005863949118285,3.9726533515996225,3.9382326453861056,3.902612315358288,3.865803211813757,3.82781654716203,3.788663892509147,3.7483571741329946,3.706908669850451,3.664331005277439,3.6206371499830463,3.575840413538871,3.529954441464789
3.3028763603359477,3.3084318544850384,3.312979568241755,3.316518116328431,3.3190464208690416,3.3205637117175306,3.321069526692407,3.3205637117175306,3.3190464208690416,3.316518116328431,3.312979568241755,3.3084318544850384,3.3028763603359477,3.2963147780518147,3.2887491063541714,3.280181649819903,3.270615018179267,3.2600521255209345,3.248496189404334,3.235950729879551,3.2224195684150896,3.2079068267338076,3.1924169255574126,3.175954583259856,3.1585248144300753,3.1401329283445025,3.1207845273498043,3.1004855051563585,3.079242045042962,3.05706061797336,3.0339479806251104,3.0099111733314494,2.9849575179367274,2.95909461556611,2.932330344310197,2.904672856825286,2.876130577849986,2.8467122016389723,2.816426689314619,2.785283266137362,2.753291418695595,2.7204608920159594,2.686801686594921,2.652324055352513
2.2056612572425975,2.209371216948217,2.2124081807784943,2.2147712236448274,2.216459625741467,2.2174728727647803,2.217810656069907,2.2174728727647803,2.2164596257414675,2.2147712236448274,2.2124081807784948,2.209371216948217,2.2056612572425975,2.201279431751302,2.196227075220822,2.1905057266479,2.184117128810736,2.177063227738119,2.1693461721166476,2.1609683126362205,2.1519322012739948,2.1422405905170256,2.131896432523834,2.1209028782251518,2.109263276364115,2.096981172476205,2.084060307809246,2.0705046181837834,2.056318232794192,2.041505472950891,2.02607085076402,2.010019067769018,1.9933550134944822,1.9760837639727717,1.9582105801938023,1.9397409065024942,1.9206803689403718,1.9010347735318227,1.8808101045155186,1.8600125225215631,1.8386483626949008,1.8167241327655743,1.7942465110664068,1.771222344498712
1.1036235630680071,1.1054798766500267,1.1069994503525948,1.1081818212988412,1.1090266293271216,1.1095336171007268,1.1097026301862694,1.1095336171007268,1.1090266293271218,1.1081818212988412,1.1069994503525953,1.1054798766500267,1.1036235630680071,1.1014310750576348,1.0989030804719981,1.0960403493627364,1.0928437537454774,1.0893142673342124,1.0854529652446931,1.0812610236669413,1.0767397195069701,1.0718904299978247,1.0667146322800665,1.061213902951819,1.0553899175885226,1.049244450232537,1.0427793728527515,1.0359966547743644,1.0288983620790078,1.0214866569753998,1.0137637971407132,1.0057321350328676,0.9973941171739454,0.988752283404958,0.9798092661121868,0.9705677894253326,0.9610306683877174,0.9512008080987991,0.9410812028292446,0.9306749351088498,0.9199851747875705,0.9090151780699537,0.8977682865232697,0.8862479260596342
0.0,0.0,0.0,0.0,0.0,0.0,0.0,0.0,0.0,0.0,0.0,0.0,0.0,0.0,0.0,0.0,0.0,0.0,0.0,0.0,0.0,0.0,0.0,0.0,0.0,0.0,0.0,0.0,0.0,0.0,0.0,0.0,0.0,0.0,0.0,0.0,0.0,0.0,0.0,0.0,0.0,0.0,0.0,0.0
-1.1036235630680071,-1.1054798766500267,-1.1069994503525948,-1.1081818212988412,-1.1090266293271214,-1.1095336171007266,-1.1097026301862694,-1.1095336171007266,-1.1090266293271218,-1.1081818212988412,-1.106999450352595,-1.1054798766500267,-1.1036235630680071,-1.1014310750576348,-1.098903080471998,-1.0960403493627364,-1.0928437537454772,-1.0893142673342124,-1.0854529652446931,-1.081261023666941,-1.0767397195069701,-1.0718904299978247,-1.0667146322800662,-1.061213902951819,-1.0553899175885224,-1.049244450232537,-1.0427793728527515,-1.0359966547743644,-1.0288983620790078,-1.0214866569753998,-1.0137637971407132,-1.0057321350328676,-0.9973941171739452,-0.9887522834049578,-0.9798092661121868,-0.9705677894253324,-0.9610306683877174,-0.9512008080987991,-0.9410812028292446,-0.9306749351088497,-0.9199851747875702,-0.9090151780699537,-0.8977682865232696,-0.886247926059634
-2.2056612572425975,-2.209371216948217,-2.2124081807784943,-2.2147712236448274,-2.216459625741467,-2.2174728727647803,-2.217810656069907,-2.2174728727647803,-2.2164596257414675,-2.2147712236448274,-2.2124081807784948,-2.209371216948217,-2.2056612572425975,-2.201279431751302,-2.196227075220822,-2.1905057266479,-2.184117128810736,-2.177063227738119,-2.1693461721166476,-2.1609683126362205,-2.1519322012739948,-2.1422405905170256,-2.131896432523834,-2.1209028782251518,-2.109263276364115,-2.0969811724762053,-2.084060307809246,-2.0705046181837834,-2.056318232794192,-2.041505472950891,-2.02607085076402,-2.010019067769018,-1.9933550134944822,-1.9760837639727717,-1.9582105801938023,-1.9397409065024942,-1.9206803689403722,-1.9010347735318227,-1.8808101045155186,-1.8600125225215631,-1.8386483626949008,-1.8167241327655743,-1.7942465110664068,-1.771222344498712
-3.3028763603359477,-3.3084318544850384,-3.312979568241755,-3.316518116328431,-3.3190464208690416,-3.3205637117175306,-3.321069526692407,-3.3205637117175306,-3.3190464208690416,-3.316518116328431,-3.312979568241755,-3.3084318544850384,-3.3028763603359477,-3.2963147780518147,-3.2887491063541714,-3.280181649819903,-3.270615018179267,-3.2600521255209345,-3.248496189404334,-3.235950729879551,-3.2224195684150896,-3.2079068267338076,-3.1924169255574126,-3.175954583259856,-3.1585248144300753,-3.1401329283445025,-3.1207845273498043,-3.1004855051563585,-3.079242045042962,-3.05706061797336,-3.0339479806251104,-3.0099111733314494,-2.9849575179367274,-2.95909461556611,-2.932330344310197,-2.904672856825286,-2.876130577849986,-2.8467122016389723,-2.816426689314619,-2.785283266137362,-2.753291418695595,-2.7204608920159594,-2.686801686594921,-2.652324055352513
-4.3957687049018475,-4.403162462541132,-4.409214974239932,-4.413924396344554,-4.417289294319405,-4.419308643183964,-4.419981827825004,-4.419308643183964,-4.417289294319405,-4.413924396344554,-4.409214974239933,-4.403162462541132,-4.3957687049018475,-4.387035953532283,-4.376966868513103,-4.365564516985143,-4.3528323722151345,-4.338774312537716,-4.3233946201740485,-4.306697979927411,-4.288689477756169,-4.269374599224532,-4.248759227831613,-4.226849643219241,-4.203652519259134,-4.179174922019963,-4.1534243076149675,-4.1264085199307505,-4.098135788237942,-4.068614724684505,-4.037854321672373,-4.005863949118285,-3.9726533515996225,-3.9382326453861056,-3.902612315358288,-3.865803211813757,-3.82781654716203,-3.788663892509147,-3.7483571741329946,-3.706908669850451,-3.664331005277439,-3.6206371499830463,-3.575840413538871,-3.529954441464789
-5.480933928477792,-5.490152952458488,-5.497699622665561,-5.503571640310158,-5.50776721671882,-5.5102850738783316,-5.5111244448250085,-5.5102850738783316,-5.50776721671882,-5.503571640310158,-5.497699622665562,-5.490152952458488,-5.480933928477792,-5.470045358927479,-5.457490560571321,-5.4432733577225125,-5.42739808107877,-5.409869566403144,-5.390693153051009,-5.369874682343637,-5.34742049578888,-5.3233374331494785,-5.297632830359613,-5.2703145172902985,-5.241390815364335,-5.2108705350215185,-5.178762973034897,-5.1450779096788875,-5.109825605750097,-5.073016799441807,-5.0346627030729865,-4.994774999672939,-4.953365839422519,-4.9104478359530805,-4.866034062504233,-4.820138047941615,-4.772773772635868,-4.723955664204079,-4.673698593114989,-4.622017868159301,-4.56892923178648,-4.514448855309441,-4.45859333397863,-4.401379681926926
-6.554831775307113,-6.565857113710119,-6.574882428431404,-6.581904970272672,-6.586922600099651,-6.5899337894936885,-6.590937621217322,-6.5899337894936885,-6.586922600099652,-6.581904970272672,-6.574882428431405,-6.565857113710119,-6.554831775307113,-6.541809771647262,-6.5267950693590375,-6.509792242066201,-6.49080646899466,-6.4698435333948074,-6.446909820779902,-6.422012316980966,-6.395158606018851,-6.366356867794048,-6.335615875595033,-6.302944993425822,-6.268354173153613,-6.231853951477353,-6.193455446718148,-6.153170355432522,-6.11101094884953,-6.066990069132827,-6.021121125468813,-5.973418089982072,-5.923895493479323,-5.872568421023196,-5.819452507337178,-5.7645639320431235,-5.707919414732779,-5.649536209874853,-5.589432101559115,-5.527625398079195,-5.464134926355713,-5.398980026201395,-5.332180544430005,-5.263756828810789
-7.620241904319473,-7.633059280659227,-7.6435515531989875,-7.651715525890897,-7.65754871190979,-7.661049334410694,-7.662216327070085,-7.661049334410694,-7.65754871190979,-7.651715525890897,-7.6435515531989875,-7.633059280659227,-7.620241904319473,-7.605103328476717,-7.587648164487822,-7.5678817293648235,-7.545810044155345,-7.521439832108514,-7.494778516626998,-7.465834219005766,-7.4346157559582675,-7.401132636930761,-7.365395061205665,-7.327413914794742,-7.287200767123122,-7.244767867505136,-7.200128141413066,-7.153295186539915,-7.104283268657414,-7.053107317270546,-6.999782921069848,-6.944326323182977,-6.886754416226863,-6.82708473716208,-6.765335461950902,-6.701525400020737,-6.635673988534587,-6.567801286470318,-6.497927968510469,-6.42607531874457,-6.3522652241857935,-6.276520168103951,-6.1988632231768905,-6.1193180444623145
-8.672263571910774,-8.686850466567718,-8.698791262421134,-8.708082322188936,-8.71472081572431,-8.718704720877817,-8.72003282411336,-8.718704720877817,-8.71472081572431,-8.708082322188936,-8.698791262421134,-8.686850466567718,-8.672263571910774,-8.655035021759721,-8.635170064097837,-8.612674749983656,-8.587555931707774,-8.559821260705576,-8.529479185226513,-8.49653894776071,-8.4610105822236,-8.422904910899492,-8.382233541145014,-8.339008861853381,-8.293244039680639,-8.244953015034952,-8.194150497830229,-8.14085196300535,-8.085073645810333,-8.026832536860937,-7.966146376963137,-7.903033651709126,-7.837513585846398,-7.769606137421722,-7.699331991701722,-7.626712554871948,-7.55176994751633,-7.474526997879065,-7.395007234910879,-7.3132348811018915,-7.229234845103226,-7.143032714139567,-7.054654746215074,-6.9641278621149105
-9.706772788138103,-9.723099744871531,-9.736464951232886,-9.746864336050843,-9.754294731572045,-9.758753874426034,-9.7602404063147,-9.758753874426034,-9.754294731572045,-9.746864336050843,-9.736464951232886,-9.723099744871531,-9.706772788138103,-9.68748905438179,-9.6652544176147,-9.640075650722581,-9.611960423401742,-9.580917299822787,-9.54695573602187,-9.510086077020327,-9.470319553673452,-9.42766827924948,-9.382145245739776,-9.33376431990134,-9.282540239032857,-9.228488606485573,-9.171625886910382,-9.111969401242503,-9.04953732142537,-8.984348664875302,-8.916423288688568,-8.84578188359277,-8.772445967644217,-8.696437879673327,-8.617780772480003,-8.536498605781064,-8.452616138911882,-8.36615892328446,-8.277153294604206,-8.185626364847828,-8.091606014004778,-7.9951208815847075,-7.896200357893636,-7.794874575081342
