hough_viz/data/file_3_2_2.json
{"header": {"discipline": 0, "disciplineName": "Meteorological products", "gribEdition": 2, "gribLength": 133963, "center": 7, "centerName": "US National Weather Service - NCEP(WMC)", "subcenter": 0, "refTime": "2014-11-30T06:00:00.000Z", "significanceOfRT": 1, "significanceOfRTName": "Start of forecast", "productStatus": 0, "productStatusName": "Operational products", "productType": 1, "productTypeName": "Forecast products", "productDefinitionTemplate": 0, "productDefinitionTemplateName": "Analysis/forecast at horizontal level/layer at a point in time", "parameterCategory": 2, "parameterCategoryName": "Momentum", "parameterNumber": 3, "parameterNumberName": "V-component_of_wind", "parameterUnit": "m.s-1", "genProcessType": 2, "genProcessTypeName": "Forecast", "forecastTime": 6, "surface1Type": 100, "surface1TypeName": "Isobaric surface", "surface1Value": 85000, "surface2Type": 255, "surface2TypeName": "Missing", "surface2Value": 0, "gridDefinitionTemplate": 0, "gridDefinitionTemplateName": "Latitude_Longitude", "numberPoints": 65160, "shape": 6, "shapeName": "Earth spherical with radius of 6,371,229.0 m", "gridUnits": "degrees", "resolution": 48, "winds": "true", "scanMode": 0, "nx": 360, "ny": 181, "basicAngle": 0, "subDivisions": 0, "lo1": 0, "la1": 90, "lo2": 359, "la2": -90, "dx": 1, "dy": 1}, "data":
[rows 80 to 99 of 181, columns 135 to 179 of 360]
-13.884165592444052,-14.591778908953808,-15.259397173736248,-15.885190491533143,-16.467443606358824,-17.004560602897435,-17.495069280796017,-17.937625189863297,-18.331015315114197,-18.67416140155962,-18.966122909628417,-19.206099593120957,-19.39343369262837,-19.527611738405337,-19.608265957754977,-19.635175283068275,-19.608265957754977,-19.527611738405337,-19.39343369262837,-19.206099593120953,-18.966122909628417,-18.674161401559623,-18.331015315114197,-17.937625189863294,-17.495069280796013,-17.004560602897442,-16.467443606358827,-15.88519049153316,-15.259397173736248,-14.591778908953815,-13.88416559244406,-13.138496743121955,-12.35681618747264,-11.541266457565223,-10.694082918521218,-9.817587641534134,-8.914183039233755,-7.9863452808401325,-7.036617505155751,-6.067602849999024,-5.081957317184351,-4.082382492605798,-3.071618141377974,-2.0524346983301585,-1.0276256744372068
-12.727858345814806,-13.376539895756112,-13.988557279635055,-14.56223300034318,-15.095994652605798,-15.58837923283534,-16.03803714912262,-16.44373592037446,-16.804363554458625,-17.118931596097003,-17.386577836152824,-17.606568674885963,-17.778301132698818,-17.90130450286151,-17.975241641686274,-17.999909892614905,-17.975241641686274,-17.90130450286151,-17.77830113269882,-17.60656867488596,-17.386577836152828,-17.118931596097003,-16.804363554458625,-16.44373592037446,-16.03803714912262,-15.588379232835344,-15.095994652605805,-14.562233000343198,-13.988557279635051,-13.376539895756123,-12.727858345814813,-12.044290620850234,-11.327710332482258,-10.58008157747244,-9.803453554271222,-8.999954946307447,-8.171788087415043,-7.3212229253890895,-6.45059080021658,-5.5622780540357475,-4.658719490338008,-3.7423917003408733,-2.8158062748235944,-1.8815029200312865,-0.9420424965168374
-11.516225391559475,-12.103155473078388,-12.656911646725627,-13.175976105320302,-13.65892612926119,-14.10443798610208,-14.511290558810517,-14.878368692764708,-15.204666252314755,-15.489288878530592,-15.731456440577658,-15.930505174001222,-16.085889500058688,-16.197183521112965,-16.26408218798829,-16.28640213608883,-16.26408218798829,-16.197183521112965,-16.08588950005869,-15.930505174001215,-15.731456440577658,-15.489288878530596,-15.204666252314752,-14.878368692764706,-14.511290558810517,-14.104437986102086,-13.658926129261197,-13.175976105320318,-12.656911646725622,-12.103155473078393,-11.51622539155948,-10.897730136725338,-10.24936496107834,-9.572906988497653,-8.870210343266098,-8.143201068044416,-7.393871844722186,-6.624276532615328,-5.836524538980363,-5.0327750372759015,-4.215231049018168,-3.386133405452193,-2.5477546055891502,-1.7023925874444106,-0.8523644295493429
-10.22522959470155,-10.746363441557866,-11.238042253191448,-11.698918372155745,-12.12772856904383,-12.523297504912238,-12.88454095280341,-13.210468769536412,-13.500187609620546,-13.752903373853238,-13.967923385890796,-14.144658290826072,-14.282623670569338,-14.381441371604575,-14.440840541481977,-14.460658371205696,-14.440840541481977,-14.381441371604579,-14.28262367056934,-14.144658290826067,-13.967923385890796,-13.752903373853238,-13.500187609620543,-13.210468769536412,-12.884540952803407,-12.523297504912241,-12.127728569043837,-11.698918372155758,-11.238042253191443,-10.746363441557873,-10.225229594701556,-9.676069104273175,-9.100387181005281,-8.499761729034407,-7.875839020975443,-7.230329185602845,-6.565001520506527,-5.8816796425701865,-5.182236489564075,-4.4685891865529115,-3.7426937911892324,-3.0065399322953583,-2.262145356429117,-1.5115503973806739,-0.7568123837595903
-8.872634816615593,-9.324833006486081,-9.751472477246994,-10.151383839764291,-10.523470964790853,-10.866713987380415,-11.180172102266587,-11.46298614254469,-11.714380934588476,-11.933667422747185,-12.120244557999198,-12.273600945385606,-12.393316245708249,-12.47906232765026,-12.530604167161169,-12.547800491641505,-12.530604167161169,-12.479062327650263,-12.393316245708252,-12.273600945385603,-12.120244557999198,-11.933667422747188,-11.714380934588474,-11.46298614254469,-11.180172102266587,-10.86671398738042,-10.523470964790857,-10.1513838397643,-9.75147247724699,-9.324833006486083,-8.872634816615598,-8.396117351442069,-7.896586712215181,-7.375412077695124,-6.834021951328713,-6.27390024582075,-5.696582215832452,-5.103650249955153,-4.496729533493085,-3.8774835939435492,-3.247609741383596,-2.6088344162610944,-1.9629084573415005,-1.3116023027804051,-0.6567011374757472
-7.480804697838992,-7.862067582320898,-8.221781086045283,-8.558959259301798,-8.872677920154548,-9.162077187560426,-9.426363838243374,-9.664813480864218,-9.876772541526963,-10.06166005517942,-10.21896925799805,-10.34826897639235,-10.449204808821712,-10.521500097185418,-10.564956685123244,-10.57945546114828,-10.564956685123244,-10.521500097185418,-10.449204808821714,-10.348268976392346,-10.218969257998051,-10.061660055179424,-9.87677254152696,-9.664813480864217,-9.426363838243374,-9.16207718756043,-8.87267792015455,-8.558959259301808,-8.221781086045281,-7.862067582320903,-7.480804697838998,-7.079037447664691,-6.657867047904179,-6.218447897348026,-5.7619844133442575,-5.289727730574139,-4.802972271778979,-4.303052199837403,-3.7913377609175454,-3.2692315287276688,-2.7381645601590474,-2.199592472858514,-1.6549914554816931,-1.1058542215624239,-0.5536859180888365
-6.036511427379735,-6.344165196188274,-6.63443004917158,-6.90651039054367,-7.159660467000945,-7.393186411780063,-7.606448146498574,-7.798861135565266,-7.969897988351561,-8.1190899047326,-8.246027960035793,-8.3503642258749,-8.43181272379758,-8.490150209132455,-8.525216782887199,-8.536916330020604,-8.525216782887199,-8.490150209132455,-8.431812723797584,-8.350364225874896,-8.246027960035795,-8.119089904732602,-7.969897988351561,-7.798861135565266,-7.606448146498572,-7.393186411780066,-7.159660467000948,-6.906510390543677,-6.634430049171577,-6.344165196188277,-6.0365114273797404,-5.712312000341531,-5.3724555231683135,-5.017873518840895,-4.649537871986448,-4.2684581650102995,-3.875678910900748,-3.4722766902915683,-3.0593572006292793,-2.638052225533377,-2.2095165326560493,-1.7749247085443223,-1.3354679391799946,-0.8923507450215978,-0.4467876794976366
-4.555918601655199,-4.788113230133282,-5.007183973065244,-5.212530372772114,-5.403589589045769,-5.579837941854753,-5.74079234671489,-5.886011638790267,-6.015097782095373,-6.127696960484075,-6.223500547435086,-6.302245951975795,-6.3637173384258805,-6.4077462179879126,-6.434211910563419,-6.443041875528655,-6.434211910563419,-6.407746217987914,-6.363717338425884,-6.302245951975793,-6.223500547435086,-6.1276969604840765,-6.015097782095372,-5.886011638790267,-5.740792346714888,-5.579837941854755,-5.40358958904577,-5.212530372772119,-5.007183973065243,-4.788113230133285,-4.555918601655201,-4.311236516968009,-4.054737632658175,-3.787124994338582,-3.5091321096493373,-3.221520937764326,-2.925079800914078,-2.6206212236493394,-2.3089797057677144,-1.9910094350077914,-1.6675819457798817,-1.3395837303507885,-1.007913809030139,-0.6734812660181563,-0.3372027576691268
-3.0549765604269425,-3.210674940815011,-3.3575730843615865,-3.495268353465963,-3.6233833349666207,-3.7415668746044197,-3.849495039512051,-3.9468720060915023,-4.033430870845964,-4.108934381943779,-4.173175589509214,-4.225978412857684,-4.267198123120667,-4.296721739937482,-4.314468341126595,-4.320389284487697,-4.314468341126595,-4.296721739937482,-4.267198123120668,-4.225978412857684,-4.173175589509215,-4.10893438194378,-4.033430870845963,-3.9468720060915015,-3.849495039512051,-3.7415668746044215,-3.623383334966622,-3.4952683534659665,-3.357573084361585,-3.210674940815013,-3.054976560426944,-2.890904701635569,-2.718909074001327,-2.5394611055842993,-2.3530526507926424,-2.160194642243847,-1.9614156903339506,-1.757260634353188,-1.5482890491193455,-1.3350737112221192,-1.118199029082269,-0.8982594411287653,-0.675857786484384,-0.45160365262554,-0.22611170454543436
-1.531246132640765,-1.609286843628852,-1.6829166112387113,-1.7519336213952603,-1.8161487032709815,-1.875385847789984,-1.9294826900566657,-1.9782909543866003,-2.021676860719879,-2.05952149130296,-2.091721116633964,-2.118187479778025,-2.138848038273422,-2.153646162965415,-2.16254129322283,-2.1655090481119235,-2.16254129322283,-2.153646162965416,-2.1388480382734225,-2.118187479778025,-2.091721116633964,-2.0595214913029602,-2.021676860719879,-1.9782909543865999,-1.9294826900566653,-1.875385847789985,-1.8161487032709824,-1.7519336213952625,-1.6829166112387106,-1.6092868436288532,-1.5312461326407656,-1.4490083824387268,-1.3627990009797581,-1.2728542821861009,-1.179420758279988,-1.0827545240559613,-0.9831205349428414,-0.8807918807793172,-0.7760490372936664,-0.6691790973393009,-0.560474983993197,-0.45023464767410604,-0.338760249481171,-0.22635733299134048,-0.11333398678568601
0.0,0.0,0.0,0.0,0.0,0.0,0.0,0.0,0.0,0.0,0.0,0.0,0.0,0.0,0.0,0.0,0.0,0.0,0.0,0.0,0.0,0.0,0.0,0.0,0.0,0.0,0.0,0.0,0.0,0.0,0.0,0.0,0.0,0.0,0.0,0.0,0.0,0.0,0.0,0.0,0.0,0.0,0.0,0.0,0.0
1.531246132640765,1.609286843628852,1.6829166112387108,1.7519336213952603,1.8161487032709815,1.875385847789984,1.9294826900566657,1.9782909543866003,2.021676860719879,2.05952149130296,2.0917211166339635,2.118187479778025,2.138848038273422,2.153646162965415,2.16254129322283,2.165509048111923,2.16254129322283,2.1536461629654156,2.138848038273422,2.118187479778025,2.091721116633964,2.0595214913029602,2.021676860719879,1.9782909543865999,1.9294826900566653,1.875385847789985,1.816148703270982,1.7519336213952623,1.6829166112387106,1.6092868436288532,1.5312461326407656,1.4490083824387268,1.362799000979758,1.2728542821861006,1.1794207582799878,1.0827545240559613,0.9831205349428414,0.8807918807793171,0.7760490372936664,0.6691790973393008,0.560474983993197,0.45023464767410604,0.338760249481171,0.22635733299134048,0.11333398678568601
3.0549765604269425,3.210674940815011,3.3575730843615865,3.495268353465963,3.6233833349666207,3.7415668746044197,3.849495039512051,3.9468720060915023,4.033430870845964,4.108934381943779,4.173175589509214,4.225978412857684,4.267198123120667,4.296721739937482,4.314468341126595,4.320389284487697,4.314468341126595,4.296721739937482,4.267198123120668,4.225978412857684,4.173175589509215,4.10893438194378,4.033430870845963,3.9468720060915015,3.849495039512051,3.7415668746044215,3.623383334966622,3.495268353465967,3.357573084361585,3.210674940815013,3.0549765604269443,2.890904701635569,2.718909074001327,2.5394611055842993,2.3530526507926424,2.1601946422438476,1.9614156903339506,1.757260634353188,1.5482890491193455,1.3350737112221192,1.118199029082269,0.8982594411287653,0.675857786484384,0.45160365262554,0.22611170454543436
4.555918601655199,4.788113230133282,5.007183973065244,5.212530372772114,5.403589589045769,5.579837941854753,5.74079234671489,5.886011638790267,6.015097782095373,6.127696960484075,6.223500547435086,6.302245951975795,6.3637173384258805,6.4077462179879126,6.434211910563419,6.443041875528655,6.434211910563419,6.407746217987914,6.363717338425884,6.302245951975793,6.223500547435086,6.1276969604840765,6.015097782095372,5.886011638790267,5.740792346714888,5.579837941854755,5.40358958904577,5.212530372772119,5.007183973065243,4.788113230133285,4.555918601655201,4.311236516968009,4.054737632658175,3.787124994338582,3.5091321096493373,3.221520937764326,2.925079800914078,2.6206212236493394,2.3089797057677144,1.9910094350077914,1.6675819457798817,1.3395837303507885,1.007913809030139,0.6734812660181563,0.3372027576691268
6.036511427379735,6.344165196188274,6.63443004917158,6.90651039054367,7.159660467000945,7.393186411780063,7.606448146498574,7.798861135565266,7.969897988351561,8.1190899047326,8.246027960035793,8.3503642258749,8.43181272379758,8.490150209132455,8.525216782887199,8.536916330020604,8.525216782887199,8.490150209132455,8.431812723797584,8.350364225874896,8.246027960035795,8.119089904732602,7.969897988351561,7.798861135565266,7.606448146498572,7.393186411780066,7.159660467000948,6.906510390543677,6.634430049171577,6.344165196188277,6.0365114273797404,5.712312000341531,5.3724555231683135,5.017873518840895,4.649537871986448,4.2684581650102995,3.875678910900748,3.4722766902915683,3.0593572006292793,2.638052225533377,2.2095165326560493,1.7749247085443223,1.3354679391799946,0.8923507450215978,0.4467876794976366
7.480804697838992,7.862067582320898,8.221781086045283,8.5589592593018,8.872677920154548,9.162077187560426,9.426363838243374,9.664813480864218,9.876772541526963,10.06166005517942,10.21896925799805,10.34826897639235,10.449204808821712,10.521500097185418,10.564956685123244,10.57945546114828,10.564956685123244,10.52150009718542,10.449204808821715,10.348268976392346,10.218969257998051,10.061660055179424,9.876772541526961,9.664813480864217,9.426363838243374,9.16207718756043,8.87267792015455,8.558959259301808,8.221781086045281,7.862067582320903,7.480804697838999,7.079037447664691,6.657867047904179,6.218447897348026,5.7619844133442575,5.289727730574139,4.802972271778979,4.303052199837403,3.7913377609175454,3.2692315287276688,2.7381645601590474,2.1995924728585146,1.6549914554816931,1.1058542215624239,0.5536859180888366
8.87263481661559,9.324833006486081,9.751472477246992,10.15138383976429,10.523470964790851,10.866713987380413,11.180172102266587,11.46298614254469,11.714380934588476,11.933667422747183,12.120244557999198,12.273600945385605,12.393316245708249,12.47906232765026,12.530604167161169,12.547800491641505,12.530604167161169,12.479062327650261,12.393316245708252,12.273600945385603,12.120244557999198,11.933667422747186,11.714380934588474,11.46298614254469,11.180172102266587,10.86671398738042,10.523470964790855,10.1513838397643,9.751472477246988,9.324833006486083,8.872634816615596,8.396117351442069,7.896586712215181,7.375412077695124,6.834021951328712,6.273900245820749,5.696582215832452,5.103650249955153,4.496729533493085,3.8774835939435492,3.247609741383596,2.608834416261094,1.9629084573415005,1.311602302780405,0.6567011374757472
10.22522959470155,10.746363441557866,11.238042253191448,11.698918372155747,12.127728569043832,12.523297504912238,12.88454095280341,13.210468769536416,13.500187609620546,13.752903373853238,13.967923385890796,14.144658290826072,14.282623670569338,14.381441371604575,14.440840541481977,14.460658371205696,14.440840541481977,14.381441371604579,14.282623670569343,14.14465829082607,13.967923385890796,13.752903373853238,13.500187609620543,13.210468769536412,12.884540952803407,12.523297504912241,12.127728569043837,11.698918372155758,11.238042253191443,10.746363441557873,10.225229594701556,9.676069104273175,9.100387181005281,8.499761729034407,7.875839020975443,7.230329185602845,6.565001520506527,5.8816796425701865,5.182236489564075,4.468589186552912,3.7426937911892324,3.0065399322953583,2.262145356429117,1.5115503973806739,0.7568123837595903
11.516225391559475,12.103155473078388,12.656911646725627,13.175976105320302,13.658926129261193,14.10443798610208,14.511290558810517,14.878368692764706,15.204666252314755,15.489288878530592,15.731456440577654,15.930505174001222,16.085889500058688,16.197183521112965,16.264082187988294,16.286402136088835,16.264082187988294,16.19718352111297,16.08588950005869,15.930505174001219,15.731456440577658,15.489288878530596,15.204666252314748,14.878368692764706,14.511290558810517,14.104437986102086,13.658926129261198,13.17597610532032,12.656911646725622,12.103155473078395,11.516225391559482,10.89773013672534,10.249364961078342,9.572906988497653,8.870210343266098,8.143201068044416,7.393871844722186,6.624276532615329,5.836524538980364,5.032775037275902,4.215231049018168,3.386133405452193,2.5477546055891502,1.7023925874444106,0.852364429549343
12.727858345814806,13.376539895756112,13.988557279635055,14.56223300034318,15.095994652605798,15.58837923283534,16.03803714912262,16.44373592037446,16.804363554458625,17.118931596097003,17.386577836152824,17.606568674885963,17.778301132698818,17.90130450286151,17.975241641686274,17.999909892614905,17.975241641686274,17.90130450286151,17.77830113269882,17.60656867488596,17.386577836152828,17.118931596097003,16.804363554458625,16.44373592037446,16.03803714912262,15.588379232835344,15.095994652605805,14.562233000343198,13.988557279635051,13.376539895756123,12.727858345814813,12.044290620850234,11.327710332482258,10.58008157747244,9.803453554271222,8.999954946307447,8.171788087415043,7.3212229253890895,6.45059080021658,5.5622780540357475,4.658719490338008,3.7423917003408733,2.8158062748235944,1.8815029200312865,0.9420424965168374
