hough_viz/data/file_2_0_0.json
{"header": {"discipline": 0, "disciplineName": "Meteorological products", "gribEdition": 2, "gribLength": 133963, "center": 7, "centerName": "US National Weather Service - NCEP(WMC)", "subcenter": 0, "refTime": "2014-11-30T06:00:00.000Z", "significanceOfRT": 1, "significanceOfRTName": "Start of forecast", "productStatus": 0, "productStatusName": "Operational products", "productType": 1, "productTypeName": "Forecast products", "productDefinitionTemplate": 0, "productDefinitionTemplateName": "Analysis/forecast at horizontal level/layer at a point in time", "parameterCategory": 2, "parameterCategoryName": "Momentum", "parameterNumber": 2, "parameterNumberName": "U-component_of_wind", "parameterUnit": "m.s-1", "genProcessType": 2, "genProcessTypeName": "Forecast", "forecastTime": 6, "surface1Type": 100, "surface1TypeName": "Isobaric surface", "surface1Value": 85000, "surface2Type": 255, "surface2TypeName": "Missing", "surface2Value": 0, "gridDefinitionTemplate": 0, "gridDefinitionTemplateName": "Latitude_Longitude", "numberPoints": 65160, "shape": 6, "shapeName": "Earth spherical with radius of 6,371,229.0 m", "gridUnits": "degrees", "resolution": 48, "winds": "true", "scanMode": 0, "nx": 360, "ny": 181, "basicAngle": 0, "subDivisions": 0, "lo1": 0, "la1": 90, "lo2": 359, "la2": -90, "dx": 1, "dy": 1}, "data":
[rows 133 to 151 of 181, columns 86 to 128 of 360]
27.2733693220004,27.390525664089935,27.474310869844814,27.524622859897942,27.541400336839413,27.524622859897942,27.474310869844818,27.390525664089935,27.2733693220004,27.122984580532492,26.939554660328696,26.723303042491576,26.474493196306444,26.193428258244655,25.88045066263853,25.535941724477784,25.160321174836053,24.75404664949314,24.317613131376397,23.851552347500224,23.356432121138617,22.83285568001996,22.281460921386984,21.70291963481726,21.09793668375098,20.467249146723574,19.81162541934892,19.131864278147756,18.428793907361424,17.703270889937063,16.95617916391313,16.188428945477163,15.400955620007451,14.594718602450088,13.77070016841972,12.929904257447857,12.073355249837384,11.202096718612774,10.317190158087273,9.419713690595454,8.510760752967283,7.591438764343818,6.662867776957521
27.04264841162371,27.15881366172222,27.241890080868465,27.291776453242644,27.308411999984433,27.291776453242644,27.241890080868465,27.15881366172222,27.04264841162371,26.89353586003629,26.711657677635046,26.497235454969037,26.250530432487377,25.971843182257963,25.66151324176672,25.31991870024348,24.947475738018476,24.544638119470743,24.111896640186092,23.64977852899833,23.158846805642103,22.63969959480007,22.092969397380152,21.519322319910593,20.919457262991696,20.294105069793208,19.64402763563443,18.970016979732122,18.27289428024711,17.553508873805214,16.812737220711323,16.051481837117652,15.270670195446693,14.471253594408978,13.654205999992229,12.820522858833666,11.971219885421789,11.107331824604566,10.22991119091239,9.340026986231106,8.438763397387941,7.527218475236913,6.606502796852951
26.77861476349316,26.893645822357783,26.97591111643643,27.02531041814026,27.041783542029524,27.02531041814026,26.975911116436436,26.893645822357783,26.77861476349316,26.630958087468603,26.450855691199095,26.23852700171183,25.99423070880822,25.718264449890214,25.41096444733497,25.07270509885965,24.703898521375518,24.30499404888694,23.876477685047117,23.418871511037505,22.932733049492313,22.418654585243043,21.877262443710645,21.309216227824543,20.715208014397955,20.095961510939002,19.452231173924538,18.78480128961117,18.09448501850322,17.382123404641963,16.648584350923002,15.894761561690276,15.12157345389496,14.329962038145878,13.520891771014774,12.695348379994382,11.854337662541491,10.998884260667507,10.130030412570163,9.248834682826665,8.356370672695887,7.453725712100658,6.541999534883682
26.496808869886156,26.610629394500886,26.692028966251645,26.7409084122989,26.757208180566927,26.7409084122989,26.692028966251648,26.610629394500886,26.496808869886156,26.35070606518399,26.172498984156498,25.96240474468122,25.720679314226423,25.44761719799417,25.143551080111084,24.80885141830402,24.443925992554362,24.049219408280923,23.625212554656756,23.172422018719757,22.69139945599093,22.182730918367113,21.647036140107012,21.0849677827805,20.49721064010096,19.884480803609716,19.247524790228734,18.58711863274478,17.904066934332956,17.199201888271734,16.473382264043604,15.727492361056761,14.962440931262453,14.179160071980723,13.378604090283476,12.561748340318177,11.729588034989217,10.883137033444129,10.023426605842557,9.151504176912272,8.268432049823552,7.37528611193644,6.47315452399769
26.195402337263015,26.30792813050711,26.38840176574986,26.436725198262728,26.452839553386845,26.436725198262728,26.388401765749865,26.307928130507115,26.195402337263015,26.05096148136336,25.87478154174166,25.66707716651589,25.428101411472877,25.158145431758733,24.857538127151223,24.526645741345988,24.165871415745087,23.775654698291216,23.356471007946325,22.90883105546681,22.43328022118112,21.930397890527825,21.400796748163753,20.845122031502076,20.264050744589902,19.65829083328318,19.028580322723666,18.375686418169018,17.70040457027133,17.00355750594308,16.285994225991075,15.548588970739802,14.792240154904219,14.017869273009781,13.226419776693433,12.418855925252945,11.596161610845664,10.759339159767311,9.909408111271949,9.047403975420302,8.174376971470334,7.291390748346871,6.399521088749215
25.861665940708523,25.972758125402795,26.05220650511797,26.099914284241418,26.115823338193113,26.099914284241418,26.05220650511797,25.9727581254028,25.861665940708523,25.719065299749744,25.545129939441516,25.34007177322771,25.104140632897042,24.837623964201605,24.54084647664848,24.214169747891155,23.857991783202948,23.47274653056881,23.058903351986597,22.616966451621757,22.14747426151223,21.650998785571925,21.1281449026921,20.579549629789575,20.005881345699752,19.407838976859978,18.786151145775317,18.141575283304288,17.474896705845985,16.786927658553097,16.078506325736228,15.3504958096655,14.603783079013311,13.839277888219659,13.057911669096567,12.26063639602176,11.448423426104675,10.6222623157373,9.783159614972302,8.932137641196668,8.070233233595545,7.198496489923418,6.317989487121722
25.511123218236925,25.620709600599774,25.69908109488207,25.746142217490224,25.76183563169555,25.746142217490224,25.69908109488207,25.620709600599778,25.511123218236925,25.37045546191993,25.19887771364167,24.996599014458877,24.763865809807875,24.500961649248726,24.208206841003793,23.885958061711488,23.534607921870776,23.154584487505705,22.74635075863292,22.31040410516748,21.847275660954192,21.357529676662864,20.841762832335757,20.300603510424917,19.734711030204867,19.144774844493707,18.531513699661026,17.89567475994617,17.238032697153688,16.559388746835108,15.860569732106795,15.142427056293396,14.40583566562399,13.651692983244871,12.880917815847786,12.094449234245355,11.293245429258105,10.478282544306383,9.650553486130137,8.811066715084847,7.960845016487987,7.100924254512708,6.232352110146852
25.142477898291872,25.250480716236876,25.32771971296753,25.37410078466407,25.38956742313509,25.37410078466407,25.327719712967532,25.250480716236876,25.142477898291872,25.00384284392962,24.834744458608778,24.635388762664242,24.406018640303127,24.14691354368777,23.858389152466334,23.540796989165727,23.19452399091562,22.8199920380251,22.417657439986552,21.988010379532792,21.531574315424926,21.048905344698483,20.54059152514483,20.007252158853365,19.44953703768727,18.86812565161226,18.263726360842714,17.63707553281387,16.9889366450315,16.320099354892243,15.63137853760762,14.923613293404218,14.197665925209211,13.454420888067098,12.694783711567554,11.91967989659697,11.130053787758339,10.32686742283266,9.511099360684257,8.68374348903741,7.845807813577286,6.99831322985037,6.142292279460413
24.743294363100908,24.849582435711252,24.92559511990842,24.971239805945572,24.986460882803797,24.971239805945572,24.92559511990842,24.849582435711252,24.743294363100908,24.606860397721437,24.440446763343623,24.244256209346883,24.01852776370044,23.763536441744503,23.47959291112648,23.167043113300277,22.826267842049944,22.45768227955108,22.061735490535348,21.638909875174235,21.189720581348766,20.714714877021166,20.214471483473123,19.689599870223105,19.140739512481563,18.568559112048966,17.973755782605597,17.35705420038597,16.719205721272406,16.060987465383675,15.383201370273834,14.686673213894842,13.972251608513307,13.240806966807144,12.49323044140191,11.730432839138425,10.953343511395131,10.16290922181641,9.360092992827079,8.545872932337785,7.721241042071228,6.887202008960913,6.0447719810948435
24.328638765537917,24.433145630536405,24.50788447122164,24.5527642298289,24.567730227285505,24.5527642298289,24.507884471221644,24.433145630536405,24.328638765537917,24.194491201743144,24.030866377294714,23.837963643836744,23.61601802363557,23.365299923241295,23.086114804039102,22.778802810091555,22.443738353725504,22.0813296593683,21.692018266189233,21.27627849015209,20.834616846134153,20.367571430815904,19.875711267093067,19.3596356108099,18.819973220658213,18.25738159213179,17.6725461564694,17.06617944556241,16.43902022384441,15.791832588220597,15.125405037133365,14.440549509898432,13.738100397481826,13.018913525923008,12.283865113642765,11.533850703905895,10.769784073739837,9.99259612063797,9.20323372840456,8.402658613522568,7.591846153450315,6.771784198274334,5.943471867166168
23.89770348265983,24.000359208518766,24.073774193654046,24.117858993215002,24.1325598966641,24.117858993215002,24.07377419365405,24.000359208518766,23.89770348265983,23.765932086266297,23.605205562486844,23.41571973183268,23.197705453600395,22.95142834460549,22.6771884555692,22.3753199055529,22.04619047488549,21.69020115707974,21.307785670283444,20.89940992886068,20.465571475746913,20.006798876269556,19.523651074172584,19.01671671062964,18.486613407075435,17.933987012729208,17.359510817726893,16.763884732820838,16.14783443664632,15.512110491593965,14.857487429365031,14.184762807323931,13.494756236797318,12.78830838450399,12.066279948332063,11.32955060871101,10.579017956856749,9.815596401194835,9.0402160532948,8.253821594672356,7.457371125840536,6.651834999011841,5.838194635873503
23.43865186967764,23.53933567900612,23.611340433766422,23.654578407256363,23.66899692066554,23.654578407256363,23.61134043376643,23.53933567900612,23.43865186967764,23.3094116734935,23.151772549724832,22.9659265573615,22.752100121117806,22.510553755568882,22.2415817477538,21.9455117986321,21.622704623830717,21.27355351416751,20.89848385648699,20.497952615392006,20.07244777650272,19.62248775192132,19.14862074862672,18.65142410056884,18.13150356527604,17.589492585832975,17.026051519127698,16.441866831308552,15.837650261430886,15.214137954312667,14.572089563655407,13.912287326523165,13.235535110307143,12.542657433337078,11.834498460332778,11.111920973919286,10.375805323459302,9.62704835248295,8.866562306022235,8.095273719180852,7.314122288293953,6.524059726052938,5.726048601990107
22.965716927730973,23.064369182864937,23.134921056943284,23.177286593375158,23.19141417628031,23.177286593375158,23.13492105694329,23.064369182864937,22.965716927730973,22.839084484118075,22.684626134152552,22.502530061541343,22.29301812229918,22.056345574451186,21.792800767040315,21.502704788818413,21.1864110770491,20.844304986898845,20.47680332194109,20.084353826345307,19.667434639369663,19.22655371282201,18.762248192198847,18.275083762256266,17.765653957810223,17.234579440605795,16.682507243136442,16.110109980334574,15.518085030093868,14.907153683621749,14.278060266657118,13.631571232624161,12.968474228826837,12.28957713682198,11.595707088140163,10.887709456553175,10.166446828116474,9.432797950240776,8.687656661073861,7.9319308004963505,7.166541104058691,6.392420081206767,5.6105108791627405
22.47851046872636,22.575069864488768,22.644125015044224,22.685591787328917,22.699419660468283,22.685591787328917,22.644125015044228,22.575069864488768,22.47851046872636,22.354564470506904,22.203382878936832,22.025149885497704,21.820082639637363,21.588430984206678,21.330477151064613,21.0465354172221,20.736951721943953,20.402103245275153,20.042397948505073,19.658274077129466,19.250199626915876,18.81867177372282,18.364216267767638,17.887386793080857,17.38876429292741,16.86895626201683,16.328596006364506,15.76834187170583,15.188876441403336,14.59090570482405,13.975158197200152,13.342384112021074,12.693354387038227,12.0288597649961,11.34970983023415,10.656732022332816,9.950770628006019,9.232685752467688,8.503352271526207,7.763658765682878,7.014506437533502,6.2568080137918765,5.491486633272855
21.966049684821883,22.060407737941297,22.127888582377338,22.168410003115696,22.181922631047037,22.168410003115696,22.127888582377338,22.060407737941297,21.966049684821883,21.84492938377208,21.697194401221566,21.52302472948975,21.322632567492857,21.096262062212222,20.844189011238846,20.56672052675645,20.264194661372635,19.936979996253836,19.585475192065935,19.21010850326769,18.81133725634858,18.389647292646984,17.9455523764273,17.479593568937386,16.99233856920869,16.484381022402513,15.95633979654478,15.408858228530693,14.842603340317789,14.258265026262483,13.656555212590025,13.038206990022104,12.403973720618673,11.754628119922327,11.09096131552353,10.41378188319337,9.723914861758686,9.022200747919191,8.309494472231862,7.5866643575096155,6.854591060903784,6.114166500959052,5.36629277094807
21.441438040359028,21.5335425552171,21.599411765459596,21.638965419600197,21.652155327604117,21.638965419600197,21.599411765459596,21.533542555217103,21.441438040359028,21.32321043604912,21.179003784411652,21.00899377903832,20.813387550932642,20.592423416152712,20.346370585459884,20.075528836326786,19.780228147704786,19.460828297995374,19.117718426715644,18.75131656039174,18.362069103257888,17.950450293381632,17.51696162487779,17.062131236915125,16.58651327026011,16.09068719214179,15.575257090260203,15.040850936798577,14.48811982333593,13.917737167592325,13.330397892973059,12.726817581911604,12.107731604042556,11.473894220267042,10.826077663802067,10.165071199333154,9.491680161417055,8.8067249733055,8.111040147385975,7.405473268456815,6.690883961075732,5.968142842239744,5.238130460672435
20.904622938604,20.9944214936462,21.058641580041105,21.097204955505802,21.1100646365075,21.097204955505802,21.058641580041108,20.994421493646204,20.904622938604,20.789355320621425,20.64875907553537,20.483005498213277,20.29229653385673,20.07686453196234,19.83697196323966,19.572911099831053,19.28500365922314,18.973600412283535,18.63908075590065,18.281852250747008,17.902350124729285,17.501036742730214,17.078401043288167,16.634957942900893,16.171247708679022,15.687835300113882,15.185309680761328,14.664283100680413,14.12539035050096,13.569287988029007,12.996653538332216,12.40818466827998,11.804598336543776,11.186629920093457,10.55503231825376,9.910575035412345,9.254043243497351,8.58623682536622,7.907969400271794,7.220067332592439,6.523368725034418,5.818722397532864,5.106986853095407
20.34566818949227,20.43306568095386,20.495568629355688,20.53310088448298,20.545616719064245,20.53310088448298,20.49556862935569,20.433065680953863,20.34566818949227,20.233482635351713,20.096645699349057,19.935324096212696,19.749714371466375,19.5400426619687,19.306564420400257,19.04956410403382,18.769354828167025,18.466277984639575,18.1407028258999,17.793026015127925,17.42367114296207,17.033088211419305,16.621753085637028,16.19016691410469,15.738855518091539,15.26836875101443,14.779279828526128,14.272184630140307,13.747700973244157,13.206467860383112,12.649144700734603,12.076410506719634,11.488963066730667,10.88751809498396,10.272808359532133,9.645582789499016,9.006605562625042,8.356655174234223,7.696523488757669,7.02701477496862,6.3489447261049055,5.663139466072393,4.97043454294025
19.776338136949885,19.861289996351495,19.922043933289746,19.9585259284509,19.970691534143473,19.9585259284509,19.92204393328975,19.8612899963515,19.776338136949885,19.667291855839757,19.534284009117364,19.377476646355635,19.19706081317178,18.993256318467605,18.766311466626238,18.516502754991457,18.24413453699832,17.949538651365337,17.63307401780013,17.29512619971107,16.93610693445763,16.556453631711832,16.156628840541963,15.737119685867786,15.298437274973827,14.841116074803926,14.365713260795555,13.872808038047404,13.363000935647145,12.836913075019295,12.295185413184402,11.738477961851682,11.167468983296363,10.582854164001606,9.985345767071747,9.375671764449296,8.7545749499934,8.122812034499816,7.4811527237654865,6.8303787808204826,6.171283073470226,5.504668608308232,4.8313475523762275
