hough_viz/data/file_5_2_0.json
{"header": {"discipline": 0, "disciplineName": "Meteorological products", "gribEdition": 2, "gribLength": 133963, "center": 7, "centerName": "US National Weather Service - NCEP(WMC)", "subcenter": 0, "refTime": "2014-11-30T06:00:00.000Z", "significanceOfRT": 1, "significanceOfRTName": "Start of forecast", "productStatus": 0, "productStatusName": "Operational products", "productType": 1, "productTypeName": "Forecast products", "productDefinitionTemplate": 0, "productDefinitionTemplateName": "Analysis/forecast at horizontal level/layer at a point in time", "parameterCategory": 2, "parameterCategoryName": "Momentum", "parameterNumber": 2, "parameterNumberName": "U-component_of_wind", "parameterUnit": "m.s-1", "genProcessType": 2, "genProcessTypeName": "Forecast", "forecastTime": 6, "surface1Type": 100, "surface1TypeName": "Isobaric surface", "surface1Value": 85000, "surface2Type": 255, "surface2TypeName": "Missing", "surface2Value": 0, "gridDefinitionTemplate": 0, "gridDefinitionTemplateName": "Latitude_Longitude", "numberPoints": 65160, "shape": 6, "shapeName": "Earth spherical with radius of 6,371,229.0 m", "gridUnits": "degrees", "resolution": 48, "winds": "true", "scanMode": 0, "nx": 360, "ny": 181, "basicAngle": 0, "subDivisions": 0, "lo1": 0, "la1": 90, "lo2": 359, "la2": -90, "dx": 1, "dy": 1}, "data":
[rows 57 to 75 of 181, columns 172 to 214 of 360]
-20.555257255263573,-21.98029259631368,-23.238044638642272,-24.318941129755782,-25.214755794693765,-25.918670942948285,-26.42532935520556,-26.730875055019613,-26.83298265512131,-26.73087505501962,-26.425329355205577,-25.918670942948296,-25.214755794693772,-24.3189411297558,-23.23804463864229,-21.98029259631367,-20.55525725526363,-18.973783994897353,-17.24790878164583,-15.390766567993909,-13.416491327560696,-11.340108487025708,-9.177420573559825,-6.944886948051009,-4.659498539430224,-2.3386485334421416,2.959144278483911e-14,2.3386485334421057,4.659498539430095,6.944886948050974,9.1774205735597,11.340108487025677,13.416491327560665,15.390766567993882,17.2479087816458,18.973783994897254,20.5552572552636,21.980292596313653,23.238044638642272,24.318941129755782,25.214755794693765,25.918670942948275,26.42532935520557
-19.807760038771363,-21.18097360315335,-22.392987168993777,-23.434576581222803,-24.297814715484552,-24.97613180833978,-25.46436545713282,-25.758799908992838,-25.857194339956788,-25.75879990899285,-25.464365457132832,-24.976131808339783,-24.297814715484556,-23.43457658122282,-22.3929871689938,-21.180973603153348,-19.807760038771413,-18.28379746024192,-16.62068414298117,-14.83107738354885,-12.928597169978431,-10.927722525443992,-8.843681314151741,-6.69233434809793,-4.490054676713219,-2.253602978069491,2.8515342357636157e-14,2.2536029780694564,4.490054676713095,6.692334348097896,8.843681314151622,10.927722525443961,12.928597169978403,14.831077383548823,16.620684142981144,18.28379746024183,19.807760038771388,21.180973603153323,22.392987168993777,23.434576581222803,24.297814715484552,24.97613180833977,25.464365457132825
-18.930975060288752,-20.24340370890328,-21.401767831991677,-22.39725157913786,-23.222278717936582,-23.870570293696527,-24.337192416077013,-24.618593808972598,-24.712632837868533,-24.61859380897261,-24.337192416077023,-23.870570293696534,-23.222278717936593,-22.39725157913787,-21.40176783199169,-20.243403708903273,-18.930975060288798,-17.47447026063025,-15.884974190914624,-14.17458387599647,-12.356316418934304,-10.444009932976131,-8.452218225162472,-6.396100033066341,-4.291303657647867,-2.153847870234614,2.7253118674265285e-14,2.1538478702345807,4.291303657647748,6.3961000330663085,8.452218225162357,10.444009932976105,12.356316418934277,14.174583875996445,15.884974190914601,17.474470260630167,18.93097506028877,20.243403708903255,21.401767831991677,22.39725157913786,23.222278717936582,23.870570293696517,24.337192416077013
-17.96990553931343,-19.215706073495326,-20.315263481697343,-21.26020946811215,-22.043352423209203,-22.658732156225508,-23.101665255816382,-23.368780733643643,-23.458045679632267,-23.368780733643653,-23.1016652558164,-22.658732156225515,-22.04335242320921,-21.260209468112166,-20.315263481697357,-19.215706073495323,-17.969905539313476,-16.58734317345183,-15.078541110328509,-13.45498224468353,-11.729022839816173,-9.913798488960117,-8.023124145487959,-6.071388982773745,-4.073446883895803,-2.044503394616858,2.586955857628055e-14,2.044503394616826,4.073446883895692,6.0713889827737155,8.02312414548785,9.913798488960092,11.729022839816144,13.454982244683505,15.078541110328484,16.587343173451742,17.96990553931345,19.215706073495305,20.315263481697343,21.26020946811215,22.043352423209203,22.658732156225504,23.101665255816393
-16.941952736787947,-18.116488335954,-19.153146519848683,-20.044037693741227,-20.782381637863576,-21.36255910897664,-21.780154606204515,-22.03198997566227,-22.116148598125964,-22.031989975662277,-21.78015460620453,-21.362559108976644,-20.782381637863587,-20.04403769374124,-19.153146519848697,-18.116488335953996,-16.941952736787993,-15.638478647464277,-14.215986292861722,-12.68530169872327,-11.058074299063016,-9.346688276939004,-7.564168313342871,-5.724080461512423,-3.840428901075658,-1.9275493577872598,2.438971299888411e-14,1.92754935778723,3.840428901075552,5.724080461512393,7.564168313342769,9.346688276938977,11.05807429906299,12.685301698723249,14.2159862928617,15.638478647464197,16.94195273678797,18.11648833595398,19.153146519848683,20.044037693741227,20.782381637863576,21.36255910897663,21.780154606204523
-15.807471274066552,-16.90335662049835,-17.870597216522345,-18.701831777166973,-19.390734105512607,-19.93206123886991,-20.321693350891767,-20.556665105939416,-20.63518822707711,-20.556665105939427,-20.32169335089178,-19.932061238869913,-19.390734105512614,-18.70183177716698,-17.87059721652236,-16.903356620498347,-15.807471274066593,-14.591281526427084,-13.264043315914739,-11.835857726719947,-10.317594113538584,-8.720807379219474,-7.057650034977104,-5.340779712442883,-3.583262831446081,-1.7984751566686485,2.275650827282873e-14,1.798475156668621,3.583262831445982,5.340779712442855,7.057650034977009,8.720807379219451,10.317594113538563,11.835857726719922,13.264043315914714,14.59128152642701,15.807471274066575,16.90335662049833,17.870597216522345,18.701831777166973,19.390734105512607,19.9320612388699,20.321693350891774
-14.605274181474012,-15.617814750334931,-16.5114943186514,-17.27951144529007,-17.916021056175826,-18.41617892883478,-18.776178559852433,-18.993280134663028,-19.06583137919273,-18.99328013466303,-18.77617855985244,-18.416178928834785,-17.916021056175833,-17.279511445290076,-16.511494318651415,-15.617814750334928,-14.605274181474046,-13.481578657186489,-12.255280178917932,-10.935711618547314,-9.532915689596393,-8.057568516115715,-6.520898380934566,-4.934600271648344,-3.3107468747018367,-1.6616966949551613,2.1025819814894563e-14,1.6616966949551353,3.310746874701745,4.9346002716483195,6.520898380934478,8.057568516115692,9.53291568959637,10.935711618547293,12.255280178917912,13.48157865718642,14.605274181474032,15.617814750334912,16.5114943186514,17.27951144529007,17.916021056175826,18.41617892883477,18.776178559852436
-13.351514285587346,-14.277135379851455,-15.094098853104832,-15.796187120019994,-16.378056864953273,-16.835279707803124,-17.164375906656765,-17.36284084072722,-17.429164072029796,-17.362840840727223,-17.16437590665677,-16.835279707803128,-16.378056864953276,-15.796187120020008,-15.094098853104844,-14.277135379851453,-13.351514285587381,-12.324280105745249,-11.203250712694562,-9.996957817012536,-8.714582036014926,-7.365883023714685,-5.9611251939622605,-4.51099960205792,-3.0265425793659477,-1.5190517401685653,1.9220901308435306e-14,1.5190517401685415,3.026542579365864,4.510999602057897,5.9611251939621805,7.365883023714664,8.714582036014903,9.996957817012516,11.203250712694546,12.324280105745189,13.351514285587367,14.277135379851437,15.094098853104832,15.796187120019994,16.378056864953273,16.835279707803114,17.164375906656765
-12.021060857002864,-12.854445540318203,-13.590000131345274,-14.222126615506362,-14.746014128568623,-15.157675570225697,-15.453977948338602,-15.632666222897644,-15.692380468238488,-15.632666222897647,-15.45397794833861,-15.1576755702257,-14.746014128568628,-14.222126615506369,-13.590000131345283,-12.854445540318201,-12.021060857002896,-11.096188642050802,-10.086867731470772,-9.00077966683699,-7.846190234119267,-6.631886556060654,-5.367110216867881,-4.061486928174939,-2.72495327156578,-1.3676810751881783,1.7305574439939453e-14,1.3676810751881572,2.7249532715657034,4.061486928174919,5.36711021686781,6.631886556060636,7.846190234119251,9.000779666836973,10.086867731470758,11.096188642050745,12.021060857002883,12.854445540318187,13.590000131345274,14.222126615506362,14.746014128568623,15.15767557022569,15.453977948338602
-10.645158428238158,-11.383155855511038,-12.03452059338604,-12.594295362903154,-13.058219940065133,-13.42276357871443,-13.68515188164346,-13.84338791543256,-13.896267408319051,-13.843387915432562,-13.685151881643465,-13.42276357871443,-13.058219940065138,-12.594295362903159,-12.03452059338605,-11.383155855511037,-10.645158428238187,-9.826144917604045,-8.93234851095838,-7.970571538644828,-6.948133704159548,-5.872816376787734,-4.752803370685127,-3.596618661110423,-2.413061511826991,-1.2111395073921298,1.532481898197085e-14,1.211139507392111,2.4130615118269243,3.596618661110405,4.752803370685064,5.872816376787718,6.948133704159531,7.970571538644813,8.932348510958368,9.826144917603996,10.645158428238174,11.383155855511028,12.03452059338604,12.594295362903154,13.058219940065133,13.422763578714422,13.685151881643465
-9.236803180906557,-9.877163493971738,-10.4423526288534,-10.92806915496457,-11.330616476257912,-11.646930964553636,-11.874605275599908,-12.011906670416172,-12.057790202483014,-12.011906670416174,-11.874605275599913,-11.646930964553638,-11.330616476257914,-10.928069154964577,-10.442352628853406,-9.877163493971734,-9.236803180906582,-8.526145218300483,-7.7505981423558445,-6.916064334608764,-6.028895101241525,-5.095842335807409,-4.124007133244108,-3.1207857462531883,-2.0938132953513686,-1.0509056609928495,1.3297344297290402e-14,1.0509056609928331,2.093813295351311,3.1207857462531727,4.124007133244052,5.095842335807395,6.0288951012415115,6.916064334608751,7.750598142355831,8.526145218300439,9.236803180906572,9.877163493971725,10.4423526288534,10.92806915496457,11.330616476257912,11.64693096455363,11.874605275599912
-7.78612156725898,-8.325910404015826,-8.80233403527595,-9.211766589533006,-9.551092037826992,-9.817727908606052,-10.009644941894429,-10.12538253318613,-10.164059849527147,-10.125382533186134,-10.009644941894432,-9.817727908606058,-9.551092037826994,-9.211766589533013,-8.802334035275955,-8.325910404015824,-7.786121567258998,-7.1870756439865895,-6.533331735388495,-5.82986522735053,-5.0820299247635905,-4.2955173058356,-3.47631320650597,-2.630652264619491,-1.764970470568026,-0.8858561855171952,1.1208936381194977e-14,0.8858561855171813,1.7649704705679774,2.6306522646194774,3.476313206505923,4.295517305835587,5.082029924763578,5.82986522735052,6.533331735388484,7.187075643986555,7.78612156725899,8.325910404015815,8.80233403527595,9.211766589533006,9.551092037826992,9.817727908606049,10.009644941894432
-6.316374996882294,-6.754270640128384,-7.14076220546297,-7.472908258703872,-7.748180967830674,-7.9644853413126935,-8.12017517225959,-8.214065567049769,-8.245441963086305,-8.21406556704977,-8.120175172259595,-7.964485341312696,-7.748180967830677,-7.472908258703877,-7.140762205462976,-6.754270640128381,-6.316374996882309,-5.830407925978463,-5.300067930261342,-4.729391217326415,-4.122720981543165,-3.4846743497233543,-2.8201072419982767,-2.1340774153342545,-1.4318059709483917,-0.7186376185755002,9.093082465799282e-15,0.7186376185754889,1.4318059709483517,2.1340774153342434,2.820107241998239,3.484674349723345,4.1227209815431545,4.729391217326406,5.300067930261332,5.830407925978434,6.316374996882301,6.754270640128374,7.14076220546297,7.472908258703872,7.748180967830674,7.964485341312692,8.120175172259591
-4.835566441406687,-5.1708019963514396,-5.466684625888341,-5.720962484547801,-5.931700364288267,-6.097294422597888,-6.216484388704506,-6.288363154997183,-6.312383680662844,-6.288363154997187,-6.216484388704508,-6.097294422597891,-5.93170036428827,-5.720962484547804,-5.466684625888345,-5.170801996351439,-4.8355664414067,-4.46352930604801,-4.057522017517597,-3.6206345364350936,-3.1561918403314326,-2.6677286185620908,-2.1589623711869304,-1.633765116549895,-1.0961339228815874,-0.5501604881963702,6.961303665831413e-15,0.5501604881963615,1.096133922881557,1.6337651165498868,2.1589623711869015,2.667728618562083,3.1561918403314255,3.620634536435087,4.0575220175175915,4.463529306047988,4.835566441406695,5.170801996351433,5.466684625888341,5.720962484547801,5.931700364288267,6.0972944225978845,6.216484388704508
-3.348613511202082,-3.5807630064733664,-3.7856607331415666,-3.961747295786109,-4.107682569341303,-4.222355898257258,-4.304894549259276,-4.354670353375035,-4.37130448667976,-4.354670353375036,-4.304894549259279,-4.222355898257259,-4.107682569341304,-3.9617472957861106,-3.78566073314157,-3.580763006473365,-3.3486135112020907,-3.0909790451624484,-2.809820362204933,-2.5072772496751154,-2.185652243339887,-1.8473931036999207,-1.4950741870543587,-1.1313768530948216,-0.7590690581392262,-0.38098428931274764,4.820679395773634e-15,0.3809842893127416,0.7590690581392052,1.1313768530948158,1.495074187054338,1.8473931036999158,2.1856522433398817,2.5072772496751106,2.8098203622049285,3.0909790451624333,3.348613511202087,3.580763006473363,3.7856607331415666,3.961747295786109,4.107682569341303,4.222355898257256,4.304894549259277
-1.8712393908492904,-2.0009668970736407,-2.11546583699441,-2.2138648045424554,-2.295414924159818,-2.359495550194896,-2.405618990390625,-2.433434217517022,-2.44272954090036,-2.4334342175170227,-2.4056189903906264,-2.359495550194897,-2.295414924159819,-2.2138648045424563,-2.115465836994412,-2.0009668970736394,-1.8712393908492957,-1.7272706229753523,-1.570156282706043,-1.4010921050390552,-1.2213647704501838,-1.032342112477967,-0.8354627076845909,-0.6322249272195509,-0.4241755333105303,-0.21289790746881834,2.693844824387918e-15,0.21289790746881498,0.4241755333105185,0.6322249272195477,0.8354627076845796,1.0323421124779644,1.2213647704501809,1.4010921050390526,1.5701562827060405,1.7272706229753438,1.8712393908492932,2.000966897073638,2.11546583699441,2.2138648045424554,2.295414924159818,2.3594955501948958,2.4056189903906264
-0.4048844917484622,-0.4329539390251156,-0.4577283454010514,-0.47901916268455313,-0.49666435490034766,-0.5105296314812134,-0.5205094693002871,-0.5265279157657754,-0.528539166866038,-0.5265279157657757,-0.5205094693002874,-0.5105296314812136,-0.496664354900348,-0.47901916268455347,-0.45772834540105173,-0.4329539390251155,-0.40488449174846325,-0.3737336290136649,-0.3397384276955362,-0.30315761180297296,-0.2642695834330198,-0.22337030396280252,-0.18077104160475288,-0.13679600246755005,-0.09177986315188628,-0.046065223659438284,5.828735745438207e-16,0.04606522365943757,0.09177986315188374,0.1367960024675493,0.18077104160475044,0.22337030396280189,0.2642695834330192,0.30315761180297235,0.33973842769553575,0.373733629013663,0.4048844917484628,0.43295393902511514,0.4577283454010514,0.47901916268455313,0.49666435490034766,0.5105296314812133,0.5205094693002874
1.0322256056542691,1.1037867615049222,1.1669474336158525,1.2212269311348394,1.2662121543109106,1.3015607384328716,1.3270036594314971,1.3423472813151327,1.3474748298565107,1.3423472813151331,1.3270036594314978,1.3015607384328722,1.266212154310911,1.2212269311348403,1.1669474336158532,1.1037867615049217,1.0322256056542716,0.9528085896697313,0.8661401249962444,0.7728798109818293,0.6737374149282574,0.5694674703333032,0.46086353443525746,0.3487521487631442,0.2339865486566431,0.1174401696299193,-1.4859967244118317e-15,-0.11744016962991746,-0.23398654865663657,-0.3487521487631424,-0.4608635344352512,-0.5694674703333018,-0.6737374149282559,-0.7728798109818279,-0.8661401249962432,-0.9528085896697265,-1.0322256056542705,-1.1037867615049206,-1.1669474336158525,-1.2212269311348394,-1.2662121543109106,-1.3015607384328711,-1.3270036594314973
2.4307969980355817,2.599316982295676,2.7480545948099913,2.8758778525370685,2.981813943303818,3.0650566294935375,3.1249723840010164,3.1611052117563347,3.173180120122672,3.1611052117563356,3.124972384001018,3.065056629493539,2.9818139433038193,2.8758778525370694,2.748054594809993,2.5993169822956754,2.430796998035588,2.243777180865093,2.0396808645185023,1.8200613451999468,1.5865900600613412,1.341043866556388,1.0852915194825254,0.8212794486284535,0.5510169452682403,0.27656087024139653,-3.4993865265543834e-15,-0.27656087024139225,-0.5510169452682251,-0.8212794486284493,-1.0852915194825106,-1.3410438665563844,-1.5865900600613378,-1.8200613451999432,-2.0396808645184996,-2.2437771808650817,-2.4307969980355852,-2.5993169822956728,-2.7480545948099913,-2.8758778525370685,-2.981813943303818,-3.065056629493536,-3.1249723840010177
