hough_viz/data/file_5_0_0.json
{"header": {"discipline": 0, "disciplineName": "Meteorological products", "gribEdition": 2, "gribLength": 133963, "center": 7, "centerName": "US National Weather Service - NCEP(WMC)", "subcenter": 0, "refTime": "2014-11-30T06:00:00.000Z", "significanceOfRT": 1, "significanceOfRTName": "Start of forecast", "productStatus": 0, "productStatusName": "Operational products", "productType": 1, "productTypeName": "Forecast products", "productDefinitionTemplate": 0, "productDefinitionTemplateName": "Analysis/forecast at horizontal level/layer at a point in time", "parameterCategory": 2, "parameterCategoryName": "Momentum", "parameterNumber": 3, "parameterNumberName": "V-component_of_wind", "parameterUnit": "m.s-1", "genProcessType": 2, "genProcessTypeName": "Forecast", "forecastTime": 6, "surface1Type": 100, "surface1TypeName": "Isobaric surface", "surface1Value": 85000, "surface2Type": 255, "surface2TypeName": "Missing", "surface2Value": 0, "gridDefinitionTemplate": 0, "gridDefinitionTemplateName": "Latitude_Longitude", "numberPoints": 65160, "shape": 6, "shapeName": "Earth spherical with radius of 6,371,229.0 m", "gridUnits": "degrees", "resolution": 48, "winds": "true", "scanMode": 0, "nx": 360, "ny": 181, "basicAngle": 0, "subDivisions": 0, "lo1": 0, "la1": 90, "lo2": 359, "la2": -90, "dx": 1, "dy": 1}, "data":
[rows 40 to 59 of 181, columns 88 to 131 of 360]
5.43655749932365,5.49941827745745,5.520425161860252,5.49941827745745,5.43655749932365,5.332321235936829,5.187502788200934,5.003204311947007,4.780828429861803,4.5220675566822175,4.228891018897235,3.903530066984226,3.548460894245584,3.1663857914824565,2.7602125809301246,2.3330324859749987,1.888096605078071,1.4287911689525994,0.9586117693037024,0.4811367552647928,2.0281713013213997e-15,-0.4811367552647889,-0.958611769303699,-1.428791168952605,-1.8880966050780672,-2.3330324859749947,-2.7602125809301294,-3.1663857914824463,-3.548460894245574,-3.9035300669842314,-4.228891018897232,-4.5220675566822095,-4.780828429861801,-5.003204311947006,-5.187502788200933,-5.332321235936827,-5.43655749932365,-5.49941827745745,-5.520425161860252,-5.49941827745745,-5.43655749932365,-5.332321235936829,-5.187502788200934,-5.003204311947008
5.84797595843997,5.91559380655452,5.938190413867992,5.915593806554522,5.847975958439971,5.735851482177265,5.580073712733373,5.38182821299495,5.142623750918913,4.864280816897262,4.548917768725964,4.198934709623005,3.8169952219937344,3.406006095960353,2.9690952069339946,2.509587710594175,2.030980736446242,1.5369167725542565,1.0311559440074125,0.5175473960976901,2.1816557649212796e-15,-0.5175473960976857,-1.0311559440074085,-1.5369167725542623,-2.030980736446238,-2.5095877105941704,-2.969095206933999,-3.4060060959603415,-3.8169952219937238,-4.19893470962301,-4.5489177687259605,-4.864280816897255,-5.142623750918911,-5.381828212994948,-5.580073712733372,-5.735851482177264,-5.84797595843997,-5.915593806554522,-5.938190413867992,-5.915593806554522,-5.847975958439971,-5.735851482177265,-5.580073712733373,-5.381828212994951
6.266846651419109,6.339307736766298,6.363522862458032,6.339307736766299,6.266846651419109,6.146691079029153,5.979755476054237,5.76731032323147,5.510972456451728,5.212692761662238,4.874741327446553,4.4996901682797015,4.0903936499450495,3.649966766087093,3.181761431229014,2.689340970679213,2.1764530014740657,1.647000910749448,1.1050141486076865,0.5546175615692354,2.3379203714430694e-15,-0.5546175615692307,-1.105014148607682,-1.6470009107494539,-2.1764530014740613,-2.6893409706792086,-3.1817614312290203,-3.64996676608708,-4.090393649945037,-4.499690168279707,-4.874741327446549,-5.212692761662227,-5.510972456451724,-5.7673103232314675,-5.979755476054234,-6.14669107902915,-6.266846651419109,-6.339307736766299,-6.363522862458032,-6.339307736766299,-6.266846651419109,-6.146691079029153,-5.979755476054237,-5.76731032323147
6.692407287232221,6.7697889629923065,6.795648457033684,6.769788962992308,6.692407287232221,6.564092351030293,6.385820708529699,6.158949114573226,5.885204198979698,5.56666932584848,5.2057687379007165,4.805249106528414,4.368158627966708,3.897823824679874,3.39782422851684,2.8719651383124414,2.3242486592655203,1.7588432445018773,1.1800519706289874,0.5922797887247497,2.496680739311086e-15,-0.5922797887247448,-1.1800519706289825,-1.7588432445018838,-2.3242486592655154,-2.8719651383124365,-3.397824228516847,-3.8978238246798598,-4.368158627966696,-4.805249106528421,-5.205768737900713,-5.566669325848469,-5.885204198979695,-6.1589491145732245,-6.385820708529698,-6.564092351030293,-6.692407287232221,-6.769788962992308,-6.795648457033684,-6.769788962992308,-6.692407287232221,-6.564092351030293,-6.385820708529699,-6.158949114573227
7.127224659118578,7.209633957293449,7.2371735877573125,7.209633957293452,7.12722465911858,6.990572877751903,6.800718615762227,6.559106778720424,6.267576178595605,5.928345539285703,5.543996610788933,5.117454520527368,4.6519655113610865,4.151072235719763,3.6185867938786545,3.0585617215736955,2.4752591477575,1.8731183572245327,1.2567220049732983,0.6307612394347244,2.6588944407362278e-15,-0.6307612394347193,-1.256722004973294,-1.8731183572245393,-2.475259147757495,-3.05856172157369,-3.6185867938786607,-4.151072235719749,-4.651965511361073,-5.117454520527374,-5.543996610788928,-5.928345539285694,-6.2675761785956015,-6.559106778720423,-6.800718615762224,-6.9905728777519025,-7.127224659118578,-7.209633957293452,-7.2371735877573125,-7.209633957293452,-7.12722465911858,-6.990572877751903,-6.800718615762227,-6.559106778720424
7.565100154323226,7.652572434791159,7.681804018280759,7.65257243479116,7.565100154323226,7.420052893748529,7.218534550301972,6.9620788002572835,6.652637426724521,6.29256546540208,5.884603281333019,5.431855713072392,4.93776844299115,4.406101773552633,3.8409020091403785,3.2464706612385332,2.627331711332083,1.9881971806761336,1.333931268968958,0.6695133348552068,2.822249010799442e-15,-0.6695133348552011,-1.3339312689689526,-1.9881971806761412,-2.6273317113320775,-3.2464706612385283,-3.8409020091403843,-4.406101773552617,-4.9377684429911355,-5.431855713072397,-5.884603281333014,-6.292565465402069,-6.652637426724517,-6.962078800257281,-7.218534550301969,-7.420052893748527,-7.565100154323226,-7.65257243479116,-7.681804018280759,-7.65257243479116,-7.565100154323226,-7.420052893748529,-7.218534550301972,-6.9620788002572835
8.005428670728472,8.097992296809723,8.128925311810816,8.097992296809723,8.005428670728472,7.8519388986529846,7.6386911304284135,7.367308310333473,7.039855825494509,6.658825787042365,6.227118063641888,5.748018211740395,5.225172470499289,4.662560011712273,4.064462655905406,3.4354322850974586,2.7802562002291915,2.103920686912587,1.411573066786533,0.7084825232911126,2.986518709085104e-15,-0.7084825232911067,-1.4115730667865272,-2.1039206869125944,-2.7802562002291857,-3.4354322850974532,-4.0644626559054124,-4.662560011712257,-5.225172470499273,-5.748018211740401,-6.227118063641884,-6.658825787042353,-7.039855825494506,-7.3673083103334704,-7.638691130428413,-7.8519388986529846,-8.005428670728472,-8.097992296809723,-8.128925311810816,-8.097992296809723,-8.005428670728472,-7.8519388986529846,-7.6386911304284135,-7.367308310333473
8.446422148529672,8.544084808911574,8.576721824838199,8.544084808911574,8.446422148529672,8.284477115508325,8.05948220933391,7.773149777098049,7.427658981502313,7.025639216114228,6.5701500940945685,6.064658162693748,5.513010520734128,4.919405539864946,4.288360912419098,3.624679269046639,2.933411627795552,2.2198189528145726,1.489332115239344,0.7475105609838257,3.1510364789896035e-15,-0.7475105609838195,-1.489332115239338,-2.219818952814581,-2.9334116277955458,-3.6246792690466325,-4.2883609124191056,-4.919405539864928,-5.513010520734113,-6.064658162693754,-6.570150094094566,-7.025639216114216,-7.427658981502311,-7.773149777098047,-8.059482209333906,-8.284477115508322,-8.446422148529672,-8.544084808911574,-8.576721824838199,-8.544084808911574,-8.446422148529672,-8.284477115508325,-8.05948220933391,-7.773149777098051
8.884880411737116,8.987612792729506,9.021944013500244,8.987612792729506,8.884880411737116,8.714528725973937,8.477854214629783,8.176658113643962,7.813232707212152,7.390343882119561,6.9112100776724,6.3794777914313965,5.799193827163614,5.174774496222135,4.51097200675012,3.812838296507381,3.085686584573512,2.3350509345425374,1.5666441369573902,0.7863142315244043,3.3146084574659093e-15,-0.7863142315243978,-1.5666441369573842,-2.335050934542546,-3.0856865845735055,-3.8128382965073744,-4.510972006750128,-5.174774496222116,-5.799193827163598,-6.379477791431403,-6.9112100776723935,-7.390343882119548,-7.813232707212149,-8.17665811364396,-8.477854214629781,-8.714528725973935,-8.884880411737116,-8.987612792729506,-9.021944013500244,-8.987612792729506,-8.884880411737116,-8.714528725973937,-8.477854214629783,-8.176658113643962
9.320666156653038,9.428437356977044,9.464452455968324,9.428437356977046,9.32066615665304,9.141959058904806,8.893676132652505,8.577706960882242,8.196456259778593,7.752825577382428,7.250191211058305,6.692378511832873,6.083632771163785,5.428586911708228,4.73222622798416,3.9998504452688257,3.2370333854892634,2.4495805470719296,1.6434849215942042,0.8248813834998194,3.4771834217651737e-15,-0.8248813834998125,-1.6434849215941978,-2.449580547071939,-3.2370333854892572,-3.999850445268819,-4.732226227984168,-5.4285869117082095,-6.083632771163768,-6.692378511832879,-7.250191211058301,-7.752825577382413,-8.19645625977859,-8.57770696088224,-8.893676132652502,-9.141959058904805,-9.320666156653038,-9.428437356977046,-9.464452455968324,-9.428437356977046,-9.32066615665304,-9.141959058904806,-8.893676132652505,-8.577706960882242
9.747321734737248,9.860026185861384,9.897689884064524,9.860026185861386,9.74732173473725,9.56043427961798,9.30078614688277,8.97035341560156,8.57165087838014,8.107712902269936,7.58207033540256,6.9987236351035165,6.362112421996487,5.677081691809542,4.948844942032261,4.1829444940518545,3.3852093127407703,2.561710644514461,1.7187158114802177,0.8626405133316292,3.636352270641828e-15,-0.862640513331622,-1.7187158114802108,-2.5617106445144704,-3.3852093127407636,-4.182944494051847,-4.948844942032269,-5.67708169180952,-6.362112421996469,-6.9987236351035245,-7.5820703354025545,-8.107712902269922,-8.571650878380135,-8.970353415601558,-9.300786146882768,-9.56043427961798,-9.747321734737248,-9.860026185861386,-9.897689884064524,-9.860026185861386,-9.74732173473725,-9.56043427961798,-9.30078614688277,-8.970353415601561
10.164828077787469,10.28235999070212,10.32163693542882,10.282359990702123,10.16482807778747,9.969935685509851,9.699166062653742,9.354579929544245,8.938799794721124,8.454989996065287,7.906832618276853,7.29849946998725,6.634620333776598,5.920247730732607,5.1608184677144076,4.362112259969527,3.5302077440108808,2.6714362155225966,1.7923334443768957,0.8995899334789638,3.7921078904802005e-15,-0.8995899334789562,-1.7923334443768886,-2.6714362155226063,-3.5302077440108737,-4.3621122599695195,-5.160818467714416,-5.920247730732586,-6.634620333776579,-7.298499469987258,-7.906832618276848,-8.454989996065272,-8.93879979472112,-9.354579929544242,-9.69916606265374,-9.969935685509848,-10.164828077787469,-10.282359990702123,-10.32163693542882,-10.282359990702123,-10.16482807778747,-9.969935685509851,-9.699166062653742,-9.354579929544247
10.573873023356166,10.69613456224706,10.736992058616627,10.69613456224706,10.573873023356166,10.371137926078433,10.08947220691895,9.731019512074925,9.298507882993782,8.795228994330486,8.225013102315874,7.592199894193922,6.901605460581549,6.158485642110821,5.368496029308312,4.537648920136252,3.672267562774626,2.7789380318845054,1.864459104603082,0.9357905177444424,3.944706887116622e-15,-0.9357905177444348,-1.8644591046030745,-2.7789380318845156,-3.6722675627746186,-4.537648920136245,-5.3684960293083215,-6.158485642110799,-6.9016054605815285,-7.592199894193932,-8.225013102315867,-8.795228994330472,-9.298507882993777,-9.731019512074923,-10.089472206918947,-10.37113792607843,-10.573873023356166,-10.69613456224706,-10.736992058616627,-10.69613456224706,-10.573873023356166,-10.371137926078433,-10.08947220691895,-9.731019512074926
10.963299033477405,11.090063352302996,11.132425592654226,11.090063352302996,10.963299033477407,10.753097389186102,10.461058180865368,10.08940400322862,9.640963368978598,9.119149182117804,8.527932763688272,7.871813627620466,7.1557852367154755,6.385296999377804,5.56621279632711,4.704766352925202,3.80751379676194,2.881283761565631,1.9331254171771048,0.9702548211108205,4.089986810637021e-15,-0.9702548211108124,-1.9331254171770968,-2.8812837615656415,-3.8075137967619326,-4.704766352925194,-5.566212796327118,-6.3852969993777835,-7.155785236715453,-7.871813627620476,-8.527932763688266,-9.119149182117788,-9.640963368978593,-10.089404003228617,-10.461058180865367,-10.753097389186102,-10.963299033477405,-11.090063352302996,-11.132425592654226,-11.090063352302996,-10.963299033477407,-10.753097389186102,-10.461058180865368,-10.08940400322862
11.33623355370681,11.467309967849612,11.511113228986007,11.467309967849614,11.336233553706812,11.118881557215335,10.816908158309204,10.432611556890617,9.968916482141005,9.42935193356595,8.818024323178097,8.139586223222176,7.399200957291027,6.60250330431519,5.755556614493001,4.864806663534434,3.9370325964157944,2.979295333993153,1.998883835131116,1.0032596233246722,4.229114391150139e-15,-1.0032596233246638,-1.998883835131108,-2.9792953339931643,-3.937032596415787,-4.864806663534426,-5.755556614493011,-6.602503304315167,-7.399200957291006,-8.139586223222185,-8.818024323178088,-9.429351933565934,-9.968916482141001,-10.432611556890615,-10.816908158309202,-11.118881557215333,-11.33623355370681,-11.467309967849614,-11.511113228986007,-11.467309967849614,-11.336233553706812,-11.118881557215335,-10.816908158309204,-10.432611556890617
11.694561512237144,11.829781131763703,11.8749689738604,11.829781131763706,11.694561512237147,11.470339218233155,11.15882071679823,10.762376851828298,10.28402480051514,9.727405110806103,9.096753994636039,8.39687108779654,7.633082921809554,6.811202385806101,5.937484486930197,5.018578745957617,4.061478590427602,3.07346813043661,2.0620667221621978,1.0349717410222024,4.36279282314368e-15,-1.0349717410221937,-2.06206672216219,-3.073468130436621,-4.061478590427594,-5.018578745957608,-5.937484486930207,-6.811202385806075,-7.633082921809533,-8.39687108779655,-9.096753994636032,-9.727405110806085,-10.284024800515134,-10.762376851828297,-11.158820716798225,-11.470339218233153,-11.694561512237144,-11.829781131763706,-11.8749689738604,-11.829781131763706,-11.694561512237147,-11.470339218233155,-11.15882071679823,-10.7623768518283
12.022702994903312,12.16171678545463,12.208172567823272,12.161716785454635,12.022702994903314,11.79218917505423,11.471929675264485,11.064361863705448,10.572587577519263,10.00034951596523,9.352002756218573,8.632481608603419,7.847262063511915,7.002320115810686,6.104086283911633,5.159396669643961,4.175440931391413,3.159707566450809,2.1199269190459225,1.0640123477402257,4.4852098375869875e-15,-1.0640123477402168,-2.119926919045914,-3.1597075664508205,-4.175440931391403,-5.159396669643952,-6.104086283911644,-7.002320115810662,-7.8472620635118915,-8.632481608603426,-9.352002756218564,-10.000349515965214,-10.572587577519258,-11.064361863705447,-11.471929675264482,-11.79218917505423,-12.022702994903312,-12.161716785454635,-12.208172567823272,-12.161716785454635,-12.022702994903314,-11.79218917505423,-11.471929675264485,-11.06436186370545
12.326682846102598,12.46921143622805,12.516841798208095,12.469211436228052,12.326682846102598,12.090340756463702,11.761983873320768,11.344111190821822,10.83990297239911,10.253196547044066,9.588457104916676,8.850743714552157,8.045670820294758,7.179365512986033,6.258420899104045,5.2898459232420345,4.281012025807853,3.239597041911539,2.1735267684041006,1.090914643777763,4.5986130730828016e-15,-1.0909146437777542,-2.173526768404092,-3.2395970419115505,-4.2810120258078435,-5.289845923242025,-6.258420899104054,-7.179365512986007,-8.045670820294735,-8.850743714552166,-9.58845710491667,-10.253196547044048,-10.839902972399104,-11.34411119082182,-11.761983873320766,-12.090340756463698,-12.326682846102598,-12.469211436228052,-12.516841798208095,-12.469211436228052,-12.326682846102598,-12.090340756463702,-11.761983873320768,-11.344111190821826
12.609928868261484,12.75573252084299,12.804457346819005,12.755732520842992,12.609928868261486,12.368156042909279,12.032254081973736,11.604779402200712,11.088985344019559,10.488797411657995,9.808783397684682,9.054118619349623,8.23054653129505,7.344335014397431,6.4022286734095015,5.411397506445575,4.379382336966447,3.314037423559653,2.22347068428906,1.1159819905427224,4.7042813113802105e-15,-1.115981990542713,-2.2234706842890515,-3.314037423559665,-4.379382336966439,-5.411397506445566,-6.40222867340951,-7.344335014397405,-8.230546531295023,-9.054118619349634,-9.808783397684673,-10.488797411657977,-11.088985344019553,-11.60477940220071,-12.032254081973731,-12.368156042909277,-12.609928868261484,-12.755732520842992,-12.804457346819005,-12.755732520842992,-12.609928868261486,-12.368156042909279,-12.032254081973736,-11.604779402200712
12.853023313621339,13.001637771753462,13.051301915839009,13.001637771753463,12.853023313621343,12.606589587204896,12.264212101962912,11.828496557291247,11.302759011577102,10.691000644992366,9.997877308096555,9.228664088002738,8.389215161779521,7.485919242628535,6.525650957919503,5.515718529124941,4.463808151841833,3.3779254992021537,2.266334793866363,1.1374959122988864,4.794970534781389e-15,-1.137495912298877,-2.266334793866354,-3.3779254992021657,-4.463808151841823,-5.515718529124932,-6.525650957919513,-7.48591924262851,-8.389215161779497,-9.228664088002748,-9.99787730809655,-10.691000644992348,-11.302759011577097,-11.828496557291245,-12.264212101962906,-12.606589587204894,-12.853023313621339,-13.001637771753463,-13.051301915839009,-13.001637771753463,-12.853023313621343,-12.606589587204896,-12.264212101962912,-11.828496557291249
