hough_viz/data/file_5_2_1.json
{"header": {"discipline": 0, "disciplineName": "Meteorological products", "gribEdition": 2, "gribLength": 133963, "center": 7, "centerName": "US National Weather Service - NCEP(WMC)", "subcenter": 0, "refTime": "2014-11-30T06:00:00.000Z", "significanceOfRT": 1, "significanceOfRTName": "Start of forecast", "productStatus": 0, "productStatusName": "Operational products", "productType": 1, "productTypeName": "Forecast products", "productDefinitionTemplate": 0, "productDefinitionTemplateName": "Analysis/forecast at horizontal level/layer at a point in time", "parameterCategory": 2, "parameterCategoryName": "Momentum", "parameterNumber": 2, "parameterNumberName": "U-component_of_wind", "parameterUnit": "m.s-1", "genProcessType": 2, "genProcessTypeName": "Forecast", "forecastTime": 6, "surface1Type": 100, "surface1TypeName": "Isobaric surface", "surface1Value": 85000, "surface2Type": 255, "surface2TypeName": "Missing", "surface2Value": 0, "gridDefinitionTemplate": 0, "gridDefinitionTemplateName": "Latitude_Longitude", "numberPoints": 65160, "shape": 6, "shapeName": "Earth spherical with radius of 6,371,229.0 m", "gridUnits": "degrees", "resolution": 48, "winds": "true", "scanMode": 0, "nx": 360, "ny": 181, "basicAngle": 0, "subDivisions": 0, "lo1": 0, "la1": 90, "lo2": 359, "la2": -90, "dx": 1, "dy": 1}, "data":
[rows 100 to 119 of 181, columns 0 to 44 of 360]
19.58667047545154,19.512137280914956,19.28910493991999,18.91927086325223,18.405449711547032,17.751551974022576,16.962554207295668,16.04446116078097,15.004260076922204,13.849867514058126,12.59006909663341,11.234452651291745,9.793335237725772,8.27768462962321,6.699035843286582,5.069403349194104,3.40118963462483,1.707090813241605,1.1993376651857847e-15,-1.7070908132416072,-3.4011896346248274,-5.069403349194106,-6.6990358432865795,-8.277684629623208,-9.793335237725767,-11.23445265129174,-12.590069096633407,-13.849867514058122,-15.004260076922204,-16.04446116078097,-16.962554207295668,-17.751551974022576,-18.405449711547032,-18.91927086325223,-19.28910493991999,-19.512137280914956,-19.58667047545154,-19.512137280914956,-19.28910493991999,-18.91927086325223,-18.405449711547032,-17.751551974022576,-16.962554207295664,-16.044461160780973,-15.004260076922204
20.767988974608656,20.688960506532965,20.452476556666653,20.06033691066112,19.515525988002853,18.822190128779116,17.98560603752623,17.01214062432192,15.909202548755161,14.685185835553234,13.3494059909851,11.912029106233847,10.383994487304328,8.77693140029912,7.10307056568156,5.37515107510789,3.6063234392476953,1.8100495044571918,1.2716725611241003e-15,-1.8100495044571943,-3.606323439247693,-5.375151075107892,-7.103070565681559,-8.776931400299118,-10.38399448730432,-11.912029106233843,-13.349405990985098,-14.685185835553233,-15.909202548755157,-17.012140624321916,-17.98560603752623,-18.822190128779116,-19.515525988002853,-20.06033691066112,-20.45247655666666,-20.688960506532965,-20.767988974608656,-20.688960506532965,-20.452476556666653,-20.060336910661125,-19.515525988002853,-18.822190128779116,-17.985606037526228,-17.012140624321926,-15.909202548755161
21.710817209965946,21.628200995807106,21.38098111260534,20.97103905294728,20.401494723436702,19.676682700321457,18.8021192407509,17.784460300728234,16.63145087926629,15.351866074268523,13.955444298735392,12.452813165561231,10.855408604982976,9.175387830245873,7.425536813869951,5.61917297867876,3.770043844170418,1.892222399593221,1.3294041401529034e-15,-1.8922223995932235,-3.7700438441704147,-5.619172978678762,-7.4255368138699485,-9.17538783024587,-10.85540860498297,-12.452813165561224,-13.955444298735392,-15.35186607426852,-16.631450879266286,-17.78446030072823,-18.8021192407509,-19.676682700321457,-20.401494723436702,-20.97103905294728,-21.380981112605344,-21.628200995807106,-21.710817209965946,-21.628200995807106,-21.38098111260534,-20.971039052947287,-20.401494723436702,-19.676682700321457,-18.8021192407509,-17.784460300728238,-16.63145087926629
22.498155654943805,22.41254338029784,22.15635811746411,21.731549590981665,21.141350850243448,20.39025366403821,19.483974335477857,18.429410197479157,17.23458711989551,15.908598427801236,14.461535695797027,12.904411945033804,11.249077827471904,9.508131435264037,7.694822421667087,5.8229511631804325,3.906763730347937,1.9608434665590522,1.3776147154772925e-15,-1.9608434665590546,-3.906763730347935,-5.822951163180434,-7.694822421667084,-9.508131435264037,-11.249077827471897,-12.904411945033797,-14.461535695797025,-15.908598427801232,-17.234587119895508,-18.429410197479154,-19.483974335477857,-20.39025366403821,-21.141350850243448,-21.731549590981665,-22.156358117464112,-22.41254338029784,-22.498155654943805,-22.41254338029784,-22.15635811746411,-21.73154959098167,-21.141350850243448,-20.39025366403821,-19.483974335477853,-18.42941019747916,-17.23458711989551
23.067756916877173,22.97997713746223,22.717305856341625,22.28174216056995,21.67660095287258,20.90648772323432,19.97726349833983,18.896000235621464,17.670927001393128,16.311367342686736,14.827668329429612,13.231121806994606,11.533878458438588,9.748855330467627,7.8896375269120185,5.970374817883218,4.00567395147945,2.0104874876128584,1.4124927335881422e-15,-2.0104874876128607,-4.005673951479448,-5.97037481788322,-7.889637526912016,-9.748855330467624,-11.53387845843858,-13.231121806994594,-14.827668329429612,-16.311367342686733,-17.670927001393125,-18.896000235621464,-19.97726349833983,-20.90648772323432,-21.676600952872576,-22.28174216056995,-22.71730585634163,-22.97997713746223,-23.067756916877173,-22.97997713746223,-22.717305856341625,-22.281742160569955,-21.67660095287258,-20.90648772323432,-19.97726349833983,-18.896000235621468,-17.670927001393128
23.38053216630064,23.291562182632212,23.025329346924185,22.583859851812086,21.97051354672028,21.18995836737915,20.248134810015568,19.152210720589697,17.910526743159128,16.532532842541386,15.028716384375635,13.410522319937726,11.690266083150322,9.881039862694486,7.996612962548555,6.051327009270702,4.059986803561155,2.037747646789444,1.4316446939910904e-15,-2.0377476467894473,-4.059986803561152,-6.051327009270704,-7.996612962548552,-9.881039862694484,-11.690266083150314,-13.410522319937717,-15.028716384375631,-16.532532842541382,-17.910526743159124,-19.152210720589697,-20.248134810015568,-21.18995836737915,-21.97051354672028,-22.583859851812086,-23.02532934692419,-23.291562182632212,-23.38053216630064,-23.291562182632212,-23.025329346924185,-22.58385985181209,-21.97051354672028,-21.18995836737915,-20.248134810015564,-19.152210720589707,-17.910526743159128
23.533624969859645,23.444072421853686,23.176096326799463,22.731736144588723,22.1143737245201,21.32870756738394,20.380717067034247,19.277617003590986,18.027802634607003,16.64078580208881,15.127122541635535,13.498332744634089,11.766812484929822,9.945739677219601,8.048973785163932,6.0909503424999105,4.086571089913097,2.0510905637929504,1.4410189245836419e-15,-2.051090563792953,-4.086571089913094,-6.090950342499912,-8.04897378516393,-9.9457396772196,-11.766812484929813,-13.49833274463408,-15.127122541635535,-16.64078580208881,-18.027802634607,-19.277617003590983,-20.380717067034247,-21.32870756738394,-22.114373724520096,-22.731736144588723,-23.17609632679947,-23.444072421853686,-23.533624969859645,-23.444072421853686,-23.176096326799463,-22.731736144588723,-22.1143737245201,-21.32870756738394,-20.380717067034237,-19.27761700359099,-18.027802634607003
23.471602940562473,23.38228640510296,23.11501655149006,22.671827464691727,22.05609208126338,21.272496519264095,20.327004414068632,19.226811531501262,17.980291003712946,16.596929604589832,15.087255549675698,13.46275837009456,11.735801470281238,9.919528035008403,8.027761001814365,6.074897860101897,4.075801077550438,2.0456849877628387,1.4372211706008717e-15,-2.0456849877628414,-4.075801077550436,-6.074897860101898,-8.027761001814364,-9.919528035008398,-11.735801470281228,-13.462758370094548,-15.087255549675694,-16.59692960458983,-17.980291003712946,-19.226811531501255,-20.327004414068632,-21.272496519264095,-22.056092081263376,-22.671827464691727,-23.115016551490065,-23.38228640510296,-23.471602940562473,-23.38228640510296,-23.11501655149006,-22.671827464691734,-22.05609208126338,-21.272496519264102,-20.32700441406863,-19.226811531501266,-17.980291003712946
23.160271016511683,23.072139193016863,22.808414458924638,22.37110391870281,21.763535769617782,20.99033397214377,20.057383058831565,18.971783349462637,17.7417969133283,16.376784689893668,14.887135246395985,13.284185714575196,11.580135508255847,9.78795347844167,7.9212792125286615,5.994319228809142,4.021738856289481,2.0185506226811354,1.4181575883878127e-15,-2.018550622681138,-4.0217388562894785,-5.994319228809145,-7.92127921252866,-9.78795347844167,-11.580135508255838,-13.284185714575186,-14.887135246395982,-16.376784689893668,-17.741796913328297,-18.971783349462633,-20.057383058831565,-20.99033397214377,-21.76353576961778,-22.371103918702808,-22.80841445892464,-23.072139193016863,-23.160271016511683,-23.072139193016863,-22.808414458924638,-22.371103918702815,-21.763535769617782,-20.990333972143773,-20.057383058831565,-18.97178334946264,-17.7417969133283
22.701285958245787,22.614900711469044,22.356402415027624,21.927758397042986,21.332230897314325,20.574352239703916,19.659890338415817,18.59580480068602,17.39019395996907,16.052233242730548,14.592105337911411,13.020922700516662,11.350642979122895,9.593978010952384,7.764297077116218,5.875525154312437,3.9420369373452573,1.9785474390178934,1.390052859264723e-15,-1.9785474390178959,-3.9420369373452546,-5.875525154312441,-7.764297077116215,-9.593978010952382,-11.350642979122888,-13.020922700516657,-14.59210533791141,-16.052233242730548,-17.390193959969064,-18.595804800686018,-19.659890338415817,-20.574352239703916,-21.332230897314325,-21.927758397042986,-22.35640241502763,-22.614900711469044,-22.701285958245787,-22.614900711469044,-22.356402415027624,-21.92775839704299,-21.332230897314325,-20.574352239703916,-19.659890338415817,-18.595804800686025,-17.39019395996907
22.050575660129663,21.966666562492062,21.71557786847798,21.299220514660362,20.720763231905206,19.98460842941633,19.09635868974311,18.062774129744298,16.89172095201692,15.592111578344719,14.173836820786931,12.64769060662629,11.025287830064832,9.318975955865772,7.541741047691051,5.707108936315645,3.8290422798882875,1.9218342996720323,1.3502083450767161e-15,-1.9218342996720348,-3.8290422798882844,-5.707108936315647,-7.541741047691049,-9.31897595586577,-11.025287830064826,-12.647690606626282,-14.173836820786928,-15.592111578344715,-16.891720952016918,-18.062774129744295,-19.09635868974311,-19.98460842941633,-20.720763231905202,-21.299220514660362,-21.715577868477983,-21.966666562492062,-22.050575660129663,-21.966666562492062,-21.71557786847798,-21.299220514660366,-20.720763231905206,-19.984608429416337,-19.096358689743106,-18.0627741297443,-16.89172095201692
21.18240899247844,21.101803531117934,20.860600603268285,20.460635908852726,19.904953420701062,19.19778221807837,18.344504300838267,17.35161362915424,16.22666670056158,14.978225040448411,13.615790043677874,12.14973066323614,10.591204496239223,8.952072867881798,7.244810559590412,5.482410868404319,3.6782867201394813,1.8461685889241313,1.2970484685434418e-15,-1.8461685889241337,-3.6782867201394787,-5.482410868404321,-7.244810559590411,-8.952072867881796,-10.591204496239216,-12.149730663236133,-13.615790043677872,-14.97822504044841,-16.22666670056158,-17.351613629154237,-18.344504300838267,-19.19778221807837,-19.90495342070106,-20.460635908852726,-20.86060060326829,-21.101803531117934,-21.18240899247844,-21.101803531117934,-20.860600603268285,-20.460635908852733,-19.904953420701062,-19.19778221807837,-18.344504300838267,-17.351613629154244,-16.22666670056158
20.192569447402597,20.115730624351833,19.88579894503951,19.504524328381745,18.974808504431206,18.300682930459313,17.487278109132156,16.540784542287273,15.468405617476812,14.27830278583867,12.979533448525359,11.581982024412193,10.0962847237013,8.53374859993964,6.906265496514156,5.226221542543074,3.5064028869543966,1.7598983881720418,1.236438277016111e-15,-1.759898388172044,-3.5064028869543944,-5.226221542543077,-6.9062654965141554,-8.533748599939637,-10.096284723701293,-11.581982024412184,-12.979533448525357,-14.278302785838669,-15.468405617476808,-16.54078454228727,-17.487278109132156,-18.300682930459313,-18.974808504431206,-19.504524328381745,-19.885798945039515,-20.115730624351833,-20.192569447402597,-20.115730624351833,-19.88579894503951,-19.50452432838175,-18.974808504431206,-18.300682930459317,-17.48727810913215,-16.540784542287277,-15.468405617476812
19.050737197705853,18.97824339109377,18.76131369289879,18.401599069109917,17.901837165215806,17.26583147106958,16.498422374034444,15.605450320713093,14.593711367622584,13.470905459100615,12.245577826079789,10.92705395172044,9.525368598852928,8.051189439373333,6.515735866819007,4.930693610009302,3.3081257975932266,1.6603811503564927,1.1665212165283946e-15,-1.660381150356495,-3.3081257975932243,-4.930693610009303,-6.515735866819004,-8.051189439373331,-9.525368598852925,-10.927053951720433,-12.245577826079787,-13.470905459100614,-14.593711367622578,-15.60545032071309,-16.498422374034444,-17.26583147106958,-17.901837165215806,-18.401599069109917,-18.761313692898792,-18.97824339109377,-19.050737197705853,-18.97824339109377,-18.76131369289879,-18.40159906910992,-17.901837165215806,-17.26583147106959,-16.49842237403444,-15.605450320713093,-14.593711367622584
17.743251681676632,17.67573325219371,17.473691819762045,17.1386650416784,16.67320267401869,16.080847166454664,15.366106702072926,14.534420887379506,13.59211935360985,12.54637358441316,11.405142336531592,10.177111068855789,8.871625840838316,7.49862218333792,6.0685494832304565,4.592291457265241,3.0810833204088457,1.5464262790751608,1.0864608189215589e-15,-1.5464262790751628,-3.081083320408844,-4.592291457265243,-6.068549483230454,-7.498622183337918,-8.871625840838314,-10.177111068855783,-11.40514233653159,-12.546373584413157,-13.592119353609844,-14.534420887379506,-15.366106702072926,-16.080847166454664,-16.67320267401869,-17.1386650416784,-17.47369181976205,-17.67573325219371,-17.743251681676632,-17.67573325219371,-17.473691819762045,-17.138665041678404,-16.67320267401869,-16.080847166454667,-15.366106702072923,-14.534420887379508,-13.59211935360985
16.350212474455454,16.28799497972604,16.10181600824065,15.793092494390216,15.3641740105275,14.81832488530275,14.15969936015165,13.393309973009561,12.5249894098712,11.561346114528332,10.509713994322261,9.37809660468058,8.175106237227729,6.909898375045464,5.592102013918392,4.2317463798618835,2.839184600656303,1.4250149122931905,1.0011617686110498e-15,-1.425014912293192,-2.839184600656301,-4.231746379861885,-5.5921020139183915,-6.909898375045463,-8.175106237227721,-9.378096604680575,-10.509713994322258,-11.56134611452833,-12.524989409871196,-13.39330997300956,-14.15969936015165,-14.81832488530275,-15.364174010527497,-15.793092494390212,-16.10181600824065,-16.28799497972604,-16.350212474455454,-16.28799497972604,-16.10181600824065,-15.79309249439022,-15.3641740105275,-14.818324885302754,-14.15969936015165,-13.393309973009565,-12.5249894098712
14.855309945790502,14.798781006506074,14.629624408013848,14.349127534167906,13.959425135546846,13.463483082712926,12.865075794146207,12.168757510640882,11.379827634782899,10.504290399296428,9.54880917120735,8.520655739596767,7.427654972895253,6.2781252669093055,5.080815236806501,3.844837134871476,2.579597500763948,1.294725572072044,9.09625388772709e-16,-1.2947255720720456,-2.5795975007639456,-3.8448371348714785,-5.080815236806499,-6.278125266909304,-7.4276549728952475,-8.520655739596764,-9.548809171207349,-10.504290399296426,-11.379827634782899,-12.16875751064088,-12.865075794146207,-13.463483082712926,-13.959425135546844,-14.349127534167904,-14.629624408013848,-14.798781006506074,-14.855309945790502,-14.798781006506074,-14.629624408013848,-14.349127534167907,-13.959425135546846,-13.463483082712926,-12.865075794146206,-12.168757510640885,-11.379827634782899
13.259919764310876,13.20946176632844,13.058471788213161,12.808098954868731,12.460248754736153,12.017568537876125,11.483427368036583,10.86189038204326,10.157687851653856,9.376179183333749,8.52331212993669,7.605577524714235,6.629959882155439,5.603884241614206,4.535159658276475,3.4319197715349823,2.3025609030822967,1.1556781558328661,8.11935914815702e-16,-1.1556781558328675,-2.3025609030822953,-3.4319197715349845,-4.535159658276473,-5.603884241614205,-6.6299598821554335,-7.605577524714231,-8.523312129936688,-9.376179183333747,-10.157687851653852,-10.861890382043258,-11.483427368036583,-12.017568537876125,-12.460248754736147,-12.80809895486873,-13.058471788213161,-13.20946176632844,-13.259919764310876,-13.20946176632844,-13.058471788213161,-12.808098954868731,-12.460248754736153,-12.017568537876127,-11.483427368036581,-10.861890382043264,-10.157687851653856
11.620475520589649,11.576256102916327,11.44393438636526,11.224517419097447,10.919675096721381,10.531727453379167,10.063627004885838,9.518936278301197,8.901800698947815,8.216917041221217,7.469497683300764,6.665230937804379,5.810237760294826,4.911025165111946,3.974436703064498,3.007600377876231,2.017874397773567,1.0127911750779701,7.115489075430143e-16,-1.0127911750779715,-2.017874397773566,-3.0076003778762317,-3.9744367030644963,-4.911025165111946,-5.810237760294822,-6.665230937804375,-7.469497683300763,-8.216917041221215,-8.901800698947811,-9.518936278301197,-10.063627004885838,-10.531727453379167,-10.919675096721381,-11.224517419097447,-11.44393438636526,-11.576256102916327,-11.620475520589649,-11.576256102916327,-11.44393438636526,-11.22451741909745,-10.919675096721381,-10.531727453379169,-10.063627004885834,-9.5189362783012,-8.901800698947815
9.933129927757854,9.895331369488819,9.782223364533529,9.594666733106177,9.334088894421717,9.002473003173739,8.60234285652979,8.13674368651101,7.609218983937721,7.0237835303246205,6.384892842969299,5.697409265775274,4.966564963878928,4.197922103713543,3.3973305215642315,2.5708832027815585,1.7248699104839993,0.8657293166627275,6.082287885771719e-16,-0.8657293166627286,-1.7248699104839984,-2.5708832027815602,-3.3973305215642307,-4.197922103713543,-4.966564963878925,-5.6974092657752715,-6.384892842969298,-7.02378353032462,-7.609218983937719,-8.13674368651101,-8.60234285652979,-9.002473003173739,-9.334088894421717,-9.594666733106177,-9.78222336453353,-9.895331369488819,-9.933129927757854,-9.895331369488819,-9.782223364533529,-9.594666733106179,-9.334088894421717,-9.00247300317374,-8.602342856529788,-8.136743686511013,-7.609218983937721
