hough_viz/data/file_4_3_0.json
{"header": {"discipline": 0, "disciplineName": "Meteorological products", "gribEdition": 2, "gribLength": 133963, "center": 7, "centerName": "US National Weather Service - NCEP(WMC)", "subcenter": 0, "refTime": "2014-11-30T06:00:00.000Z", "significanceOfRT": 1, "significanceOfRTName": "Start of forecast", "productStatus": 0, "productStatusName": "Operational products", "productType": 1, "productTypeName": "Forecast products", "productDefinitionTemplate": 0, "productDefinitionTemplateName": "Analysis/forecast at horizontal level/layer at a point in time", "parameterCategory": 2, "parameterCategoryName": "Momentum", "parameterNumber": 2, "parameterNumberName": "U-component_of_wind", "parameterUnit": "m.s-1", "genProcessType": 2, "genProcessTypeName": "Forecast", "forecastTime": 6, "surface1Type": 100, "surface1TypeName": "Isobaric surface", "surface1Value": 85000, "surface2Type": 255, "surface2TypeName": "Missing", "surface2Value": 0, "gridDefinitionTemplate": 0, "gridDefinitionTemplateName": "Latitude_Longitude", "numberPoints": 65160, "shape": 6, "shapeName": "Earth spherical with radius of 6,371,229.0 m", "gridUnits": "degrees", "resolution": 48, "winds": "true", "scanMode": 0, "nx": 360, "ny": 181, "basicAngle": 0, "subDivisions": 0, "lo1": 0, "la1": 90, "lo2": 359, "la2": -90, "dx": 1, "dy": 1}, "data":
[rows 100 to 119 of 181, columns 45 to 89 of 360]
12.01998778447013,11.990707698349635,11.903010089624503,11.757322212229115,11.554353842857635,11.295093823003343,10.98080524142224,10.613019280491608,10.193527756443391,9.72437438981561,9.207844848651341,8.64645561295377,8.042941714648572,7.400243412783271,6.7214918688807685,6.00999389223507,5.269215829468877,4.502766676841235,3.7143804975805454,2.907898229903866,2.0872489743520015,1.256430851606628,0.41949152404822543,-0.41949152404822104,-1.256430851606624,-2.087248974351997,-2.907898229903861,-3.714380497580541,-4.50276667684123,-5.269215829468874,-6.009993892235065,-6.721491868880755,-7.400243412783275,-8.042941714648563,-8.646455612953767,-9.207844848651337,-9.724374389815608,-10.193527756443386,-10.613019280491608,-10.980805241422239,-11.295093823003343,-11.554353842857633,-11.757322212229111,-11.903010089624503,-11.990707698349635
12.77419575414199,12.743078455313736,12.649878159180956,12.495048928217956,12.279345074874605,12.003817486641912,11.669808506233817,11.278945391828392,10.833132389229617,10.334541454573168,9.785601672774517,9.188987423271344,8.547605350715786,7.864580204093816,7.143239613262353,6.387097877071001,5.599838842051392,4.785297955087142,3.9474435775021743,3.090357651603259,2.2182158138673955,1.3352670516606444,0.4458130025987889,-0.4458130025987843,-1.33526705166064,-2.2182158138673906,-3.0903576516032536,-3.9474435775021703,-4.785297955087138,-5.599838842051389,-6.387097877070995,-7.143239613262339,-7.864580204093821,-8.547605350715777,-9.188987423271342,-9.785601672774513,-10.334541454573166,-10.83313238922961,-11.278945391828396,-11.669808506233817,-12.003817486641912,-12.2793450748746,-12.495048928217953,-12.649878159180956,-12.743078455313736
13.380646747663043,13.34805216469469,13.250427213321455,13.088247512493206,12.862303185410127,12.573695010121927,12.223829056647816,11.81440983674471,11.347431999697317,10.825170614587272,10.250170086385301,9.625231759865954,8.95340027173746,8.237948717477698,7.48236270514211,6.690323373831528,5.865689459552592,5.012478495843759,4.134847240755751,3.237071425544173,2.323524923736626,1.3986584420605417,0.4669778370474057,-0.4669778370474009,-1.3986584420605368,-2.3235249237366205,-3.237071425544168,-4.134847240755746,-5.012478495843754,-5.865689459552588,-6.6903233738315215,-7.482362705142094,-8.237948717477703,-8.95340027173745,-9.625231759865951,-10.2501700863853,-10.82517061458727,-11.34743199969731,-11.814409836744716,-12.223829056647814,-12.573695010121927,-12.862303185410127,-13.088247512493204,-13.250427213321455,-13.34805216469469
13.888238209507284,13.854407159249336,13.753078829951663,13.584746883049116,13.350231414866332,13.050674961190891,12.687536930953792,12.26258649613583,11.777893972539584,11.235820733418885,10.639007705105723,9.990362500682597,9.293045254383877,8.550453225739432,7.766204248467753,6.944119104753649,6.088202910781596,5.2026256042122325,4.291701628665245,3.359868914183739,2.4116672560851713,1.451716197534902,0.4846925235962568,-0.4846925235962518,-1.451716197534897,-2.411667256085166,-3.3598689141837337,-4.29170162866524,-5.202625604212229,-6.088202910781591,-6.944119104753642,-7.766204248467736,-8.550453225739437,-9.293045254383868,-9.990362500682592,-10.639007705105719,-11.235820733418883,-11.777893972539577,-12.262586496135832,-12.687536930953788,-13.050674961190891,-13.350231414866332,-13.584746883049116,-13.753078829951663,-13.854407159249336
14.255120979376146,14.220396221130262,14.116391121924256,13.943612384146915,13.702901768441023,13.395431992730156,13.022701018854825,12.586524754652956,12.089028207039467,11.532635129186147,10.92005621223986,10.254275879107754,9.538537744648844,8.776328813108458,7.971362489784111,7.1275604896880775,6.249033731346161,5.340062308815801,4.405074639498076,3.4486258893332704,2.475375780490295,1.490065889668674,0.4974965476134997,-0.49749654761349466,-1.4900658896686692,-2.4753757804902894,-3.4486258893332646,-4.40507463949807,-5.340062308815796,-6.249033731346158,-7.127560489688073,-7.971362489784094,-8.776328813108464,-9.538537744648835,-10.25427587910775,-10.920056212239858,-11.532635129186147,-12.08902820703946,-12.586524754652958,-13.022701018854823,-13.395431992730156,-13.702901768441022,-13.943612384146915,-14.116391121924256,-14.220396221130262
14.447903606107262,14.412709239071884,14.30729760138421,14.132182247947119,13.888216323160023,13.576588404485111,13.198816711817447,12.756741710870216,12.252517146610826,11.688599550431864,11.067736272177115,10.392952095329276,9.667534500568891,8.895017649498895,8.079165166564602,7.223951803053637,6.333544072507293,5.412279951885317,4.464647747378233,3.495264227830746,2.5088521323079975,1.5102171613855793,0.504224564259402,-0.5042245642593968,-1.5102171613855746,-2.508852132307992,-3.4952642278307398,-4.464647747378229,-5.412279951885312,-6.333544072507288,-7.223951803053631,-8.079165166564586,-8.8950176494989,-9.66753450056888,-10.392952095329273,-11.06773627217711,-11.688599550431864,-12.252517146610817,-12.75674171087022,-13.198816711817445,-13.576588404485111,-13.88821632316002,-14.132182247947117,-14.30729760138421,-14.412709239071884
14.528715831944188,14.493324610388276,14.387323368194448,14.211228532759463,13.965898020420573,13.652527056773351,13.272642353652758,12.828094671146502,12.321049800877994,11.753978014487203,11.129642028715569,10.45108354572773,9.721608434244363,8.944770623682006,8.124354789766285,7.2643579159721,6.368969820622003,5.442552744512445,4.4896200985151085,3.5148144746928427,2.5228850280577877,1.5186643391655517,0.5070448702685195,-0.5070448702685143,-1.5186643391655466,-2.522885028057783,-3.514814474692837,-4.489620098515104,-5.442552744512439,-6.368969820622,-7.264357915972094,-8.124354789766269,-8.944770623682011,-9.721608434244352,-10.451083545727727,-11.129642028715564,-11.753978014487203,-12.321049800877983,-12.828094671146504,-13.272642353652758,-13.652527056773351,-13.965898020420573,-14.211228532759462,-14.387323368194448,-14.493324610388276
14.455625819386924,14.420412641428111,14.314944662615067,14.139735712338972,13.895639390993624,13.583844911320144,13.205871304682026,12.763560020497035,12.259065954880757,11.694846952209293,11.073651830748577,10.39850699068804,9.672701669823143,8.89977191871943,8.083483373429676,7.227812909693469,6.336929267998447,5.415172743895641,4.467034042515836,3.497132400305586,2.5101930805715655,1.5110243524727272,0.5044940656162916,-0.5044940656162863,-1.511024352472722,-2.510193080571561,-3.4971324003055795,-4.467034042515831,-5.415172743895637,-6.336929267998443,-7.227812909693462,-8.083483373429658,-8.899771918719436,-9.672701669823134,-10.398506990688036,-11.073651830748574,-11.694846952209293,-12.259065954880747,-12.763560020497039,-13.205871304682026,-13.583844911320144,-13.89563939099362,-14.139735712338972,-14.314944662615067,-14.420412641428111
14.193010083552219,14.158436624326878,14.054884685068888,13.882858760417312,13.643196943385066,13.33706684225401,12.965959892104763,12.531684088694908,12.036355180085415,11.482386358928736,10.872476505636802,10.209597039706914,9.496977443264688,8.7380895273517,7.936630517611159,7.096505041776116,6.2218061067157295,5.3167951577171895,4.38588131715263,3.4335999036781524,2.464590336617209,1.4835735331760216,0.4953289086095032,-0.49532890860949813,-1.4835735331760167,-2.4645903366172046,-3.433599903678147,-4.385881317152625,-5.316795157717184,-6.221806106715725,-7.096505041776109,-7.936630517611144,-8.738089527351708,-9.49697744326468,-10.209597039706912,-10.872476505636797,-11.482386358928736,-12.03635518008541,-12.53168408869491,-12.965959892104763,-13.33706684225401,-13.643196943385064,-13.882858760417312,-14.054884685068888,-14.158436624326878
13.81310124800921,13.7794532276131,13.678673096197857,13.511251844433344,13.278005131829042,12.980069312922877,12.618895901076158,12.196244496846372,11.714174215390164,11.175033654661245,10.581449453277276,9.936313493800517,9.242768813776706,8.504194293172041,7.724188192809675,6.906550624004611,6.055265034803437,5.174478803025816,4.268483030656643,3.341691638028525,2.3986198596456,1.4438622464149071,0.4820702814562188,-0.4820702814562138,-1.4438622464149022,-2.3986198596455957,-3.3416916380285198,-4.268483030656638,-5.174478803025812,-6.055265034803434,-6.906550624004605,-7.724188192809658,-8.504194293172043,-9.242768813776697,-9.936313493800514,-10.581449453277274,-11.175033654661245,-11.714174215390155,-12.196244496846372,-12.618895901076154,-12.980069312922877,-13.278005131829039,-13.511251844433344,-13.678673096197857,-13.7794532276131
13.27710093392157,13.244758583351297,13.147889100321414,12.986964423215955,12.762768560885686,12.476393773035793,12.129235248846388,11.722984309751059,11.259620169488898,10.741400291574035,10.170849391160413,9.550747134883261,8.884114598602707,8.174199549025827,7.424460620913774,6.63855046696079,5.820297962437533,4.973689551295586,4.102849824613252,3.2120214260024267,2.3055443818753796,1.3878349572723467,0.46336414026217726,-0.46336414026217254,-1.3878349572723419,-2.3055443818753747,-3.212021426002422,-4.102849824613249,-4.973689551295582,-5.820297962437529,-6.638550466960785,-7.424460620913759,-8.174199549025833,-8.884114598602697,-9.550747134883256,-10.170849391160411,-10.741400291574033,-11.259620169488887,-11.72298430975106,-12.129235248846385,-12.476393773035793,-12.762768560885686,-12.986964423215955,-13.147889100321414,-13.244758583351297
12.549660476750928,12.519090134573293,12.427528043674554,12.275420285357786,12.063507913331689,11.792823343371412,11.46468532349269,11.080692509144043,10.642715674718172,10.152888599327106,9.613597671244912,9.027470261663874,8.39736192440615,7.726342483952578,7.017681079566436,6.274830238375469,5.501409055006867,4.701185559721979,3.878058360951643,3.036037651667815,2.179225672126499,1.3117967241655801,0.4379768344258842,-0.4379768344258797,-1.311796724165576,-2.179225672126494,-3.0360376516678107,-3.878058360951639,-4.701185559721975,-5.501409055006864,-6.274830238375464,-7.017681079566421,-7.726342483952583,-8.397361924406141,-9.02747026166387,-9.61359767124491,-10.152888599327103,-10.642715674718161,-11.080692509144047,-11.464685323492688,-11.792823343371412,-12.063507913331684,-12.275420285357786,-12.427528043674554,-12.519090134573293
11.708539307546243,11.680017894262189,11.594592607868583,11.452679631773814,11.254970351732373,11.002427987482955,10.696282900038717,10.338026597492082,9.92940446853727,9.47240727911199,8.969261473585927,8.422418327747563,7.834542006434947,7.20849658399238,6.547332090788157,5.854269653773126,5.1326858034740415,4.3860960238762035,3.6181376253388704,2.8325520239848094,2.0331665138970276,1.2238756209267228,0.40862212895482103,-0.4086221289548168,-1.223875620926719,-2.033166513897023,-2.8325520239848045,-3.6181376253388655,-4.3860960238762,-5.132685803474037,-5.854269653773121,-6.547332090788146,-7.208496583992384,-7.834542006434939,-8.422418327747561,-8.969261473585926,-9.472407279111989,-9.929404468537264,-10.338026597492082,-10.696282900038717,-11.002427987482955,-11.254970351732368,-11.452679631773814,-11.594592607868583,-11.680017894262189
10.720891775213076,10.694776221678794,10.616556793427637,10.486614567651461,10.305582609812497,10.074342889412065,9.794021983123828,9.465985586225452,9.091831859068536,8.673383641001978,8.212679569681935,7.7119641490340625,7.173676814256024,6.600440047134397,5.995046599577055,5.360445887606543,4.6997296221017475,4.016116746293243,3.312937753395441,2.5936184607784356,1.8616633197301327,1.1206383421218469,0.37415372715692574,-0.37415372715692186,-1.120638342121843,-1.8616633197301289,-2.593618460778431,-3.312937753395438,-4.01611674629324,-4.699729622101745,-5.360445887606538,-5.9950465995770434,-6.600440047134401,-7.1736768142560186,-7.711964149034059,-8.212679569681931,-8.673383641001976,-9.091831859068527,-9.465985586225454,-9.794021983123828,-10.074342889412065,-10.305582609812495,-10.486614567651461,-10.616556793427637,-10.694776221678794
9.555242843267555,9.531966751946182,9.462251876759272,9.346437861571028,9.185088940621853,8.978991189635884,8.729148696139047,8.436778667645576,8.103305501545366,7.730353845583045,7.319740682737495,6.873466479063407,6.393705437621762,5.88279490598104,5.343223988894863,4.777621421633781,4.188742763051326,3.5794569707782347,2.952732423949268,2.3116224615584464,1.6592505068983887,0.998794850556,0.33347316610021843,-0.33347316610021493,-0.9987948505559967,-1.6592505068983854,-2.3116224615584424,-2.9527324239492647,-3.579456970778232,-4.188742763051322,-4.777621421633778,-5.343223988894853,-5.882794905981042,-6.3937054376217555,-6.8734664790634055,-7.319740682737493,-7.730353845583043,-8.103305501545359,-8.436778667645576,-8.729148696139045,-8.978991189635884,-9.185088940621851,-9.346437861571024,-9.462251876759272,-9.531966751946182
8.288976316659301,8.268784786954413,8.208308568942819,8.107842296679632,7.9678754317444795,7.789089878633904,7.572356662591203,7.318731686058984,7.029450584428624,6.705922706148829,6.349724246521672,5.962590568637509,5.546407748860455,5.103203388053905,4.635136733312975,4.144488158329654,3.6336480536414433,3.105105180888917,2.5614345478191805,2.0052848631069704,1.4393656321122321,0.8664339564423701,0.28928110163036547,-0.28928110163036247,-0.8664339564423674,-1.439365632112229,-2.005284863106967,-2.561434547819178,-3.1051051808889136,-3.63364805364144,-4.144488158329651,-4.635136733312966,-5.103203388053907,-5.5464077488604495,-5.9625905686375065,-6.34972424652167,-6.7059227061488285,-7.029450584428619,-7.318731686058984,-7.5723566625912015,-7.789089878633904,-7.967875431744476,-8.10784229667963,-8.208308568942819,-8.268784786954413
6.897326775189357,6.880525233823428,6.830202465146288,6.746603636628506,6.630136033359297,6.481367073794505,6.3010215453509275,6.089978073314867,5.849264840268076,5.580054576885542,5.283658848509548,4.961521665335143,4.615212447337644,4.246418378216244,3.856936185604663,3.448663387594681,3.0235890482187697,2.583784086930045,2.1313911892908646,1.668614368024153,1.1977082252849571,0.7209669684653826,0.24071323304679726,-0.2407132330467947,-0.7209669684653802,-1.1977082252849547,-1.6686143680241503,-2.131391189290862,-2.5837840869300424,-3.023589048218767,-3.4486633875946784,-3.8569361856046553,-4.246418378216245,-4.6152124473376395,-4.961521665335142,-5.283658848509546,-5.580054576885542,-5.849264840268072,-6.089978073314867,-6.301021545350927,-6.481367073794505,-6.630136033359294,-6.746603636628506,-6.830202465146288,-6.880525233823428
5.357095661552838,5.344046045767982,5.304960774829772,5.240030268249388,5.149570860928091,5.034023262005406,4.89395040776848,4.730034719083079,4.5430747767077335,4.333981430688548,4.103773362789338,3.8535721235764715,3.5845966683372605,3.2981574184523033,2.9956498771542757,2.6785478307764214,2.3483961686137103,2.006803356377471,1.655433599912129,1.295998737351619,0.9302498992160689,0.5599689770799309,0.18695994237534913,-0.1869599423753472,-0.559968977079929,-0.9302498992160669,-1.2959987373516166,-1.6554335999121277,-2.00680335637747,-2.348396168613709,-2.678547830776419,-2.995649877154269,-3.2981574184523046,-3.584596668337257,-3.8535721235764706,-4.103773362789336,-4.333981430688547,-4.54307477670773,-4.730034719083079,-4.893950407768479,-5.034023262005406,-5.1495708609280895,-5.240030268249388,-5.304960774829772,-5.344046045767982
3.7384159646977846,3.7293093712999106,3.70203395751393,3.656722606414094,3.5935960703482794,3.512961895454742,3.415212923328244,3.3008253771352924,3.1703565415027453,3.0244420474831215,2.8637927758240123,2.6891913936285303,2.5014885412798655,2.301598688206832,2.0904956776807495,1.869207982348894,1.6388136936191644,1.4004352693070987,1.1552340651342294,0.9044046767197489,0.6491691196307298,0.39077087584512127,0.13046883563254985,-0.13046883563254852,-0.39077087584512005,-0.6491691196307283,-0.9044046767197476,-1.1552340651342283,-1.4004352693070976,-1.638813693619163,-1.8692079823488923,-2.090495677680745,-2.301598688206833,-2.5014885412798638,-2.6891913936285294,-2.8637927758240114,-3.024442047483121,-3.170356541502743,-3.300825377135293,-3.415212923328244,-3.512961895454742,-3.5935960703482785,-3.656722606414094,-3.70203395751393,-3.7293093712999106
2.02579356466586,2.020858833358363,2.0060786809507625,1.9815251148598947,1.947317757591637,1.9036232639520898,1.8506545091221092,1.7886695515508257,1.717970375720822,1.6389014209100847,1.551847903118468,1.457233938334064,1.3555204762827402,1.2472030547274073,1.1328093852578573,1.0128967823329307,0.8880494481005069,0.7588756262233554,0.626004638577155,0.4900838192575731,0.3517753608336214,0.21175308821202382,0.07069917583000523,-0.0706991758300045,-0.21175308821202318,-0.3517753608336206,-0.4900838192575723,-0.6260046385771543,-0.7588756262233547,-0.8880494481005061,-1.01289678233293,-1.1328093852578551,-1.2472030547274082,-1.3555204762827386,-1.4572339383340633,-1.551847903118468,-1.6389014209100845,-1.7179703757208207,-1.7886695515508257,-1.8506545091221087,-1.9036232639520898,-1.947317757591636,-1.9815251148598942,-2.0060786809507625,-2.020858833358363
