hough_viz/data/file_4_1_1.json
{"header": {"discipline": 0, "disciplineName": "Meteorological products", "gribEdition": 2, "gribLength": 133963, "center": 7, "centerName": "US National Weather Service - NCEP(WMC)", "subcenter": 0, "refTime": "2014-11-30T06:00:00.000Z", "significanceOfRT": 1, "significanceOfRTName": "Start of forecast", "productStatus": 0, "productStatusName": "Operational products", "productType": 1, "productTypeName": "Forecast products", "productDefinitionTemplate": 0, "productDefinitionTemplateName": "Analysis/forecast at horizontal level/layer at a point in time", "parameterCategory": 2, "parameterCategoryName": "Momentum", "parameterNumber": 2, "parameterNumberName": "U-component_of_wind", "parameterUnit": "m.s-1", "genProcessType": 2, "genProcessTypeName": "Forecast", "forecastTime": 6, "surface1Type": 100, "surface1TypeName": "Isobaric surface", "surface1Value": 85000, "surface2Type": 255, "surface2TypeName": "Missing", "surface2Value": 0, "gridDefinitionTemplate": 0, "gridDefinitionTemplateName": "Latitude_Longitude", "numberPoints": 65160, "shape": 6, "shapeName": "Earth spherical with radius of 6,371,229.0 m", "gridUnits": "degrees", "resolution": 48, "winds": "true", "scanMode": 0, "nx": 360, "ny": 181, "basicAngle": 0, "subDivisions": 0, "lo1": 0, "la1": 90, "lo2": 359, "la2": -90, "dx": 1, "dy": 1}, "data":
[rows 38 to 56 of 181, columns 0 to 42 of 360]
10.423121175647346,10.397730976327708,10.321684076867664,10.195350970117177,10.019347138273373,9.794530054313153,9.521995004471039,9.203069752114732,8.839308069015463,8.432482165528084,7.984574056560401,7.497765905395729,6.974429392412766,6.417114160497156,5.828535393437665,5.211560587823674,4.569195582890044,3.9045699163705088,3.2209215777044116,2.521581232877645,1.809955997752755,1.0895128389429545,0.36376168309927376,-0.3637616830992701,-1.0895128389429534,-1.809955997752754,-2.521581232877644,-3.2209215777044107,-3.9045699163705088,-4.569195582890046,-5.211560587823672,-5.828535393437662,-6.417114160497154,-6.974429392412764,-7.49776590539573,-7.9845740565603975,-8.432482165528084,-8.839308069015463,-9.203069752114732,-9.521995004471039,-9.794530054313153,-10.019347138273371,-10.195350970117177
10.775521359659676,10.749272731203355,10.670654726513726,10.540050364606987,10.358095936806038,10.125677906793134,9.843928591847918,9.514220646311463,9.13816037415229,8.717579903214919,8.25452825927715,7.751261383402461,7.210231141221907,6.634073377691219,6.025595075519144,5.387760679829839,4.723677655684211,4.036581348822507,3.32981922338508,2.6068345534035795,1.8711496475159868,1.1263486886330014,0.37606027215917276,-0.3760602721591691,-1.1263486886330005,-1.871149647515986,-2.606834553403578,-3.329819223385079,-4.036581348822509,-4.723677655684212,-5.387760679829835,-6.025595075519142,-6.634073377691218,-7.210231141221907,-7.751261383402463,-8.254528259277146,-8.717579903214917,-9.13816037415229,-9.514220646311461,-9.843928591847918,-10.125677906793134,-10.358095936806036,-10.540050364606987
11.10266164148438,11.075616115743546,10.99461130160385,10.860041846377204,10.672563358922595,10.433089215585634,10.142786110320799,9.803068370675778,9.415591067329807,8.982241950755716,8.505132254289341,7.986586408412976,7.429130716363681,6.835481046237868,6.20852959955494,5.551330820742191,4.867086516188609,4.159130255365981,3.4309111300135235,2.6859769505096214,1.9279569612962928,1.1605441595650847,0.38747730334596936,-0.38747730334596553,-1.160544159565084,-1.927956961296292,-2.6859769505096205,-3.4309111300135218,-4.159130255365982,-4.86708651618861,-5.551330820742189,-6.208529599554938,-6.835481046237867,-7.429130716363679,-7.986586408412978,-8.50513225428934,-8.982241950755713,-9.415591067329807,-9.803068370675776,-10.142786110320795,-10.433089215585632,-10.672563358922591,-10.860041846377204
11.373437020547142,11.345731899592034,11.2627515132911,11.124900133745232,10.932849359018807,10.687534841181419,10.390151727905037,10.042148839824705,9.645221612030017,9.201303834075809,8.712558228753805,8.181365915524603,7.610314809942997,7.002187015593513,6.359945269961437,5.686718510273572,4.985786629630599,4.260564497697584,3.5145853238022355,2.7514834434942035,1.974976612427614,1.1888478938292317,0.3969272277946887,-0.3969272277946848,-1.1888478938292306,-1.9749766124276127,-2.7514834434942026,-3.5145853238022338,-4.260564497697586,-4.985786629630599,-5.686718510273567,-6.359945269961434,-7.0021870155935115,-7.610314809942995,-8.181365915524607,-8.712558228753801,-9.201303834075805,-9.645221612030017,-10.042148839824703,-10.390151727905037,-10.687534841181417,-10.932849359018805,-11.124900133745232
11.606899102767994,11.578625279914359,11.493941558576328,11.353260509331875,11.157267516111713,10.906917437077666,10.60342995264968,10.248283623345442,9.843208686382127,9.390178626134638,8.891400559518075,8.349304483135997,7.766531434581237,7.145920625566203,6.490495609568842,5.8034495513839985,5.08812967034552,4.3480209330101225,3.5867290747506395,2.807963032975718,2.015516877559592,1.213251326515044,0.4050749369633144,-0.4050749369633104,-1.2132513265150429,-2.0155168775595906,-2.8079630329757164,-3.5867290747506386,-4.348020933010125,-5.08812967034552,-5.803449551383995,-6.490495609568839,-7.145920625566203,-7.7665314345812355,-8.349304483136,-8.891400559518072,-9.390178626134634,-9.843208686382127,-10.248283623345436,-10.60342995264968,-10.906917437077666,-11.157267516111713,-11.353260509331875
11.80535620282695,11.776598948451989,11.69046728777976,11.54738084560313,11.348036724685388,11.093406109545636,10.784729534945463,10.423510842128255,10.011509852255848,9.550733792736702,9.043427518215744,8.492062573868196,7.8993251542799054,7.268103016577352,6.601471411565194,5.902678101413476,5.175127536886799,4.422364271202409,3.648055691323227,2.8559741508171927,2.0499785913298934,1.2339957422087617,0.4120009898724098,-0.41200098987240574,-1.23399574220876,-2.049978591329892,-2.855974150817192,-3.648055691323225,-4.422364271202411,-5.175127536886801,-5.902678101413471,-6.601471411565192,-7.26810301657735,-7.8993251542799054,-8.492062573868196,-9.043427518215742,-9.5507337927367,-10.011509852255848,-10.423510842128255,-10.784729534945463,-11.093406109545636,-11.348036724685386,-11.54738084560313
11.930731155071578,11.901668493614274,11.814622099607618,11.67001605433333,11.468554863908246,11.211220027001302,10.899265253070702,10.534210354417457,10.117833841812608,9.652164259771554,9.13947030368905,8.582249766983315,7.9832173720975685,7.345291544645162,6.671580195133375,5.96536557753579,5.230088298480903,4.469330554962452,3.6867986822357643,2.8863050969249318,2.0717497233122515,1.2471009932991481,0.4163765126048475,-0.4163765126048434,-1.2471009932991468,-2.0717497233122497,-2.88630509692493,-3.686798682235763,-4.469330554962454,-5.230088298480904,-5.965365577535787,-6.671580195133371,-7.345291544645162,-7.983217372097567,-8.582249766983315,-9.139470303689045,-9.652164259771553,-10.117833841812608,-10.534210354417453,-10.899265253070702,-11.2112200270013,-11.468554863908242,-11.67001605433333
12.008192981783992,11.978941627210036,11.891330073147316,11.745785154280538,11.543015950824302,11.284010333955553,10.970030153004526,10.60260508785164,10.18352519648087,9.714832193997225,9.198809505595943,8.63797114194449,8.035049451175313,7.39298180716035,6.714896298920838,6.004096490891998,5.2640453282892015,4.498348265986963,3.710735703105228,2.905044808879812,2.0852008283596137,1.2551979590073021,0.4190798913707671,-0.4190798913707629,-1.2551979590073008,-2.0852008283596124,-2.905044808879811,-3.7107357031052266,-4.498348265986965,-5.2640453282892015,-6.004096490891994,-6.714896298920835,-7.392981807160348,-8.03504945117531,-8.63797114194449,-9.19880950559594,-9.714832193997223,-10.18352519648087,-10.602605087851636,-10.970030153004526,-11.284010333955553,-11.543015950824298,-11.745785154280538
12.041813218073012,12.012479966293203,11.924623119607874,11.778670707742743,11.575333796177327,11.315603021905423,11.00074376715123,10.632289994554375,10.212036773858102,9.742031536509943,9.22456410078149,8.66215551600397,8.05754578026931,7.413680491434843,6.733696496466665,6.020906609036507,5.278783469826537,4.510942628173031,3.7211249274734355,2.91317828017336,2.0910389211239333,1.2587122306412886,0.42025322069627297,-0.4202532206962688,-1.2587122306412872,-2.091038921123932,-2.913178280173358,-3.7211249274734337,-4.510942628173032,-5.2787834698265375,-6.020906609036503,-6.733696496466664,-7.413680491434842,-8.05754578026931,-8.662155516003972,-9.224564100781487,-9.742031536509943,-10.212036773858102,-10.632289994554373,-11.000743767151228,-11.315603021905421,-11.575333796177324,-11.778670707742743
11.988362480764492,11.959159432294339,11.871692561200552,11.72638799728696,11.523953649782984,11.265375758481037,10.951914088875384,10.585095794711282,10.166707977845453,9.698788981665476,9.183618460485684,8.623706273300506,8.021780256003732,7.380772931646236,6.703807223478462,5.994181240382247,5.2553522088158795,4.490919629554316,3.7046077412832314,2.9002473764824828,2.0817572979953547,1.2531251072099057,0.418387816865828,-0.4183878168658238,-1.2531251072099043,-2.0817572979953534,-2.900247376482481,-3.70460774128323,-4.490919629554319,-5.25535220881588,-5.994181240382241,-6.703807223478458,-7.380772931646233,-8.02178025600373,-8.623706273300506,-9.183618460485683,-9.698788981665476,-10.166707977845453,-10.585095794711277,-10.951914088875379,-11.265375758481035,-11.523953649782984,-11.72638799728696
11.877794523713865,11.848860813229962,11.762200643907331,11.618236215379854,11.417668907872066,11.161475865145194,10.85090523395096,10.487470083186103,10.072941032372764,9.6093376253782,9.098918491400035,8.544170341151856,7.947795851858586,7.312700500084703,6.641978406544492,5.9388972618569325,5.206882406685471,4.449500143822625,3.670440363521269,2.873498566720213,2.062557373745158,1.24156760857276,0.4145290508133374,-0.4145290508133333,-1.2415676085727585,-2.0625573737451566,-2.873498566720211,-3.670440363521268,-4.449500143822627,-5.206882406685472,-5.938897261856929,-6.6419784065444905,-7.312700500084701,-7.947795851858584,-8.544170341151856,-9.098918491400033,-9.609337625378199,-10.072941032372764,-10.487470083186098,-10.850905233950959,-11.161475865145192,-11.417668907872065,-11.618236215379854
11.71626321909675,11.68772299075236,11.602241350842831,11.46023475732522,11.262395052048689,11.009686090170568,10.703339044350912,10.34484640660306,9.935954717022556,9.4786560548194,8.975178333108335,8.427974444740137,7.839710312054196,7.213251898772852,6.551651247314232,5.8581316095483755,5.136071743438129,4.388989452069979,3.6205244452710232,2.834420607308553,2.0345077570622343,1.2246829895315137,0.40889168958050165,-0.4088916895804976,-1.2246829895315123,-2.034507757062233,-2.834420607308551,-3.620524445271023,-4.388989452069981,-5.136071743438131,-5.858131609548372,-6.551651247314228,-7.21325189877285,-7.839710312054196,-8.427974444740139,-8.975178333108332,-9.478656054819398,-9.935954717022556,-10.344846406603056,-10.70333904435091,-11.009686090170566,-11.262395052048685,-11.46023475732522
11.457723543859352,11.429813105169684,11.346217765952423,11.207344794297263,11.013870765362647,10.766738265169602,10.467151298417395,10.11656942269367,9.716700637656583,9.269493063832167,8.777125451566942,8.241996566375251,7.666713502394775,7.054078980885981,6.407077695655849,5.728861771929679,5.022735409513838,4.2921387850664425,3.5406312919024883,2.7718741989873994,1.9896128136026607,1.1976582345852305,0.39986878503708845,-0.3998687850370845,-1.1976582345852291,-1.9896128136026594,-2.7718741989873976,-3.540631291902488,-4.292138785066443,-5.022735409513838,-5.728861771929673,-6.407077695655845,-7.054078980885978,-7.666713502394775,-8.241996566375253,-8.77712545156694,-9.269493063832163,-9.716700637656583,-10.116569422693667,-10.467151298417393,-10.766738265169602,-11.013870765362647,-11.207344794297263
11.135255249183743,11.108130327052704,11.02688771055362,10.891923205547595,10.703894345536433,10.463717188225516,10.172561852582737,9.831846818136519,9.443232014286123,9.008610733292489,8.530100406348641,8.010032287667752,7.45094009684698,6.855547674840245,6.2267557136789335,5.567627624591873,4.881374613373772,4.171340035713374,3.4409831087006175,2.693862057868684,1.9336167818768786,1.1639511192902483,0.38861480385039593,-0.38861480385039204,-1.163951119290247,-1.933616781876877,-2.6938620578686825,-3.440983108700616,-4.171340035713376,-4.881374613373772,-5.56762762459187,-6.226755713678932,-6.855547674840244,-7.450940096846978,-8.010032287667753,-8.530100406348637,-9.008610733292487,-9.443232014286123,-9.831846818136514,-10.172561852582737,-10.463717188225516,-10.703894345536431,-10.891923205547595
10.75719819127886,10.730994197139793,10.652509877948031,10.522127601417452,10.340482576893333,10.108459760676269,9.827189544604005,9.498042248896072,9.122621446091387,8.702756148604045,8.240491897958695,7.738080799117835,7.1979705484528385,6.622792508813246,6.015348889791492,5.378599095639431,4.715645307348304,4.029717369134785,3.3241570529646145,2.6024017777755004,1.867967862717574,1.1244333959999602,0.37542080280468715,-0.37542080280468343,-1.124433395999959,-1.8679678627175726,-2.6024017777754995,-3.324157052964613,-4.029717369134785,-4.715645307348304,-5.378599095639427,-6.015348889791491,-6.622792508813244,-7.197970548452837,-7.738080799117835,-8.240491897958691,-8.702756148604044,-9.122621446091387,-9.49804224889607,-9.827189544604003,-10.108459760676263,-10.340482576893331,-10.522127601417452
10.277398556337927,10.252363329994932,10.177379620072161,10.05281273966702,9.879269566099426,9.657595584266497,9.388870767525137,9.074404316170382,8.71572827914318,8.314590090041932,7.872944053801675,7.392941825516866,6.876921927794051,6.327398357704798,5.747048338844667,5.138699278168964,4.505314991150266,3.8499812623673617,3.17589081187297,2.4863277405825612,1.7846515304648225,1.0742806774832034,0.3586760370272048,-0.3586760370272012,-1.074280677483202,-1.784651530464821,-2.4863277405825603,-3.175890811872969,-3.8499812623673626,-4.505314991150266,-5.138699278168961,-5.747048338844666,-6.327398357704797,-6.876921927794051,-7.392941825516866,-7.872944053801675,-8.314590090041932,-8.71572827914318,-9.07440431617038,-9.388870767525136,-9.657595584266495,-9.879269566099422,-10.05281273966702
9.730219024367784,9.706516699863522,9.635525201693172,9.51759039329978,9.353286841215075,9.143415015829069,8.88899739157881,8.591273465555672,8.251693718800137,7.87191254970396,7.453780213947507,6.999333810240068,6.510787355779716,5.990520999784057,5.441069427642519,4.865109512183893,4.265447272221004,3.6450042019091144,3.0068030375200663,2.3539530309750054,1.6896348018815635,1.0170848418748508,0.33957974675553676,-0.33957974675553343,-1.0170848418748497,-1.6896348018815626,-2.3539530309750045,-3.006803037520066,-3.6450042019091153,-4.265447272221005,-4.865109512183891,-5.4410694276425176,-5.990520999784057,-6.510787355779714,-6.999333810240068,-7.453780213947505,-7.871912549703958,-8.251693718800137,-8.59127346555567,-8.888997391578808,-9.143415015829069,-9.35328684121507,-9.51759039329978
9.126003738074882,9.103773251640275,9.037190097031765,8.926578660685689,8.772477830401298,8.57563836993358,8.337019261347704,8.057783032954786,7.73929009559083,7.383092114831877,6.990924451435285,6.564697706836569,6.106488414891253,5.618528925210655,5.103196527378982,4.563001869037442,4.000576724261292,3.4186611718211095,2.8200902457944346,2.2077801235647305,1.5847139184982983,0.9539271465158282,0.31849293736395684,-0.31849293736395373,-0.9539271465158273,-1.5847139184982972,-2.207780123564729,-2.820090245794434,-3.418661171821111,-4.000576724261294,-4.563001869037438,-5.103196527378981,-5.6185289252106525,-6.106488414891253,-6.56469770683657,-6.990924451435283,-7.383092114831876,-7.73929009559083,-8.057783032954784,-8.337019261347702,-8.57563836993358,-8.772477830401295,-8.926578660685689
8.421373841228156,8.400859797807694,8.339417609903787,8.237346617679755,8.095144100749573,7.913502855481579,7.693307819764204,7.435631761677537,7.141730053075066,6.813034553538209,6.451146634500353,6.057829377526202,5.634998984755625,5.184715443359433,4.70917248948897,4.21068692061408,3.6916873083187247,3.1547021665443524,2.602347632924131,2.037314723223372,1.462356220981227,0.8802732662259949,0.29390170860247095,-0.29390170860246795,-0.8802732662259939,-1.4623562209812264,-2.0373147232233713,-2.60234763292413,-3.1547021665443538,-3.6916873083187256,-4.2106869206140765,-4.709172489488967,-5.184715443359432,-5.634998984755623,-6.057829377526203,-6.4511466345003505,-6.813034553538208,-7.141730053075066,-7.435631761677534,-7.693307819764204,-7.913502855481577,-8.09514410074957,-8.237346617679755
