hough_viz/data/file_1_1_1.json
{"header": {"discipline": 0, "disciplineName": "Meteorological products", "gribEdition": 2, "gribLength": 133963, "center": 7, "centerName": "US National Weather Service - NCEP(WMC)", "subcenter": 0, "refTime": "2014-11-30T06:00:00.000Z", "significanceOfRT": 1, "significanceOfRTName": "Start of forecast", "productStatus": 0, "productStatusName": "Operational products", "productType": 1, "productTypeName": "Forecast products", "productDefinitionTemplate": 0, "productDefinitionTemplateName": "Analysis/forecast at horizontal level/layer at a point in time", "parameterCategory": 2, "parameterCategoryName": "Momentum", "parameterNumber": 3, "parameterNumberName": "V-component_of_wind", "parameterUnit": "m.s-1", "genProcessType": 2, "genProcessTypeName": "Forecast", "forecastTime": 6, "surface1Type": 100, "surface1TypeName": "Isobaric surface", "surface1Value": 85000, "surface2Type": 255, "surface2TypeName": "Missing", "surface2Value": 0, "gridDefinitionTemplate": 0, "gridDefinitionTemplateName": "Latitude_Longitude", "numberPoints": 65160, "shape": 6, "shapeName": "Earth spherical with radius of 6,371,229.0 m", "gridUnits": "degrees", "resolution": 48, "winds": "true", "scanMode": 0, "nx": 360, "ny": 181, "basicAngle": 0, "subDivisions": 0, "lo1": 0, "la1": 90, "lo2": 359, "la2": -90, "dx": 1, "dy": 1}, "data":
[rows 20 to 39 of 181, columns 88 to 131 of 360]
-13.783631120716938,-13.789932261076682,-13.79203285448363,-13.789932261076682,-13.783631120716938,-13.773131352792785,-13.758436155635255,-13.739550005543757,-13.71647865542256,-13.689229133028407,-13.657809738829792,-13.622230043478558,-13.582500884894573,-13.53863436496441,-13.490643845854983,-13.438543945943307,-13.3823505353636,-13.32208073117308,-13.257752892137951,-13.189386613141135,-13.117002719213508,-13.040623259190342,-12.960271498995075,-12.875971914552245,-12.787750184331903,-12.695633181527697,-12.599648965871035,-12.499826775083832,-12.396197015972394,-12.288791255165235,-12.177642209497558,-12.0627837360454,-11.944250821812433,-11.822079573072584,-11.696307204371722,-11.566972027191735,-11.434113438280495,-11.297771907651208,-11.157988966254875,-11.014807193329553,-10.868270203430315,-10.718422633143815,-10.565310127491562,-10.40897932602602
-13.813722615963666,-13.820037512548716,-13.822142691829734,-13.820037512548716,-13.813722615963666,-13.80319992565326,-13.788472646930897,-13.769545265868347,-13.746423547929234,-13.719114536212823,-13.687626549308641,-13.651969178762519,-13.612153286154951,-13.568190999792533,-13.520095711013557,-13.467882070108901,-13.411565981859388,-13.351164600691042,-13.286696325449688,-13.218180793796487,-13.145638876226103,-13.069092669709356,-12.988565490962271,-12.904081869343582,-12.815667539382842,-12.723349432941449,-12.627155671008925,-12.52711555513701,-12.423259558514104,-12.315619316682863,-12.204227617903673,-12.08911839316706,-11.970326705857975,-11.847888741075119,-11.721841794608663,-11.592224261579535,-11.459075624743933,-11.322436442466474,-11.182348336365738,-11.038853978635897,-10.891997079048393,-10.741822371637465,-10.58837560107376,-10.431703508730072
-13.843676666296115,-13.85000525627399,-13.852115000482787,-13.85000525627399,-13.843676666296115,-13.83313115829898,-13.818371944546477,-13.799403520838089,-13.776231665139433,-13.74886343582222,-13.717307169514227,-13.681572478559861,-13.641670248092156,-13.597612632717054,-13.549413052810998,-13.497086190432944,-13.44064798485207,-13.380115627692536,-13.315507557696709,-13.246843455108596,-13.174144235679,-13.097432044294417,-13.016730248231465,-12.932063430039008,-12.843457380050047,-12.750939088525758,-12.654536737433984,-12.554279691864739,-12.45019849108531,-12.34232483923772,-12.230691595681314,-12.115332764983489,-11.996283486561587,-11.87358002397907,-11.747259753899298,-11.617361154700228,-11.483923794753533,-11.346988320371686,-11.20659644342671,-11.062790928644326,-10.91561558057742,-10.765115230262728,-10.611335721564881,-10.454323897211925
-13.872848702788394,-13.87919062866411,-13.881304818623597,-13.87919062866411,-13.872848702788394,-13.862280972808506,-13.847490657757367,-13.828482262908226,-13.805261578402286,-13.777835677484992,-13.746212914351442,-13.710402921601627,-13.67041660730624,-13.626266151683964,-13.577965003391288,-13.52552787542587,-13.468970740644874,-13.40831082689942,-13.343566611786878,-13.274757817022346,-13.201905402431287,-13.125031559564917,-13.044159704940466,-12.959314472908279,-12.870521708147946,-12.777808457795768,-12.681202963205935,-12.580734651347937,-12.476434125842824,-12.368333157641054,-12.25646467534473,-12.140862755177256,-12.021562610603377,-11.898600581602814,-11.772014123600764,-11.641841796058605,-11.508123250728314,-11.370899219574156,-11.230211502365337,-11.0861029539434,-10.938617471168202,-10.78779997954652,-10.6336964195473,-10.476353732607754
-13.901330454397621,-13.907685400609783,-13.909803931122138,-13.907685400609783,-13.901330454397621,-13.890741028263845,-13.875920347850224,-13.856872927679593,-13.833604569780652,-13.806122361920613,-13.774434675446225,-13.738551162733748,-13.698482754248772,-13.654241655216667,-13.605841341904778,-13.553296557517399,-13.496623307704867,-13.43583885568808,-13.370961716999963,-13.30201165384543,-13.229009669081655,-13.151977999820382,-13.070940110654295,-12.98592068650946,-12.896945625126076,-12.80404202916976,-12.707238197975824,-12.606563618929,-12.502048958481325,-12.393726052810832,-12.281627898123933,-12.165788640604463,-12.046243566012423,-11.923029088935595,-11.7961827416973,-11.665743162923695,-11.531750085774075,-11.394244325837757,-11.253267768701262,-11.108863357189568,-10.961075078285303,-10.809947949729871,-10.65552800631063,-10.497862285838252
-13.92907089256848,-13.935438520228148,-13.937561278318931,-13.935438520228148,-13.92907089256848,-13.918460334980997,-13.903610079544324,-13.88452464979013,-13.861209859325198,-13.833672810060559,-13.80192189004818,-13.765966770925871,-13.725818404971225,-13.681489021765433,-13.632992124468057,-13.580342485703802,-13.523556143062672,-13.462650394214736,-13.3976437916411,-13.328556136982638,-13.255408475008231,-13.178223087204307,-13.097023484987712,-13.01183440254387,-12.922681789292549,-12.829592801983374,-12.732595796423663,-12.631720318840932,-12.52699709688286,-12.418458030257337,-12.306136181015491,-12.190065763480685,-12.070282133826511,-11.94682177930692,-11.819722307141895,-11.689022433061885,-11.55476196951467,-11.416981813538051,-11.275723934302231,-11.131031360325638,-10.982948166367969,-10.831519460004616,-10.676791367886459,-10.518811021689242
-13.954821023011736,-13.961200422256466,-13.963327104607389,-13.961200422256466,-13.954821023011736,-13.94419085010001,-13.929313141574932,-13.910192429330644,-13.886834537721324,-13.85924658178703,-13.827436965086385,-13.791415377136781,-13.751192790462865,-13.706781457254175,-13.658194905633035,-13.605447935533732,-13.548556614194332,-13.487538271262437,-13.422411493516396,-13.35319611920361,-13.279913231997602,-13.202585154575711,-13.12123544181943,-13.035888873639303,-12.946571447426779,-12.853310370135114,-12.756134049991894,-12.655072087845598,-12.550155268148906,-12.441415549581459,-12.328886055314907,-12.212601062923301,-12.092595993941814,-11.968907403076958,-11.841572967071718,-11.710631473228814,-11.576122807595732,-11.438087942815034,-11.29656892564371,-11.151608864145311,-11.003251914558838,-10.851543267848294,-10.696529135937102,-10.538256737631498
-13.979218017316168,-13.985608569564349,-13.987738969960606,-13.985608569564349,-13.979218017316168,-13.968569259840182,-13.953665540851086,-13.934511400166052,-13.911112672321885,-13.883476484797752,-13.851611255844094,-13.815526691918333,-13.775233784728204,-13.730744807883559,-13.682073313157723,-13.629234126359478,-13.572243342816986,-13.511118322475003,-13.445877684606847,-13.376541302142822,-13.303130295616695,-13.225667026732209,-13.14417509155147,-13.058679313307353,-12.969205734842141,-12.87578161067458,-12.778435398697907,-12.677196751511309,-12.572096507387435,-12.463166680878782,-12.350440453065728,-12.233952161449261,-12.113737289491466,-11.98983245580688,-11.862275403008145,-11.731104986209203,-11.596361161189705,-11.45808497222403,-11.316318539578855,-11.171105046682884,-11.022488726972771,-10.870514850419179,-10.715229709737104,-10.556680606284678
-14.002222435517396,-14.008623504157573,-14.0107574103738,-14.008623504157573,-14.002222435517396,-13.991556154280786,-13.976627909500335,-13.957442248464014,-13.934005015310035,-13.90632334924665,-13.874405682377507,-13.838261737133125,-13.797902523309364,-13.753340334713716,-13.70458874542052,-13.651662605636135,-13.594578037175447,-13.533352428551002,-13.468004429676286,-13.398553946184807,-13.325022133366613,-13.247431389724209,-13.165805350149745,-13.080168878725601,-12.990548061150562,-12.896970196793827,-12.799463790379395,-12.698058543303226,-12.592785344585906,-12.483676261463577,-12.370764529619924,-12.254084543062254,-12.133671843644787,-12.009563110242226,-11.881796147577042,-11.750409874703754,-11.61544431315386,-11.476940574744841,-11.334940849057135,-11.189488390582767,-11.040627505549624,-10.88840353842533,-10.732862858104891,-10.574052843786301
-14.021856201629738,-14.028266245779704,-14.03040314413634,-14.028266245779704,-14.021856201629738,-14.011174964247985,-13.996225787242818,-13.977013224278378,-13.953543127687453,-13.925822646688829,-13.89386022520955,-13.857665599312824,-13.817249794232328,-13.772625121013803,-13.723805172765006,-13.670804820515094,-13.613640208684794,-13.552328750168636,-13.48688912103082,-13.417341254816307,-13.343706336478878,-13.26600679592797,-13.184266301196326,-13.098509751230484,-13.008763268306307,-12.915054190071881,-12.81741106122022,-12.715863624794263,-12.610442813126856,-12.501180738418471,-12.388110682955505,-12.271267088972184,-12.150685548159137,-12.026402790821775,-11.898456674691957,-11.766886173396088,-11.631731364583416,-11.493033417717983,-11.350834581537994,-11.205178171186466,-11.056108555016998,-10.903671141078746,-10.747912363284682,-10.588879667267395
-14.039403454398137,-14.045821520215371,-14.047961092732622,-14.045821520215371,-14.039403454398137,-14.028708850285934,-14.01374096555878,-13.994504359579361,-13.971004892004208,-13.943249720998786,-13.911247301057054,-13.875007380426139,-13.834540998136935,-13.789860480641492,-13.740979438058266,-13.68791276002635,-13.630676611169939,-13.56928842617444,-13.50376690447568,-13.434132004563889,-13.360404937904146,-13.28260816247517,-13.200765375928393,-13.114901508369417,-13.02504271476409,-12.931216366971427,-12.833451045405875,-12.731776530331464,-12.626223792790418,-12.516824985169121,-12.40361343140413,-12.286623616831434,-12.165891177681855,-12.041452890225917,-11.913346659571447,-11.78161150811729,-11.646287563666725,-11.50741604720415,-11.36503926033875,-11.219200572419043,-11.069944407322144,-10.917316229921816,-10.761362532239435,-10.60213081928207
-14.054854919351675,-14.061280048753868,-14.063421976038534,-14.061280048753868,-14.054854919351675,-14.04414854498861,-14.029164186930021,-14.009906409556526,-13.98638107897367,-13.958595361225044,-13.926557720109436,-13.89027791460269,-13.849766995885014,-13.805037303974686,-13.756102463969167,-13.702977381894769,-13.64567824016612,-13.584222492656863,-13.518628859383025,-13.44891732080072,-13.375109111719915,-13.297226714836084,-13.215293853881787,-13.129335486400175,-13.039377796142674,-12.94544818509318,-12.847575265121133,-12.745788849266075,-12.640119942656298,-12.530600733064402,-12.417264581102557,-12.300146010060566,-12.179280695389721,-12.05470545383572,-11.92645823222392,-11.794578095900395,-11.659105216832215,-11.520080861370701,-11.377547377681278,-11.231548182843841,-11.08212774962746,-10.929331592943562,-10.773206255981638,-10.613799296031747
-14.06542615152481,-14.071856113530046,-14.073999651845972,-14.071856113530046,-14.06542615152481,-14.054711724458976,-14.03971609605082,-14.02044383411403,-13.996900809166275,-13.969094192641025,-13.937032454703042,-13.90072536166829,-13.860183973029029,-13.815420638084962,-13.766448992181553,-13.713283952556539,-13.655941713796008,-13.594439742901379,-13.528796773968768,-13.45903280248241,-13.385169079223834,-13.307228103798682,-13.225233617783104,-13.13921059749183,-13.04918524637017,-12.955184987012172,-12.857238452807437,-12.755375479219104,-12.649627094695704,-12.540025511219579,-12.42660411449478,-12.309397453777484,-12.188441231351959,-12.063772291655278,-11.935428610054178,-11.803449281277361,-11.66787450750689,-11.528745586132189,-11.386104897170485,-11.239995890357427,-11.090463071911886,-10.937551990978914,-10.781309225755038,-10.621782369300112
-14.073100427555026,-14.079533897829602,-14.08167860568739,-14.079533897829602,-14.073100427555026,-14.062380154561032,-14.047376344346624,-14.028093567217741,-14.004537696895085,-13.976715908724957,-13.944636677493538,-13.908309774845426,-13.86774626630708,-13.82295850791614,-13.773960142457678,-13.720766095308482,-13.663392569890606,-13.601857042735684,-13.536178258161401,-13.466376222561777,-13.392472198313044,-13.314488697296913,-13.23244947404324,-13.146379518494152,-13.056305048391897,-12.962253501292633,-12.864253526208707,-12.762334974881876,-12.65652889269018,-12.546867509191221,-12.433384228304732,-12.316113618137399,-12.195091400453114,-12.070354439791743,-11.941940732239866,-11.80988939385677,-11.674240648759339,-11.535035816869385,-11.392317301327212,-11.246128575575199,-11.096514170115373,-10.943519658944988,-10.787191645674223,-10.627577749330317
-14.077883821306115,-14.08431947829297,-14.086464915128866,-14.08431947829297,-14.077883821306115,-14.067159904531767,-14.052150994578863,-14.032861663306768,-14.009297786432645,-13.98146654174166,-13.949376406900551,-13.913037156875257,-13.872459860953361,-13.827656879372286,-13.778641859554233,-13.725429731949056,-13.668036705486305,-13.60648026263782,-13.540779154092403,-13.470953393044173,-13.397024249096368,-13.319014241782398,-13.236947133706193,-13.150847923303875,-13.060742837228997,-12.96665932236364,-12.868626037457842,-12.766672844399857,-12.660830799119923,-12.551132142130363,-12.437610288704764,-12.320299818699382,-12.199236466019805,-12.07445710773602,-11.945999752849326,-11.813903530714414,-11.678208679120198,-11.538956532032975,-11.396189507005705,-11.24995109225724,-11.100285833425346,-10.947239319997713,-10.790858171424917,-10.631190022919709
-14.076274413841306,-14.082709335092977,-14.084854526658912,-14.082709335092977,-14.076274413841306,-14.065551723043242,-14.050544528934285,-14.031257402851129,-14.007696219839227,-13.97986815686316,-13.947781690620488,-13.911446594959655,-13.87087393790279,-13.82607607827427,-13.777066661936098,-13.723860617631257,-13.666474152436265,-13.604924746824333,-13.539231149340655,-13.46941337089141,-13.39549267864825,-13.317491589570125,-13.23543386354438,-13.14934449614927,-13.059249711040074,-12.965176951961103,-12.86715487438608,-12.765213336789383,-12.6593833915509,-12.549697275497158,-12.436188400081651,-12.318891341207411,-12.197841828694866,-12.073076735398146,-11.94463406597331,-11.812552945301709,-11.6768736065722,-11.537637379025714,-11.394886675365967,-11.24866497884016,-11.09901682999354,-10.945987813101913,-10.789624542286246,-10.629974647313556
-14.070839983499857,-14.077272420420076,-14.079416783791434,-14.077272420420076,-14.070839983499857,-14.06012143241338,-14.04512003213513,-14.025840352236965,-14.002288265496137,-13.974470946106429,-13.942396867492796,-13.90607579973029,-13.865518806568012,-13.820738242058953,-13.771747746796867,-13.718562243761188,-13.661197933771362,-13.599672290551919,-13.534004055409786,-13.464213231525536,-13.390321077860198,-13.312350102679591,-13.230324056698079,-13.144267925843868,-13.054207923648063,-12.960171483259764,-12.862187249089665,-12.760285068084684,-12.654495980636305,-12.544852211125376,-12.431387158106222,-12.314135384133158,-12.193132605232382,-12.068415680022522,-11.940022598487158,-11.807992470402699,-11.672365513425163,-11.533183040839498,-11.390487448975133,-11.244322204291688,-11.09473183013862,-10.94176189319301,-10.785458989579503,-10.625870730676684
-14.061672810884867,-14.06810105706312,-14.070244023378637,-14.06810105706312,-14.061672810884867,-14.050961242949933,-14.035969616105678,-14.016702496946872,-13.993165754424645,-13.96536655805878,-13.933313375753785,-13.897015971219501,-13.856485400996965,-13.8117340110905,-13.762775433206983,-13.709624580603514,-13.65229764354467,-13.590812084370839,-13.525186632178945,-13.455441277117469,-13.381597264297197,-13.303677087319771,-13.221704481425936,-13.135704416265531,-13.045703088291509,-12.95172791278023,-12.85380751548051,-12.751971723893947,-12.646251558189155,-12.536679221752756,-12.423288091379872,-12.30611270710726,-12.185188761692071,-12.060553089739496,-11.932243656482587,-11.800299546217671,-11.664760950398913,-11.525669155395583,-11.383066529915851,-11.236996512100871,-11.087503596293079,-10.934633319482796,-10.778432247437218,-10.618947960516058
-14.044567466926644,-14.050987893454746,-14.053128252955528,-14.050987893454746,-14.044567466926644,-14.033868929095334,-14.018895538839084,-13.99965185719761,-13.976143745982764,-13.948378365992943,-13.916364174831866,-13.880110924332289,-13.839629657585508,-13.794932705577523,-13.746033683432907,-13.692947486267496,-13.635690284651208,-13.57427951968232,-13.508733897674732,-13.439073384459874,-13.36531919930488,-13.287493808449025,-13.205620918260275,-13.119725468014096,-13.029833622296728,-12.935972763035176,-12.838171481156422,-12.736459567878347,-12.63086800563504,-12.521428958639255,-12.408175763084861,-12.291142916992332,-12.170366069700314,-12.04588201100648,-11.917728659961016,-11.785945053316096,-11.650571333634927,-11.51164873706391,-11.369219580771736,-11.223327250059159,-11.074016185143401,-10.921331867621248,-10.765320806614893,-10.606030524604842
-14.022637557833436,-14.029047959177749,-14.031184976611257,-14.029047959177749,-14.022637557833436,-14.011955725248665,-13.99700571521312,-13.977792081644688,-13.95432067720227,-13.926598651503038,-13.894634448944567,-13.858437806132597,-13.818019748915182,-13.773392589024084,-13.72456992032452,-13.671566614674328,-13.614398817393871,-13.553083942347989,-13.4876406666416,-13.418088924930439,-13.3444499033488,-13.266746033056009,-13.185000983403699,-13.099239654725869,-13.009488170754025,-12.915773870659628,-12.818125300726317,-12.716572205654435,-12.611145519500514,-12.501877356254443,-12.38880100005725,-12.271950895062428,-12.151362634943915,-12.027072952053905,-11.899119706233824,-11.767541873281862,-11.632379533080568,-11.493673857388103,-11.351467097296956,-11.205802570363842,-11.056724647414754,-10.904278739029165,-10.748511281707541,-10.589469723726344
