hough_viz/data/file_1_1_2.json
{"header": {"discipline": 0, "disciplineName": "Meteorological products", "gribEdition": 2, "gribLength": 133963, "center": 7, "centerName": "US National Weather Service - NCEP(WMC)", "subcenter": 0, "refTime": "2014-11-30T06:00:00.000Z", "significanceOfRT": 1, "significanceOfRTName": "Start of forecast", "productStatus": 0, "productStatusName": "Operational products", "productType": 1, "productTypeName": "Forecast products", "productDefinitionTemplate": 0, "productDefinitionTemplateName": "Analysis/forecast at horizontal level/layer at a point in time", "parameterCategory": 2, "parameterCategoryName": "Momentum", "parameterNumber": 3, "parameterNumberName": "V-component_of_wind", "parameterUnit": "m.s-1", "genProcessType": 2, "genProcessTypeName": "Forecast", "forecastTime": 6, "surface1Type": 100, "surface1TypeName": "Isobaric surface", "surface1Value": 85000, "surface2Type": 255, "surface2TypeName": "Missing", "surface2Value": 0, "gridDefinitionTemplate": 0, "gridDefinitionTemplateName": "Latitude_Longitude", "numberPoints": 65160, "shape": 6, "shapeName": "Earth spherical with radius of 6,371,229.0 m", "gridUnits": "degrees", "resolution": 48, "winds": "true", "scanMode": 0, "nx": 360, "ny": 181, "basicAngle": 0, "subDivisions": 0, "lo1": 0, "la1": 90, "lo2": 359, "la2": -90, "dx": 1, "dy": 1}, "data":
[rows 19 to 37 of 181, columns 301 to 343 of 360]
3.29348069969336,3.258442120709803,3.22241098869104,3.1853982790689255,3.147415266273359,3.108473520297991,3.0685849031758807,3.027761565366212,2.986015942053149,2.943360749357952,2.8998089804655245,2.855373901666567,2.810069048316533,2.7639082207126324,2.7169054798901193,2.6690751433391804,2.620431780643666,2.5709902090430776,2.5207654889190736,2.4697729192079407,2.41802803274039,2.365546591510103,2.3123445818724746,2.2584382096750257,2.2038438953209276,2.1485782687672,2.0926581644590576,2.0361006162019923,1.9789228519730764,1.9211422886731955,1.8627765268216596,1.803843345194935,1.7443606954110409,1.68434669646132,1.6238196291912308,1.5627979307317896,1.50130018888349,1.4393451364542291,1.3769516455531576,1.3141387218420173,1.2509254987458633,1.1873312316247968,1.1233752919086417
3.0878502191816066,3.0549992952930096,3.021217789024624,2.9865159905505076,2.950904470374637,2.914394076111039,2.876995929179489,2.8387214214178225,2.7995822116118827,2.7595902219441246,2.718757634362011,2.6770968868672744,2.6346206697271777,2.5913419216089384,2.5472738256384826,2.502429805384744,2.4568235207707008,2.410468863912449,2.3633799548875136,2.3155711374337438,2.26705697458007,2.217852244210466,2.1679719345624546,2.117431239661563,2.0662455546930536,2.0144304713124144,1.9620017728959842,1.908975429733198,1.8553675941618488,1.8011945956479716,1.746472935811693,1.6912192834007063,1.6354504692127865,1.5791834809689769,1.5224354581389763,1.4652236867202573,1.4075655939726281,1.3494787431096753,1.2909808279488801,1.2320896675218767,1.1728232006466315,1.1131994804630696,1.0532366689339532
2.8731816154835332,2.8426145011908655,2.8111814989841086,2.7788921836602354,2.7457563908574842,2.711784214059341,2.676986001519951,2.6413723531119504,2.6049541170976456,2.5677423868245155,2.52974849734608,2.490984021969129,2.4514607687283814,2.4111907767896454,2.370186312782568,2.328459867064109,2.286024149913842,2.242892087662301,2.1990768187534746,2.1545916897427206,2.1094502512312716,2.063666253738595,2.0172536435138433,1.9702265582877045,1.922599322965898,1.8743864452656787,1.8256026112966395,1.7762626810871944,1.7263816840580428,1.6759748144440945,1.625057426666131,1.573645030653723,1.5217532871207364,1.469398002794935,1.4165951256031097,1.3633607398131549,1.3097110611346863,1.2556624317795348,1.2012313154837908,1.1464342924927589,1.0912880545104806,1.0358093996152482,0.9800152271427822
2.648841669709818,2.62066125618327,2.5916825638511716,2.5619144199039323,2.5313658920065665,2.5000462855366052,2.4679651407495773,2.4351322298729596,2.40155755412947,2.367251340690581,2.332224039561239,2.2964863203966854,2.2600490692523763,2.222923385267986,2.185120577286499,2.146652160409434,2.1075298524892196,2.067765570559839,2.027371427206771,1.9863597268773887,1.9447429621328998,1.9025338098429971,1.8597451273243557,1.8163899484241777,1.772481479549945,1.728033095646628,1.6830583361225422,1.637570900725126,1.5915846453678386,1.5451135779095475,1.4981718538875721,1.450773772205788,1.402933770779029,1.3546664221351634,1.3059864289761725,1.2569086196995354,1.2074479438813959,1.157619467722734,1.1074383694600949,1.056919934742119,1.0060795519734131,0.954932707627059,0.9034949815273208
2.4068745330530024,2.381268351897078,2.354936813333301,2.3278879382033977,2.3001299658567587,2.2716713516406624,2.2425207643246816,2.2126870834601,2.1821793966751164,2.151006996906659,2.1191793795696716,2.0867062396647156,2.0535974688247802,2.0198631523021957,1.9855135658965644,1.950559172824661,1.9150106205332218,1.8788787374556466,1.8421745297135348,1.804909177764127,1.7670940329946243,1.7287406142644475,1.6898606043964768,1.6504658466183622,1.6105683409549458,1.5701802405729488,1.5293138480789934,1.4879816117721214,1.4461961218518984,1.4039701065833448,1.3613164284197596,1.3182480800847118,1.2747781806143144,1.2309199713610457,1.1866868119603156,1.1420921762609648,1.097149648221034,1.051872917769923,1.0062757766383403,0.9603721141571786,0.9141759130267156,0.8677012450573192,0.8209622668830676
2.1554997874479938,2.1325679240371747,2.1089864597780443,2.0847625778130556,2.0599036569713145,2.0344172695209264,2.0083111788624,1.9815933371638437,1.9542718829386625,1.926355138566481,1.8978516077580716,1.868769972965038,1.8391190927350571,1.808907999013483,1.7781458943921225,1.7468421493060453,1.7150062991792485,1.6826480415200837,1.6497772329672946,1.6164038862875931,1.5825381673256715,1.548190391907592,1.513371022698478,1.4780906660154975,1.4423600685970632,1.4061901143292788,1.3695918209305975,1.3325763365957313,1.2951549365997772,1.257339019863689,1.2191401054820319,1.1805698292141718,1.1416399399398958,1.1023622960805979,1.0627488619870944,1.0228117042951466,0.9825629882498748,0.9420149740000765,0.9011800128636962,0.8600705435654684,0.8186990884479844,0.7770782496572388,0.7352207053039216
1.8942999615739295,1.874146942663469,1.8534230404390035,1.8321345676019087,1.8102880088272353,1.7878900187884204,1.7649474201302031,1.7414672013903825,1.7174565148710488,1.6929226744599108,1.6678731534024216,1.642315582025356,1.6162577454125373,1.5897075810334258,1.5626731763252868,1.5351627662296854,1.507184730684034,1.4787475920689908,1.4498600126124537,1.420530791750966,1.3907688634493196,1.3605832934791864,1.3299832766575914,1.298978134046091,1.2675773101114762,1.2357903698489046,1.203626995868305,1.1710969854449709,1.1382102475351958,1.1049767997579325,1.0714067653433108,1.037510370049017,1.0032979390454173,0.9687798937704173,0.9339667487549972,0.8988691084203635,0.8634976638477677,0.8278631895218709,0.7919765400487566,0.7558486468494927,0.7194905148303319,0.6829132190304887,0.6461279012486001
1.6145893939820093,1.59741215106927,1.5797483209408354,1.561603284170477,1.5429825679121685,1.5238918442164675,1.5043369283027463,1.4843237767878235,1.4638584858715251,1.442947289479715,1.4215965573653848,1.3998127931683664,1.3776026324342576,1.3549728405931725,1.3319303108989256,1.3084820623292812,1.2846352374478998,1.2603971002286518,1.2357750338429334,1.210776538410685,1.185409228715781,1.159680831886493,1.1335991850417304,1.1071722329037839,1.0804080253782766,1.0533147151020914,1.025900554959996,0.9981738955707408,0.9701431827433642,0.9418169549045375,0.9132038404976593,0.8843125553545632,0.8551519000405777,0.8257307571737962,0.796058088719349,0.7661429332594869,0.7359944032403637,0.7056216821962726,0.6750340219522755,0.6442407398059886,0.6132512156894598,0.582074889311931,0.5507212572844317
1.3251629475595903,1.3110648456309915,1.2965673806498428,1.2816749686844182,1.2663921461076675,1.250723568215397,1.2346740078082168,1.2182483537377011,1.2014516094172016,1.1842888912977503,1.1667654273095454,1.1488865552694723,1.1306577212551496,1.112084477946005,1.0931724829318732,1.0739274969896417,1.0543553823284568,1.0344621008040458,1.0142537121026705,0.9937363718952924,0.9729163299624946,0.9517999282907381,0.9303935991405301,0.9087038630870999,0.8867373270341613,0.864500682201391,0.8420007020862145,0.8192442404005413,0.7962382289830424,0.7729896756876636,0.7495056622489497,0.7257933421248919,0.7018599383179046,0.6777127411746349,0.6533591061652549,0.6288064516429028,0.6040622565839978,0.5791340583100523,0.5540294501917494,0.528756079335913,0.5033216442561381,0.4777338925277342,0.45200061842775396
1.0258375120892274,1.0149238641984164,1.0037010606667829,0.9921725200689994,0.9803417541102116,0.9682123665563384,0.9557880521363284,0.9430725954167101,0.9300698696487791,0.9167838355887641,0.9032185402913445,0.8893781158768775,0.8752667782727154,0.8608888259289914,0.8462486385092713,0.8313506755564677,0.8161994751344137,0.8007996524455328,0.7851558984249967,0.7692729783118244,0.7531557301973435,0.7368090635514613,0.7202379577271906,0.7034474604438953,0.6864426862497001,0.6692288149635539,0.6518110900974037,0.6341948172589759,0.6163853625356259,0.5983881508597895,0.580208664356484,0.561852440673409,0.543325071294118,0.5246321998348018,0.5057795203251915,0.4867727754740921,0.4676177549201113,0.448320293468065,0.42888626931165336,0.40932160224289355,0.3896322518489054,0.3698242156965494,0.3499035275055247
0.7072602332444436,0.6997358552978015,0.6919983310311419,0.6840500173693123,0.6758933354456501,0.6675307698644857,0.6589648679443051,0.6501982389418118,0.6412335532571257,0.6320735416203486,0.62272099425976,0.6131787600518862,0.6034497456537046,0.5935369146172479,0.583443286486877,0.5731719358795007,0.5627259915480137,0.5521086354282528,0.5413231016697438,0.5303726756505519,0.5192606929765211,0.5079905384652184,0.4965656451148837,0.4849894930587083,0.4732656085047484,0.4613975626618112,0.44938897065162803,0.4372434904076568,0.4249648215608335,0.4125567043126365,0.40002291829577885,0.3873672814228999,0.37459364872358836,0.36170591117010487,0.3487079944921565,0.3356038579810742,0.32239749328378464,0.30909292318690484,0.29569420039137273,0.28220540627794655,0.26863064966398437,0.25497406555184965,0.24123981386935855
0.3787617456345961,0.37473218707619815,0.3705884814635046,0.3663318910093861,0.36196371231252905,0.3574852759624808,0.35289794613433667,0.34820312017320054,0.3434022281685406,0.3384967325185685,0.3334881274847796,0.32837793873678695,0.3231677228875865,0.3178590670193985,0.3124535882002261,0.3069529329912824,0.3013587769454294,0.2956728240967911,0.289896806441686,0.28403248341104526,0.2780816413344731,0.2720460928961131,0.265927676582487,0.25972825612247485,0.25344971991960374,0.24709398047682263,0.24066297381393462,0.2341586588778692,0.22758301694596292,0.22093805102244904,0.21422578522831845,0.2074482641847559,0.20060755239032618,0.19370573359210902,0.18674491015097086,0.1797272024011614,0.17265474800444477,0.16552970129894115,0.15835423264290008,0.15113052775358365,0.14386078704147998,0.13654722494003196,0.12919206923110452
0.040340270086866845,0.03991109928899689,0.039469771183655994,0.03901642020366031,0.038551184444110015,0.038074205620324354,0.037585629024673634,0.0370856034823218,0.036574281305892985,0.036051818249075364,0.03551837345917728,0.034974109428649314,0.03441919194558757,0.03385379004323301,0.033278075948482214,0.03269222502942559,0.03209641574192827,0.03149082957527104,0.030875650996866656,0.03025106739606948,0.029617269027094793,0.028974448951065518,0.02832280297720394,0.027662529603186378,0.026993829954678746,0.026316907724071813,0.025631969108434488,0.02493922274670434,0.0242388796561338,0.02353115316801274,0.022816258862685262,0.022094414503882193,0.021365839972387835,0.02063075719906232,0.0198893900972394,0.01914196449451995,0.018388708063983163,0.0176298502548346,0.016865622222514254,0.01609625675828394,0.015321988218317194,0.014543052452311633,0.013759686731647389
-0.31771199200766886,-0.3143319276499149,-0.31085611474199704,-0.30728561205019794,-0.3036215071842257,-0.2998649162659177,-0.2960169835892584,-0.2920788812718167,-0.28805180889770815,-0.2839369931521889,-0.279735687447996,-0.27544917154354603,-0.27107875115310787,-0.26662575754906953,-0.26209154715641986,-0.25747750113956885,-0.2527850249816298,-0.2480155480562982,-0.24317052319244797,-0.23825142623158763,-0.23325975557830372,-0.22819703174383266,-0.2230647968828979,-0.2178646143239557,-0.21259806809298848,-0.20726676243099645,-0.2018723213053294,-0.19641638791501223,-0.1909006241902073,-0.1853267102859784,-0.17969634407049603,-0.17401124060785253,-0.16827313163563506,-0.16248376503742265,-0.15664490431036493,-0.15075832802800038,-0.14482582929849036,-0.1388492152184161,-0.13283030632232407,-0.12677093602816988,-0.1206729500788445,-0.11453820597993941,-0.10836857243393627
-0.6858090824596166,-0.6785129183419282,-0.6710100726164104,-0.6633028307225534,-0.655393540360899,-0.6472846107779113,-0.6389785120320937,-0.6304777742415869,-0.6217849868134713,-0.6129027976550059,-0.603833912367052,-0.5945810934199208,-0.5851471593118973,-0.5755349837106996,-0.5657474945781306,-0.5557876732781946,-0.5456585536689413,-0.5353632211783279,-0.5249048118643639,-0.5142865114598387,-0.5035115544019174,-0.4925832228468995,-0.481504845670441,-0.47027979745354964,-0.4589114974546513,-0.44740340856805283,-0.43575903626910967,-0.42398192754642755,-0.4120756698214087,-0.40004388985549594,-0.3878902526454204,-0.37561846030681256,-0.3632322509464974,-0.35073539752383354,-0.33813170670143516,-0.3254250176856188,-0.3126192010569538,-0.2997181575912352,-0.28672581707128014,-0.27364613708986907,-0.2604831018442322,-0.24724072092241567,-0.23392302808193155
-1.0638840832280123,-1.0525656666716303,-1.0409266284167473,-1.0289705138271663,-1.0167009648512115,-1.0041217189123604,-0.9912366077707828,-0.9780495563561532,-0.9645645815720792,-0.9507857910725116,-0.9367173820105142,-0.9223636397597719,-0.9077289366092213,-0.8928177304312116,-0.8776345633235927,-0.862184060226149,-0.8464709275117951,-0.8304999515529738,-0.8142759972636762,-0.797804006617543,-0.7810889971424932,-0.7641360603923351,-0.7469503603958279,-0.7295371320836747,-0.7119016796939038,-0.6940493751561518,-0.675985656455319,-0.6577160259751116,-0.6392460488219524,-0.6205813511298072,-0.6017276183464003,-0.58269059350138,-0.5634760754569285,-0.5440899171413763,-0.5245380237663477,-0.5048263510279639,-0.48496090329269625,-0.46494773176836196,-0.4447929326608822,-0.4245026453173069,-0.40408305035572084,-0.3835403677825536,-0.3628808550979211
-1.461280839924457,-1.4457346112395224,-1.4297479977868586,-1.413325869243789,-1.3964732279497516,-1.3791952073825415,-1.3614970705945992,-1.3433842086098342,-1.3248621387814725,-1.3059365031114105,-1.2866130665316098,-1.266897715148043,-1.246796454447728,-1.2263154074693996,-1.2054608129383715,-1.184239023366162,-1.162656503115453,-1.14071982643099,-1.1184356754369946,-1.0958108381017317,-1.0728522061698251,-1.049566773062966,-1.0259616317496498,-1.0020439725845898,-0.9778210811184628,-0.9533003358786618,-0.9284892061217229,-0.9033952495581252,-0.8780261100501231,-0.8523895152833713,-0.8264932744129798,-0.8003452756847838,-0.773953484032495,-0.7473259386515132,-0.7204707505501118,-0.6933961000787331,-0.6661102344381944,-0.6386214651674882,-0.6109381656120285,-0.583068768373031,-0.555021762738876,-0.5268056920991714,-0.4984291513423717
-1.8688339286280717,-1.8489518369487483,-1.8285065366286914,-1.8075042555044367,-1.7859513910742677,-1.7638545085494788,-1.741220338854544,-1.718055776576812,-1.694367877866356,-1.670163858286592,-1.6454510906163533,-1.62023710260407,-1.5945295746747445,-1.5683363375904178,-1.5416653700648448,-1.5145247963331039,-1.4869228836768669,-1.4588680399061182,-1.430368810798042,-1.4014338774939028,-1.372072053854684,-1.342292283776301,-1.3121036384652007,-1.281515313675192,-1.2505366269063203,-1.219177014566673,-1.1874460290979536,-1.1553533360657267,-1.1229087112151714,-1.0901220374933207,-1.0570033020385987,-1.0235625931386567,-0.9898100971573708,-0.9557560954319836,-0.9214109611413142,-0.886785156145969,-0.8518892278015846,-0.816733805745972,-0.7813295986612532,-0.7456873910118701,-0.7098180397595528,-0.6737324710561594,-0.637441676915489
-2.2862262892841922,-2.2619036568731907,-2.236892026696753,-2.211199017539724,-2.184832455741585,-2.1578003728124813,-2.130111002986738,-2.1017727807146342,-2.0727943380931957,-2.0431845022367647,-2.01295229258818,-1.982106918171366,-1.9506577747861757,-1.91861444214634,-1.8859866809613897,-1.8527844299634562,-1.8190178028798283,-1.7846970853522248,-1.7498327318036733,-1.714435362254004,-1.678515759084884,-1.6420848637554,-1.6051537734691805,-1.5677337377940905,-1.5298361552354909,-1.491472569764151,-1.4526546672998393,-1.4133942721516906,-1.3737033434163826,-1.3335939713353089,-1.2930783736117497,-1.252168891689259,-1.210877986992327,-1.1692182371305166,-1.1272023320672093,-1.0848430702540959,-1.0421533547326762,-0.9991461892038349,-0.9558346740668178,-0.9122320024286991,-0.8683514560856553,-0.8242064014771738,-0.7798102856145357
