hough_viz/data/file_1_2_1.json
{"header": {"discipline": 0, "disciplineName": "Meteorological products", "gribEdition": 2, "gribLength": 133963, "center": 7, "centerName": "US National Weather Service - NCEP(WMC)", "subcenter": 0, "refTime": "2014-11-30T06:00:00.000Z", "significanceOfRT": 1, "significanceOfRTName": "Start of forecast", "productStatus": 0, "productStatusName": "Operational products", "productType": 1, "productTypeName": "Forecast products", "productDefinitionTemplate": 0, "productDefinitionTemplateName": "Analysis/forecast at horizontal level/layer at a point in time", "parameterCategory": 2, "parameterCategoryName": "Momentum", "parameterNumber": 3, "parameterNumberName": "V-component_of_wind", "parameterUnit": "m.s-1", "genProcessType": 2, "genProcessTypeName": "Forecast", "forecastTime": 6, "surface1Type": 100, "surface1TypeName": "Isobaric surface", "surface1Value": 85000, "surface2Type": 255, "surface2TypeName": "Missing", "surface2Value": 0, "gridDefinitionTemplate": 0, "gridDefinitionTemplateName": "Latitude_Longitude", "numberPoints": 65160, "shape": 6, "shapeName": "Earth spherical with radius of 6,371,229.0 m", "gridUnits": "degrees", "resolution": 48, "winds": "true", "scanMode": 0, "nx": 360, "ny": 181, "basicAngle": 0, "subDivisions": 0, "lo1": 0, "la1": 90, "lo2": 359, "la2": -90, "dx": 1, "dy": 1}, "data":
[rows 19 to 37 of 181, columns 129 to 171 of 360]
17.119791976349717,16.875236006179374,16.62553967564747,16.370779044675153,16.11103171581853,15.846376810630192,15.576894945558038,15.302668207388692,15.023780128243109,14.740315660131838,14.452361149077841,14.160004308814674,13.863334194068,13.562441173428674,13.257416901825597,12.948354292606757,12.635347489236866,12.31849183662038,11.99788385205855,11.673621195849282,11.345802641538853,11.014528045834542,10.67989831818735,10.34201539005394,10.00098218384736,9.656902581585886,9.309881393249556,8.960024324853997,8.607437946251382,8.252229658668206,7.894507661989856,7.534380921801861,7.171959136197897,6.807352702364709,6.440672682954086,6.0720307722520355,5.7015392621556655,5.329311007967992,4.955459394021098,4.5800982991381805,4.203342061944936,3.8253054460409253,3.446103605041495
16.969795247767674,16.72738197860278,16.479873386845416,16.227344866010306,15.969873338731194,15.707537233329457,15.440416459924117,15.168592386090413,14.892147812074457,14.61116694557147,14.325735376075304,14.035940048807074,13.741869238230775,13.443612521164026,13.141260749492133,12.834906022493701,12.524641658786289,12.210562167900676,11.892763221492348,11.571341624198975,11.246395284152772,10.918023183156725,10.58632534653384,10.251402812658357,9.913357602178564,9.572292686940296,9.228311958620711,8.881520197081866,8.532023038453774,8.179926942956593,7.825339162471858,7.46836770787248,7.1091213161215805,6.74770941715018,6.384242100523794,6.018830081908046,5.651584669343624,5.282617729340789,4.9120416528037305,4.53996932079522,4.166514070151927,3.7917896589609263,3.415910231907926
16.81290732994905,16.57273520232391,16.32751485901245,16.077320996506753,15.822229826281012,15.562319051576806,15.297667843733915,15.028356818073984,14.754468009344317,14.476084846729261,14.193292128436902,13.906175995868718,13.61482390738004,13.319324611639411,13.019768120594875,12.716245682055494,12.408849751896318,12.097673965895478,11.782813111211828,11.464363097511837,11.142420927754568,10.817084668643638,10.4884534207552,10.156627288350865,9.821707348885033,9.483795622215716,9.142995039528293,8.799409411981644,8.453143399086311,8.104302476824172,7.752992905519449,7.3993216974707865,7.043396584354235,6.685325984407164,6.325218969403047,5.963185231427078,5.599335049462933,5.233779255800748,4.866629202276484,4.497996726353121,4.12799411705384,3.7567340807577168,3.384329706868304
16.648640636192557,16.41081505581015,16.16799058218661,15.9202411820089,15.66764232214431,15.410270946652538,15.148205453347758,14.881525669917929,14.610312829608473,14.33464954647784,14.054619790232474,13.770308860648855,13.4818033615903,13.18919117462664,12.892561432264623,12.592004490797299,12.28761190278059,11.97947638914552,11.667691810954517,11.352353140810443,11.03355643392696,10.711398798869237,10.385978367973735,10.057394267456116,9.725746587216454,9.391136350350907,9.053665482379067,8.713436780196469,8.370553880761666,8.025121229527398,7.677244048625519,7.327028304815309,6.974580677204932,6.62000852475599,6.263419853580953,5.904923284043405,5.544628017671252,5.1826438038929,4.819080906606483,4.454050070592439,4.087662487779539,3.720029763374778,3.3512638818673635
16.470831287269665,16.235545710754785,15.995314629739148,15.750211220937205,15.500310145221647,15.245687524880973,14.986420920431925,14.722589306993791,14.45427305023183,14.181553881877083,13.904514874830111,13.623240417856213,13.337816189879744,13.0483291338855,12.754867430435073,12.457520470806172,12.156378829763149,11.851534237967087,11.54307955403375,11.23110873624794,10.915716813942872,10.596999858553351,10.275054954351479,9.949980168873818,9.621874523049087,9.290837961035447,8.956971319776514,8.620376298285445,8.28115542666646,7.939412034883151,7.595250221283203,7.248774820889022,6.900091373463937,6.5493060913638015,6.1965258271836925,5.841858041209531,5.485410768684657,5.127292586901276,4.767612582126725,4.4064803163747674,4.044005794031909,3.6802994283490147,3.3154720078083946
16.28574857828022,16.05310690547172,15.81557530078987,15.573226118662488,15.326133180998141,15.074371754699266,14.818018528735188,14.557151590781888,14.291850403435749,14.022195780008463,13.748269859910517,13.470156083630767,13.187939167319612,12.901705076983651,12.611541002299614,12.317535330055543,12.019777617227296,11.718358563698633,11.413369984633174,11.10490478250661,10.793056918807668,10.477921385416558,10.159594175669554,9.838172255118442,9.513753531993897,9.186436827381709,8.856321845120897,8.52350914143294,8.188100094291421,7.850196872541265,7.509902404777168,7.1673203479905245,6.822555055994492,6.475711547636822,6.126895474810122,5.776213090269227,5.423771215265595,5.06967720700854,4.714038925963166,4.356964702995031,3.9985633063715,3.6389439086298854,3.27821605332247
16.09306633466406,15.863177124799453,15.62845583751259,15.38897397118137,15.144804474302195,14.89602172326913,14.642701499718148,14.384920967443318,14.122758648891953,13.8562944012459,13.585609392096286,13.310786074719086,13.03190816295905,12.749060605729646,12.462329561136807,12.17180237023436,11.87756753041904,11.579714668473367,11.278334513264458,10.97351886810714,10.665360582799732,10.353953525341131,10.039392553337716,9.721773485108775,9.401193070499325,9.077748961409203,8.751539682047314,8.422664598920202,8.091223890564079,7.757318517029431,7.421050189127668,7.082521337448976,6.741835081160972,6.399095196597617,6.054406085647958,5.707872743954263,5.359600728929346,5.009696127602777,4.658265524305726,4.305415968204349,3.9512549406915545,3.5958903226471515,3.2394303615763076
15.885972848125288,15.659041965592372,15.427341187184192,15.190941091202388,14.949913687406257,14.704332395077875,14.454272020657879,14.199808734958715,13.94102004996225,13.677984795208879,13.410783093785259,13.13949633791811,12.86420716418127,12.584999428323846,12.30195817972692,12.01516963549672,11.72472115420198,11.43070120926374,11.133199362005467,10.832306234371812,10.528113481324258,10.220713762922163,9.910200716097615,9.596668926132669,9.280213897847798,8.960932026510193,8.63892056847082,8.314277611539186,7.9871020451048675,7.657493530014803,7.325552468215692,6.991379972170551,6.655077834058868,6.316748494769736,5.976495012697387,5.634421032348565,5.290630752771419,4.945228895815487,4.598320674232381,4.2500117596269815,3.9004082502688107,3.549616638773495,3.1977437796641106
15.671269747674852,15.44740589569358,15.218836614234096,14.985631527713746,14.747861672660978,14.505599476076974,14.258918733373653,14.0078945858949,13.752603498027769,13.493123233910676,13.22953283374571,12.961912589722225,12.690344021559046,12.414909851672771,12.135693979979743,11.852781458339315,11.566258464646202,11.276212276579892,10.982731245019009,10.685904767128799,10.385823259129836,10.082578128756404,9.776261747412839,9.466967422036232,9.154789366674294,8.839822673786829,8.522163285279655,8.201907963279732,7.8791542606605285,7.55400049132644,7.226545700265447,6.8968896333790415,6.565132707098638,6.231375977797775,5.895721111009388,5.558270350457456,5.219126486912592,4.878392826881001,4.536173161136289,4.192571733103808,3.847693207107069,3.501642636485996,3.1545254315966833
15.448811564177822,15.228125523992546,15.002800849254495,14.772906176042373,14.538511532500674,14.299688317508451,14.056509278930518,13.809048491457759,13.557381334043251,13.301584466941094,13.041735808354957,12.777914510703472,12.510200936509586,12.238676633921397,11.96342431187179,11.684527814884504,11.40207209753424,11.116143198568707,10.82682821470039,10.534215274076043,10.238393509431985,9.939453030943392,9.637484898775945,9.332581095347917,9.024834497311492,8.714338847261653,8.40118872518125,8.085479519631011,7.767307398693299,7.446769280678338,7.123962804602007,6.798986300444029,6.471938759195672,6.1429198027061815,5.812029653336992,5.479369103433001,5.145039484620256,4.809142636939379,4.471780877824078,4.1330569709342875,3.793074094853328,3.451935811658734,3.1097460353762654
15.211180204383416,14.993888724588691,14.772029961039394,14.545671494064104,14.31488227464464,14.079732603412943,13.840294109236801,13.59663972740105,13.348843677390732,13.096981440283129,12.8411297357555,12.581366498715552,12.317770855561658,12.050423100080229,11.779404668987443,11.50479811712284,11.226687092302278,10.945156309838032,10.660291526733698,10.372179515561765,10.08090803803184,9.786565818257568,9.48924251573047,9.189028698008729,8.886015813129443,8.58029616175271,8.27196286904592,7.961109856316916,7.647831812404673,7.3322241648361555,7.014383050758176,6.694405287653092,6.372388343847226,6.048430308821105,5.722629863330465,5.395086249347097,5.065899239828791,4.735169108327568,4.402996598445335,4.069482893146438,3.734729583936323,3.398838639915794,3.0619123767202665
14.965685157084891,14.751900570338112,14.533622411772734,14.310917171030379,14.083852686284759,13.852498123577552,13.616923955749733,13.377201940974889,13.133405100900967,12.885607698407156,12.633885214982724,12.378314327734616,12.118972886030859,11.855939887786885,11.589295455402018,11.31912081135342,11.045498253454898,10.768511129788221,10.488243813314499,10.204781676173353,9.918211063677706,9.62861926801218,9.336094501643101,9.040725870448046,8.742603346573363,8.441817741027814,8.13846067602063,7.832624557052492,7.524402544767938,7.213888526577717,6.901177088059791,6.586363484147648,6.269543610114697,5.9508139723636635,5.6302716590298285,5.308014310406986,4.9841400892052965,4.658747650649985,4.331936112429984,4.003805024505737,3.674454338785297,3.3439843786780146,3.0124958085350926
14.712323907000052,14.502158581889379,14.28757575878909,14.068640801705829,13.845420400348388,13.617982549813394,13.386396529873368,13.150732883873403,12.911063397243009,12.667461075629538,12.42000012265997,12.1687559173378,11.91380499108183,11.655225004413948,11.393094723303019,11.127493995171994,10.858503724575584,10.586205848555974,10.310683311684013,10.032020040793487,9.75030091941618,9.465611761925524,9.178039287396752,8.887671093191377,8.594595628274204,8.298902166270942,8.000680778274571,7.700022305408801,7.397018331157015,7.091761153465023,6.784343756626254,6.47485978295781,6.163403504276102,5.850069793180754,5.534954094155512,5.2181523944948855,4.899761195065511,4.579877480911067,4.258598691709668,3.936022692092811,3.612247741834834,3.2873724659220565,2.961495824510675
14.443315042962507,14.23699250541724,14.026333242037978,13.811401421677058,13.592262514649045,13.368983272787865,13.141631709113538,12.910277077114772,12.674989849653661,12.435841697498962,12.192905467494493,11.946255160369306,11.695965908196296,11.44211395150628,11.184776616064388,10.924032289315884,10.65996039650858,10.392641376499133,10.12215665725063,9.8485886310288,9.57202062930454,9.29253689737034,9.010222568678383,8.725163638908018,8.437446939770679,8.147160112560101,7.854391581455934,7.559230526588852,7.261766856875464,6.962091182631148,6.660294787969309,6.356469602995341,6.050708175803794,5.743103644287365,5.4337497077662,5.122740598446133,4.8101710527146695,4.496136282283375,4.180731945185448,3.8640541166373654,3.546199259773421,3.2272641962621393,2.9073460768134742
14.16625668956372,13.963891926417983,13.757273626520197,13.546464727806077,13.33152944470832,13.112533248596273,12.88954284783274,12.66262616745395,12.431852328478946,12.197291626854632,11.959015512042953,11.717096565256726,11.47160847735066,11.222626026374423,10.970225054794529,10.714482446391996,10.45547610284277,10.19328491998814,9.927988763802311,9.659668446064451,9.388405699742611,9.114283154097091,8.837384309510798,8.557793512054165,8.275595927792544,7.990877516843822,7.703725007194106,7.414225868279538,7.1224682843422755,6.828541127568696,6.532533931018093,6.234536861350033,5.934640691358693,5.6329367723226,5.329517006178182,5.024473817525492,4.717900125474805,4.409889315342574,4.100535210205332,3.789932042320293,3.4781744244212676,3.1653573208987225,2.8515760188727355
13.881201180489871,13.682908430991858,13.480447735036456,13.273880764112938,13.063270440521702,12.848680918207537,12.630177563217714,12.407826933790863,12.18169676008266,11.951855923534593,11.718374435891983,11.481323417877764,11.240775077528383,10.99680268819855,10.749480566241465,10.498884048371355,10.24508946871514,9.988174135560337,9.728216307806225,9.465295171125415,9.19949081384311,8.93088420254143,8.659557157396245,8.385592327253903,8.10907316445562,7.830083899417082,7.5487095149710655,7.265035720480797,6.979148925732089,6.691136214612063,6.401085318582572,6.1090845899563435,5.815222974983983,5.519589986760105,5.2222756779568,4.923370613392668,4.622965842445926,4.3211528713198994,4.018023635169321,3.7136704700960093,3.408186085022372,3.10166353345139,2.794196185121637
13.58058194390238,13.386583535664887,13.188507444403683,12.986414006014979,12.780364780117823,12.570422531302473,12.356651210011663,12.139115933060717,11.917882963802308,11.693019691942002,11.4645946130107,11.232677307500259,10.997338419668562,10.75864963602062,10.516683663472167,10.271514207202426,10.023215948202779,9.771864520528226,9.517536488258544,9.260309322176099,9.00026137616749,8.737471863356204,8.472020831973554,8.203989140975178,7.933458435410627,7.66051112155351,7.385230341799739,7.107699949341523,6.828004482624902,6.5462291395985,6.262459751761432,5.976782758018176,5.689285178348431,5.400054587300012,5.109179087312805,4.816747281881875,4.522848248567996,4.227571511863788,3.931007015923661,3.6332450971659727,3.3343764567556518,3.034492132975765,2.733683473496396
13.271740491992281,13.082153879237175,12.888582315680786,12.69108476509654,12.489721387151551,12.284553519081388,12.075643657006164,11.863055436893628,11.646853615175022,11.42710404901963,11.203873676274059,10.97723049507234,10.747243543122998,10.513982876679535,10.277519549200592,10.037925589706402,9.79527398083802,9.549638636626119,9.301094379976071,9.049716919876166,8.795582828335892,8.538769517061375,8.279355213875053,8.017418938886665,7.7530404804230075,7.486300370723622,7.217279861409903,6.946060898735037,6.672726098622412,6.397358721499993,6.120042646938399,5.840862348100369,5.559902866009405,5.277249783645457,4.992989199875552,4.707207703227193,4.41999234551268,4.131430615312295,3.841610411324419,3.5506200155907455,3.2585480666046953,2.9654835323112843,2.671515683006656
12.954931319581636,12.769870321076093,12.58091949636624,12.388136401703699,12.191579760686624,11.991309446371957,11.7873864630375,11.579872927599423,11.368832050690857,11.154328117407301,10.936426467724775,10.715193476596644,10.490696533735132,10.26300402308378,10.032185301987045,9.798310680063368,9.561451397788176,9.321679604793353,9.079068337889769,8.833691498819563,8.585623831744927,8.334940900480328,8.081719065475065,7.826035460553085,7.567967969417305,7.3075952019254915,7.044996470144914,6.780251764193117,6.513441727872172,6.244647634103784,5.973951360172786,5.7014353627865235,5.4271826529577085,5.151276770718499,4.873801759673396,4.594842141398718,4.314482889696531,4.032809404710805,3.749907486913702,3.4658633109699246,3.1807633994870534,2.894694596659943,2.6077440418171625
