hough_viz/data/file_3_0_1.json
{"header": {"discipline": 0, "disciplineName": "Meteorological products", "gribEdition": 2, "gribLength": 133963, "center": 7, "centerName": "US National Weather Service - NCEP(WMC)", "subcenter": 0, "refTime": "2014-11-30T06:00:00.000Z", "significanceOfRT": 1, "significanceOfRTName": "Start of forecast", "productStatus": 0, "productStatusName": "Operational products", "productType": 1, "productTypeName": "Forecast products", "productDefinitionTemplate": 0, "productDefinitionTemplateName": "Analysis/forecast at horizontal level/layer at a point in time", "parameterCategory": 2, "parameterCategoryName": "Momentum", "parameterNumber": 2, "parameterNumberName": "U-component_of_wind", "parameterUnit": "m.s-1", "genProcessType": 2, "genProcessTypeName": "Forecast", "forecastTime": 6, "surface1Type": 100, "surface1TypeName": "Isobaric surface", "surface1Value": 85000, "surface2Type": 255, "surface2TypeName": "Missing", "surface2Value": 0, "gridDefinitionTemplate": 0, "gridDefinitionTemplateName": "Latitude_Longitude", "numberPoints": 65160, "shape": 6, "shapeName": "Earth spherical with radius of 6,371,229.0 m", "gridUnits": "degrees", "resolution": 48, "winds": "true", "scanMode": 0, "nx": 360, "ny": 181, "basicAngle": 0, "subDivisions": 0, "lo1": 0, "la1": 90, "lo2": 359, "la2": -90, "dx": 1, "dy": 1}, "data":
[rows 100 to 119 of 181, columns 220 to 263 of 360]
-2.891048621314754,-3.149155862588786,-3.398631486538603,-3.6387916978197947,-3.8689782339865726,-4.088560169743374,-4.296935646267232,-4.493533520861016,-4.677814932415804,-4.849274778391768,-5.007443099269119,-5.15188636667447,-5.282208671652001,-5.398052809822358,-5.499101260455042,-5.585077056770659,-5.655744545087618,-5.710910030732469,-5.750422308943575,-5.774173079312821,-5.7820972426295185,-5.774173079312821,-5.750422308943575,-5.710910030732473,-5.655744545087618,-5.585077056770663,-5.499101260455044,-5.398052809822361,-5.2822086716520085,-5.151886366674477,-5.00744309926912,-4.849274778391771,-4.677814932415806,-4.4935335208610185,-4.296935646267243,-4.088560169743376,-3.868978233986577,-3.638791697819799,-3.398631486538599,-3.1491558625887994,-2.8910486213147673,-2.625017216724038,-2.3517908224049773,-2.07211833291267
-3.144338270654517,-3.4250587229801917,-3.696391327419092,-3.957592380162546,-4.207945947280849,-4.446765827048392,-4.673397430774888,-4.887219576987513,-5.087646194046083,-5.27412792652472,-5.446153640956893,-5.603251826816694,-5.744991888896457,-5.870985327538242,-5.9808868034844345,-6.074395084428618,-6.15125387067241,-6.2112524976250985,-6.254226513220668,-6.280058128669454,-6.288676541309045,-6.280058128669454,-6.254226513220668,-6.211252497625101,-6.151253870672411,-6.0743950844286205,-5.980886803484436,-5.870985327538246,-5.744991888896465,-5.603251826816702,-5.446153640956896,-5.274127926524723,-5.087646194046085,-4.887219576987517,-4.6733974307749,-4.446765827048395,-4.207945947280854,-3.9575923801625508,-3.696391327419088,-3.4250587229802063,-3.144338270654531,-2.854999405689266,-2.557835185801581,-2.2536601174625472
-3.385717229725502,-3.6879875296628986,-3.9801493121303593,-4.261401781990058,-4.530974045771727,-4.788127224638079,-5.032156479600333,-5.262392943432921,-5.478205553992007,-5.679002783912998,-5.864234261945929,-6.033392281484785,-6.186013192156052,-6.321678670652125,-6.440016867326438,-6.540703425407492,-6.623462370038226,-6.688066864703907,-6.734339832975263,-6.762154443862657,-6.771434459451015,-6.762154443862657,-6.734339832975264,-6.688066864703909,-6.623462370038228,-6.540703425407494,-6.44001686732644,-6.32167867065213,-6.186013192156062,-6.033392281484793,-5.864234261945932,-5.679002783913002,-5.47820555399201,-5.262392943432925,-5.032156479600346,-4.788127224638084,-4.530974045771731,-4.261401781990062,-3.9801493121303553,-3.687987529662914,-3.385717229725518,-3.0741669141997634,-2.754190520844909,-2.4266650827138436
-3.619091012406638,-3.9421964732574195,-4.2544966475937205,-4.555135542345402,-4.843289127199105,-5.118167593208055,-5.379017517603479,-5.625123928874085,-5.855812266453216,-6.070450229642519,-6.268449510704194,-6.4492674073716065,-6.6124083103585,-6.757425061789567,-6.883920180829126,-6.9915469531484575,-7.080010381245677,-7.149067993013389,-7.198530506337876,-7.228262347908213,-7.238182024813288,-7.228262347908213,-7.198530506337878,-7.149067993013393,-7.080010381245678,-6.991546953148458,-6.8839201808291275,-6.75742506178957,-6.612408310358509,-6.4492674073716145,-6.2684495107041975,-6.070450229642524,-5.855812266453219,-5.625123928874089,-5.379017517603492,-5.118167593208058,-4.84328912719911,-4.555135542345408,-4.254496647593716,-3.9421964732574364,-3.619091012406655,-3.2860658746507987,-2.944033858744163,-2.5939324506679817
-3.8410392099826165,-4.183959777559631,-4.515412402209833,-4.834488595328045,-5.140313791247647,-5.432049744364267,-5.708896826708726,-5.970096219671736,-6.214931993872928,-6.442733071473539,-6.652875065554126,-6.844781991515699,-7.017927845813497,-7.171838047696102,-7.306090739998324,-7.420317945422351,-7.51420657513795,-7.587499286937192,-7.639995190591547,-7.671550398478047,-7.682078419965246,-7.671550398478047,-7.639995190591547,-7.587499286937195,-7.514206575137952,-7.420317945422353,-7.306090739998327,-7.171838047696106,-7.017927845813505,-6.844781991515708,-6.652875065554129,-6.442733071473542,-6.2149319938729315,-5.97009621967174,-5.708896826708739,-5.432049744364273,-5.140313791247651,-4.834488595328051,-4.515412402209829,-4.183959777559648,-3.8410392099826347,-3.4875906209184198,-3.124582788381719,-2.7530106916091386
-4.048702414343572,-4.41016275202219,-4.75953514014417,-5.095861973278243,-5.418221402952585,-5.725729864377387,-6.017544498234523,-6.292865460896396,-6.550938116741668,-6.791055106559077,-7.01255828636986,-7.214840531354646,-7.397347399940412,-7.5595786534862555,-7.701089627402762,-7.821492449946735,-7.920457105350678,-7.997712338373074,-8.05304639779016,-8.086307616791297,-8.097404828687157,-8.086307616791297,-8.05304639779016,-7.997712338373078,-7.920457105350679,-7.821492449946737,-7.701089627402764,-7.559578653486259,-7.397347399940422,-7.214840531354657,-7.012558286369864,-6.791055106559082,-6.550938116741673,-6.292865460896402,-6.017544498234536,-5.72572986437739,-5.418221402952592,-5.095861973278249,-4.759535140144163,-4.410162752022208,-4.048702414343591,-3.6761448647691126,-3.293511257645999,-2.901850365094823
-4.247093938325756,-4.626266288375824,-4.992758364097282,-5.3455656361851265,-5.6837210844299,-6.00629784825286,-6.312411767166392,-6.6012238041964935,-6.871942345624735,-7.123825370746471,-7.356182485698023,-7.568376815778245,-7.759826751077848,-7.930007540631692,-8.07845273072473,-8.204755443409212,-8.308569491728871,-8.389610328593282,-8.447655826701684,-8.482546887378456,-8.494187876651527,-8.482546887378456,-8.447655826701684,-8.389610328593287,-8.308569491728871,-8.204755443409214,-8.078452730724731,-7.930007540631695,-7.759826751077858,-7.568376815778256,-7.356182485698027,-7.123825370746477,-6.8719423456247375,-6.601223804196499,-6.312411767166408,-6.0062978482528635,-5.683721084429906,-5.345565636185133,-4.992758364097276,-4.626266288375844,-4.247093938325777,-3.8562805990026376,-3.454897462604411,-3.0440446924081486
-4.43267446693853,-4.828415088418304,-5.210921359759743,-5.579144857860781,-5.9320763077080265,-6.268748348729414,-6.588238186262277,-6.88967012086943,-7.172217948570376,-7.4351072254090464,-7.677617390150838,-7.899083739290862,-8.098899248960073,-8.276516238735471,-8.431447872794086,-8.563269494296126,-8.671619789339864,-8.756201777297921,-8.816783624820529,-8.853199281274623,-8.865348933877076,-8.853199281274623,-8.81678362482053,-8.756201777297925,-8.671619789339868,-8.56326949429613,-8.431447872794088,-8.276516238735475,-8.098899248960084,-7.899083739290872,-7.677617390150842,-7.435107225409052,-7.172217948570379,-6.889670120869435,-6.588238186262294,-6.268748348729419,-5.932076307708034,-5.579144857860787,-5.210921359759737,-4.828415088418325,-4.432674466938551,-4.024784192856324,-3.605862265060796,-3.177056919437134
-4.602168717397793,-5.01304145843976,-5.410173801296386,-5.792477233820226,-6.158903888876321,-6.508449416473167,-6.84015573661622,-7.153113665338616,-7.446465406711152,-7.719406904001356,-7.971190043537089,-8.201124705234104,-8.408580654167269,-8.592989268000636,-8.753845095541775,-8.890707242148345,-9.003200578189672,-9.091016767250974,-9.153915111262073,-9.191723210234043,-9.204337434795605,-9.191723210234043,-9.153915111262073,-9.091016767250979,-9.003200578189674,-8.890707242148348,-8.753845095541777,-8.592989268000641,-8.408580654167281,-8.201124705234115,-7.971190043537092,-7.719406904001361,-7.446465406711155,-7.15311366533862,-6.840155736616236,-6.508449416473171,-6.158903888876328,-5.792477233820232,-5.41017380129638,-5.013041458439783,-4.602168717397816,-4.178681751794286,-3.7437413099656958,-3.298539533430741
-4.761538519776957,-5.186639489196407,-5.597524240294863,-5.993066566529807,-6.372182313878843,-6.7338323524305,-7.077025424567081,-7.4008208619329405,-7.704331163740992,-7.986724429350722,-8.24722663845001,-8.485123772590995,-8.699763772265038,-8.890558324152465,-9.056984473648525,-9.198586058245585,-9.314974957842871,-9.405832158556677,-9.47090862711526,-9.51002599344171,-9.52307703955393,-9.51002599344171,-9.47090862711526,-9.405832158556683,-9.314974957842871,-9.198586058245587,-9.056984473648528,-8.890558324152469,-8.69976377226505,-8.485123772591008,-8.247226638450014,-7.986724429350726,-7.704331163740996,-7.400820861932946,-7.077025424567098,-6.733832352430506,-6.3721823138788505,-5.993066566529814,-5.597524240294855,-5.1866394891964305,-4.7615385197769795,-4.323386504245305,-3.8733843868204056,-3.412765592026862
-4.907313486382128,-5.345428963478785,-5.768892991342758,-6.176544884508293,-6.567267297471766,-6.939989287258019,-7.293689248800626,-7.627397715090407,-7.940200014417042,-8.23123877742069,-8.499716287081823,-8.744896665208092,-8.966107889425349,-9.16274363514421,-9.33426493745364,-9.480201668386307,-9.600153825506672,-9.693792628289822,-9.760861419286101,-9.801176367601279,-9.814626972764275,-9.801176367601279,-9.760861419286101,-9.693792628289827,-9.600153825506673,-9.48020166838631,-9.334264937453641,-9.162743635144214,-8.966107889425363,-8.744896665208104,-8.499716287081828,-8.231238777420696,-7.9402000144170435,-7.627397715090412,-7.293689248800643,-6.939989287258024,-6.567267297471773,-6.176544884508302,-5.76889299134275,-5.345428963478808,-4.907313486382151,-4.455747404122501,-3.9919684279433545,-3.517247743781522
-5.035841725153228,-5.4854319553517294,-5.919986997848314,-6.338315767477044,-6.739271654158049,-7.1217556656760355,-7.484719439941558,-7.827168118478682,-8.148163073262841,-8.446824479435058,-8.722333726840713,-8.973935663783074,-9.200940666841632,-9.402726531081923,-9.578740175476026,-9.728499158859213,-9.851593002267654,-9.94768431403271,-10.016509714548064,-10.057880558174896,-10.071683450306473,-10.057880558174896,-10.016509714548064,-9.947684314032715,-9.851593002267657,-9.728499158859217,-9.57874017547603,-9.402726531081926,-9.200940666841644,-8.973935663783084,-8.722333726840718,-8.446824479435062,-8.148163073262847,-7.827168118478688,-7.484719439941576,-7.121755665676041,-6.739271654158055,-6.338315767477053,-5.919986997848306,-5.4854319553517525,-5.035841725153251,-4.572448602823172,-4.096522716699759,-3.6093685465556566
-5.153822532998462,-5.613945862021974,-6.058681755658276,-6.4868112237361215,-6.897160793142428,-7.2886057242305,-7.6600730936532155,-8.010544735171393,-8.339060030376599,-8.644718541679504,-8.92668248034668,-9.184179002821308,-9.416502329033667,-9.6230156768952,-9.80315300767398,-9.956420577467535,-10.08239829052056,-10.180740850678177,-10.251178707818708,-10.293518796671805,-10.307645065996944,-10.293518796671805,-10.251178707818708,-10.180740850678182,-10.082398290520564,-9.956420577467538,-9.803153007673984,-9.623015676895204,-9.416502329033682,-9.184179002821324,-8.926682480346685,-8.64471854167951,-8.339060030376606,-8.010544735171397,-7.660073093653234,-7.288605724230506,-6.897160793142436,-6.4868112237361295,-6.058681755658269,-5.613945862021997,-5.153822532998486,-4.67957293464984,-4.192496952160442,-3.693929626942046
-5.258010037413941,-5.727435025752914,-6.181161512795428,-6.617945865778634,-7.036590889151521,-7.435949106004678,-7.814925903224748,-8.172482531752932,-8.507638953723879,-8.819476528681397,-9.107140531508097,-9.369842495167502,-9.606862371837428,-9.817550506510965,-10.001329417655723,-10.15769538005057,-10.286219805461448,-10.386550417371925,-10.458412216548655,-10.501608234795148,-10.516020074827901,-10.501608234795148,-10.458412216548655,-10.386550417371929,-10.28621980546145,-10.157695380050574,-10.001329417655725,-9.817550506510969,-9.60686237183744,-9.369842495167516,-9.107140531508103,-8.819476528681403,-8.507638953723882,-8.172482531752939,-7.814925903224768,-7.435949106004685,-7.036590889151528,-6.617945865778642,-6.181161512795421,-5.727435025752939,-5.258010037413966,-4.77417320904224,-4.277250703753237,-3.768604551593281
-5.344459429947637,-5.821602453207289,-6.282788868797325,-6.726754596809287,-7.152282758042374,-7.558207009384746,-7.943414740678908,-8.306850124308871,-8.647517009150176,-8.964481650950939,-9.256875271659924,-9.52389644068679,-9.764813271567668,-9.978965428015028,-10.165765933853582,-10.324702781881165,-10.455340337244905,-10.557320531486052,-10.63036384398075,-10.674270068086626,-10.688918859895294,-10.674270068086626,-10.63036384398075,-10.557320531486056,-10.455340337244909,-10.324702781881168,-10.165765933853587,-9.978965428015034,-9.76481327156768,-9.523896440686803,-9.25687527165993,-8.964481650950946,-8.647517009150182,-8.306850124308879,-7.943414740678928,-7.558207009384753,-7.152282758042381,-6.726754596809295,-6.282788868797319,-5.821602453207314,-5.344459429947662,-4.852667614879344,-4.3475749751834325,-3.8305659346767564
-5.4203584717167494,-5.904277614942678,-6.3720135436273555,-6.8222842261021786,-7.253855501724421,-7.665544463625748,-8.056222700977724,-8.424819391887512,-8.77032423844615,-9.091790235884968,-9.38833626824982,-9.659149523478641,-9.903487721262866,-10.120681147586101,-10.310134490363728,-10.471328471151923,-10.603821268453812,-10.707249728721447,-10.781330361734456,-10.825860117627041,-10.84071694343352,-10.825860117627041,-10.781330361734458,-10.707249728721449,-10.603821268453814,-10.471328471151926,-10.310134490363732,-10.120681147586108,-9.903487721262879,-9.659149523478654,-9.388336268249823,-9.091790235884975,-8.770324238446154,-8.424819391887517,-8.056222700977745,-7.665544463625754,-7.253855501724427,-6.822284226102187,-6.372013543627348,-5.904277614942704,-5.420358471716774,-4.9215825026843705,-4.4093168181071105,-3.8849655026192558
-5.482802798065013,-5.972296850231641,-6.445421251861051,-6.900879201854843,-7.337422321630587,-7.753854076840713,-8.14903305698999,-8.52187610396242,-8.87136128088223,-9.1965306731719,-9.49649301412942,-9.77042612782834,-10.017579182644882,-10.237274749235185,-10.428910657322078,-10.591961646201943,-10.725980804447795,-10.830600794862436,-10.905534861324194,-10.950577614765496,-10.965605596130043,-10.950577614765496,-10.905534861324194,-10.830600794862443,-10.725980804447797,-10.591961646201947,-10.428910657322081,-10.237274749235189,-10.017579182644894,-9.770426127828353,-9.496493014129426,-9.19653067317191,-8.871361280882233,-8.521876103962425,-8.14903305699001,-7.753854076840717,-7.337422321630594,-6.900879201854851,-6.445421251861042,-5.9722968502316665,-5.4828027980650385,-4.9782807645338645,-4.460113609463155,-3.929721593007584
-5.5276756170858565,-6.021175827931473,-6.498172414359533,-6.957357961882256,-7.397473874831484,-7.817313826081903,-8.215727063509839,-8.591621564124896,-8.943967027228977,-9.27179769839895,-9.574215016552367,-9.850390076840931,-10.099565902621102,-10.321059520274408,-10.514263831190693,-10.678649275783199,-10.813765284974599,-10.919241515175486,-10.99478886337045,-11.040200259529321,-11.055351234171733,-11.040200259529321,-10.99478886337045,-10.91924151517549,-10.8137652849746,-10.678649275783206,-10.514263831190696,-10.321059520274412,-10.099565902621116,-9.850390076840945,-9.574215016552373,-9.271797698398958,-8.943967027228982,-8.591621564124901,-8.21572706350986,-7.81731382608191,-7.397473874831492,-6.9573579618822645,-6.498172414359525,-6.0211758279315,-5.527675617085881,-5.019024431597855,-4.4966164490109275,-3.9618835532932186
-5.562382445149029,-6.058981214620991,-6.538972737738299,-7.0010413910998865,-7.4439206766448915,-7.866396693035795,-8.267311462877602,-8.64556610665345,-9.00012385467689,-9.330012888805602,-9.63432900612734,-9.912238097317275,-10.16297843287369,-10.385862750965572,-10.580280141169522,-10.745697718932787,-10.881662086172744,-10.987800574009556,-11.063822264225664,-11.109518786652389,-11.124764890298078,-11.109518786652389,-11.063822264225665,-10.987800574009562,-10.881662086172746,-10.745697718932792,-10.58028014116953,-10.385862750965575,-10.162978432873706,-9.912238097317289,-9.634329006127345,-9.330012888805609,-9.000123854676895,-8.645566106653453,-8.267311462877622,-7.866396693035799,-7.443920676644899,-7.001041391099896,-6.538972737738292,-6.058981214621017,-5.562382445149056,-5.050537572031404,-4.524849526487375,-3.986759182909661
-5.584436341151514,-6.083004039895222,-6.564898647390005,-7.028799324012798,-7.473434550254327,-7.897585611865675,-8.300089940269327,-8.679844299078896,-9.035807807993265,-9.367004795777229,-9.672527474508485,-9.951538427761246,-10.203272905906475,-10.42704092223742,-10.622229144175241,-10.788302574370972,-10.924806017096072,-11.031365325902259,-11.107688429130956,-11.153566130461362,-11.168872682303048,-11.153566130461362,-11.10768842913096,-11.031365325902266,-10.924806017096074,-10.788302574370976,-10.622229144175245,-10.427040922237426,-10.20327290590649,-9.95153842776126,-9.672527474508488,-9.367004795777234,-9.03580780799327,-8.679844299078901,-8.300089940269345,-7.897585611865679,-7.473434550254334,-7.028799324012808,-6.564898647389997,-6.083004039895248,-5.584436341151539,-5.070562090566148,-4.542789781740962,-4.002566001889452
