hough_viz/data/file_3_2_0.json
{"header": {"discipline": 0, "disciplineName": "Meteorological products", "gribEdition": 2, "gribLength": 133963, "center": 7, "centerName": "US National Weather Service - NCEP(WMC)", "subcenter": 0, "refTime": "2014-11-30T06:00:00.000Z", "significanceOfRT": 1, "significanceOfRTName": "Start of forecast", "productStatus": 0, "productStatusName": "Operational products", "productType": 1, "productTypeName": "Forecast products", "productDefinitionTemplate": 0, "productDefinitionTemplateName": "Analysis/forecast at horizontal level/layer at a point in time", "parameterCategory": 2, "parameterCategoryName": "Momentum", "parameterNumber": 2, "parameterNumberName": "U-component_of_wind", "parameterUnit": "m.s-1", "genProcessType": 2, "genProcessTypeName": "Forecast", "forecastTime": 6, "surface1Type": 100, "surface1TypeName": "Isobaric surface", "surface1Value": 85000, "surface2Type": 255, "surface2TypeName": "Missing", "surface2Value": 0, "gridDefinitionTemplate": 0, "gridDefinitionTemplateName": "Latitude_Longitude", "numberPoints": 65160, "shape": 6, "shapeName": "Earth spherical with radius of 6,371,229.0 m", "gridUnits": "degrees", "resolution": 48, "winds": "true", "scanMode": 0, "nx": 360, "ny": 181, "basicAngle": 0, "subDivisions": 0, "lo1": 0, "la1": 90, "lo2": 359, "la2": -90, "dx": 1, "dy": 1}, "data":
[rows 133 to 151 of 181, columns 129 to 171 of 360]
23.801070606348357,23.13376077817263,22.4030429197119,21.610919877824653,20.759562806708953,19.851305216919535,18.888636579377895,17.874195501905177,16.810762496981823,15.701252360556062,14.548706182790632,13.356283012646363,12.127251199148297,10.864979433068237,9.572927513577602,8.254636865178304,6.913720830904305,5.553854768399637,4.178765976018523,2.7922234765595797,1.3980276866364845,8.17836461997177e-15,-1.3980276866364683,-2.7922234765595633,-4.178765976018482,-5.553854768399668,-6.9137208309042855,-8.254636865178288,-9.572927513577607,-10.864979433068243,-12.127251199148299,-13.356283012646344,-14.548706182790617,-15.701252360556024,-16.810762496981823,-17.874195501905163,-18.88863657937788,-19.851305216919524,-20.759562806708924,-21.610919877824657,-22.403042919711893,-23.13376077817262,-23.80107060634837
24.473033590946812,23.786883958830785,23.03553613118961,22.221049500193317,21.345656517083246,20.411756573178195,19.42190942330992,18.37882816971269,17.285371825598943,16.144537478802746,14.959452076970134,13.733363856813332,12.469633440919441,11.171724626517564,9.843194891451459,8.487685643379997,7.108912238931802,5.710653800171123,4.2967428562868815,2.8710548388964656,1.4374974597572348,8.409260044386202e-15,-1.437497459757218,-2.871054838896449,-4.29674285628684,-5.710653800171155,-7.108912238931781,-8.487685643379978,-9.843194891451464,-11.17172462651757,-12.469633440919447,-13.733363856813314,-14.959452076970118,-16.14453747880271,-17.285371825598943,-18.378828169712676,-19.42190942330991,-20.411756573178184,-21.345656517083217,-22.22104950019332,-23.035536131189602,-23.78688395883078,-24.473033590946827
25.035759239727984,24.333832487237462,23.56520839132335,22.731993697206164,21.83647218844649,20.8810984272528,19.868491026697427,18.801425473279714,17.682826519510783,16.515760167370132,15.303425264607073,14.049144736921798,12.756356480056713,11.42860393676324,10.06952638447162,8.682848960284382,7.272372450634412,5.8419628735936655,4.395540882386284,2.937071019150555,1.470550848404665,8.602620066414586e-15,-1.4705508484046474,-2.9370710191505385,-4.395540882386241,-5.841962873593696,-7.2723724506343945,-8.682848960284366,-10.069526384471624,-11.428603936763245,-12.75635648005672,-14.049144736921779,-15.303425264607055,-16.515760167370093,-17.682826519510787,-18.801425473279696,-19.868491026697413,-20.88109842725279,-21.836472188446464,-22.73199369720617,-23.56520839132334,-24.33383248723746,-25.035759239727998
25.53628089068997,24.820321029251286,24.036330393110763,23.18645784610755,22.27303282981913,21.298558978723655,20.265707257912226,19.177308642158874,18.03634635641572,16.845947699000753,15.609375469890228,14.330019027611147,13.011384999244811,11.657087669005804,10.270839071740287,8.856438818496418,7.4177636820545425,5.958756970962589,4.483417721201369,2.9957897351048555,1.4999504975792368,8.774605966942332e-15,-1.499950497579219,-2.9957897351048386,-4.4834177212013255,-5.958756970962621,-7.417763682054525,-8.856438818496402,-10.27083907174029,-11.657087669005811,-13.011384999244816,-14.33001902761113,-15.609375469890216,-16.84594769900071,-18.036346356415724,-19.177308642158856,-20.265707257912215,-21.29855897872364,-22.2730328298191,-23.186457846107558,-24.036330393110752,-24.82032102925128,-25.536280890689984
25.967539018624752,25.239487987338663,24.44225727385455,23.578032032143255,22.649181043520823,21.658250223983316,20.607955646028444,19.501176094089203,18.340945173986178,17.130442998024776,15.872987468528223,14.572025183698285,13.231121990728909,11.85395321206693,10.444293571608863,9.006006848444985,7.543035286509355,6.059388789163355,4.559133928329238,3.0463827982990566,1.5252817447702363,8.922791999155369e-15,-1.5252817447702185,-3.0463827982990392,-4.559133928329194,-6.059388789163391,-7.543035286509335,-9.006006848444967,-10.44429357160887,-11.853953212066939,-13.231121990728914,-14.57202518369827,-15.872987468528207,-17.130442998024737,-18.340945173986178,-19.50117609408919,-20.60795564602843,-21.658250223983305,-22.649181043520795,-23.578032032143263,-24.442257273854544,-25.239487987338656,-25.967539018624766
26.27672679340229,25.540007074716655,24.733283971903326,23.85876865691248,22.918858115435768,21.916128576934884,20.853328453376097,19.73337080602366,18.559325360941678,17.334410095088305,16.0619824160643,14.745529959692593,13.388661030650612,11.995094712358014,10.568650673227657,9.113238697219902,7.632847967396501,6.131536131847221,4.613418181958426,3.0826551735076233,1.5434428214989961,9.029033033434473e-15,-1.543442821498978,-3.082655173507605,-4.613418181958382,-6.131536131847255,-7.632847967396482,-9.113238697219884,-10.568650673227662,-11.995094712358023,-13.388661030650617,-14.745529959692576,-16.061982416064282,-17.33441009508826,-18.55932536094168,-19.73337080602364,-20.853328453376086,-21.916128576934874,-22.918858115435736,-23.85876865691249,-24.733283971903315,-25.540007074716648,-26.2767267934023
26.519057479992593,25.775543543874274,24.961380634538234,24.078800315927207,23.130221679347155,22.118244712905966,21.045643175127083,19.91535699226987,18.730484200196315,17.494272452870074,16.210110120762423,14.88151700356472,13.512134682661838,12.105716539810714,10.666117469382018,9.197283312362499,7.703240041079099,6.188082724288746,4.655964302879504,3.1110842069481524,1.557676845454394,9.112301082436227e-15,-1.5576768454543761,-3.1110842069481346,-4.65596430287946,-6.1880827242887815,-7.703240041079078,-9.197283312362483,-10.666117469382025,-12.105716539810723,-13.51213468266184,-14.881517003564703,-16.2101101207624,-17.494272452870035,-18.730484200196315,-19.915356992269853,-21.045643175127076,-22.118244712905952,-23.13022167934713,-24.078800315927214,-24.96138063453823,-25.775543543874267,-26.519057479992615
26.688928453066453,25.940651850103066,25.12127372353112,24.233039931841294,23.27838506211629,22.25992575699668,21.180453542645658,20.042927177369492,18.850464541866916,17.606334093334873,16.313945906854208,14.976842328611356,13.59868826657335,12.183261145229874,10.734440551935421,9.256197603229952,7.752584060284414,6.227721223305144,4.685788635336418,3.1310126264233804,1.5676547295353642,9.170671009534248e-15,-1.5676547295353462,-3.1310126264233635,-4.6857886353363725,-6.227721223305179,-7.752584060284394,-9.256197603229936,-10.734440551935428,-12.183261145229876,-13.598688266573355,-14.976842328611337,-16.31394590685419,-17.60633409333483,-18.85046454186692,-20.042927177369474,-21.180453542645644,-22.25992575699666,-23.278385062116257,-24.233039931841297,-25.121273723531118,-25.94065185010306,-26.688928453066474
26.730195725651022,25.98076211353317,25.160117038362724,24.270509831248408,23.31437884370914,22.29434476432182,21.213203435596448,20.073918190765767,18.879611731495118,17.633557568774226,16.339171050450812,14.999999999999991,13.619714992186413,12.202099292274006,10.751038486359,9.27050983124843,7.764571353075622,6.237350724532771,4.693033951206935,3.1358538980296045,1.5700786872883328,9.184850993605149e-15,-1.5700786872883143,-3.1358538980295867,-4.69303395120689,-6.237350724532805,-7.7645713530756035,-9.270509831248413,-10.751038486359006,-12.202099292274012,-13.619714992186417,-14.999999999999975,-16.339171050450794,-17.633557568774183,-18.87961173149512,-20.073918190765745,-21.213203435596434,-22.294344764321803,-23.314378843709115,-24.270509831248418,-25.160117038362717,-25.98076211353316,-26.730195725651047
26.703673414945577,25.954983407974417,25.135152595590743,24.246428077065584,23.291245784529774,22.27222380625318,21.192155210646984,20.05400039065702,18.860878949532715,17.616061150211426,16.322958951754746,14.985116657406284,13.606201199902587,12.189992090665383,10.740371060423627,9.261311419659311,7.756867168039549,6.231161882685415,4.688377415733621,3.1327424321703914,1.568520819354867,9.17573757467115e-15,-1.5685208193548483,-3.1327424321703736,-4.688377415733576,-6.23116188268545,-7.756867168039529,-9.261311419659293,-10.740371060423632,-12.189992090665388,-13.606201199902593,-14.985116657406264,-16.32295895175472,-17.61606115021139,-18.86087894953272,-20.054000390657,-21.19215521064697,-22.272223806253162,-23.291245784529753,-24.246428077065588,-25.135152595590732,-25.954983407974407,-26.703673414945595
26.605568328466305,25.85962889055502,25.04281000733545,24.15735052259015,23.205677419219317,22.19039916704922,21.11429857319803,19.980325154594563,18.791587053557706,17.551342518594314,16.262990973766243,14.930063701105745,13.556214161616547,12.145207981391222,10.700912630291965,9.227286821484416,7.728369660879998,6.208269576227493,4.671153056198105,3.1212332303295183,1.5627583211308878,9.142027361312624e-15,-1.5627583211308693,-3.1212332303295005,-4.67115305619806,-6.208269576227528,-7.728369660879978,-9.227286821484398,-10.70091263029197,-12.14520798139123,-13.556214161616554,-14.930063701105727,-16.26299097376623,-17.55134251859427,-18.791587053557713,-19.98032515459455,-21.114298573198013,-22.190399167049208,-23.20567741921929,-24.157350522590153,-25.042810007335447,-25.85962889055501,-26.605568328466322
26.37939683203832,25.639798556880415,24.829923376078625,23.95199110120979,23.008408083615077,22.001760618757967,20.93480785736852,19.810474242802645,18.6318414953464,17.402140165434904,16.124740778937817,14.803144598782671,13.44097402823625,12.04196268214906,10.609945153376666,9.14884650242713,7.6626714991429425,6.155493645905368,4.631444012447512,3.0946999128792365,1.549473455959739,9.064311825107319e-15,-1.549473455959721,-3.094699912879218,-4.631444012447467,-6.155493645905402,-7.662671499142922,-9.14884650242711,-10.60994515337667,-12.041962682149068,-13.440974028236255,-14.803144598782653,-16.1247407789378,-17.402140165434865,-18.631841495346407,-19.810474242802623,-20.934807857368504,-22.00176061875795,-23.00840808361505,-23.9519911012098,-24.829923376078614,-25.639798556880404,-26.37939683203834
26.08837882397552,25.356939811069644,24.555999188680886,23.687752279382508,22.754578887601866,21.759036776741645,20.70385465852852,19.59192471380363,18.42629466525618,17.210159423827353,15.946852331681272,14.639836025746188,13.292692946867074,11.90911552058434,10.492896036452155,9.047916253636338,7.5781367612822255,6.0875861228152655,4.5803498339286195,3.060559124523362,1.5323796352946686,8.964314164486094e-15,-1.5323796352946506,-3.060559124523344,-4.580349833928575,-6.087586122815298,-7.578136761282205,-9.04791625363632,-10.492896036452159,-11.909115520584345,-13.29269294686708,-14.639836025746167,-15.946852331681253,-17.21015942382732,-18.426294665256183,-19.591924713803618,-20.70385465852851,-21.759036776741628,-22.754578887601838,-23.687752279382515,-24.555999188680875,-25.35693981106964,-26.088378823975535
25.73059707241122,25.009189174622378,24.21923282767329,23.362893247001775,22.442517599875075,21.46062857196733,20.419917452853884,19.32323675937319,18.173592417076748,16.974135521196082,15.728153699709447,14.439062102182493,13.110394039080374,11.745791297209433,10.348994157832783,8.9238311448193,7.474208530925742,6.004099630974779,4.517533911275189,3.018585945134701,1.5113642447379605,8.841375593063825e-15,-1.5113642447379432,-3.0185859451346833,-4.517533911275146,-6.004099630974811,-7.474208530925722,-8.923831144819282,-10.348994157832788,-11.745791297209438,-13.11039403908038,-14.439062102182476,-15.728153699709429,-16.974135521196047,-18.17359241707675,-19.323236759373174,-20.41991745285387,-21.460628571967316,-22.442517599875043,-23.36289324700178,-24.219232827673284,-25.00918917462237,-25.730597072411236
25.252637760231632,24.54463039184588,23.7693478976324,22.92891527301861,22.02563608541088,21.061986160276188,20.04060679507693,18.964297519657833,17.836008422929492,16.65883206687971,15.43599501007576,14.170848963892077,12.866861605702018,11.527607074215297,10.15675617301229,8.758066309126548,7.335371194253191,5.892570336811784,4.433618353664744,2.962514130787318,1.483289862599261,8.677142412415515e-15,-1.4832898625992437,-2.9625141307873006,-4.433618353664702,-5.892570336811817,-7.335371194253171,-8.75806630912653,-10.156756173012296,-11.527607074215302,-12.866861605702024,-14.17084896389206,-15.435995010075745,-16.658832066879672,-17.836008422929503,-18.964297519657816,-20.040606795076915,-21.06198616027617,-22.025636085410856,-22.928915273018617,-23.7693478976324,-24.54463039184587,-25.25263776023165
24.7165269138,24.023550467456893,23.26472713913898,22.442136810844033,21.55803414548441,20.61484240701255,19.61514681842324,18.56168747583674,17.457351838086026,16.305166812392827,15.108290457825046,13.870003329276786,12.593699485695101,11.282877187200429,9.941129306598816,8.572133481567265,7.179642034504406,5.767471687675769,4.33949310184328,2.8996202670530806,1.4517997746610474,8.492927590680975e-15,-1.45179977466103,-2.8996202670530637,-4.339493101843239,-5.767471687675801,-7.179642034504386,-8.572133481567247,-9.941129306598821,-11.282877187200434,-12.593699485695106,-13.870003329276766,-15.108290457825033,-16.305166812392788,-17.45735183808603,-18.561687475836727,-19.61514681842323,-20.614842407012535,-21.55803414548439,-22.44213681084404,-23.264727139138976,-24.023550467456882,-24.716526913800013
24.12200134902438,23.445693596247132,22.705122827012723,21.902318894323198,21.039482227955894,20.118977803238202,19.143328658814877,18.11520898117417,17.037436774888782,15.912966138661194,14.744879168344186,13.536377509130752,12.290773580066876,11.011481494941215,9.702007704436612,8.365941385192457,7.0069446021209245,5.628742270941723,4.235111948446975,2.8298734784805304,1.4168785220116893,8.288640694303603e-15,-1.4168785220116726,-2.829873478480514,-4.235111948446934,-5.628742270941754,-7.006944602120905,-8.365941385192441,-9.702007704436618,-11.011481494941219,-12.290773580066881,-13.536377509130736,-14.74487916834417,-15.912966138661153,-17.037436774888786,-18.115208981174156,-19.143328658814863,-20.118977803238188,-21.03948222795587,-21.902318894323205,-22.705122827012715,-23.445693596247125,-24.122001349024398
23.42230900611669,22.765618504380114,22.046529024741755,21.267011541482002,20.429202657838943,19.535398749727165,18.58804967153135,17.589752041225324,16.54324212322296,15.451388328467555,14.317183352316599,13.143735971772175,11.93426252453903,10.692078093266515,9.420587419137595,8.123275569709843,6.803698386587458,5.46547273910671,4.112266610748448,2.747789045450248,1.3757799813749672,8.048217093334364e-15,-1.3757799813749512,-2.747789045450232,-4.112266610748408,-5.46547273910674,-6.80369838658744,-8.123275569709827,-9.4205874191376,-10.69207809326652,-11.934262524539033,-13.143735971772157,-14.317183352316585,-15.45138832846752,-16.543242123222967,-17.589752041225314,-18.58804967153134,-19.535398749727154,-20.42920265783892,-21.26701154148201,-22.046529024741748,-22.765618504380114,-23.422309006116702
22.674526996017967,22.03880203372813,21.34267024696216,20.588039684560083,19.77697873643976,18.911710464283736,17.994606508282047,17.028180586630878,16.015081605606063,14.95808639909501,13.860092117487813,12.724108286789797,11.55324855971963,10.35072218140371,9.119825193058443,7.863931397770299,6.5864831131360155,5.290981736109453,3.9809781459158695,2.660062971338706,1.3318567490558353,7.791269242710721e-15,-1.3318567490558197,-2.6600629713386903,-3.9809781459158313,-5.290981736109483,-6.586483113135999,-7.863931397770283,-9.119825193058448,-10.350722181403716,-11.553248559719632,-12.72410828678978,-13.860092117487799,-14.958086399094974,-16.015081605606067,-17.028180586630867,-17.99460650828203,-18.91171046428373,-19.77697873643973,-20.588039684560087,-21.342670246962157,-22.03880203372812,-22.674526996017985
