hough_viz/data/file_1_2_2.json
{"header": {"discipline": 0, "disciplineName": "Meteorological products", "gribEdition": 2, "gribLength": 133963, "center": 7, "centerName": "US National Weather Service - NCEP(WMC)", "subcenter": 0, "refTime": "2014-11-30T06:00:00.000Z", "significanceOfRT": 1, "significanceOfRTName": "Start of forecast", "productStatus": 0, "productStatusName": "Operational products", "productType": 1, "productTypeName": "Forecast products", "productDefinitionTemplate": 0, "productDefinitionTemplateName": "Analysis/forecast at horizontal level/layer at a point in time", "parameterCategory": 2, "parameterCategoryName": "Momentum", "parameterNumber": 2, "parameterNumberName": "U-component_of_wind", "parameterUnit": "m.s-1", "genProcessType": 2, "genProcessTypeName": "Forecast", "forecastTime": 6, "surface1Type": 100, "surface1TypeName": "Isobaric surface", "surface1Value": 85000, "surface2Type": 255, "surface2TypeName": "Missing", "surface2Value": 0, "gridDefinitionTemplate": 0, "gridDefinitionTemplateName": "Latitude_Longitude", "numberPoints": 65160, "shape": 6, "shapeName": "Earth spherical with radius of 6,371,229.0 m", "gridUnits": "degrees", "resolution": 48, "winds": "true", "scanMode": 0, "nx": 360, "ny": 181, "basicAngle": 0, "subDivisions": 0, "lo1": 0, "la1": 90, "lo2": 359, "la2": -90, "dx": 1, "dy": 1}, "data":
[rows 0 to 18 of 181, columns 129 to 171 of 360]
6.354765837891669,6.490755426249301,6.62476786762674,6.756762340536128,6.886698638182363,7.014537180710461,7.14023902726197,7.263765887836723,7.385080134956362,7.504144815126012,7.620923660090694,7.735381097882969,7.847482263658506,7.957193010316269,8.064479918900032,8.169310308778117,8.27165224759827,8.371474561014505,8.468746842183169,8.563439461025101,8.655523573251308,8.744971129149166,8.831754882126642,8.915848397011892,8.997226058105655,9.07586307698403,9.151735500049297,9.224820215826394,9.295094962002908,9.362538332210395,9.427129782544945,9.488849637825073,9.54767909758497,9.603600241801294,9.656596036351806,9.706650338204096,9.753747900332934,9.79787437636466,9.839016324947202,9.877161213844472,9.912297423753795,9.944414251845263,9.973501915021917
6.390289429647272,6.527039209449101,6.661800789878884,6.79453312125375,6.925195772019765,7.053748941067743,7.180153469857077,7.304370854343783,7.426363256709221,7.546093516885872,7.663525163876633,7.778622426864236,7.891350246107412,8.0016742836204,8.109560933632638,8.214977332825406,8.317891370342323,8.418271697570614,8.516087737690196,8.61130969498768,8.703908563932442,8.793856138011977,8.881125018323875,8.965688621921798,9.047521189912912,9.126597795304274,9.202894350595846,9.276387615117786,9.347055202109777,9.414875585540248,9.479828106663419,9.541892980312138,9.601051300924667,9.657285048303459,9.710577093104314,9.760911202054139,9.80827204289575,9.85264518905823,9.894017124051405,9.9323752455831,9.967707869397906,10.000004232836345,10.02925449811324
6.425813021402875,6.563322992648899,6.698833712131025,6.832303901971372,6.9636929058571635,7.092960701425025,7.220067912452183,7.34497582085084,7.4676463784620815,7.58804221864573,7.706126667662568,7.821863755845505,7.9352182285563195,8.04615555692453,8.154641948365244,8.26064435687269,8.364130493086378,8.46506883412672,8.563428633197226,8.659179928950259,8.752293554613576,8.84274114687479,8.930495154521104,9.015528846831703,9.09781632172017,9.177332513624515,9.254053201142392,9.327955014409174,9.39901544221664,9.4672128388701,9.53252643078189,9.594936322799205,9.654423504264361,9.710969854805619,9.764558149856823,9.815172065904182,9.862796185458562,9.907416001751802,9.94901792315561,9.987589277321725,10.023118315042018,10.05559421382742,10.085007081204562
6.4717286831404985,6.610221232202629,6.746700243842781,6.8811241452319,7.013451989547436,7.143643468446122,7.271658924342294,7.39745936248797,7.5210064628510285,7.642262591787878,7.761190813507015,7.8777549013200066,7.991919348676534,8.103649379979995,8.2129109611805,8.31967081014197,8.423896406780214,8.525556002968836,8.624618632210039,8.72105411906731,8.814833088357165,8.905926974097104,8.99430802820708,9.079949328961845,9.162824789191564,9.24290916422822,9.32017805959538,9.394607938438993,9.466176128696949,9.534860830005195,9.600641120338354,9.663496962382755,9.723409209640018,9.780359612259247,9.83433082259611,9.885306400497104,9.933270818307399,9.97820946560068,10.020108653629654,10.058955619495762,10.094738530036878,10.127446485431816,10.157069522520514
6.534942260878814,6.674787556625013,6.812599647421347,6.948336554369937,7.081956930694019,7.213420074332556,7.342685940338484,7.4697151530767885,7.594469018218708,7.716909534528402,7.836999405438505,7.9547020504109875,8.069981616079986,8.182802987173062,8.293131797207653,8.400934438959439,8.50617807469944,8.608830646196694,8.7088608844835,8.80623831938026,8.90093328877699,8.992916947668684,9.082161276941777,9.168639091909037,9.252324050590305,9.333190661736484,9.411214292594453,9.486371176410415,9.558638419669501,9.627994009069347,9.69441681822556,9.757886614107017,9.818384063199044,9.875890737392602,9.930389119597645,9.981862609079021,10.030295526513196,10.075673118764342,10.117981563378276,10.157207972792914,10.19334039826396,10.226367833504584,10.256280218038077
6.622274202142525,6.7639883684412965,6.903642158358816,7.041193031997811,7.176599090029692,7.309819086457473,7.440812441179716,7.569539252351606,7.695960308539452,7.820037100664877,7.941731833735043,8.061007438355363,8.17782758202123,8.292156680185222,8.403959907096503,8.513203206409091,8.619853301555757,8.723877705884377,8.825244732553687,8.923923504185389,9.019883962269727,9.113096876321588,9.203533852784362,9.291167343678946,9.375970654995088,9.457917954822651,9.536984281220265,9.613145549818977,9.686378561158584,9.756661007754404,9.82397148089237,9.888289477150304,9.949595404643485,10.007870588992521,10.063097279011725,10.11525865211633,10.164338819446796,10.210322830708694,10.25319667872674,10.292947303711498,10.329562597237526,10.363031405931718,10.393343534870722
6.72314514633919,6.8670179127388105,7.0087989189599185,7.148444977134545,7.285913549720595,7.421162762459172,7.554151417129889,7.6848390041002395,7.813185714665232,7.939152453173507,8.062700848936252,8.18379326791527,8.302392824186697,8.418463391176795,8.531969612666451,8.642876913561043,8.751151510422337,8.856760421759247,8.959671478074329,9.059853331662897,9.157275466161872,9.251908205845336,9.343722724664051,9.43269105502616,9.51878609631638,9.601981623151108,9.682252293366938,9.759573655740125,9.833922157434662,9.905275151176701,9.973610902153137,10.038908594632238,10.101148338304323,10.160311174340539,10.216379081167906,10.269334979958863,10.319162739833647,10.365847182773901,10.409374088246063,10.449730197533077,10.486903217773111,10.520881825704102,10.55165567111291
6.840078896425269,6.986454000903894,7.130700963814547,7.272775846134969,7.412635370479695,7.5502369342827595,7.685538622774859,7.8184992217509794,7.949078230124646,8.077235872264966,8.202933110112658,8.326131655071409,8.446793979670975,8.564883328998409,8.680363731893939,8.79320001190816,8.903357798017115,9.01080353509203,9.115504494120545,9.217428782176269,9.316545352133708,9.412824012125489,9.5062354347391,9.596751165950316,9.684343633790572,9.768986156745632,9.85065295188305,9.929319142705907,10.004960766730424,10.077554782785162,10.1470790780296,10.213512474689905,10.276834736509906,10.33702657491523,10.394069654888813,10.4479466005559,10.498641000476928,10.54613741264659,10.590421369197635,10.631479380807907,10.669298940809329,10.703868528997562,10.73517761514116
6.979936542284429,7.129304547551886,7.2765008975910375,7.421480754967729,7.56419995741296,7.704615031275113,7.842683204762461,7.978362420971861,8.111611350699695,8.242389405031163,8.370656747704045,8.4963743072432,8.619503788862142,8.74000768612799,8.85784929238629,8.972992711942211,9.085402870994745,9.1950455283205,9.301887285703925,9.405895598110714,9.507038783601363,9.605286032981779,9.70060741918805,9.792973906402537,9.882357358898474,9.968730549610342,10.052067168427536,10.132341830208667,10.209530082514117,10.283608413054495,10.354554256852706,10.422346003117458,10.486963001826128,10.548385570014952,10.606594997774641,10.661573553949614,10.713304491539077,10.761772052798303,10.806961474038623,10.848858990124562,10.887451838666848,10.922728263909969,10.954677520313052
7.132179455814549,7.284805401920342,7.435212325731217,7.583354411841149,7.729186534735632,7.872664272537322,8.013743920537392,8.152382504508385,8.288537793794596,8.42216831417595,8.553233360501435,8.681693009088272,8.807508129883097,8.930640398381312,9.051052307301125,9.16870717800862,9.28356917169043,9.395603300270594,9.504775437068243,9.611052327192928,9.714401597674398,9.814791767323698,9.912192256322644,10.006573395538753,10.09790643556273,10.186163555465818,10.271317871274327,10.353343444158757,10.432215288335007,10.50790937867529,10.580402658026424,10.64967304423326,10.715699436865128,10.778461723643211,10.83794078656697,10.89411850773765,10.946977774877181,10.996502486540727,11.042677557021364,11.08548892094531,11.124923537556393,11.160969394688385,11.19361551242401
7.298750422047294,7.4549409239067,7.608860578543052,7.760462500538487,7.909700510478968,8.056529149020971,8.200903690738835,8.342780157748559,8.482115333103906,8.618866773960692,8.752992824505297,8.884452628643409,9.01320614244521,9.139214146343136,9.262438257078532,9.382840939393564,9.500385517464837,9.615036186075189,9.726758021520318,9.835516992246868,9.941279969218787,10.044014736008744,10.143689998611553,10.240275394976653,10.33374150425667,10.42405985576929,10.511202937669704,10.595144205330996,10.67585808942988,10.753320003735363,10.827506352597956,10.89839453813714,10.965962967124888,11.030191057563183,11.091059244953485,11.148548988256266,11.202642775538811,11.253324129309483,11.300577611536974,11.344388828352837,11.38474443443602,11.421632137077978,11.455040699927144
7.486048713638997,7.646247328184753,7.804116821723486,7.959609105678139,8.112676815592739,8.263273325560045,8.411352762424261,8.55687001975444,8.699780771584335,8.840041485914538,8.977609437972731,9.112442723228058,9.244500270155678,9.373741852747521,9.500128102765546,9.623620521733654,9.744181492664739,9.861774291519152,9.976363098391221,10.087913008420314,10.196390042423236,10.301761157244592,10.403994255822045,10.503058196963417,10.59892280483259,10.691558878141342,10.78093819904435,10.867033541734637,10.949818680736794,11.029268398895526,11.105358495057029,11.178065791440915,11.247368140700374,11.313244432668476,11.375674600788525,11.434639628226538,11.490121553663954,11.542103476768816,11.590569563343792,11.6355050501494,11.676896249401063,11.714730552938528,11.748996436066422
7.684095628018232,7.848532371717598,8.010578376426103,8.170184281360925,8.327301469017293,8.48188207997782,8.633879027490952,8.783246011814045,8.929937534316721,9.073908911340197,9.215116287808353,9.353516650586405,9.489067841583136,9.621728570592659,9.751458427871803,9.878217896449314,10.001968364163124,10.122672135421965,10.240292442687835,10.354793457675715,10.466140302267252,10.574299059134944,10.679236782073685,10.780921506036517,10.87932225687148,10.974409060756642,11.066152953330404,11.15452598851435,11.239501247025878,11.321052844578071,11.399155939764299,11.473786741625174,11.544922516895483,11.612541596928969,11.676623384298813,11.737148359071806,11.794098084754323,11.847455213908228,11.8972034934351,11.943327769527077,11.985813992282836,12.024649219987364,12.059821623054084
7.894259544651975,8.063193716775885,8.229671761983756,8.3936429694503,8.555057391957304,8.713865861108017,8.87002000230433,9.023472249482122,9.17417585960038,9.322084926879569,9.467154396784968,9.609340079750723,9.748598664640413,9.884887731940065,10.018165766679507,10.148392171078266,10.275527276912033,10.399532357595987,10.520369639981284,10.638002315861131,10.752394553182924,10.863511506963038,10.971319329900927,11.075785182689371,11.176877244017632,11.274564720264522,11.368817854878458,11.459607937441586,11.546907312415254,11.630689387564159,11.710928642056595,11.787600634238347,11.860682009077856,11.930150505280396,11.995984962069063,12.058165325630569,12.116672655223818,12.171489128949444,12.22259804917852,12.269983847638859,12.313632090157203,12.353529481056054,12.389663867203645
8.121984497340787,8.29579189742697,8.467072318938058,8.635773588198422,8.801844317167204,8.965233919091595,9.125892623916064,9.283771493442782,9.438822436238677,9.590998222284568,9.740252497361872,9.88653979717253,10.029815561187908,10.170036146222346,10.307158839727292,10.441141872801962,10.571944432916569,10.699526676344183,10.823849740297542,10.944875754767015,11.062567854056194,11.176890188011532,11.28780793294263,11.395287302229903,11.499295556616293,11.599801014179961,11.696773059984912,11.790182155406605,11.879999847129705,11.966198775815228,12.048752684434463,12.127636426267133,12.20282597256131,12.274298419852814,12.342031996941834,12.406006071524633,12.466201156478373,12.522598915797044,12.575182170176824,12.62393490224904,12.668842261459229,12.70989056859075,12.7470673199316
8.358340016263558,8.537205335169144,8.713470138627873,8.88708073467309,9.05798423983544,9.226128595251675,9.391462582522285,9.55393583931312,9.713498874696237,9.870103084225349,10.023700764741172,10.174245128902282,10.321690319437003,10.465991423111968,10.607104484413119,10.744986518934981,10.879595526474159,11.010890503822964,11.138831457259416,11.263379414729698,11.384496437719447,11.502145632810178,11.616291162917365,11.72689825820679,11.833933226685748,11.937363464465976,12.037157465695088,12.133284832153588,12.225716282514444,12.314423661262476,12.399379947270786,12.480559262031665,12.557936877539436,12.631489223822841,12.701193896124687,12.767029661726548,12.828976466416455,12.8870154405976,12.941128905036221,12.991300376246837,13.037514571513293,13.07975741354403,13.118016034760144
8.604164738954271,8.788290614062811,8.969739490716226,9.148456097828944,9.32438599659118,9.497475597051501,9.667672174440849,9.834923885233021,9.999179782936697,10.160389833614264,10.318504931122611,10.47347691207133,10.625258570493784,10.77380367222648,10.91906696899243,11.061004212184248,11.199572166342682,11.334728622326558,11.466432410170093,11.594643411623661,11.719322572374216,11.840431913941604,11.957934545247163,12.071794673851121,12.18197761685533,12.288449811467975,12.391178825227161,12.490133365880137,12.585283290915228,12.67659961674353,12.764054527527598,12.847621383654403,12.927274729850046,13.002990302933652,13.074745039208192,13.142517081485888,13.206285785746143,13.266031727423895,13.321736707326538,13.373383757177573,13.420957144785293,13.464442378834976,13.503826213303087
8.863423164393216,9.05309707186881,9.240013318276997,9.424114967118411,9.605345939247389,9.783651029954196,9.95897592578093,10.131267221065903,10.300472434211546,10.466540023670811,10.629419403647221,10.789060959503777,10.945416062876088,11.098437086485028,11.248077418644446,11.39429147745957,11.53703472471168,11.67626367942488,11.81193593111082,11.944010152687351,12.072446113067148,12.197204689412498,12.318247879052471,12.43553881105894,12.549041757477793,12.658722144212023,12.764546561553326,12.866482774359042,12.964499731871273,13.058567577175246,13.14865765629403,13.234742526916797,13.316795966758033,13.394792981545098,13.468709812631714,13.538523944235072,13.604214110294397,13.665760300948744,13.72314376863223,13.77634703378471,13.825353890176228,13.87014940984359,13.910719947637556
9.128733663134545,9.324085115059638,9.516596360334248,9.706208758168156,9.892864550788168,10.076506881031678,10.257079809665923,10.434528332427577,10.60879839677762,10.77983691836627,10.947591797202964,11.112011933526523,11.273047243370653,11.430648673819995,11.584768217952112,11.735358929460867,11.882374936956735,12.025771457939657,12.165504812440227,12.301532436325031,12.433812894262115,12.562305892342554,12.686972290354399,12.807774113705134,12.924674564989148,13.037638035196533,13.14663011455996,13.251617603036221,13.3525685204193,13.449452116081822,13.54223887834202,13.630900543453262,13.715410104213467,13.795741818191766,13.871871215569893,13.943775106595922,14.011431588648103,14.074820052906594,14.13392119063113,14.188716999042628,14.239190786807027,14.28532717911963,14.327112122388396
