hough_viz/data/file_1_2_1.json
{"header": {"discipline": 0, "disciplineName": "Meteorological products", "gribEdition": 2, "gribLength": 133963, "center": 7, "centerName": "US National Weather Service - NCEP(WMC)", "subcenter": 0, "refTime": "2014-11-30T06:00:00.000Z", "significanceOfRT": 1, "significanceOfRTName": "Start of forecast", "productStatus": 0, "productStatusName": "Operational products", "productType": 1, "productTypeName": "Forecast products", "productDefinitionTemplate": 0, "productDefinitionTemplateName": "Analysis/forecast at horizontal level/layer at a point in time", "parameterCategory": 2, "parameterCategoryName": "Momentum", "parameterNumber": 3, "parameterNumberName": "V-component_of_wind", "parameterUnit": "m.s-1", "genProcessType": 2, "genProcessTypeName": "Forecast", "forecastTime": 6, "surface1Type": 100, "surface1TypeName": "Isobaric surface", "surface1Value": 85000, "surface2Type": 255, "surface2TypeName": "Missing", "surface2Value": 0, "gridDefinitionTemplate": 0, "gridDefinitionTemplateName": "Latitude_Longitude", "numberPoints": 65160, "shape": 6, "shapeName": "Earth spherical with radius of 6,371,229.0 m", "gridUnits": "degrees", "resolution": 48, "winds": "true", "scanMode": 0, "nx": 360, "ny": 181, "basicAngle": 0, "subDivisions": 0, "lo1": 0, "la1": 90, "lo2": 359, "la2": -90, "dx": 1, "dy": 1}, "data":
[rows 19 to 37 of 181, columns 86 to 128 of 360]
21.975394418206267,21.998866035905912,22.015636585903216,22.025700959726198,22.029056091669087,22.025700959726198,22.015636585903216,21.998866035905912,21.975394418206267,21.945228882486415,21.908378617460748,21.86485484807698,21.81467083209687,21.75784185605785,21.69438523061653,21.624320285275733,21.54766836249654,21.464452811197187,21.37469897964072,21.278434207713694,21.175687818598185,21.06649110983963,20.950877343813335,20.828881737592408,20.700541452220307,20.565895581391207,20.424985139541715,20.27785304935744,20.124544128698364,19.96510507694685,19.799584460782572,19.628032699388662,19.450502049093508,19.267046587452942,19.07772219677777,18.882586547111416,18.68169907866309,18.475120983701718,18.2629151879162,18.045146331247604,17.821880748199252,17.59318644763056,17.359133092040906
21.78285485484097,21.806120823670913,21.82274443685733,21.83272063068661,21.836046366313457,21.83272063068661,21.82274443685733,21.806120823670913,21.78285485484097,21.75295361740699,21.71642621957556,21.673283787945902,21.62353946412061,21.567208400702622,21.50430775667955,21.434856692196878,21.35887636272165,21.27638991259825,21.187422467998452,21.09200112926774,20.990154962670243,20.881914991534924,20.767314186805528,20.646387456997342,20.51917163756371,20.385705479675593,20.246029638417607,20.100186660404063,19.948220970818888,19.790178859883238,19.626108468755096,19.456059774864997,19.280084576692392,19.098236477987346,18.91057087144234,18.717144921819077,18.518017548535575,18.313249407718722,18.10290287372785,17.887042020154883,17.66573260030691,17.439042027177088,17.207039352909995
21.5814695881112,21.60452046009686,21.620990385862697,21.630874348509757,21.634169337287283,21.630874348509757,21.620990385862697,21.60452046009686,21.5814695881112,21.5518447914246,21.51565509403713,21.472911519681183,21.423627088463572,21.36781681289948,21.305497693339497,21.23668871279113,21.161410831136422,21.079686978747354,20.991542049501053,20.89700289319684,20.796098307377548,20.688859028557502,20.575317722859875,20.455508976066284,20.32946928308163,20.19723703681735,20.058852516496625,19.914357875384912,19.763797127949637,19.60721613645298,19.444662596981804,19.276186024918903,19.101837739860212,18.9216708499823,18.735740235865144,18.544102533774947,18.346816118412207,18.1439410851302,17.935539231629363,17.721674039133102,17.502410653050806,17.27781586313393,17.04795808313119
21.370612739496426,21.393438398170975,21.40974740826655,21.41953480190069,21.422797597738477,21.41953480190069,21.40974740826655,21.393438398170975,21.370612739496426,21.341277385159653,21.305441270993764,21.26311531302628,21.214312404154033,21.159047410215813,21.097337165464157,21.029200467437402,20.954658071233823,20.87373268318942,20.78644895396133,20.692833471019007,20.592914750545432,20.4867232287508,20.374291252601342,20.25565306996615,20.130844819184933,19.999904518059918,19.862872052275275,19.71978916324755,19.570699435410813,19.41564828294042,19.254682935919437,19.087852425951876,18.915207571227192,18.736800961040576,18.552686939773768,18.362921590341184,18.167562717106573,17.966669828275194,17.760304117767088,17.54852844657678,17.331407323625225,17.10900688610979,16.881394879358172
21.142372199002534,21.16495407708284,21.181088905121754,21.190771768294347,21.193999717106703,21.190771768294347,21.181088905121754,21.16495407708284,21.142372199002534,21.113350149539656,21.077896769091616,21.03602285710153,20.987741168768647,20.933066411162937,20.872015238745227,20.804606248294043,20.730859973240882,20.650798877415514,20.564447348203313,20.471831689116573,20.372980111782237,20.26792272734837,20.15669153731197,20.039320423771056,19.9158451391038,19.786303295078053,19.650734351394398,19.50917960366637,19.3616821708414,19.208286982066365,19.049040763001734,18.8839920215885,18.71319103327215,18.536689825688306,18.354542162814617,18.16680352859369,17.973531110032173,17.77478377978104,17.570622078202387,17.361108194928278,17.14630594991715,16.926280774013694,16.70109968901791
20.904795391080338,20.927123516627077,20.943077037625052,20.952651094477215,20.95584277083312,20.952651094477215,20.943077037625052,20.927123516627077,20.904795391080338,20.876099462348186,20.84104447148848,20.79964109659103,20.751901949524907,20.697841572096774,20.637476431621288,20.570824915905003,20.49790732764528,20.418745878245865,20.333364681051112,20.241789744000773,20.1440489617078,20.040172106961307,19.930190821657526,19.814138607161368,19.692050814101602,19.56396463160268,19.429919075956597,19.289954978738123,19.14411497436713,18.992443487121744,18.83498671760624,18.671792628677952,18.50291093083725,18.328393067085283,18.148292197253962,17.9626631818129,17.77156256515843,17.575048558389618,17.373181021576606,17.166021445526642,16.95363293305338,16.73608017975518,16.51342945430818
20.657463629882567,20.679527583763786,20.69529235321591,20.70475313613744,20.707907050682266,20.70475313613744,20.69529235321591,20.679527583763786,20.657463629882567,20.62910721246634,20.594466969154556,20.55355345170088,20.50637912275907,20.452958352086714,20.393307412168053,20.32744447325725,20.255389597843514,20.1771647345399,20.092793711397572,20.002302228647483,19.9057178508719,19.803069998607924,19.69438993938572,19.57971077820414,19.459067447446603,19.332496696240355,19.200037079262334,19.061728944995032,18.91761442343597,18.767737413264484,18.612143568469758,18.450880284444196,18.283996683546306,18.11154360013755,17.933573565097735,17.750140789823558,17.561301149715323,17.36711216715674,17.167632993993056,16.962924393512807,16.753048721938747,16.53806990943356,16.318053440626084
20.39163323577393,20.413413259853264,20.428975160504475,20.43831419742187,20.441427525844333,20.43831419742187,20.428975160504475,20.413413259853264,20.39163323577393,20.36364172267279,20.329447247035894,20.289060224831783,20.24249295833864,20.189759632396957,20.13087631008866,20.06586092784412,19.994733289978605,19.917515062659632,19.83422976730727,19.744902773429292,19.649561290893356,19.54823436163864,19.440952850829373,19.327749437453,19.208658604365866,19.08371662778939,18.952961566259972,18.816433249036017,18.674173263965525,18.52622494481804,18.372633358084794,18.213445289250984,18.048709228544467,17.878475356165154,17.702795526999676,17.52172325482584,17.335313696011852,17.14362363271509,16.9467114555858,16.744637145980658,16.537462257691903,16.32524989819746,16.108064709437784
20.116034950366725,20.137520611693304,20.15287218916502,20.162085006542668,20.165156257512812,20.162085006542668,20.15287218916502,20.137520611693304,20.116034950366725,20.08842174992585,20.054689421619038,20.01484824064027,19.968910342999205,19.916889721824486,19.85880222310126,19.794665540844342,19.724499211708444,19.648324609037147,19.56616493635235,19.478045220286244,19.383992302957974,19.28403483379727,19.178203260817554,19.066529821341167,18.949048532179578,18.825795179271527,18.696807306782304,18.56212420566739,18.421786901704102,18.275838142994694,18.124322386944904,17.967285786721806,17.80477617719507,17.636843060366015,17.463537590288837,17.284912557488568,17.101022372880585,16.911923051196492,16.717672193921537,16.518328971748584,16.31395410655418,16.104609852902104,15.890359979079976
19.830482045830358,19.851662712011883,19.866796369423948,19.875878408207928,19.87890606188679,19.875878408207928,19.866796369423948,19.851662712011883,19.830482045830358,19.80326082271548,19.770007334515512,19.730731710565085,19.685445914599732,19.63416374111159,19.57690081114749,19.51367456755062,19.44450426964727,19.369410987380242,19.288417594890753,19.20154876355077,19.10883095444783,19.010292410324755,18.905963146976664,18.795874944107823,18.68006133565128,18.55855759955408,18.431400747031272,18.298629511291928,18.160284335740645,18.016407361658068,17.867042415364264,17.71223499486883,17.552032256011678,17.386482998098987,17.215637649038438,17.03954824997836,16.85826843945553,16.671853437056328,16.480360026596333,16.2838465388234,16.082372833649575,15.876000281917177,15.664791746704644
19.525452471590746,19.546307339863144,19.56120821357049,19.570150553762304,19.573131636515136,19.570150553762304,19.56120821357049,19.546307339863144,19.525452471590746,19.498649961348193,19.465907973439748,19.427236481392118,19.38264726491638,19.332153906319828,19.275771786368637,19.213518079602718,19.145411749104227,19.071473540721193,18.99172597674814,18.90619334906559,18.814901711740504,18.71787887308998,18.615154387210545,18.50675954497572,18.392727364504488,18.273092581103672,18.14789163668724,18.01716266867569,17.88094549837909,17.739281618867082,17.592214182329677,17.439787986932735,17.282049463171955,17.11904665972971,16.950829228838995,16.777448411158797,16.598957020165777,16.415409426066702,16.226861539236804,16.03337079318892,15.834996127078675,15.63179796775107,15.423838211333866
19.210328870816035,19.230847159887865,19.245507546621393,19.254305565320802,19.257238536024367,19.254305565320802,19.245507546621393,19.230847159887865,19.210328870816035,19.18395892947552,19.151745368405905,19.113698000169954,19.069828414364594,19.020149974090646,18.96467781188226,18.903428825097414,18.836421670770818,18.763676759930792,18.685216251381867,18.601064044955027,18.511245774227532,18.415788798714747,18.314722195536117,18.208076750558032,18.095884949016128,17.978180965619977,17.85500065414315,17.726381536501798,17.59236279132511,17.45298524202114,17.308291344341583,17.158325173449366,17.00313241049288,16.84276032869112,16.677257778933757,16.506675174900703,16.331064477705624,16.150479180068057,15.96497429001905,15.774606314145116,15.579433240375847,15.379514520320205,15.17491105115697
18.885108014826915,18.90527893995822,18.91969113398486,18.928340206812926,18.93122352385105,18.928340206812926,18.91969113398486,18.90527893995822,18.885108014826915,18.859184502850145,18.82751630058079,18.79011305446003,18.746986157878965,18.698148747708075,18.643615700295605,18.583403626936065,18.517530868810287,18.446017491398518,18.368885278368285,18.286157724938874,18.197860030724453,18.104019092058056,18.004663493798642,17.899823500623924,17.789531047811433,17.673819731510722,17.552724798509658,17.4262831354979,17.294533257830878,17.157515297797616,17.015270992396058,16.86784367061959,16.715278240258577,16.557621174221048,16.39492049637657,16.22722576692773,16.05458806731363,15.87705998464993,15.694695595710382,15.507550450454442,15.315681555106277,15.11914735479009,14.918007715727171
18.53980148905923,18.559603597021308,18.57375226993681,18.58224319798292,18.585073794740683,18.58224319798292,18.57375226993681,18.559603597021308,18.53980148905923,18.514351977964505,18.48326281590473,18.446543472939844,18.40420513413742,18.356260696165606,18.302724763364644,18.243613643298286,18.17894534178632,18.108739557419856,18.0330176755609,17.9518027618282,17.865119555071235,17.772994459834496,17.675455538314424,17.5725325018114,17.46425670167938,17.350661119775975,17.231780358415858,17.10765062983056,16.97830974513789,16.84379710282426,16.70415367674359,16.559422003636215,16.40964617017181,16.254871799520153,16.095146037453894,15.930517537987432,15.761036448556522,15.586754394742783,15.407724464548137,15.224001192223605,15.035640541657704,14.842699889329301,14.645238006830146
18.18416243683196,18.203584691594862,18.217461958118612,18.2257900092534,18.228566308194186,18.2257900092534,18.217461958118612,18.203584691594862,18.18416243683196,18.15920111003687,18.12870831467153,18.0926933391368,18.051167153943116,18.00414240836875,17.951633426606755,17.89365620340164,17.830228399177226,17.761369334657125,17.68709998497944,17.607442973307542,17.522422563938843,17.432064654913653,17.33639677012637,17.23544805094146,17.129249247316704,17.017832708436448,16.90123237285776,16.779483758172383,16.652623950187756,16.520691591630307,16.38372687037452,16.24177150720129,16.094868743089396,15.943063326043859,15.786401497465285,15.624930978064281,15.45870095332525,15.287762058524036,15.112166363303931,14.931967355814711,14.747219926419692,14.55798035097556,14.364306273690202
17.81825803497742,17.837289472261844,17.850887498379315,17.85904797123935,17.861768405082863,17.85904797123935,17.850887498379315,17.837289472261844,17.81825803497742,17.7937989836862,17.76391976885215,17.72862949197355,17.687938902810608,17.64186039611095,17.590408007834103,17.533597410875963,17.471445910294698,17.403972438039453,17.33119754718352,17.253143405663636,17.169833789527434,17.081294075691023,16.987551234208947,16.888633820058825,16.784571964443252,16.675397365611502,16.561143279203986,16.441844508122227,16.317537391927576,16.188259795771803,16.054051098863045,15.914952182470486,15.77100541747155,15.622254651445285,15.468745195316016,15.31052380955115,15.147638689917521,14.980139452800476,14.808077120090237,14.631504103640156,14.450474189301538,14.265042520539971,14.075265581638083
17.432375642081734,17.45099492366917,17.464298463151273,17.47228220814104,17.474943726712407,17.47228220814104,17.464298463151273,17.45099492366917,17.432375642081734,17.408446290002512,17.379214156543945,17.344688146097063,17.30487877561912,17.25979817142999,17.209460065518428,17.153879791359124,17.093074279242014,17.02706205111511,16.955863214942582,16.879499458579655,16.79799404316626,16.71137179604149,16.619659103180954,16.522883901159336,16.421075668640654,16.31426541739877,16.20248568287091,16.08577051424705,15.964155464098189,15.837677577546716,15.70637538098209,15.570288870325351,15.429459498845933,15.283930164534631,15.13374519703646,14.978950344147384,14.819592757879139,14.655720980096223,14.487384927729613,14.314635877571565,14.137526450656217,13.956110596230703,13.770443575321705
17.035939007349743,17.054134860399078,17.06713585876283,17.07493804221094,17.077539034122754,17.07493804221094,17.06713585876283,17.054134860399078,17.035939007349743,17.012553842247915,16.98398648844143,16.950245647823003,16.911341598179522,16.867286190061392,16.818092843172703,16.76377654228346,16.704353832665085,16.639842815050574,16.570263140120815,16.495636002518843,16.41598413439368,16.331331798475972,16.241704780687286,16.14713038228548,16.047637411548457,15.943256174998929,15.834018468172706,15.719957565933493,15.601108212337051,15.477506610047802,15.349190409311156,15.216198696484891,15.078571982133056,14.936352188686044,14.789582637670671,14.63830803651396,14.482574464924854,14.322429360857878,14.157921506063104,13.989101011226712,13.816019300706833,13.638729096869177,13.457284404027282
16.629274806718843,16.647036307307076,16.65972695937264,16.667342897219985,16.669881800960656,16.667342897219985,16.65972695937264,16.647036307307076,16.629274806718843,16.606447867933085,16.57856244425648,16.54562702985921,16.50765165718756,16.464647893907916,16.41662883938316,16.363609120682483,16.3056048881258,16.24263381036425,16.174715068998136,16.101869352734024,16.024118851082758,15.941487247600326,15.853999712673623,15.761682895853292,15.664564917736037,15.56267536139879,15.456045263387441,15.344707104262792,15.22869479870667,15.108043685191179,14.98279051521427,14.852973442104886,14.718632009401048,14.579807138804556,14.43654111771582,14.288877586352713,14.13686152445734,13.98053923759476,13.819958343047892,13.655167755312783,13.486217671198826,13.313159554538297,13.136046120509988
