hough_viz/data/file_1_1_2.json
{"header": {"discipline": 0, "disciplineName": "Meteorological products", "gribEdition": 2, "gribLength": 133963, "center": 7, "centerName": "US National Weather Service - NCEP(WMC)", "subcenter": 0, "refTime": "2014-11-30T06:00:00.000Z", "significanceOfRT": 1, "significanceOfRTName": "Start of forecast", "productStatus": 0, "productStatusName": "Operational products", "productType": 1, "productTypeName": "Forecast products", "productDefinitionTemplate": 0, "productDefinitionTemplateName": "Analysis/forecast at horizontal level/layer at a point in time", "parameterCategory": 2, "parameterCategoryName": "Momentum", "parameterNumber": 2, "parameterNumberName": "U-component_of_wind", "parameterUnit": "m.s-1", "genProcessType": 2, "genProcessTypeName": "Forecast", "forecastTime": 6, "surface1Type": 100, "surface1TypeName": "Isobaric surface", "surface1Value": 85000, "surface2Type": 255, "surface2TypeName": "Missing", "surface2Value": 0, "gridDefinitionTemplate": 0, "gridDefinitionTemplateName": "Latitude_Longitude", "numberPoints": 65160, "shape": 6, "shapeName": "Earth spherical with radius of 6,371,229.0 m", "gridUnits": "degrees", "resolution": 48, "winds": "true", "scanMode": 0, "nx": 360, "ny": 181, "basicAngle": 0, "subDivisions": 0, "lo1": 0, "la1": 90, "lo2": 359, "la2": -90, "dx": 1, "dy": 1}, "data":
[rows 100 to 119 of 181, columns 176 to 219 of 360]
10.571903539675265,10.583195245003438,10.59126320653827,10.596104966700517,10.597719050643136,10.596104966700517,10.59126320653827,10.583195245003438,10.571903539675267,10.557391530116579,10.53966363682607,10.51872525989177,10.494582777346125,10.467243543223198,10.436715885318534,10.403009102652472,10.366133462637528,10.326100197950874,10.282921503112744,10.236610530771873,10.187181387699052,10.134649130490097,10.079029760979441,10.02034022136584,9.958598389051598,9.893823071196937,9.826033998991178,9.755251821642394,9.681498100087495,9.604795300424527,9.525166787069312,9.442636815638393,9.357230525560547,9.268973932419096,9.177893920027257,9.08401823223913,8.987375464498596,8.88799505512892,8.785907276365506,8.681143225134718,8.573734813581432,8.463714759348294,8.351116575609614,8.235974560862916
11.516083542098968,11.528383713151797,11.53717222684764,11.542446406120083,11.544204644403038,11.542446406120083,11.53717222684764,11.528383713151797,11.51608354209897,11.500275460440411,11.480964283470936,11.458155893562111,11.431857238370462,11.40207632872112,11.36882223616765,11.332105090228795,11.291936075302887,11.248327427261001,11.201292429719778,11.150845409995105,11.097001734737882,11.039777805253188,10.979191052504284,10.915259931802977,10.848003917187947,10.777443495492763,10.703600160105418,10.6264964044212,10.546155714991015,10.462602564367137,10.375862403648643,10.285961654728766,10.192927702246505,10.09678888524504,9.997574488539332,9.89531473379574,9.790040770326168,9.681784665599698,9.570579395474535,9.456458834153223,9.339457743864255,9.21961176427315,9.09695740162626,8.971532017630627
12.422525720833326,12.435794050358362,12.445274316547419,12.450963631619574,12.45286026255434,12.450963631619574,12.445274316547419,12.435794050358362,12.42252572083333,12.405473369634018,12.384642191071798,12.360038530525452,12.331669882508331,12.299544888385432,12.263673333741155,12.224066145398556,12.180735388090879,12.133694260786555,12.082957092668662,12.02853933877011,11.970457575265884,11.908729494423811,11.843373899215281,11.774410697587713,11.701860896400385,11.625746595025536,11.546090978616713,11.462918311046302,11.376253927514567,11.286124226832262,11.192556663379325,11.095579738741993,10.995222993030941,10.891516995883098,10.784493337149813,10.674184617274301,10.560624437361222,10.443847388941451,10.323889043435194,10.200785941316543,10.074575580982932,9.945296407332753,9.812987800054652,9.677690061632097
13.30356571751789,13.317775073792514,13.327927706767476,13.334020523852422,13.336051669116245,13.334020523852422,13.327927706767476,13.317775073792514,13.30356571751789,13.285303966251178,13.262995382698714,13.236646762271157,13.206266131013535,13.17186274316044,13.133447078317074,13.091030838267095,13.044626943408117,12.994249528816042,12.93991393993936,12.881636727924818,12.819435644575728,12.753329636944642,12.683338841561861,12.609484578301684,12.531789343888132,12.45027680504226,12.364971791273037,12.275900287314023,12.183089425208172,12.086567476043168,11.98636384133975,11.882509044095748,11.775034719488461,11.6639736052383,11.549359531636531,11.43122741124027,11.30961322823776,11.184554027487241,11.056087903232745,10.924253987500196,10.789092438177425,10.650644426781705,10.508952125918478,10.364058696435183
14.148316143192833,14.163427765823439,14.174225071152375,14.180704770215836,14.182864889234711,14.180704770215836,14.174225071152375,14.163427765823439,14.148316143192833,14.12889480640719,14.105169671393842,14.077147965058737,14.044838223085083,14.008250287333276,13.967395302842975,13.922285714438233,13.872935262936666,13.819358980963866,13.761573188374324,13.699595487280256,13.633444756689798,13.563141146756305,13.488706072640412,13.410162207986767,13.327533478017411,13.240845052243928,13.150123336800592,13.055395966400761,12.956691795919106,12.854040891602114,12.747474521909655,12.637025147990265,12.52272641379318,12.404613135820084,12.282721292519629,12.157088013328082,12.02775156735932,11.89475135174769,11.758127879647278,11.617922767891184,11.474178724314639,11.326939534745808,11.176250049668168,11.022156170558624
14.947567942967328,14.963533235494957,14.974940490844062,14.981786234254146,14.984068380445452,14.981786234254146,14.974940490844062,14.963533235494957,14.947567942967328,14.927049476443925,14.90198408604842,14.872379406941546,14.838244456995342,14.79958963404624,14.756426712727759,14.708768840883867,14.656630535563998,14.600027678601027,14.538977511773513,14.473498631553674,14.403610983442732,14.329335855895323,14.250695873834811,14.167714991761546,14.080418486456047,13.988832949279494,13.89298627807373,13.792907668663284,13.688627605962068,13.580177854687358,13.467591449683972,13.350902685861529,13.230147107747868,13.105361498661882,12.976583869508909,12.8438534472023,12.707210662714466,12.566697138761254,12.422355677123251,12.274230245607937,12.122365964656662,11.966809093600567,11.807607016569476,11.644808228058274
15.717229263242938,15.734016620481853,15.74601124383933,15.753209479636897,15.755609135222196,15.753209479636897,15.74601124383933,15.734016620481853,15.717229263242938,15.695654285714225,15.669298259842863,15.638169213929645,15.602276630183523,15.561631441833207,15.516246029796788,15.466134218910447,15.411311273717223,15.351793893817295,15.287600208781145,15.218749772627094,15.14526355786496,15.067163949107636,14.984474736252515,14.897221107234873,14.805429640355344,14.709128296183943,14.608346409043003,14.503114678071638,14.393465157874507,14.279431248757657,14.161047686554477,14.03835053204483,13.911377159970556,13.780166247650827,13.644757763200591,13.505192953355952,13.361514330909978,13.213765661762908,13.061991951590649,12.906239432135578,12.746555547123926,12.582988937813967,12.415589428179398,12.244408009732485
16.445957470307825,16.463523172160617,16.476073925369437,16.483605906853274,16.486116822297607,16.483605906853274,16.476073925369437,16.463523172160617,16.445957470307828,16.42338217049402,16.395804149374197,16.363231807480755,16.325675066664566,16.283145367072713,16.23565566366367,16.183220422261158,16.125855615147643,16.06357871619908,15.996408695562183,15.924366013875929,15.847472616039047,15.765751924525409,15.679228832249292,15.58792969498277,15.491882323327493,15.391115974243291,15.285661342136256,15.175550549508873,15.060817137175254,14.941496054044238,14.817623646473637,14.689237647198778,14.556377163838734,14.419082666983803,14.277395977867714,14.13136025562853,13.981019984161916,13.826420958570946,13.66761027121645,13.504636297372228,13.337548680489473,13.16639831707491,12.9912373411872,12.812119108556418
17.12310479774658,17.14139375138241,17.15446127042916,17.162303374393936,17.164917674495907,17.162303374393936,17.15446127042916,17.14139375138241,17.12310479774658,17.099599980514117,17.070886459480043,17.036972981061023,16.997869875631107,16.953589054375012,16.90414400565985,16.849549790926446,16.789823040101467,16.724981946531805,16.655046261442696,16.580037287921293,16.49997787442756,16.414892407834405,16.324806805999184,16.22974850986891,16.12974647512142,16.024831163345244,15.91503453276069,15.800390028485062,15.680932572344936,15.55669855223867,15.427725811052266,15.294053635132087,15.15572274231781,15.012775269539452,14.865254759981964,14.713206149821637,14.556675754538041,14.395711254805928,14.230361681971221,14.060677403115573,13.88671010571409,13.708512781890834,13.526139712276864,13.339646449475872
17.767703550535074,17.7866809912673,17.80024043666614,17.808377756393163,17.811090471741963,17.808377756393163,17.80024043666614,17.7866809912673,17.767703550535078,17.743313895181753,17.713519454532612,17.678329304262903,17.6377541636333,17.59180639222469,17.54049998617335,17.48385057390759,17.42187541138715,17.354593376846907,17.28202496504635,17.204192281026707,17.121119033377514,17.03283052701475,16.939353655472715,16.840716892712024,16.736950284446127,16.628085438989107,16.514155517627497,16.395195224518993,16.271240796121287,16.142329990154025,16.008502074097503,15.869797813231367,15.726259458217138,15.577930732228241,15.424856817631502,15.267084342224171,15.104661365030633,14.937637361663164,14.766063209251191,14.589991170943616,14.409474879988949,14.224569323398123,14.035330825194896,13.841817029259001
18.368537351290104,18.388156534373064,18.402174506845586,18.41058699869745,18.413391447402155,18.41058699869745,18.402174506845586,18.388156534373064,18.368537351290108,18.34332293378992,18.312520962428348,18.276140819784242,18.234193587601478,18.186692043413338,18.133650656650325,18.075085584232685,18.011014665648798,17.941457417521132,17.866435027661296,17.78597034861599,17.700087890705934,17.608813814559763,17.512175923145264,17.41020365330033,17.302928066766164,17.19038184072563,17.072599257849447,16.94961619585334,16.82147011656936,16.68820005453463,16.549846605101063,16.40645191206962,16.258059654852886,16.104715035169928,15.94646476327738,15.78335704374107,15.615441560752418,15.442769462994178,15.265393348060051,15.083367246432918,14.896746605026655,14.705588270296486,14.509950470922949,14.309892800074913
18.91360521882245,18.93380658142691,18.948240523130767,18.956902647215543,18.959790315114343,18.956902647215543,18.948240523130767,18.93380658142691,18.913605218822454,18.887642588848134,18.855926599972545,18.81846691319315,18.775274939093407,18.726363834367046,18.671748497810377,18.611445565783992,18.54547340714514,18.473852117652434,18.396603513844475,18.313751126394294,18.225320192941727,18.131337650405747,18.031832126779236,17.926833932408634,17.816375050761078,17.70048912868196,17.57921146614576,17.452579005503324,17.32063032022889,17.18340560317019,17.04094665430538,16.893296868010317,16.7405012198402,16.58260625282966,16.419660063315185,16.25171228628461,16.078814080257764,15.901018111703095,15.718378538994983,15.530950995916545,15.338792574713047,15.141961808701067,14.940518654438684,14.734524473462098
19.424456416698593,19.44520341246848,19.46002721090902,19.468923296547594,19.47188895955034,19.468923296547594,19.46002721090902,19.44520341246848,19.424456416698593,19.397792543335246,19.365219914452563,19.326748451988838,19.28238987472422,19.232157694711063,19.176067213157992,19.11413551576907,19.04638146753925,18.972825707007974,18.89349063997246,18.80840043266265,18.71758100437999,18.621060019602115,18.518866879556008,18.4110327132621,18.297590368052056,18.17857439956316,18.054021061212357,17.92396829315308,17.788455710718328,17.64752459235345,17.50121786704233,17.34958010123081,17.19265748525129,17.03049781925276,16.863150498640337,16.69066649902903,16.513098360715997,16.330500172676317,16.142927556086935,15.950437647383918,15.75308908085814,15.550941970794742,15.344057893161677,15.132499866853125
19.890490330863834,19.91173509107245,19.926914543883015,19.936024065487157,19.939060881036344,19.936024065487157,19.926914543883015,19.91173509107245,19.890490330863837,19.86318673461694,19.829832619271663,19.79043814481465,19.745015311184453,19.693577954616217,19.636141743427018,19.572724173243206,19.503344561670982,19.428024042412133,19.346785558826472,19.259653856943075,19.16665547792239,19.06781874997157,18.963173779715397,18.852752443025544,18.736588375310827,18.61471696127158,18.487175324121125,18.354002314277647,18.215238497530034,18.07092614268109,17.921109208672092,17.765833331192454,17.605145808778637,17.439095588406595,17.267733250582005,17.091110993933007,16.909282619309945,16.72230351339714,16.53023063184157,16.333122481903597,16.131039104635114,15.924042056590492,15.712194391075764,15.495560638942067
20.29857838261795,20.320259016083547,20.335749901806082,20.34504632111169,20.34814544222099,20.34504632111169,20.335749901806082,20.320259016083547,20.298578382617954,20.270714605540267,20.23667617242691,20.196473451714347,20.150118689540765,20.09762600601577,20.039011390919256,19.974292698830816,19.903489643690985,19.826623792796255,19.743718560229425,19.654799199727453,19.559892796988926,19.4590282614235,19.352236317345803,19.239549494616522,19.12100211873348,18.996630300375763,18.866471924404067,18.730566638320575,18.588955840191986,18.441682666039203,18.28879197669776,18.130330344152707,17.96634603735237,17.796889007505158,17.622010872863918,17.441764903002557,17.256206002589572,17.06539069466357,16.86937710341583,16.668224936485057,16.46199546676991,16.250751513764666,16.034557424423756,15.81347905356111
20.672058208281825,20.694137750432276,20.709913657755333,20.719381124756797,20.722537267554507,20.719381124756797,20.709913657755333,20.694137750432276,20.67205820828183,20.643681756946407,20.60901704016799,20.568074617155105,20.52086695936642,20.467408446711815,20.407715363172098,20.341805891838785,20.269700109375314,20.191419979901536,20.106989348303205,20.016433932968603,19.919781317954463,19.817060944583627,19.708304102476877,19.593543920021897,19.472815354281952,19.346155180347697,19.213601980135092,19.075196130633,18.93097979160394,18.780996892741836,18.625293120290603,18.463915903127667,18.296914398316655,18.12433947613374,17.94624370457197,17.762681333328626,17.573708277280186,17.379382099450154,17.179761993474777,16.9749087655721,16.764884816019787,16.549754120147433,16.329582208849015,16.104436148621556
21.001322859741574,21.02375408495509,21.039781271012654,21.049399535878123,21.052605949734854,21.049399535878123,21.039781271012654,21.02375408495509,21.001322859741578,20.9724944281406,20.9372775715717,20.89568301743053,20.847723435821226,20.79341343569694,20.732769560409825,20.66581028267176,20.592555998927388,20.513029023141183,20.42725358000035,20.335255797535797,20.23706369916327,20.13270719514714,20.022218073489448,19.905629990247004,19.782978459279356,19.654300841430995,19.519636333150846,19.37902595455266,19.232512536919877,19.080140709658806,18.921956886704113,18.75800925238061,18.588347746725912,18.413024050278207,18.232091568333807,18.045605414679457,17.853622394804095,17.656200988595344,17.453401332526017,17.245285201335903,17.03191598921463,16.81335869049117,16.589679879835927,16.360947691981437
21.27246328373251,21.295184110318075,21.31141821753256,21.321160660309637,21.324408471006862,21.321160660309637,21.31141821753256,21.295184110318075,21.272463283732513,21.243262658759743,21.20759113019301,21.165459563925467,21.116880793640345,21.061869616901664,21.000442790646762,20.932619026081973,20.858418982983,20.777865263401775,20.690982404781614,20.597796872482917,20.49833705172151,20.392633238922308,20.280717632490642,20.162624323004408,20.038389282829666,19.908050355163127,19.771647242504795,19.629221494564145,19.480816495603722,19.326477451223823,19.166251374592495,19.000187072124817,18.82833512861602,18.65074789183287,18.467479456568018,18.278585648162206,18.084124005499334,17.884153763479535,17.6787358349757,17.46793279227877,17.25180884803764,17.030429835699383,16.803863189455686,16.572177923701798
21.509800397917065,21.53277472102261,21.549189952355448,21.559041091677116,21.56232513823514,21.559041091677116,21.549189952355448,21.53277472102261,21.509800397917072,21.48027398124021,21.444204465024576,21.401602836394225,21.352482072217917,21.296857135156284,21.234744969103996,21.166164494028518,21.091136600206926,21.00968414186248,20.92183193020304,20.827606725863326,20.72703723075336,20.62015407931558,20.506989829193323,20.38757895131343,20.26195781938605,20.130164698824892,19.992239735091193,19.848224941465006,19.698164186247585,19.54210317939862,19.380089458612606,19.212172374838364,19.038403077246244,18.85883449764765,18.673521334371436,18.482520035602313,18.285888782186156,18.08368746990756,17.875977691245016,17.662822716609238,17.44428747507036,17.220438534579987,16.991344081693843,16.757073900801558
21.704978399058973,21.728161189113457,21.744725370784316,21.75466589846134,21.75797974416352,21.75466589846134,21.744725370784316,21.728161189113457,21.704978399058977,21.675184062323293,21.638787254550003,21.595799062559337,21.546232580971015,21.490102908215487,21.427427141934814,21.358224373774558,21.28251568356829,21.200324132916442,21.111674758161566,21.016594562761963,20.915112509066216,20.807259509490965,20.69306841710467,20.57257401562028,20.44581300879973,20.31282400927365,20.173647526779614,20.028325955822407,19.876903562760305,19.719426472321093,19.555942653552048,19.386501905208053,19.21115584058247,19.029957871785207,18.84296319347285,18.65022876603588,18.451813298247956,18.247777229382653,18.038182710803095,17.82309358703003,17.60257537629416,17.376695250578706,17.14552201515809,16.90912608763925
