hough_viz/data/file_3_2_2.json
{"header": {"discipline": 0, "disciplineName": "Meteorological products", "gribEdition": 2, "gribLength": 133963, "center": 7, "centerName": "US National Weather Service - NCEP(WMC)", "subcenter": 0, "refTime": "2014-11-30T06:00:00.000Z", "significanceOfRT": 1, "significanceOfRTName": "Start of forecast", "productStatus": 0, "productStatusName": "Operational products", "productType": 1, "productTypeName": "Forecast products", "productDefinitionTemplate": 0, "productDefinitionTemplateName": "Analysis/forecast at horizontal level/layer at a point in time", "parameterCategory": 2, "parameterCategoryName": "Momentum", "parameterNumber": 2, "parameterNumberName": "U-component_of_wind", "parameterUnit": "m.s-1", "genProcessType": 2, "genProcessTypeName": "Forecast", "forecastTime": 6, "surface1Type": 100, "surface1TypeName": "Isobaric surface", "surface1Value": 85000, "surface2Type": 255, "surface2TypeName": "Missing", "surface2Value": 0, "gridDefinitionTemplate": 0, "gridDefinitionTemplateName": "Latitude_Longitude", "numberPoints": 65160, "shape": 6, "shapeName": "Earth spherical with radius of 6,371,229.0 m", "gridUnits": "degrees", "resolution": 48, "winds": "true", "scanMode": 0, "nx": 360, "ny": 181, "basicAngle": 0, "subDivisions": 0, "lo1": 0, "la1": 90, "lo2": 359, "la2": -90, "dx": 1, "dy": 1}, "data":
[rows 19 to 37 of 181, columns 172 to 214 of 360]
6.5497197497817785,6.693361678155946,6.818657567420152,6.9252639902511355,7.0128887458540365,7.081291660864473,7.13028524764703,7.159735218185834,7.1695608521586855,7.159735218185834,7.13028524764703,7.0812916608644745,7.012888745854038,6.925263990251132,6.818657567420153,6.693361678155948,6.5497197497817865,6.388125494838908,6.209021831947827,6.012899671799206,5.8002965716017085,5.571795261675121,5.328022048227033,5.069645096691008,4.79737260033167,4.511950839136115,4.214162134312334,3.904822704001233,3.5847804260793414,3.2549125141846096,2.916123113334704,2.5693408217283684,2.215516145522367,1.8556188935601272,1.4906355191931266,1.1215664164808223,0.7494231781800827,0.37522582303970525,3.0730629121109063e-15,-0.3752258230396991,-0.7494231781800765,-1.1215664164808163,-1.4906355191931209
7.255829689391564,7.414957317497094,7.55376106300273,7.671860474490167,7.768931849681512,7.844709122684708,7.898984593261674,7.931609496120195,7.942494408669269,7.931609496120195,7.898984593261674,7.844709122684709,7.768931849681512,7.671860474490165,7.55376106300273,7.4149573174970955,7.25582968939157,7.076814336453955,6.878401927323446,6.661136296622014,6.425612954341439,6.1724774535918945,5.902423621185712,5.616191655906276,5.314566099674705,4.9983736871748965,4.668481079831225,4.325792490349891,3.971247204334633,3.605817005770314,3.2305035134304583,2.8463354355098236,2.454365750006806,2.0556688185838916,1.6513374418170257,1.2424798639051982,0.8302167350501366,0.4156780398319466,3.404362624187899e-15,-0.41567803983193974,-0.8302167350501297,-1.2424798639051915,-1.651337441817019
7.984865141477726,8.159981248814644,8.3127314147419,8.44269696167223,8.549521663075284,8.63291271986981,8.692641562965582,8.72854447975537,8.74052306283984,8.72854447975537,8.692641562965582,8.632912719869813,8.549521663075284,8.442696961672228,8.312731414741904,8.159981248814644,7.984865141477735,7.787863073809198,7.569515014783067,7.330419441251969,7.071231697563599,6.792662199307495,6.4954744861152625,6.180483128851461,5.848551496931602,5.500589391886496,5.137550553659498,4.760430046471693,4.370261531419918,3.968114433283689,3.5550910093060963,3.132323327983327,2.70097016614368,2.2622138328207684,1.81725692862665,1.3673190495071466,0.9136334439141411,0.4574436325572335,3.7464187571231506e-15,-0.457443632557226,-0.9136334439141336,-1.3673190495071392,-1.8172569286266427
8.738222833374229,8.929860831074945,9.097022700944706,9.239250263917471,9.356153684129248,9.447412537431093,9.51277668964944,9.552066982186453,9.565175723081332,9.552066982186453,9.51277668964944,9.447412537431099,9.35615368412925,9.239250263917468,9.097022700944708,8.929860831074949,8.738222833374238,8.52263397427366,8.283685167850617,8.022031356174406,7.738389714155475,7.433537683818917,7.108310843389894,6.763600617031744,6.4003518315144365,6.019560126509961,5.622269225613203,5.209568075568196,4.782587861540664,4.342498906618269,3.8905074640362494,3.4278524109211475,2.955801852614811,2.4756496468857248,1.9887118575548215,1.496323147256027,0.9998331192187674,0.5006026180992601,4.099886641393732e-15,-0.500602618099252,-0.9998331192187591,-1.496323147256019,-1.988711857554814
9.531135576282812,9.740162946319295,9.922493206750339,10.077626603005726,10.205137925229511,10.30467767375068,10.375973017037461,10.418828539509587,10.43312677715881,10.418828539509587,10.375973017037461,10.304677673750684,10.205137925229513,10.077626603005722,9.922493206750342,9.740162946319296,9.531135576282827,9.295984026132865,9.035352829923195,8.749956359646394,8.440576867189804,8.108062340237552,7.753324177995223,7.377334693107941,6.981124446619108,6.565779423274119,6.132438054911651,5.68228810010123,5.216563388579403,4.736540439408371,4.243534962125826,3.738898250476576,3.224013478610401,2.7002919098977847,2.1691690287551264,1.6321006060817413,1.0905587090930269,0.5460276664864765,4.471913359461125e-15,-0.5460276664864675,-1.0905587090930182,-1.6321006060817325,-2.1691690287551175
10.342478200250769,10.569299128413581,10.767150342328383,10.93548954557031,11.073855332084381,11.181868450867457,11.259232845468855,11.3057364654605,11.321251847652423,11.3057364654605,11.259232845468855,11.181868450867462,11.073855332084385,10.935489545570304,10.767150342328385,10.569299128413583,10.342478200250783,10.08730925823793,9.804491702708509,9.494800716923843,9.159085142349586,8.79826515204035,8.4133297285093,8.005333952995755,7.575396113561004,7.124694639938324,6.654464873539012,6.1659956814675265,5.660625923826209,5.139740783992987,4.604767971929858,4.057173810929148,3.4984592185233767,2.9301555925745504,2.353820613819095,1.7710339763732268,1.1833930579012018,0.5925085413140924,4.85258719314901e-15,-0.5925085413140827,-1.183393057901192,-1.7710339763732172,-2.3538206138190865
11.172868218931484,11.41790043370544,11.631636977039138,11.813492011923943,11.962967086349826,12.07965249952767,12.163228424850661,12.213465786516776,12.230226887409646,12.213465786516776,12.163228424850661,12.079652499527672,11.962967086349828,11.81349201192394,11.63163697703914,11.417900433705444,11.172868218931498,10.897211948985998,10.591687178544234,10.257131329765249,9.894461396975826,9.504671433252867,9.08882982579299,8.648076367537401,8.183619133078821,7.696731167412883,7.1887469966102735,6.661058969973646,6.115113443704821,5.552406816543142,4.974481428240405,4.382921332114804,3.779347953271003,3.1654156443865413,2.5428071512461594,1.9132290004525703,1.2784068219556795,0.6400806192207552,5.242197873679243e-15,-0.6400806192207447,-1.278406821955669,-1.9132290004525603,-2.5428071512461496
12.032837196840099,12.29672939449086,12.526917111606503,12.722769419654561,12.883749501072206,13.009416120645858,13.099424834906248,13.153528936224017,13.171580129018183,13.153528936224017,13.099424834906248,13.009416120645863,12.883749501072211,12.72276941965456,12.526917111606505,12.296729394490862,12.032837196840113,11.735963828825072,11.406922999712057,11.046616587542346,10.656032167147076,10.23624030327337,9.788391616240746,9.313713628170735,8.813507398434217,8.289143957537998,7.742060549225483,7.173756691091589,6.585790064509089,5.979772245132444,5.3573642856807835,4.720272163107877,4.070242102637987,3.4090557914838255,2.7385254953657694,2.0604890912174887,1.376805029693045,0.6893472412827336,5.6456867056502496e-15,-0.6893472412827224,-1.3768050296930336,-2.060489091217477,-2.738525495365758
12.904824233736413,13.18783998236067,13.434708778268794,13.64475397125084,13.817399842032904,13.952173180283642,14.048704581650894,14.10672946027332,14.12608877399188,14.10672946027332,14.048704581650894,13.952173180283646,13.817399842032907,13.644753971250834,13.434708778268794,13.187839982360673,12.90482423373643,12.586437258890836,12.233551734391138,11.847134894931255,11.4282458822086,10.978032841890444,10.49772977662639,9.988653163732817,9.452198346820238,8.889835711253296,8.303106653926696,7.693619358403566,7.063044386995937,6.413110101869769,5.7455979277242175,5.062337469030364,4.365201495212662,3.656100807518019,2.936979001642418,2.2098071404702235,1.4765783515278368,0.7393023639595895,6.05481429053918e-15,-0.7393023639595773,-1.4765783515278246,-2.2098071404702124,-2.936979001642407
13.788897351452375,14.091301710933868,14.355082791900065,14.579517588743233,14.763990941285497,14.907997220890124,15.011141716354473,15.073141715785965,15.09382728149572,15.073141715785965,15.011141716354473,14.907997220890126,14.763990941285497,14.579517588743228,14.355082791900069,14.091301710933871,13.788897351452391,13.44869858278507,13.0716378661099,12.658748698642153,12.211162780890254,11.730106914743446,11.216899640893084,10.67294762480413,10.099741801143098,9.4988532872296,8.871929076712979,8.220687525277341,7.546913640747857,6.852454190508641,6.139212639641514,5.409143933660544,4.664249140142395,3.9065699639391016,3.1381831510069955,2.361194796190418,1.5777345705621464,0.7899498841429228,6.469612543508355e-15,-0.7899498841429098,-1.5777345705621333,-2.3611947961904054,-3.138183151006984
14.688501657387896,15.010635242273665,15.291625719336825,15.530702913211151,15.727211529926292,15.880612953022972,15.990486719863288,16.056531674089566,16.078566791072994,16.056531674089566,15.990486719863288,15.880612953022975,15.727211529926295,15.53070291321115,15.291625719336828,15.010635242273668,14.688501657387913,14.326107910444476,13.924447297514048,13.484620742417624,13.00783377917072,12.495393247698543,11.948703711878586,11.369263609728536,10.758661146292063,10.118569940478995,9.450744437792224,8.75701510151468,8.039283395536494,7.299516572574902,6.539742282071086,5.762043012543996,4.968550383634226,4.161439303482616,3.3429220074582573,2.515241994575118,1.6806678782172024,0.8414871680268575,6.891697874447563e-15,-0.8414871680268438,-1.6806678782171887,-2.5152419945751046,-3.342922007458245
15.59170151230581,15.93364317659406,16.231911832469226,16.485689946277947,16.694281929850174,16.857116047057996,16.973745980904603,17.043852056848166,17.06724211900754,17.043852056848166,16.973745980904603,16.857116047058003,16.69428192985018,16.485689946277944,16.23191183246923,15.93364317659406,15.591701512305827,15.207024077938234,14.780665247600275,14.313793641210122,13.807688921388992,13.263738285995021,12.68343266591031,12.068362638502885,11.420214067964949,10.74076348447609,10.031873214857576,9.295486278064118,8.533621059503767,7.748365778784068,6.94187276604705,6.116352562581929,5.274067861885226,4.417327307775056,3.5484791665589315,2.669904890599033,1.7840125909168447,0.8932304367281187,7.315470200960415e-15,-0.8932304367281042,-1.7840125909168305,-2.669904890599019,-3.548479166558918
16.498384157965074,16.860210282752604,17.17582374309396,17.44435946443236,17.66508140902131,17.837384593352883,17.960796746375483,18.034979603955943,18.059729836038017,18.034979603955943,17.960796746375483,17.83738459335289,17.665081409021315,17.444359464432356,17.17582374309396,16.860210282752607,16.498384157965095,16.091337108989208,15.640184823492692,15.14616387853093,14.61062835117504,14.035046107080907,13.420994777171382,12.770157433459495,12.084317975865272,11.36535624266987,10.615242858009516,9.836033830531866,9.029864918019005,8.198945773424095,7.34555388836599,6.472028350683038,5.580763433156037,4.674202030972866,3.754828965922596,2.825164175671695,1.8877558067900637,0.9451732304582859,7.740876618009469e-15,-0.9451732304582705,-1.8877558067900477,-2.82516417567168,-3.7548289659225818
17.402358356664962,17.784009542991353,18.116915995311757,18.4001652401804,18.632980911105513,18.814724876515896,18.94489898883526,19.02314644987,19.049252788768342,19.02314644987,18.94489898883526,18.814724876515903,18.632980911105513,18.400165240180392,18.11691599531176,17.78400954299136,17.402358356664976,16.973008515706066,16.497136838184943,15.976047655292309,15.411169236257953,14.804049873564258,14.156353639184038,13.469855823474841,12.74643806923172,11.988083214234912,11.196869856429304,10.374966656632132,9.524626394384168,8.648179793237889,7.74802913240598,6.826641662281016,5.886542841873785,4.930309416705556,3.9605623561277397,2.979959669427093,1.9911891204070362,0.9969608604137695,8.16501225886988e-15,-0.9969608604137531,-1.99118912040702,-2.9799596694270765,-3.960562356127725
18.299584822542485,18.700913085853937,19.050983446281588,19.348836385300608,19.593655508708643,19.784769784305603,19.921655381146266,20.0039371053245,20.031389428353652,20.0039371053245,19.921655381146266,19.784769784305606,19.593655508708647,19.3488363853006,19.050983446281595,18.70091308585394,18.299584822542506,17.848098669221017,17.347692118053295,16.799736748613327,16.20573446848077,15.567313396616901,14.886223400803615,14.164331301377377,13.40361575440469,12.606161828323113,11.774155288913638,10.909876608268776,10.01569471417682,9.09406049705574,8.147500092232654,7.178607955982517,6.1900397543039505,5.1845050839232245,4.164760045477994,3.1335996892370304,2.0938503540617472,1.048361920607699,8.585981931067599e-15,-1.0483619206076815,-2.0938503540617295,-3.1335996892370135,-4.164760045477977
19.18992846264168,19.61078285566025,19.977885456000255,20.29023006095116,20.546960555661588,20.74737325969066,20.89091885574717,20.97720389533003,21.005991877143362,20.97720389533003,20.89091885574717,20.747373259690672,20.54696055566159,20.29023006095115,19.977885456000255,19.610782855660254,19.189928462641703,18.716475809582604,18.19172259729571,17.617107137860796,16.99420441231109,16.3247217537199,15.610494167519288,14.8534793018776,14.055752081922178,13.21949902251358,12.347012235160358,11.44068314550089,10.502995938571678,9.536520749829165,8.54390662058684,7.527874237177113,6.491208473739409,5.436750759073555,4.36739128848099,3.286061101940347,2.1957240503306283,1.0993686717218236,9.00372225034062e-15,-1.0993686717218056,-2.19572405033061,-3.286061101940329,-4.367391288480974
20.056124548122007,20.495975490736868,20.879648389189413,21.206091622733744,21.474410433157523,21.68386937725198,21.833894342610673,21.92407412123166,21.95416153661005,21.92407412123166,21.833894342610673,21.683869377251984,21.474410433157523,21.20609162273374,20.879648389189413,20.495975490736875,20.056124548122032,19.56130116220489,19.012861609491505,18.412309124674344,17.761289780370344,17.061587975350466,16.31512154362662,15.52393649780184,14.690201421092196,13.816201523390752,12.904332377666059,11.957093353863359,10.977080768305022,9.966980767368327,8.929561964944646,7.867667853861256,6.7842090120653245,5.682155124931906,4.564526845562809,3.4343875153863963,2.294834767751697,1.1489920375305602,9.410132778820703e-15,-1.1489920375305411,-2.2948347677516776,-3.434387515386378,-4.564526845562792
20.903271205466105,21.36170092459743,21.76157970632805,22.101811510712494,22.381463786024145,22.599770024814777,22.75613186485815,22.85012072921928,22.881479000954037,22.85012072921928,22.75613186485815,22.599770024814784,22.38146378602415,22.101811510712484,21.761579706328057,21.361700924597432,20.90327120546613,20.387547072929195,19.81594209098636,19.190022989161424,18.511505368205313,17.78224899775391,17.004252718828674,16.17964896515218,15.31069791829584,14.399781312679051,13.449395907400703,12.462146642796247,11.440739500477012,10.387974086423059,9.30673595745748,8.199988712135758,7.0707658677283,5.922162545560307,4.757326987499404,3.5794519268435097,2.3917658372608313,1.197524083767785,9.807605506396507e-15,-1.1975240837677654,-2.3917658372608117,-3.5794519268434906,-4.757326987499386
21.731593915798598,22.20818958339394,22.62391414701352,22.977628134525126,23.268362040475353,23.49531898343664,23.657876890203937,23.75559020085404,23.788191089994438,23.75559020085404,23.657876890203937,23.495318983436647,23.268362040475356,22.97762813452512,22.623914147013522,22.208189583393942,21.731593915798626,21.195433459824656,20.601177794013807,19.950455731839916,19.245050857244212,18.48689663595588,17.67807111599685,16.82079123189647,15.917406728228352,14.970393719123575,13.982347901413949,12.955977440007672,11.894095544997215,10.799612760846399,9.67552898879002,8.524925264313103,7.350955312246997,6.1568369026286565,4.945843031016697,3.721292947438055,2.486543058554429,1.2449777279847525,1.0196246226553546e-14,-1.244977727984732,-2.486543058554409,-3.7212929474380347,-4.945843031016677
