hough_viz/data/file_1_3_0.json
{"header": {"discipline": 0, "disciplineName": "Meteorological products", "gribEdition": 2, "gribLength": 133963, "center": 7, "centerName": "US National Weather Service - NCEP(WMC)", "subcenter": 0, "refTime": "2014-11-30T06:00:00.000Z", "significanceOfRT": 1, "significanceOfRTName": "Start of forecast", "productStatus": 0, "productStatusName": "Operational products", "productType": 1, "productTypeName": "Forecast products", "productDefinitionTemplate": 0, "productDefinitionTemplateName": "Analysis/forecast at horizontal level/layer at a point in time", "parameterCategory": 2, "parameterCategoryName": "Momentum", "parameterNumber": 3, "parameterNumberName": "V-component_of_wind", "parameterUnit": "m.s-1", "genProcessType": 2, "genProcessTypeName": "Forecast", "forecastTime": 6, "surface1Type": 100, "surface1TypeName": "Isobaric surface", "surface1Value": 85000, "surface2Type": 255, "surface2TypeName": "Missing", "surface2Value": 0, "gridDefinitionTemplate": 0, "gridDefinitionTemplateName": "Latitude_Longitude", "numberPoints": 65160, "shape": 6, "shapeName": "Earth spherical with radius of 6,371,229.0 m", "gridUnits": "degrees", "resolution": 48, "winds": "true", "scanMode": 0, "nx": 360, "ny": 181, "basicAngle": 0, "subDivisions": 0, "lo1": 0, "la1": 90, "lo2": 359, "la2": -90, "dx": 1, "dy": 1}, "data":
[rows 152 to 170 of 181, columns 215 to 257 of 360]
-2.6441813969255437,-2.709683890409545,-2.7743609879312285,-2.8381929882201495,-2.90116044743067,-2.9632441850647258,-3.0244252898144235,-3.084685125322575,-3.1440053358595383,-3.2023678519145373,-3.2597548956998064,-3.316148986565891,-3.3715329463264108,-3.425889904490708,-3.479203303402756,-3.531456903284789,-3.5826347871840922,-3.632721365821453,-3.6817013823398232,-3.7295599169516906,-3.7762823914837957,-3.8218545738177863,-3.866262582225458,-3.9094928895972543,-3.951532327562772,-3.9923680905019605,-4.031987739445847,-4.070379205865553,-4.107530795348504,-4.143431191160647,-4.178069457693644,-4.211435043795961,-4.243517785986848,-4.274307911552245,-4.303796041521633,-4.331973193524963,-4.358830784528783,-4.384360633450688,-4.408554963651392,-4.431406405303538,-4.452907997636628,-4.473053191057352,-4.491835849144638
-3.443204980480269,-3.528501137567006,-3.61272247902588,-3.6958433502204144,-3.7778384317280382,-3.8586827470526095,-3.938351670232531,-4.0168209333420295,-4.094066633883414,-4.170065242068005,-4.244793607983532,-4.318228968645827,-4.39034895493265,-4.461131598397537,-4.530555337961597,-4.59859902648124,-4.665241937189792,-4.730463770011057,-4.794244657742947,-4.856565172109198,-4.917406329677418,-4.976749597641637,-5.0345768994675595,-5.09087062039886,-5.1456136128228165,-5.1987892014936286,-5.2503811886118665,-5.300373858758467,-5.348751983681813,-5.395500826936407,-5.440606148371725,-5.484054208469917,-5.52583177253098,-5.565926114704197,-5.604325021864538,-5.641016797332902,-5.675990264439045,-5.709234769926085,-5.740740187195606,-5.770496919392311,-5.798495902327308,-5.824728607239166,-5.8491870433918445
-4.2417687937657025,-4.34684722488141,-4.450601564223563,-4.553000207215306,-4.654011962238035,-4.7536060601326335,-4.851752163572103,-4.948420376302566,-5.043581252249983,-5.1372058044896995,-5.229265514076136,-5.319732338729952,-5.408578721379987,-5.495777598557413,-5.581302408639522,-5.665127099940673,-5.747226138647864,-5.827574516598589,-5.9061477588985785,-5.982921931377067,-6.057873647877393,-6.130980077380635,-6.202218950960174,-6.271568568565001,-6.339007805629796,-6.4045161195096485,-6.4680735557375595,-6.529660754102756,-6.589258954548008,-6.64685000288412,-6.702416356319871,-6.755941088805725,-6.8074078961896545,-6.8568011011835655,-6.90410565813873,-6.949307157628854,-6.992391830839315,-7.03334655376128,-7.072158851189412,-7.108816900521932,-7.143309535361894,-7.175626248918595,-7.205757197208021
-5.03973584618681,-5.164581768183603,-5.287854508543378,-5.409516517195254,-5.529530734712835,-5.647860603602847,-5.7644700794409545,-5.879323641851183,-5.992386305325817,-6.103623629882302,-6.213001731553993,-6.320487292711553,-6.426047572211818,-6.529650415371069,-6.631264263759652,-6.730858164814998,-6.828401781270054,-6.923865400394316,-7.017219943044632,-7.108436972522958,-7.197488703238478,-7.284348009171354,-7.368988432135577,-7.451384189838372,-7.531510183733764,-7.609342006667815,-7.684855950313284,-7.7580290123914155,-7.828838903678656,-7.897264054796171,-7.963283622780082,-8.026877497430435,-8.08802630743696,-8.146711426279769,-8.202914977903172,-8.256619842160879,-8.307809660030992,-8.3564688385991,-8.402582555808042,-8.446136764972842,-8.487118199059461,-8.52551437472609,-8.561313596125663
-5.830315576081356,-5.974745987881389,-6.117356434174844,-6.258103474438286,-6.396944235759815,-6.53383642589853,-6.668738346167229,-6.80160890413416,-6.932407626140229,-7.0610946696276375,-7.187630835276314,-7.311977578944421,-7.434097023409265,-7.55395196990507,-7.671505909454057,-7.786723033987485,-7.8995682472530815,-8.010007175505725,-8.118006177978026,-8.223532357127624,-8.326553568658095,-8.427038431310415,-8.52495633642201,-8.620277457250417,-8.712972758058845,-8.803014002960708,-8.89037376452056,-8.97502543210875,-9.056943220007296,-9.136102175264451,-9.212478185295607,-9.28604798522825,-9.356789164988617,-9.42468017612808,-9.489700338386967,-9.551829845993991,-9.611049773699273,-9.667342082539156,-9.72068962533105,-9.771076151896635,-9.81848631401181,-9.862905670081924,-9.904320689540821
-6.613490061175327,-6.777321517724538,-6.93908853648606,-7.098741841658909,-7.25623280129974,-7.411513442136579,-7.564536464182009,-7.715255255141132,-7.863623904610182,-8.00959721806126,-8.153130730609,-8.294180720555044,-8.432704222706075,-8.568659041461434,-8.702003763666296,-8.832697771226547,-8.960701253481417,-9.085975219330214,-9.20848150910938,-9.32818280621631,-9.44504264847633,-9.55902543924944,-9.670096458273402,-9.778221872239843,-9.883368745100235,-9.985505048098528,-10.084599669527416,-10.180622424205252,-10.273544062670766,-10.363336280092739,-10.449971724891899,-10.533424007072515,-10.613667706261001,-10.690678379449254,-10.764432568440201,-10.834907806993398,-10.902082627668483,-10.965936568364327,-11.026450178552038,-11.083605025199741,-11.137383698387474,-11.187769816610421,-11.234748031768865
-7.389350308851251,-7.572401619559098,-7.753146303378126,-7.931529303726724,-8.10749628341497,-8.280993641196199,-8.451968528094534,-8.620368863503153,-8.786143351048558,-8.94924149421596,-9.109613611730968,-9.267210852693035,-9.421985211455883,-9.573889542250505,-9.722877573546205,-9.868903922145375,-10.011924107007646,-10.151894562799225,-10.288772653163369,-10.422516683707778,-10.553085914705145,-10.680440573502851,-10.804541866638125,-10.92535199165487,-11.042834148618695,-11.15695255132651,-11.267672438207374,-11.374960082911162,-11.47878280458198,-11.579108977813055,-11.675908042280144,-11.769150512050498,-11.858807984564553,-11.944853149287662,-12.027259796029103,-12.106002822925992,-12.18105824408954,-12.252403196911374,-12.320015949027733,-12.38387590493935,-12.443963612285016,-12.500260767767001,-12.552750222726374
-8.145649688239185,-8.347436285122148,-8.546680172049228,-8.74332065740235,-8.937297842584789,-9.128552640266816,-9.31702679238435,-9.502662887884853,-9.685404380215344,-9.865195604547008,-10.041981794731225,-10.215709099981906,-10.386324601278936,-10.553776327487835,-10.718013271190648,-10.878985404223338,-11.036643692914806,-11.190940113023034,-11.341827664363766,-11.489260385127183,-11.633193365878324,-11.773582763236945,-11.910385813232631,-12.043560844331104,-12.173067290127799,-12.29886570170477,-12.420917759647221,-12.539186285715948,-12.653635254172215,-12.764229802751547,-12.870936243283092,-12.973722071951379,-13.072555979197274,-13.167407859255212,-13.25824881932368,-13.34505118836624,-13.427788525540416,-13.506435628251797,-13.580968539831034,-13.651364556831247,-13.717602235943705,-13.779661400529701,-13.837523146766513
-8.887771422463645,-9.107942092435122,-9.325338395014624,-9.53989410918242,-9.751543879189544,-9.960223234465726,-10.16586860925785,-10.368417361992606,-10.567807794357783,-10.763979170096155,-10.9568717335063,-11.146426727644819,-11.332586412224238,-11.515294081201269,-11.694494080050006,-11.870131822714852,-12.042153808237954,-12.210507637056095,-12.375142026962147,-12.536006828726093,-12.693053041370984,-12.846232827099106,-12.995499525863854,-13.14080766958278,-13.282112995987692,-13.41937246210731,-13.552544257378594,-13.681587816382631,-13.806463831201281,-13.927134263390728,-14.043562355568362,-14.155712642609462,-14.263550962450141,-14.367044466493544,-14.466161629615767,-14.560872259768752,-14.65114750717708,-14.736959873125866,-14.818283218337161,-14.895092770932221,-14.96736513397725,-15.035078292610343,-15.098211620747435
-9.616351382964995,-9.854570664945772,-10.08978814923863,-10.321932186319259,-10.550932062865142,-10.776718023295496,-10.999221291019545,-11.218374089386494,-11.434109662330984,-11.646362294707629,-11.855067332308455,-12.060161201557241,-12.261581428874631,-12.459266659708184,-12.65315667722156,-12.843192420637177,-13.029316003226674,-13.211470729943755,-13.389601114694113,-13.563652897236953,-13.73357305971324,-13.899309842795427,-14.060812761453867,-14.218032620335011,-14.370921528746827,-14.519432915246743,-14.663521541827778,-14.803143517698444,-14.938256312652344,-15.068818770023274,-15.194791119221925,-15.316134987850425,-15.432813413390889,-15.544790854464614,-15.652033201658295,-15.754507787914104,-15.852183398480374,-15.945030280419918,-16.033020151673064,-16.11612620967266,-16.194323139508366,-16.267587121637845,-16.335895839142424
-10.314560530816506,-10.570076069480272,-10.822371860578645,-11.071371052369614,-11.316997797287264,-11.559177275045627,-11.797835715429756,-12.032900420766753,-12.264299788070264,-12.491963330851398,-12.715821700589578,-12.935806707856829,-13.151851343088893,-13.363889796997015,-13.571857480614057,-13.775691044968974,-13.975328400383482,-14.170708735385176,-14.36177253523134,-14.548461600037653,-14.730719062506482,-14.908489405249194,-15.081718477697292,-15.250353512597192,-15.41434314208366,-15.573637413326955,-15.728187803748945,-15.877947235803532,-16.022870091316964,-16.16291222538355,-16.29803097981264,-16.428185196122715,-16.553335228078637,-16.67344295376833,-16.78847178721504,-16.89838668952178,-17.003154179544552,-17.10274234409098,-17.197120847641404,-17.2862609415894,-17.370135472998808,-17.44871889287486,-17.521987263946606
-10.99219149874019,-11.264493524939413,-11.533364277289335,-11.798721855154188,-12.06048542804519,-12.318575260242245,-12.572912735082324,-12.823420378906746,-13.070021884660491,-13.312642135136036,-13.551207225854746,-13.785644487578969,-14.015882508447739,-14.241851155729538,-14.463481597185389,-14.680706322035848,-14.893459161525426,-15.101675309078214,-15.305291340038643,-15.504245230991208,-15.698476378653421,-15.88792561833614,-16.07253524196573,-16.252249015662457,-16.427012196869953,-16.59677155103024,-16.761475367799548,-16.921073476799762,-17.07551726290083,-17.22475968102936,-17.368755270499058,-17.507460168858458,-17.640832125251844,-17.7688305132893,-17.891416343421877,-18.008552274818207,-18.120202626738873,-18.226333389405085,-18.326912234358424,-18.4219085243084,-18.51129332246483,-18.595039401352313,-18.673121251103957
-11.65069784255073,-11.93931259507984,-12.224290517333767,-12.50554480227675,-12.78298977712904,-13.056540929463603,-13.326114932949507,-13.59162967273385,-13.853004270454807,-14.110159108877925,-14.363015856148287,-14.611497489651208,-14.855528319474033,-15.095034011462014,-15.329941609861223,-15.560179559541593,-15.785677727793285,-16.00636742568979,-16.222181429011265,-16.433053998721665,-16.638920900993483,-16.839719426774018,-17.035388410887137,-17.225868250664778,-17.411100924102534,-17.591030007533686,-17.76560069281642,-17.93475980402887,-18.098455813667098,-18.256638858340803,-18.40926075396223,-18.55627501042349,-18.697636845757895,-18.83330319978101,-18.96323274720717,-19.08738591023756,-19.205724870616045,-19.318213581148896,-19.424817776685195,-19.52550498455429,-19.62024453445726,-19.709007567809465,-19.79176704653107
-12.26959364217244,-12.573539876168418,-12.873656088115492,-13.169850859708218,-13.462033967149884,-13.750116408635485,-14.03401043146266,-14.31362955876189,-14.588888615838279,-14.859703756116554,-15.125992486681522,-15.387673693406269,-15.644667665660265,-15.896896120590007,-16.144282226964723,-16.386750628579932,-16.624227467211668,-16.85664040511437,-17.083918647055736,-17.305992961881568,-17.522795703604295,-17.734260832008573,-17.940323932767786,-18.140922237065247,-18.335994640714237,-18.525481722770902,-18.709325763634443,-18.88747076262907,-19.05986245506235,-19.226448328754802,-19.387177640035517,-19.542001429199285,-19.690872535420084,-19.833745611116836,-19.970577135766632,-20.101325429161545,-20.225950664104836,-20.344414878542644,-20.45668198712768,-20.562717792211117,-20.662489994259516,-20.75596820169363,-20.843123940145926
-12.862053174947484,-13.180676002890554,-13.495283869239058,-13.805780941389244,-14.112072638925094,-14.414065662428396,-14.711668021898742,-15.004789064774476,-15.29333950354643,-15.577231442955703,-15.856378406767416,-16.130695364112235,-16.4000987553876,-16.664506517710752,-16.923838109915902,-17.17801453708788,-17.4269583746247,-17.670593791821865,-17.90884657497115,-18.14164414996681,-18.368915604412337,-18.59059170922108,-18.806604939704098,-19.016889496138795,-19.221381323812224,-19.420018132532725,-19.61273941560412,-19.799486468256642,-19.980202405529003,-20.154832179596063,-20.323322596536983,-20.485622332538565,-20.641681949528955,-20.791453910237067,-20.934892592672778,-21.0719543040239,-21.202597293965425,-21.326781767377025,-21.444469896465105,-21.55562583228549,-21.660215715663316,-21.75820768750693,-21.849571898512437
-13.430564901144153,-13.763271080435231,-14.091784834027404,-14.416006093448942,-14.73583609776345,-15.05117742365331,-15.36193401509591,-15.668011212623096,-15.96931578215549,-16.265755943402418,-16.557241397819052,-16.843683356112315,-17.124994565286887,-17.401089335223325,-17.671883564780114,-17.937294767411696,-18.19724209629465,-18.451646368954425,-18.7004300913851,-18.94351748165481,-19.18083449298963,-19.412308836328968,-19.637870002345515,-19.857449282923017,-20.07097979208551,-20.278396486371385,-20.479636184646285,-20.67463758734865,-20.86334129516219,-21.04568982710949,-21.221627638061292,-21.391101135656015,-21.554058696624566,-21.71045068251527,-21.860229454814217,-22.00334938945643,-22.13976689072339,-22.269440404522697,-22.392330431045867,-22.508399536800372,-22.6176123660122,-22.71993565139561,-22.815338224286645
-13.951927300715527,-14.297548833401208,-14.638815194208764,-14.975622430098776,-15.307867946324485,-15.635450537683077,-15.958270419343895,-16.276229257243735,-16.589230198040436,-16.89717789861535,-17.199978555115695,-17.49753993152822,-17.78977138777513,-18.07658390732394,-18.357890124302777,-18.63360435011288,-18.903642599530166,-19.16792261628792,-19.42636389813293,-19.678887721347145,-19.925417164727776,-20.165877133018178,-20.400194379782636,-20.628297529717884,-20.850117100394773,-21.06558552342326,-21.274637165034413,-21.477208346073056,-21.67323736139509,-21.862664498663477,-22.045432056537187,-22.22148436224759,-22.390767788556886,-22.553230770093556,-22.708823819059603,-22.85749954030505,-22.99921264576495,-23.133919968254567,-23.261580474618544,-23.382155278229966,-23.49560765083561,-23.601903033743746,-23.701009048351036
-14.4416802957274,-14.7994341436929,-15.152679940652888,-15.501310084515646,-15.845218379162114,-16.184300066794194,-16.51845185984511,-16.847571972441663,-17.171560151409317,-17.490317706810224,-17.80374754200512,-18.111754183229937,-18.41424380867805,-18.711124277079254,-19.00230515576692,-19.287697748224694,-19.567215121104233,-19.840772130706004,-20.108285448914884,-20.369673588582693,-20.62485692834996,-20.873757736899375,-21.11630019663351,-21.352410426769545,-21.58201650584414,-21.805048493621374,-22.02143845239721,-22.23112046769397,-22.43403066833857,-22.63010724591826,-22.819290473608074,-23.0015227243642,-23.176748488477728,-23.34491439048346,-23.505969205418584,-23.659863874426303,-23.80655151969963,-23.94598745876081,-24.078129218072057,-24.20293654597342,-24.32037142494375,-24.430398083181323,-24.53298300550017
-14.903502072590534,-15.272696314912084,-15.637238345986168,-15.997017122778738,-16.35192305318914,-16.70184802943289,-17.046685460972455,-17.386330306985638,-17.720679108362155,-18.0496300192182,-18.373082837919686,-18.690939037604693,-19.003101796195658,-19.309476025892323,-19.609968402136403,-19.904487392039172,-20.19294328226323,-20.475248206350063,-20.751316171485062,-21.02106308469171,-21.28440677844715,-21.5412670357112,-21.79156561436124,-22.0352262710255,-22.27217478430758,-22.50233897739495,-22.725648740044768,-22.942036049940057,-23.151434993410042,-23.353781785508044,-23.549014789441017,-23.737074535344707,-23.917903738398717,-24.091447316276074,-24.257652405921807,-24.416468379655534,-24.56784686059319,-24.711741737383022,-24.84810917825163,-24.976907644355517,-25.098097902434183,-25.211643036761032,-25.317508460388215
