hough_viz/data/file_2_2_1.json
{"header": {"discipline": 0, "disciplineName": "Meteorological products", "gribEdition": 2, "gribLength": 133963, "center": 7, "centerName": "US National Weather Service - NCEP(WMC)", "subcenter": 0, "refTime": "2014-11-30T06:00:00.000Z", "significanceOfRT": 1, "significanceOfRTName": "Start of forecast", "productStatus": 0, "productStatusName": "Operational products", "productType": 1, "productTypeName": "Forecast products", "productDefinitionTemplate": 0, "productDefinitionTemplateName": "Analysis/forecast at horizontal level/layer at a point in time", "parameterCategory": 2, "parameterCategoryName": "Momentum", "parameterNumber": 2, "parameterNumberName": "U-component_of_wind", "parameterUnit": "m.s-1", "genProcessType": 2, "genProcessTypeName": "Forecast", "forecastTime": 6, "surface1Type": 100, "surface1TypeName": "Isobaric surface", "surface1Value": 85000, "surface2Type": 255, "surface2TypeName": "Missing", "surface2Value": 0, "gridDefinitionTemplate": 0, "gridDefinitionTemplateName": "Latitude_Longitude", "numberPoints": 65160, "shape": 6, "shapeName": "Earth spherical with radius of 6,371,229.0 m", "gridUnits": "degrees", "resolution": 48, "winds": "true", "scanMode": 0, "nx": 360, "ny": 181, "basicAngle": 0, "subDivisions": 0, "lo1": 0, "la1": 90, "lo2": 359, "la2": -90, "dx": 1, "dy": 1}, "data":
[rows 160 to 179 of 181, columns 0 to 44 of 360]
-16.106413299016374,-16.096601707215335,-16.067178885725472,-16.018180681722527,-15.94966679197049,-15.86172069009026,-15.754449524859925,-15.627983989670462,-15.482478163295973,-15.318109322172443,-15.135077724413707,-14.93360636582777,-14.713940708230785,-14.476348380389643,-14.221118851957517,-13.94856308079971,-13.659013134139375,-13.352821783984774,-13.030362077330908,-12.692026881659222,-12.338228406289103,-11.969397700164304,-11.585984126686236,-11.188454816233836,-10.777294097037208,-10.353002905098224,-9.916098173877225,-9.467112204489187,-9.006592017176818,-8.535098684850663,-8.053206649508189,-7.561503022364674,-7.060586868548656,-6.551068477233344,-6.033568618093265,-5.508717784992039,-4.977155427822723,-4.439529173436624,-3.8964940366097425,-3.3487116220081417,-2.7968493181246057,-2.241579484168551,-1.683578630899878,-1.1235265964048688,-0.5621057178181416
-15.829020899524636,-15.819378287678479,-15.790462200177204,-15.742307866819253,-15.67497395624222,-15.588542504444137,-15.48311881483529,-15.358831329942186,-15.215831474920149,-15.05429347306508,-14.874414133549227,-14.676412611639492,-14.46053014169053,-14.22702974323783,-13.976195900548927,-13.708334216023143,-13.423771037862146,-13.122853062464927,-12.805946912031649,-12.473438687890964,-12.12573350009502,-11.763254973855263,-11.38644473342039,-10.995761864025196,-10.59168235256596,-10.174698507683718,-9.745318359962017,-9.30406504296992,-8.851476155904317,-8.388103108608119,-7.9145104497623215,-7.43127517907036,-6.938986044272888,-6.438242823849333,-5.9296555962802,-5.4138439967604235,-4.891436462269331,-4.363069465916989,-3.82938674149976,-3.291038499209819,-2.7486806334542084,-2.2029739237485324,-1.6545832296588798,-1.1041766807729034,-0.5524248626867808
-15.444738190744825,-15.435329673541885,-15.407115584761996,-15.360130298926302,-15.294431060368055,-15.210097913489246,-15.107233605238829,-14.98596345993137,-14.846435226558695,-14.688818898780486,-14.513306507813214,-14.320111888469656,-14.109470418634139,-13.881638732490819,-13.636894407854482,-13.37553562798473,-13.097880818295595,-12.804268258403237,-12.495055669984344,-12.170619780947352,-11.831355866447533,-11.47767726730511,-11.110014886413124,-10.728816663748644,-10.334547030626902,-9.927686343863273,-9.508730300532498,-9.078189334038143,-8.63658799222813,-8.184464298313978,-7.7223690953724144,-7.250865375227906,-6.7705275925338695,-6.281940964888157,-5.785700759835555,-5.282411569625976,-4.77268657461193,-4.257146796182727,-3.736420340145573,-3.21114163147538,-2.6819506413656824,-2.149492107522312,-1.614414748649795,-1.0773704740875834,-0.5390135895588916
-15.002005638656561,-14.992866822162117,-14.965461506918961,-14.919823082082244,-14.856007151042585,-14.774091463681843,-14.67417582164694,-14.556381956756864,-14.420853382691229,-14.26775522014096,-14.09727399563416,-13.90961741428227,-13.705014106723388,-13.483713350571051,-13.24598476670786,-12.992117990793975,-12.722422320390665,-12.437226338128882,-12.136877511381945,-11.82174176893005,-11.492203055132437,-11.148662862150315,-10.791539740790531,-10.421268790565858,-10.038301129593277,-9.643103344976037,-9.236156924339143,-8.817957669210852,-8.389015090964879,-7.949851790059277,-7.501002819328282,-7.043015032102842,-6.576446415954083,-6.101865412871395,-5.619850226703437,-5.130988118705809,-4.635874692053664,-4.135113166191006,-3.6293136419007017,-3.119092357990647,-2.6050709405017267,-2.087875645352224,-1.5681365953414423,-1.0464870124421686,-0.5235624463171973
-14.506221628532643,-14.497384830261533,-14.470885201725686,-14.426755028640523,-14.365048076824216,-14.285839526692323,-14.189225881662043,-14.075324850577648,-13.94427520430041,-13.796236606637661,-13.631389419817067,-13.449934484742993,-13.25209287630285,-13.038105634021345,-12.808233468391,-12.562756443236541,-12.301973634500278,-12.026202765864143,-11.735779821652335,-11.431058637486137,-11.112410469189763,-10.780223540472294,-10.434902569936893,-10.07686827799355,-9.706556874276034,-9.324419526187675,-8.930921809223381,-8.526543139737592,-8.111776190849316,-7.687126292195822,-7.253110814266323,-6.81025853806571,-6.359109010876372,-5.900211888902933,-5.434126267600837,-4.961420000504652,-4.482669007386013,-3.998456572584101,-3.509372634363518,-3.016013066165374,-2.518978950627305,-2.0188758472568615,-1.516313054650514,-1.011902868157202,-0.5062598338907249
-13.91789055452486,-13.90941215164786,-13.883987272644772,-13.841646893814254,-13.782442600385876,-13.70644652367146,-13.613751253184187,-13.50446972383253,-13.378735078326477,-13.236700504963636,-13.078539050992907,-12.904443411783044,-12.714625696053046,-12.509317167450359,-12.288767962791724,-12.053246787310018,-11.803040587278312,-11.538454200410035,-11.259809984461175,-10.967447424487013,-10.661722719231882,-10.343008347155854,-10.011692612627115,-9.668179172832911,-9.31288654598545,-8.946247601421899,-8.56870903221982,-8.180730810970426,-7.782785629372841,-7.375358322332087,-6.9589452772624325,-6.534053829315775,-6.101201643271931,-5.660916082843829,-5.213733568166056,-4.7601989222495655,-4.300864707198742,-3.836290550999621,-3.367042465699367,-2.893692157807787,-2.4168163317610256,-1.9369959872960327,-1.4548157115918727,-0.9708629670403249,-0.48572737551341133
-13.278198156211635,-13.270109436659776,-13.245853132863008,-13.205458797391106,-13.148975644519576,-13.076472490269621,-12.988037668566452,-12.883778923617964,-12.763823278645056,-12.628316881123368,-12.477424824725126,-12.311330948177911,-12.130237611285496,-11.934365448383595,-11.723953099530904,-11.49925691976297,-11.260550666763042,-11.008125167330524,-10.742287963053306,-10.463362935615717,-10.171689912198584,-9.867624251452153,-9.551536410546323,-9.223811493825636,-8.884848783618965,-8.535061253775492,-8.17487506651969,-7.80472905323831,-7.425074179831902,-7.036372997282367,-6.639099078105818,-6.23373643937741,-5.820778953031108,-5.400729744152798,-4.974100577999883,-4.541411236494135,-4.103188884947488,-3.659967429792329,-3.2122868680987335,-2.760692629671216,-2.3057349125265456,-1.8479680125621996,-1.3879496482321914,-0.9262402810530719,-0.4634024327678638
-12.593160605324371,-12.585489192139422,-12.56248429901984,-12.524173953884269,-12.470604831986991,-12.401842199051353,-12.317969831753516,-12.219089915653479,-12.105322920697734,-11.976807454445163,-11.833700093195118,-11.676175191223269,-11.504424668357826,-11.318657776154762,-11.119100842957025,-10.905996998148325,-10.67960587593744,-10.440203299033898,-10.188080942600518,-9.923545978892141,-9.646920703013564,-9.358542140252577,-9.058761635466603,-8.74794442502307,-8.426469191815185,-8.094727603895146,-7.753123837286964,-7.402074083560221,-7.042006042764764,-6.673358402344072,-6.296580302662187,-5.912130789795349,-5.5204782562550765,-5.122099870324047,-4.717480994700027,-4.307114595156208,-3.891500639938332,-3.4711454906304104,-3.046561285231134,-2.6182653141925893,-2.186779390181556,-1.752629212331131,-1.3163437257573092,-0.8784544771208644,-0.4394949670195844
-11.831598382090045,-11.824390892034762,-11.802777203085325,-11.766783648192385,-11.716454079958195,-11.651849817208971,-11.573049570287354,-11.480149345155963,-11.373262326428947,-11.252518739473931,-11.118065691752506,-10.970066993592411,-10.808702958609903,-10.634170184025388,-10.446681311139978,-10.246464766264841,-10.03376448241891,-9.808839602134087,-9.571964161729976,-9.323426757442846,-9.063530193815568,-8.792591114776926,-8.510939617859758,-8.21891885202798,-7.9168845996023975,-7.605204842794785,-7.284259315378228,-6.954439040040015,-6.616145851980722,-6.269791909339933,-5.915799191045023,-5.55459898269483,-5.186631351104605,-4.812344608152372,-4.432194764579966,-4.046644974414187,-3.656164970684956,-3.261230493127985,-2.862322708569187,-2.4599276246970083,-2.054535497936938,-1.6466402361495673,-1.2367387968799268,-0.8253305818913013,-0.41291682872106855
-11.027215016682915,-11.020497535240128,-11.000353275128163,-10.966806779024978,-10.919898918168633,-10.859686842561981,-10.786243911344185,-10.699659603413924,-10.600039408413114,-10.487504698204056,-10.362192578996494,-10.224255724304825,-10.073862188938953,-9.911195204255375,-9.736452954917992,-9.549848337440647,-9.351608700805496,-9.141975569473306,-8.921204349123096,-8.689564015479665,-8.447336786608096,-8.194817779074524,-7.9323146483920635,-7.660147214189939,-7.378647070562547,-7.088157182073123,-6.789031465904256,-6.481634360664316,-6.1663403823751395,-5.8435336681819585,-5.513607508341458,-5.176963867058172,-4.834012892753024,-4.485172418360662,-4.130867452264375,-3.7715296604888575,-3.40759684078164,-3.0395123892239844,-2.667724760021054,-2.2926869191295323,-1.9148557923883978,-1.5346917088251637,-1.1526578398158562,-0.7692196347820677,-0.3848442541124957
-10.186141444055202,-10.179936321907816,-10.161328515451162,-10.1303406954311,-10.087010615733018,-10.031391067384533,-9.96354981423778,-9.883569510409572,-9.791547599580102,-9.687596196272827,-9.571841949260193,-9.444425887261605,-9.305503247121674,-9.155243284678015,-8.993829068549097,-8.821457257093314,-8.638337858811083,-8.444693976481833,-8.240761535347628,-8.026788995674604,-7.803037050042413,-7.569778305730457,-7.32729695258793,-7.075888416792246,-6.815859000917755,-6.547525510753239,-6.271214869322858,-5.987263718580806,-5.696018009264936,-5.397832579409088,-5.093070722027602,-4.782103742498727,-4.465310506186229,-4.143076976850297,-3.8157957464101577,-3.4838655566312955,-3.147690813320026,-2.8076810936173255,-2.4642506469921734,-2.117817890542371,-1.7688048992177812,-1.4176368915870043,-1.0647417117740468,-0.710549308196185,-0.3554912097380141
-9.28562512518111,-9.279968573244044,-9.263005809070055,-9.234757499174377,-9.1952580597713,-9.144555614843313,-9.082711937509448,-9.009802374764245,-8.925915755679059,-8.831154283177495,-8.725633409516917,-8.609481695627629,-8.48284065448121,-8.34586457867874,-8.198720352469035,-8.0415872484259,-7.874656709032115,-7.698132113436253,-7.512228529666517,-7.3171724526034785,-7.113201528030955,-6.900564263101224,-6.679519723567343,-6.450337218151433,-6.213295970433486,-5.968684778660439,-5.716801663890003,-5.457953506897907,-5.192455674290943,-4.920631634281335,-4.6428125625905565,-4.359336938962709,-4.070550134779114,-3.776803992276472,-3.478456395881296,-3.1758708361828747,-2.869415967075962,-2.559465156612813,-2.2463960321117176,-1.9305900200762738,-1.6124318814859624,-1.2923092430241532,-0.9706121248146935,-0.6477324652424878,-0.32406364343691935
-8.352032460238103,-8.346944627727693,-8.331687328936647,-8.306279152533342,-8.270751054466894,-8.22514632025211,-8.169520512232765,-8.103941401887429,-8.02848888726037,-7.943254895618092,-7.848343271450122,-7.7438696499504935,-7.629961316134077,-7.5067570497593925,-7.3744069562468555,-7.2330722837984425,-7.082925226941595,-6.92414871673671,-6.756936197903829,-6.581491393140033,-6.398028054914728,-6.206769705045178,-6.007949362369612,-5.801809258849652,-5.588600544447989,-5.368582981140838,-5.142024626437979,-4.909201506795981,-4.6703972813224714,-4.42590289618122,-4.176016230119052,-3.921041731546471,-3.661290047614177,-3.397077645737362,-3.128726428028915,-2.8565633391112746,-2.580919967784777,-2.302132143037777,-2.02053952489076,-1.7364851905729157,-1.4503152165353963,-1.1623782568104637,-0.8730251182302479,-0.5826083330226828,-0.2914817293052617
-7.39107525116548,-7.386572807822639,-7.373070963327784,-7.35058616759863,-7.319145814895258,-7.278788210444417,-7.229562523770524,-7.171528728790152,-7.104757530743066,-7.029330280048768,-6.945338873193555,-6.852885640768797,-6.75208322279687,-6.643054431496655,-6.525932101655749,-6.400858928791757,-6.267987295299764,-6.127479084797874,-5.979505484896957,-5.824246778634903,-5.661892124829521,-5.492639327617659,-5.316694595461322,-5.134272289914437,-4.9455946644563085,-4.750891593709998,-4.5504002933755,-4.344365031218957,-4.133036829470004,-3.916673158989861,-3.6955376255827415,-3.4698996488327785,-3.2400341338577796,-3.0062211363796734,-2.7687455215197563,-2.5278966167344215,-2.2839678593142168,-2.037256438875716,-1.7880629352817443,-1.5366909524311112,-1.283446748364036,-1.0286388621338964,-0.7725777378999132,-0.5155753466987802,-0.25794480635598704
-6.388315764290657,-6.384424174933567,-6.372754148164472,-6.353319902113364,-6.326145114415439,-6.291262893363548,-6.248715737570854,-6.1985554841928,-6.140843245771536,-6.0756493357796835,-6.003053182954221,-5.923143234524784,-5.83601684845435,-5.741780174823557,-5.640548026503173,-5.532443739272312,-5.417599021552776,-5.296153793942632,-5.168256018744523,-5.034061519696384,-4.893733792124226,-4.747443803748268,-4.595369786385099,-4.437697018799672,-4.274617600971661,-4.1063302200512295,-3.9330399082893464,-3.7549577932375677,-3.572300840521636,-3.385291589502289,-3.1941578821453294,-2.999132585431278,-2.800453307642837,-2.5983621088757967,-2.3931052061260907,-2.18493267331232,-1.9740981365991943,-1.760858465393129,-1.545473459386437,-1.328205532031418,-1.1093193908299965,-0.8890817148284029,-0.6677608297098274,-0.445626380880924,-0.2229490049503975
-5.363214050483022,-5.359946925392662,-5.350149530610241,-5.333833802752129,-5.3110196200194775,-5.281734777979688,-5.2460149557018045,-5.203903672287053,-5.155452233847529,-5.100719670997602,-5.039772666934199,-4.972685476193601,-4.89953983418374,-4.82042485760218,-4.73543693586116,-4.644679613651934,-4.54826346479152,-4.446305957505538,-4.338931311311263,-4.226270345675286,-4.1084603206301455,-3.985644769544114,-3.8579733242479057,-3.7256015327313357,-3.5886906696320535,-3.4474075397472443,-3.3019242748076767,-3.1524181237617013,-2.999071236824706,-2.8420704435571498,-2.681607025241512,-2.517876481835512,-2.3510782937855352,-2.1814156789904295,-2.0090953452117994,-1.834327238232444,-1.6573242860697512,-1.4783021395557179,-1.2974789095996258,-1.1150749014534893,-0.9313123463040534,-0.7464151305183164,-0.5606085228724775,-0.3741189000966436,-0.1871734710696397
-4.320517603833121,-4.317885661245344,-4.309993040098638,-4.296849356336105,-4.278470623511781,-4.254879233280584,-4.2261039281175385,-4.1921797662994855,-4.153148079191986,-4.1090564208934115,-4.059958510297598,-4.0059141656456525,-3.946989231646641,-3.883255499255952,-3.8147906182090723,-3.7416780024173537,-3.664006728341001,-3.581871426463135,-3.495372165997121,-3.404614332967646,-3.309708501814084,-3.210770300672574,-3.1079202705009443,-3.0012837182181276,-2.890990564036978,-2.7771751831765066,-2.6599762421463766,-2.5395365298031227,-2.4160027833839166,-2.2895255097298564,-2.160258801916561,-2.0283601515154874,-1.8939902567147218,-1.7573128265329832,-1.6184943813654038,-1.477704050104079,-1.3351133640805608,-1.1908960480813584,-1.0452278086910436,-0.8982861202208385,-0.7502500084835141,-0.601299832678008,-0.4516170656495204,-0.3013840727928168,-0.15078388986807184
-3.2538228946573335,-3.25184075366526,-3.245896745622514,-3.2359981123872923,-3.2221569139194237,-3.2043900135871666,-3.1827190576217976,-3.1571704487450023,-3.127775314001238,-3.0945694668342156,-3.05759336345374,-3.0168920535460484,-2.9725151253877056,-2.9245166454299323,-2.8729550924269582,-2.8178932861886685,-2.7593983110443423,-2.6975414341107347,-2.632398018464067,-2.5640474313217303,-2.492572947345558,-2.418061647184474,-2.3406043113801385,-2.260295309764841,-2.1772324864863974,-2.0915170408001234,-2.003253403773138,-1.9125491110511863,-1.8195146718430246,-1.724263434281971,-1.626911447328667,-1.5275773193832893,-1.4263820737794908,-1.3234490013361069,-1.2189035101462853,-1.112872972787044,-1.0054865711354004,-0.8968751389801616,-0.7871710026211006,-0.6765078196497426,-0.5650204161081824,-0.45284462222431815,-0.34011710692363883,-0.22697521131919854,-0.11355678138261611
-2.1763275696952444,-2.175001809742189,-2.171026145117308,-2.1644054195555427,-2.1551476993911454,-2.143264263730093,-2.1287695907082376,-2.1116813398519216,-2.092020330562571,-2.069810516751457,-2.045078957655551,-2.0178557848700054,-1.9881741656374516,-1.956070262438821,-1.9215831889349346,-1.8847549623125301,-1.845630452092793,-1.8042573254647587,-1.7606859892101807,-1.7149695282906354,-1.6671636411716726,-1.6173265719628138,-1.565519039456079,-1.5118041631494885,-1.4562473863456795,-1.3989163964193214,-1.3398810423504783,-1.2792132496243847,-1.2169869326013179,-1.153277904463343,-1.0881637848476224,-1.0217239052788463,-0.9540392125159901,-0.8851921699311581,-0.8152666570406661,-0.744347867310772,-0.6725222043625584,-0.599877176702433,-0.5265012911064918,-0.4524839447886435,-0.37791531648387866,-0.3028862565793706,-0.22748817642727084,-0.15181293697406267,-0.07595273684214136
-1.0923435581713934,-1.0916781319898907,-1.0896826641646833,-1.086359585865938,-1.081712945752681,-1.0757484050401305,-1.068473230602377,-1.0598962861188181,-1.0500280212751312,-1.0388804590319378,-1.026467180976681,-1.0128033107765524,-0.9979054957526325,-0.9817918865976962,-0.9644821152623871,-0.9459972710367116,-0.9263598748559863,-0.9055938518625489,-0.8837245022566563,-0.860778470472088,-0.8367837127140082,-0.8117694628986359,-0.7857661970362219,-0.7588055961007232,-0.7309205074314175,-0.7021449047134792,-0.6725138465862792,-0.6420634339298303,-0.6108307658814282,-0.5788538946360658,-0.5461717790856969,-0.5128242373538248,-0.47885189828325503,-0.4442961519361076,-0.40919909916640174,-0.373603500326651,-0.33755272317095963,-0.3010906900180953,-0.2642618242389096,-0.22711099613330196,-0.1896834682626731,-0.15202484030446475,-0.11418099349597634,-0.0761980347351474,-0.038122240406400845
