hough_viz/data/file_1_0_0.json
{"header": {"discipline": 0, "disciplineName": "Meteorological products", "gribEdition": 2, "gribLength": 133963, "center": 7, "centerName": "US National Weather Service - NCEP(WMC)", "subcenter": 0, "refTime": "2014-11-30T06:00:00.000Z", "significanceOfRT": 1, "significanceOfRTName": "Start of forecast", "productStatus": 0, "productStatusName": "Operational products", "productType": 1, "productTypeName": "Forecast products", "productDefinitionTemplate": 0, "productDefinitionTemplateName": "Analysis/forecast at horizontal level/layer at a point in time", "parameterCategory": 2, "parameterCategoryName": "Momentum", "parameterNumber": 2, "parameterNumberName": "U-component_of_wind", "parameterUnit": "m.s-1", "genProcessType": 2, "genProcessTypeName": "Forecast", "forecastTime": 6, "surface1Type": 100, "surface1TypeName": "Isobaric surface", "surface1Value": 85000, "surface2Type": 255, "surface2TypeName": "Missing", "surface2Value": 0, "gridDefinitionTemplate": 0, "gridDefinitionTemplateName": "Latitude_Longitude", "numberPoints": 65160, "shape": 6, "shapeName": "Earth spherical with radius of 6,371,229.0 m", "gridUnits": "degrees", "resolution": 48, "winds": "true", "scanMode": 0, "nx": 360, "ny": 181, "basicAngle": 0, "subDivisions": 0, "lo1": 0, "la1": 90, "lo2": 359, "la2": -90, "dx": 1, "dy": 1}, "data":
[rows 19 to 37 of 181, columns 172 to 214 of 360]
-26.831162060418716,-26.892886368613347,-26.946418843102858,-26.99174317737694,-27.028845565204314,-27.057714704838205,-27.078341802459036,-27.090720574853062,-27.09484725132628,-27.090720574853062,-27.078341802459036,-27.057714704838205,-27.028845565204314,-26.99174317737694,-26.946418843102858,-26.892886368613347,-26.831162060418716,-26.76126472034118,-26.683215639787637,-26.59703859326409,-26.502759831133744,-26.40040807162084,-26.290014492062816,-26.171612719413424,-26.045238819999597,-25.910931288535302,-25.768731036395685,-25.618681379155085,-25.460828023392658,-25.295219052769717,-25.121904913383023,-24.94093839839835,-24.75237463196924,-24.556271052445577,-24.35268739487741,-24.141685672818987,-23.923330159438848,-23.69768736794165,-23.464826031307524,-23.224817081355393,-22.977733627136423,-22.72365093266432,-22.462646393989186
-26.861639152842667,-26.923433572702287,-26.977026853882506,-27.022402671350704,-27.059547203193315,-27.088449134826114,-27.10909966244075,-27.121492495686457,-27.125623859586177,-27.121492495686457,-27.10909966244075,-27.088449134826114,-27.059547203193322,-27.022402671350704,-26.977026853882514,-26.923433572702287,-26.861639152842667,-26.791662417482552,-26.713524682213404,-26.627249748546337,-26.532863896661897,-26.430395877404912,-26.319876903526673,-26.201340640177246,-26.074823194650744,-25.940363105386655,-25.79800133023073,-25.647781233958767,-25.48974857506731,-25.32395149183514,-25.15044048765993,-24.969268415674396,-24.780490462646714,-24.584164132170105,-24.3803492271467,-24.169107831570948,-23.950504291618294,-23.724605196044674,-23.49147935590292,-23.251197783582302,-23.00383367117739,-22.749462368193086,-22.488161358592457
-26.889664458964518,-26.95152335022603,-27.005172546389787,-27.05059570539094,-27.087778990895217,-27.116711076513667,-27.13738314925273,-27.1497889121988,-27.153924586436307,-27.1497889121988,-27.13738314925273,-27.116711076513667,-27.087778990895224,-27.05059570539094,-27.005172546389794,-26.95152335022603,-26.889664458964518,-26.819614715422784,-26.74139545743128,-26.65503051133374,-26.56054618472937,-26.457971258459335,-26.34733697783985,-26.228677043144533,-26.10202759933897,-25.967427225070637,-25.824916920917428,-25.674540096898514,-25.516342559251243,-25.35037249647805,-25.176680464667868,-24.99531937209617,-24.80634446310863,-24.609813301293165,-24.405785751945526,-24.194323963833682,-23.975492350266762,-23.74935756947416,-23.515988504300694,-23.275456241224333,-23.027834048702474,-22.773197354853746,-22.51162372448182
-26.91500172501599,-26.976918903921366,-27.03061865199732,-27.076084611780388,-27.113302933898794,-27.142262281291067,-27.162953832659458,-27.175371285156988,-27.179510856307324,-27.175371285156988,-27.162953832659458,-27.142262281291067,-27.113302933898794,-27.076084611780388,-27.030618651997322,-26.976918903921366,-26.91500172501599,-26.844885975853707,-26.76659301437092,-26.68014668936216,-26.585573333215425,-26.482901753891174,-26.372163226147038,-26.253391482011352,-26.126622700507916,-25.991895496635646,-25.849250909605935,-25.698732390341863,-25.540385788242475,-25.374259337216706,-25.200403640990864,-25.018871657694184,-24.829718683727318,-24.633002336918494,-24.428782538972595,-24.217121497218404,-23.998083685659616,-23.77173582533554,-23.538146863997078,-23.297387955104703,-23.049532436154337,-22.794655806338078,-22.532835703546425
-26.93414315702977,-26.99610437024294,-27.049842308547806,-27.095340602847777,-27.132585393921662,-27.161565336645307,-27.18227160344741,-27.194697886998533,-27.198840402132316,-27.194697886998533,-27.18227160344741,-27.161565336645307,-27.13258539392167,-27.095340602847777,-27.049842308547806,-26.99610437024294,-26.93414315702977,-26.863977542894062,-26.78562890096159,-26.69912109698768,-26.60448048208743,-26.501735884708943,-26.3909186018519,-26.27206238953416,-26.145203452509378,-26.010380433238705,-25.867634400119837,-25.7170088349773,-25.55854961981737,-25.39230502285201,-25.218325683795918,-25.036664598441124,-24.84737710251404,-24.650520854819575,-24.446155819677774,-24.23434424865808,-24.01515066161686,-23.78864182704414,-23.554886741725145,-23.31395660972332,-23.065924820690796,-22.81086692751326,-22.548860623295777
-26.9493312761819,-27.011327429221588,-27.065095670261726,-27.110619620975235,-27.14788541432572,-27.176881698791536,-27.197599641823533,-27.21003293253557,-27.21417778362685,-27.21003293253557,-27.197599641823533,-27.176881698791536,-27.14788541432572,-27.110619620975235,-27.06509567026173,-27.011327429221588,-26.9493312761819,-26.87912609577146,-26.800733273168305,-26.71417668758561,-26.619482704997832,-26.5166801701094,-26.405800397568296,-26.28687716242737,-26.15994668985606,-26.025047644105932,-25.882221116733106,-25.731510614081426,-25.572962044029957,-25.406623702009018,-25.23254625628897,-25.050782732546086,-24.861388497710493,-24.66442124310081,-24.459940966850876,-24.248009955633666,-24.02869276568821,-23.802056203155168,-23.568169303726936,-23.327103311618817,-23.07893165786726,-22.82372993796207,-22.561575888819352
-26.960342327857582,-27.0223638115015,-27.076154021356917,-27.121696572404826,-27.158977591943014,-27.18798572381177,-27.208712131853126,-27.221150502602402,-27.22529704721138,-27.221150502602402,-27.208712131853126,-27.18798572381177,-27.15897759194302,-27.121696572404826,-27.07615402135692,-27.0223638115015,-26.960342327857582,-26.89010846276991,-26.811683610154134,-26.72509165898011,-26.630358985994977,-26.527514447688624,-26.416589371503704,-26.29761754629299,-26.170635212026912,-26.035681048754622,-25.892796164821572,-25.742024084347584,-25.58341073396892,-25.417004428848603,-25.24285585795922,-25.061018068642472,-24.87154645045047,-24.674498718273586,-24.469934894759884,-24.257917292031657,-24.038510492704535,-23.811781330215073,-23.57779886846252,-23.33663438077137,-23.08836132818078,-22.83305533706764,-22.57079417611007
-26.962122616590452,-27.024148195736835,-27.077941957553993,-27.12348751594097,-27.16077099727946,-27.18978104465988,-27.210508821340788,-27.222948013440583,-27.22709483186087,-27.222948013440583,-27.210508821340788,-27.18978104465988,-27.16077099727946,-27.12348751594097,-27.077941957553993,-27.024148195736835,-26.962122616590452,-26.891884113707114,-26.813454082415205,-26.726856413262038,-26.63211748473651,-26.529266155234023,-26.418333754265877,-26.299354072916042,-26.17236335354802,-26.037400278765137,-25.894505959627374,-25.743723923128606,-25.585100098937804,-25.41868280540843,-25.244522734860222,-25.062672938137787,-24.873188808450834,-24.676128064500837,-24.471550732899377,-24.259519129883437,-24.040097842333285,-23.813353708098717,-23.579355795639515,-23.338175382986616,-23.08988593603008,-22.834563086140676,-22.57228460713186
-26.95837610097898,-27.020393061375128,-27.074179348292354,-27.11971857790663,-27.15699687852746,-27.186002894823357,-27.206727791280766,-27.219165254895458,-27.223311497095533,-27.219165254895458,-27.206727791280766,-27.186002894823357,-27.15699687852746,-27.11971857790663,-27.07417934829236,-27.020393061375128,-26.95837610097898,-26.888147358070825,-26.80972822500606,-26.723142589012305,-26.628416824913025,-26.525579787093616,-26.414662800711998,-26.295699652156706,-26.168726578755187,-26.03378225773565,-25.890907794445475,-25.740146709830274,-25.581544927176857,-25.41515075812462,-25.241014887949383,-25.059190360124067,-24.86973256016123,-24.67269919874205,-24.468150294137136,-24.256148153924336,-24.036757356009254,-23.810044728954242,-23.576079331621713,-23.334932432138164,-23.086677486185213,-22.831390114624305,-22.569148080461844
-26.94896781390935,-27.010963130814652,-27.064730646689217,-27.110253983426876,-27.147519274178254,-27.17651516757479,-27.197232831186476,-27.209665954212262,-27.21381074940245,-27.209665954212262,-27.197232831186476,-27.17651516757479,-27.147519274178254,-27.110253983426876,-27.064730646689224,-27.010963130814652,-26.94896781390935,-26.878763580347435,-26.800371815018508,-26.71381639681369,-26.619123691351856,-26.5163225429484,-26.405444265828972,-26.286522634590895,-26.159593873915053,-26.024696647531545,-25.881872046442297,-25.731163576404384,-25.572617144677714,-25.406281046041272,-25.232205948082036,-25.05044487576116,-24.861053195262,-24.664088597125133,-24.459611078675202,-24.247682925745128,-24.028368693703285,-23.801735187789316,-23.567851442764557,-23.32678870188343,-23.078620395192033,-22.82342211716064,-22.561271603656916
-26.927142673456835,-26.98908778226109,-27.042811753477707,-27.088298222264616,-27.125533333002778,-27.154505743516772,-27.175206628529686,-27.18762968235141,-27.19177112079941,-27.18762968235141,-27.175206628529686,-27.154505743516772,-27.125533333002778,-27.088298222264616,-27.042811753477707,-26.98908778226109,-26.927142673456835,-26.85699529614516,-26.778667017896716,-26.69218169826385,-26.59756568151273,-26.494847788598605,-26.384059308386732,-26.2652339881214,-26.13840802314624,-26.003620045878797,-25.860911114042644,-25.710324698160893,-25.551906668314576,-25.385705280170207,-25.211771160280648,-25.030157290663766,-24.84091899266356,-24.644113910098802,-24.43980199170414,-24.228045472869127,-24.008908856680723,-23.782458894275063,-23.548764564504346,-23.30789705292528,-23.05992973011523,-22.80493812932282,-22.54299992345983
-26.898209309218746,-26.96008785765982,-27.013754102171212,-27.059191695494977,-27.096386796900013,-27.12532807639813,-27.14600671819521,-27.15841642337666,-27.162553411826064,-27.15841642337666,-27.14600671819521,-27.12532807639813,-27.09638679690002,-27.059191695494977,-27.013754102171216,-26.96008785765982,-26.898209309218746,-26.828137305653282,-26.74989319157451,-26.663500800897552,-26.568986449581512,-26.466378927613377,-26.35570949023832,-26.23701184843905,-26.110322158667095,-25.975679011829243,-25.833123421532328,-25.68269881159014,-25.524451002796056,-25.358428198965598,-25.18468097225313,-25.00326224774704,-24.81422728734824,-24.61763367293689,-24.413541288832395,-24.202012303552042,-23.983111150873853,-23.75690451020951,-23.523461286293045,-23.2828525881919,-23.035151707646328,-22.780434096744084,-22.51877734493695
-26.862148619906304,-26.92394421178009,-26.97753850942886,-27.022915187510392,-27.060060423848938,-27.088962903645687,-27.10961382292531,-27.122006891217747,-27.126138333474337,-27.122006891217747,-27.10961382292531,-27.088962903645687,-27.060060423848938,-27.022915187510392,-26.977538509428864,-26.92394421178009,-26.862148619906304,-26.79217055734342,-26.71403134008718,-26.62775477010012,-26.533367128061233,-26.43089716536064,-26.320376095341622,-26.201837583792774,-26.07531773869298,-25.940855099212715,-25.798490623974516,-25.648267678576676,-25.490232022383594,-25.324431794587056,-25.150917499542626,-24.96974199138542,-24.780960457930313,-24.584630403861166,-24.380811633214343,-24.169566231161816,-23.95095854509943,-23.72505516504606,-23.49192490335965,-23.251638773776293,-23.004269969778758,-22.74989384230106,-22.48858787677583
-26.810568677914976,-26.872245611631918,-26.925736999018262,-26.971026546079244,-27.00810045718008,-27.036947439248323,-27.057558705213783,-27.069927976685168,-27.07405148586258,-27.069927976685168,-27.057558705213783,-27.036947439248323,-27.00810045718009,-26.971026546079244,-26.925736999018273,-26.872245611631918,-26.810568677914976,-26.740724985258932,-26.662735808729156,-26.576624904584325,-26.48241850304001,-26.380145300278716,-26.269836449708748,-26.151525552474595,-26.025248647221623,-25.891044199118472,-25.748953088140087,-25.59901859661535,-25.44128639604282,-25.275804533178775,-25.102623415401723,-24.921795795357752,-24.733376754891673,-24.53742368826844,-24.333996284690404,-24.12315651011534,-23.904968588381017,-23.679498981642052,-23.44681637012482,-23.20699163120684,-22.960097817826817,-22.70621013623202,-22.445405923069732
-26.750314505205314,-26.811852825949845,-26.86522399659134,-26.91041175975422,-26.94740235080804,-26.976184502060473,-26.996749446189416,-27.009090918913657,-27.01320516090106,-27.009090918913657,-26.996749446189416,-26.976184502060473,-26.947402350808048,-26.91041175975422,-26.865223996591347,-26.811852825949845,-26.750314505205314,-26.68062777952637,-26.602813876164753,-26.5168964979892,-26.42290181626543,-26.320858462684015,-26.210797520638987,-26.09275251575948,-25.9667594056975,-25.832856569174897,-25.691084794292824,-25.541487266107282,-25.384109553474545,-25.218999595170413,-25.046207685287676,-24.865786457915934,-24.677790871108833,-24.48227819014325,-24.279307970075806,-24.06894203760174,-23.851244472221932,-23.6262815867237,-23.39412190698122,-23.15483615108193,-22.908497207785086,-22.655180114319144,-22.39496203352474
-26.681420965690588,-26.742800798850578,-26.796034515823894,-26.84110590110469,-26.878001225512367,-26.90670925037372,-26.927221230946255,-26.939530919082006,-26.943634565130694,-26.939530919082006,-26.927221230946255,-26.90670925037372,-26.87800122551237,-26.84110590110469,-26.796034515823894,-26.742800798850578,-26.681420965690588,-26.611913713235733,-26.534300214068423,-26.448604110012365,-26.354851504931023,-26.2530709567761,-26.143293468888533,-26.02555248055457,-25.89988385681984,-25.766325877564515,-25.624919225842884,-25.475706975490887,-25.318734578005458,-25.154049848699454,-24.981702952136803,-24.801746386851736,-24.614234969357327,-24.419225817447792,-24.216778332799915,-24.006954182878673,-23.789817282152722,-23.565433772625507,-23.33387200368767,-23.09520251129721,-22.84949799649356,-22.596833303252115,-22.33728539568607
-26.59442019536987,-26.655599885787314,-26.708660022260943,-26.753584442159198,-26.79035946106858,-26.818973876962076,-26.83941897361142,-26.851688523242107,-26.855778788430467,-26.851688523242107,-26.83941897361142,-26.818973876962076,-26.79035946106858,-26.753584442159198,-26.708660022260943,-26.655599885787314,-26.59442019536987,-26.525139586934994,-26.44777916402713,-26.36236249138052,-26.268915587741095,-26.167466917940942,-26.058047384227642,-25.940690316851143,-25.815431463911008,-25.682308980467273,-25.541363416917967,-25.392637706647122,-25.236177152946834,-25.072029415217422,-24.900244494449936,-24.72087471799535,-24.53397472362517,-24.339601442888227,-24.13781408376877,-23.92867411265114,-23.712245235596512,-23.48859337893746,-23.257786669196065,-23.019895412331994,-22.77499207232659,-22.523151249109656,-22.264449655835584
-26.49714289493857,-26.55809880175473,-26.610964854401804,-26.65572494936803,-26.692365452294858,-26.72087520213017,-26.741245514527986,-26.753470184493818,-26.757545488274765,-26.753470184493818,-26.741245514527986,-26.72087520213017,-26.69236545229486,-26.65572494936803,-26.61096485440181,-26.55809880175473,-26.49714289493857,-26.428115701713015,-26.351038248429813,-26.2659340136279,-26.172828920881624,-26.071751330904156,-25.962732032908573,-25.845804235229135,-25.721003555205716,-25.58836800833442,-25.447937996687696,-25.299756296607473,-25.14386804567507,-24.98032072896183,-24.809164164564745,-24.630450488431368,-24.444234138478684,-24.2505718380108,-24.0495225784405,-23.84114760131985,-23.62551037968544,-23.402676598723936,-23.172714135763634,-22.935693039598462,-22.69168550915038,-22.440765871476913,-22.18301055913042
-26.389868287446713,-26.45057741214739,-26.50322943473584,-26.547808316895907,-26.584300479468258,-26.612694806586667,-26.63298264906402,-26.645157827026974,-26.649216631798378,-26.645157827026974,-26.63298264906402,-26.612694806586667,-26.584300479468265,-26.547808316895907,-26.50322943473584,-26.45057741214739,-26.389868287446713,-26.321120553221284,-26.244355150696926,-26.159595463358887,-26.066867309829014,-25.966198936001152,-25.85762100643717,-25.741166595026232,-25.61687117491016,-25.484772607678018,-25.344911131833026,-25.19732935053562,-25.042072218626036,-24.87918702893065,-24.70872339785616,-24.530733250275905,-24.345270803713067,-24.15239255182548,-23.95215724719713,-23.744625883441522,-23.529861676622456,-23.307930045997814,-23.078898594092166,-22.842837086104453,-22.599817428656777,-22.349913647890986,-22.093201866919575
