hough_viz/data/file_5_2_1.json
{"header": {"discipline": 0, "disciplineName": "Meteorological products", "gribEdition": 2, "gribLength": 133963, "center": 7, "centerName": "US National Weather Service - NCEP(WMC)", "subcenter": 0, "refTime": "2014-11-30T06:00:00.000Z", "significanceOfRT": 1, "significanceOfRTName": "Start of forecast", "productStatus": 0, "productStatusName": "Operational products", "productType": 1, "productTypeName": "Forecast products", "productDefinitionTemplate": 0, "productDefinitionTemplateName": "Analysis/forecast at horizontal level/layer at a point in time", "parameterCategory": 2, "parameterCategoryName": "Momentum", "parameterNumber": 2, "parameterNumberName": "U-component_of_wind", "parameterUnit": "m.s-1", "genProcessType": 2, "genProcessTypeName": "Forecast", "forecastTime": 6, "surface1Type": 100, "surface1TypeName": "Isobaric surface", "surface1Value": 85000, "surface2Type": 255, "surface2TypeName": "Missing", "surface2Value": 0, "gridDefinitionTemplate": 0, "gridDefinitionTemplateName": "Latitude_Longitude", "numberPoints": 65160, "shape": 6, "shapeName": "Earth spherical with radius of 6,371,229.0 m", "gridUnits": "degrees", "resolution": 48, "winds": "true", "scanMode": 0, "nx": 360, "ny": 181, "basicAngle": 0, "subDivisions": 0, "lo1": 0, "la1": 90, "lo2": 359, "la2": -90, "dx": 1, "dy": 1}, "data":
[rows 20 to 39 of 181, columns 270 to 314 of 360]
1.891682077087253e-15,0.19218602126156267,0.38290939085623843,0.5707185887794788,0.7541842736328015,0.9319101607748639,1.1025436488907032,1.264786114104414,1.4174027932910602,1.559232181369549,1.6891948710576838,1.8063017678133293,1.9096616174410783,1.9984877890748902,2.072104261913925,2.1299507701490326,2.1715870669238697,2.196696274879291,2.205087297781406,2.196696274879291,2.171587066923869,2.129950770149035,2.0721042619139243,1.998487789074892,1.909661617441081,1.8063017678133317,1.689194871057692,1.5592321813695522,1.4174027932910573,1.2647861141044174,1.1025436488907072,0.9319101607748821,0.7541842736328129,0.5707185887794829,0.382909390856235,0.19218602126156697,6.21240703879683e-15,-0.19218602126156242,-0.38290939085623804,-0.5707185887794786,-0.7541842736328087,-0.9319101607748708,-1.1025436488906963,-1.2647861141044139,-1.41740279329106
2.2245911535846375e-15,0.22600802107265586,0.4502959846375816,0.6711569238632566,0.8869099536427018,1.0959130631440546,1.2965756125044974,1.4873704385600048,1.6668454774792525,1.8336348158460587,1.9864690860853043,2.1241851271166228,2.245734836712525,2.350193148189277,2.436765070722889,2.504791739709321,2.5537554311219632,2.5832835017040754,2.5931512250089934,2.5832835017040754,2.5537554311219623,2.5047917397093244,2.4367650707228883,2.3501931481892786,2.2457348367125283,2.1241851271166254,1.9864690860853138,1.833634815846063,1.6668454774792492,1.487370438560009,1.296575612504502,1.095913063144076,0.8869099536427153,0.6711569238632615,0.4502959846375775,0.22600802107266094,7.30570210944432e-15,-0.2260080210726556,-0.45029598463758114,-0.6711569238632564,-0.8869099536427104,-1.0959130631440628,-1.2965756125044892,-1.4873704385600046,-1.6668454774792525
2.582510961395679e-15,0.2623709938084463,0.522745185930081,0.779140971544604,1.029607023907491,1.2722371451247243,1.5051847734697854,1.7266770368333078,1.9350282453504366,2.1286527205184402,2.3060768631676463,2.465950368440877,2.6070565024287182,2.7283213622493205,2.828822049097731,2.90779369206305,2.964635269257938,2.99891418195805,3.010369546939569,2.9989141819580505,2.964635269257937,2.9077936920630547,2.8288220490977296,2.7283213622493236,2.607056502428721,2.465950368440881,2.3060768631676565,2.1286527205184447,1.9350282453504324,1.7266770368333124,1.5051847734697905,1.272237145124749,1.029607023907507,0.7791409715446095,0.5227451859300764,0.26237099380845225,8.48113404925202e-15,-0.2623709938084461,-0.5227451859300806,-0.7791409715446036,-1.029607023907501,-1.2722371451247336,-1.5051847734697759,-1.7266770368333073,-1.9350282453504362
2.9824130945348976e-15,0.302999173772163,0.6036923408760257,0.899791044746408,1.189041795457583,1.4692432201422605,1.7382628167683651,1.9940531837670554,2.2346676019950555,2.4582748504426744,2.6631731429314875,2.8478030797346965,3.0107595155505966,3.150802253506857,3.2668654838075186,3.3580658951890894,3.423709397452651,3.463296403909336,3.4765256335367294,3.4632964039093372,3.42370939745265,3.3580658951890943,3.2668654838075164,3.15080225350686,3.0107595155506,2.847803079734701,2.6631731429314995,2.4582748504426797,2.2346676019950515,1.994053183767061,1.7382628167683711,1.4692432201422894,1.1890417954576011,0.8997910447464145,0.6036923408760204,0.3029991737721697,9.794438677358065e-15,-0.30299917377216257,-0.6036923408760252,-0.8997910447464077,-1.1890417954575945,-1.4692432201422712,-1.7382628167683543,-1.9940531837670548,-2.2346676019950555
3.402010353459456e-15,0.34562828608533586,0.6886261322175078,1.0263831176796634,1.3563287078692061,1.6759518176181998,1.982819922067768,2.274597569650972,2.5490641562895804,2.8041308255317943,3.0378563660112268,3.2484619852375043,3.4343448472811335,3.5940902713228375,3.7264824982287403,3.8305139432114648,3.9053928641588,3.9505493872691955,3.9656398441355343,3.9505493872691964,3.905392864158799,3.8305139432114705,3.726482498228738,3.5940902713228406,3.4343448472811375,3.2484619852375096,3.0378563660112405,2.8041308255318,2.549064156289576,2.274597569650979,1.9828199220677742,1.6759518176182326,1.356328707869227,1.026383117679671,0.6886261322175017,0.3456282860853436,1.1172423380166322e-14,-0.34562828608533536,-0.6886261322175072,-1.026383117679663,-1.3563287078692192,-1.675951817618212,-1.9828199220677556,-2.274597569650972,-2.5490641562895804
3.841974142150162e-15,0.3903265422414783,0.7776824638109008,1.1591197522531966,1.531735439485203,1.8926936951355826,2.239247408926309,2.5687590978405255,2.878720978961036,3.1667740552123904,3.4307260687531254,3.6685681853816297,3.8784902829773267,4.058894727623104,4.208408532564032,4.3258938074655955,4.410456418446255,4.461452792976134,4.478494817852616,4.461452792976134,4.410456418446253,4.325893807465603,4.2084085325640315,4.058894727623109,3.878490282977331,3.668568185381636,3.430726068753142,3.166774055212397,2.8787209789610313,2.568759097840532,2.239247408926316,1.8926936951356197,1.5317354394852267,1.1591197522532044,0.7776824638108939,0.390326542241487,1.2617293092040104e-14,-0.3903265422414777,-0.7776824638109002,-1.159119752253196,-1.5317354394852176,-1.8926936951355964,-2.239247408926295,-2.568759097840525,-2.8787209789610357
4.312694145269463e-15,0.4381494854429198,0.8729643887397399,1.3011355059279233,1.7194041962688968,2.1245871824716254,2.513600777354961,2.8834843525689475,3.231422870764444,3.5547683097269314,3.851059815424609,4.118042430593432,4.353684256323415,4.556191916036348,4.724024204164357,4.855903815654865,4.950827067033357,5.008071535040603,5.02720155470992,5.008071535040604,4.950827067033355,4.855903815654872,4.724024204164354,4.5561919160363535,4.35368425632342,4.118042430593439,3.851059815424627,3.5547683097269394,3.2314228707644377,2.8834843525689555,2.5136007773549696,2.1245871824716667,1.7194041962689226,1.3011355059279328,0.872964388739732,0.43814948544292964,1.4163168213500023e-14,-0.4381494854429193,-0.8729643887397391,-1.3011355059279228,-1.7194041962689128,-2.124587182471641,-2.5136007773549447,-2.883484352568947,-3.231422870764443
4.794813044824169e-15,0.4871305030265359,0.970553648787615,1.446590295245085,1.911617516080638,2.3620961733526036,2.7945978524727266,3.2058309545111765,3.5926657472521577,3.9521581843456457,4.281572311277908,4.578401087637323,4.840385467205633,5.065531590663854,5.2521259600655315,5.398748479590742,5.504283263332816,5.567927127863815,5.58919570494545,5.567927127863815,5.504283263332814,5.398748479590749,5.252125960065528,5.065531590663859,4.840385467205639,4.578401087637329,4.281572311277927,3.952158184345654,3.5926657472521515,3.205830954511186,2.794597852472736,2.36209617335265,1.9116175160806677,1.4465902952450957,0.9705536487876064,0.4871305030265468,1.5746478052615497e-14,-0.4871305030265354,-0.9705536487876144,-1.4465902952450844,-1.9116175160806568,-2.362096173352621,-2.7945978524727084,-3.2058309545111765,-3.5926657472521573
5.288331296299856e-15,0.537269641267523,1.0704503361527375,1.5954842576242232,2.108375580515454,2.6052208921669813,3.082238899753773,3.535799208206667,3.9624499497111905,4.358944054505701,4.722263963043043,5.049644591440714,5.338594375438726,5.586914232708232,5.792714299195791,5.954428312129937,6.070825530226666,6.1410201003736855,6.164477799507543,6.1410201003736855,6.0708255302266645,5.954428312129945,5.7927142991957865,5.586914232708237,5.338594375438732,5.049644591440721,4.7222639630430665,4.35894405450571,3.962449949711184,3.5357992082066763,3.082238899753783,2.605220892167033,2.1083755805154865,1.595484257624235,1.0704503361527282,0.5372696412675351,1.736722410523079e-14,-0.5372696412675224,-1.0704503361527369,-1.5954842576242225,-2.1083755805154745,-2.605220892167001,-3.0822388997537535,-3.535799208206666,-3.9624499497111905
5.7924170053468914e-15,0.5884823836040858,1.1724860609335845,1.7475664113729144,2.3093467262122473,2.8535515180434285,3.376039059800825,3.8728329058049775,4.340152154915527,4.774440225471628,5.172391923026065,5.530978594870668,5.847471179912089,6.119460978474748,6.344877983959659,6.522006636844556,6.649498881127797,6.726384423848446,6.752078119601648,6.726384423848446,6.649498881127795,6.522006636844565,6.344877983959655,6.119460978474754,5.847471179912096,5.530978594870676,5.172391923026089,4.774440225471638,4.3401521549155175,3.8728329058049877,3.3760390598008367,2.853551518043484,2.309346726212283,1.7475664113729268,1.172486060933574,0.588482383604099,1.902267437616775e-14,-0.5884823836040852,-1.1724860609335834,-1.7475664113729135,-2.30934672621227,-2.853551518043449,-3.376039059800804,-3.8728329058049757,-4.340152154915526
6.295246228305003e-15,0.639567472850774,1.2742674510517744,1.8992694845265217,2.5098169304137525,3.1012631539916393,3.6691068923738053,4.209026511837645,4.716912898066728,5.188900728991622,5.621397892224971,6.011112823205668,6.355079555992579,6.650680296056437,6.895665343276757,7.0881702135181595,7.226729828480507,7.310289665829329,7.338213784747607,7.310289665829329,7.226729828480503,7.088170213518169,6.895665343276754,6.650680296056442,6.355079555992587,6.011112823205677,5.621397892224998,5.1889007289916345,4.716912898066719,4.209026511837657,3.6691068923738173,3.1012631539917,2.509816930413791,1.8992694845265354,1.274267451051763,0.6395674728507884,2.067399826502523e-14,-0.6395674728507732,-1.2742674510517735,-1.8992694845265208,-2.5098169304137765,-3.1012631539916624,-3.669106892373782,-4.209026511837645,-4.716912898066727
6.79664524143609e-15,0.6905072594910917,1.3757593417977947,2.050541064807186,2.7097169321628476,3.3482702174929333,3.961341144727114,4.544263873926691,5.09260201114416,5.602182372059632,6.069126742433532,6.489881393658623,6.861244128780414,7.18038865314971,7.44488608423134,7.652723436866833,7.802318943307035,7.89253409141967,7.922682289454225,7.892534091419672,7.802318943307032,7.652723436866845,7.444886084231335,7.180388653149716,6.861244128780422,6.489881393658632,6.06912674243356,5.6021823720596435,5.09260201114415,4.544263873926703,3.9613411447271267,3.3482702174929986,2.7097169321628884,2.050541064807201,1.3757593417977825,0.6905072594911074,2.2320625251742555e-14,-0.6905072594910909,-1.3757593417977936,-2.050541064807185,-2.7097169321628733,-3.3482702174929577,-3.961341144727088,-4.54426387392669,-5.092602011144159
7.280299764814803e-15,0.7396442892484576,1.4736594388463247,2.196459150294644,2.902542481350925,3.5865357115210585,4.243233239317099,4.8676372000276,5.454995502486216,6.000837995354546,6.5010104876731845,6.951706364763208,7.349495558862279,7.691350654011661,7.974669926519523,8.197297145649207,8.357537983837169,8.454172911548708,8.486466478634195,8.454172911548712,8.357537983837167,8.19729714564922,7.9746699265195184,7.691350654011666,7.349495558862288,6.951706364763218,6.5010104876732155,6.00083799535456,5.454995502486206,4.867637200027615,4.243233239317113,3.586535711521129,2.9025424813509693,2.1964591502946593,1.4736594388463113,0.7396442892484743,2.3908978179423882e-14,-0.7396442892484567,-1.4736594388463236,-2.196459150294643,-2.9025424813509524,-3.5865357115210856,-4.243233239317072,-4.8676372000276,-5.454995502486215
7.746512646841634e-15,0.7870093300990775,1.568029043986899,2.337115110048125,3.0884143189331987,3.816208830015641,4.514959687611826,5.179348975778034,5.8043202908621785,6.3851172237884235,6.91731955920245,7.396876915979235,7.820139573068985,8.183886246078307,8.485348603189363,8.722232333836567,8.892734609795411,8.99555780579373,9.029919375223649,8.99555780579373,8.892734609795406,8.722232333836578,8.485348603189356,8.183886246078314,7.820139573068995,7.396876915979247,6.9173195592024825,6.385117223788438,5.804320290862168,5.1793489757780495,4.514959687611842,3.8162088300157153,3.088414318933246,2.337115110048142,1.5680290439868847,0.7870093300990951,2.5440051621923732e-14,-0.7870093300990766,-1.5680290439868978,-2.3371151100481242,-3.0884143189332285,-3.816208830015669,-4.514959687611798,-5.1793489757780335,-5.804320290862177
8.195122693317075e-15,0.8325860054687744,1.658835528706782,2.472460311939019,3.2672681792850473,4.037210162956252,4.776426539553274,5.479291426099036,6.140455596405592,6.754887191915014,7.317910017181563,7.825239128542521,8.27301344512666,8.65782513401129,8.976745545888361,9.227347503854054,9.407723775690673,9.516501589055345,9.552853079106544,9.516501589055347,9.40772377569067,9.227347503854068,8.976745545888356,8.657825134011297,8.27301344512667,7.825239128542533,7.317910017181599,6.754887191915029,6.140455596405581,5.479291426099051,4.77642653955329,4.037210162956331,3.267268179285097,2.4724603119390376,1.658835528706767,0.8325860054687931,2.69133162070015e-14,-0.8325860054687735,-1.6588355287067806,-2.472460311939018,-3.267268179285079,-4.037210162956282,-4.776426539553244,-5.479291426099035,-6.140455596405591
8.592976847246197e-15,0.8730061203560266,1.739368137000663,2.5924925118634934,3.4258864533212647,4.233207330262465,5.008310943339958,5.745298286037744,6.438560439672855,7.082821260652943,7.673177535115058,8.205136295343715,8.674649013968015,9.078142415699737,9.412545672115735,9.675313772516457,9.864446892994154,9.978505616300268,10.016621886679914,9.97850561630027,9.86444689299415,9.67531377251647,9.41254567211573,9.078142415699745,8.674649013968025,8.205136295343728,7.6731775351150935,7.082821260652957,6.438560439672844,5.74529828603776,5.008310943339976,4.233207330262547,3.425886453321317,2.5924925118635116,1.7393681370006473,0.8730061203560464,2.8219895138113198e-14,-0.8730061203560256,-1.7393681370006617,-2.5924925118634916,-3.425886453321298,-4.233207330262496,-5.008310943339927,-5.745298286037743,-6.4385604396728535
8.954616136887553e-15,0.9097469749900398,1.8125702261801904,2.7015987234892473,3.5700664232426425,4.411363761850118,5.219087958575713,5.98709174456501,6.709530147273362,7.3809049742358654,7.996106657632163,8.550453141182716,9.039725513424061,9.46020011617275,9.80867688381237,10.082503697725134,10.279596570516041,10.398455506415191,10.438175917151423,10.398455506415191,10.279596570516038,10.082503697725148,9.808676883812364,9.460200116172757,9.039725513424072,8.550453141182729,7.996106657632201,7.3809049742358805,6.709530147273351,5.987091744565029,5.21908795857573,4.411363761850203,3.570066423242696,2.701598723489267,1.8125702261801744,0.90974697499006,2.9407542098289915e-14,-0.9097469749900384,-1.8125702261801893,-2.701598723489246,-3.570066423242676,-4.41136376185015,-5.21908795857568,-5.98709174456501,-6.7095301472733615
9.280639300955925e-15,0.9428693984143197,1.8785629913866269,2.7999595856870974,3.700046796878666,4.571974417796651,5.4091065527616395,6.2050721207522095,6.953813343178898,7.649631847236672,8.287232033962981,8.861761380943362,9.368847372936898,9.804630779357673,10.165795025349624,10.449591432923791,10.653860140057603,10.777046538548925,10.818213105523274,10.777046538548927,10.6538601400576,10.449591432923803,10.165795025349619,9.804630779357682,9.368847372936909,8.861761380943374,8.287232033963019,7.649631847236689,6.9538133431788856,6.205072120752226,5.409106552761657,4.57197441779674,3.700046796878722,2.7999595856871173,1.8785629913866098,0.9428693984143409,3.047822338443277e-14,-0.9428693984143185,-1.878562991386625,-2.799959585687096,-3.7000467968787016,-4.571974417796684,-5.409106552761605,-6.205072120752208,-6.953813343178897
9.522094714844318e-15,0.9674001353015277,1.9274377714412678,2.8728064423215547,3.796311321527819,4.690923979301809,5.5498358731360415,6.366510164893116,7.134731470091445,7.848653160733697,8.502841861676421,9.092318801895544,9.612597705939999,10.059718937197063,10.430279633117705,10.721459603055274,10.931042791619301,11.05743414419499,11.099671746272078,11.05743414419499,10.931042791619296,10.721459603055289,10.4302796331177,10.059718937197072,9.612597705940011,9.092318801895557,8.50284186167646,7.848653160733716,7.13473147009143,6.366510164893133,5.549835873136059,4.690923979301901,3.796311321527876,2.8728064423215756,1.9274377714412507,0.9674001353015491,3.1271178675897776e-14,-0.9674001353015262,-1.9274377714412663,-2.872806442321554,-3.796311321527855,-4.690923979301843,-5.549835873136006,-6.366510164893115,-7.1347314700914435
9.707933883370093e-15,0.9862805226700646,1.9650548550301783,2.9288739334109097,3.870402512655952,4.782474991766751,5.658149948452922,6.490762967546947,7.273977361228136,8.001832395042731,8.668788652692555,9.269770194337733,9.80020318756368,10.25605071700779,10.633843507722752,10.930706328453665,11.144379873884127,11.273237959313764,11.31629989690584,11.273237959313766,11.144379873884121,10.93070632845368,10.633843507722744,10.256050717007799,9.80020318756369,9.269770194337747,8.668788652692594,8.00183239504275,7.273977361228123,6.490762967546965,5.658149948452941,4.782474991766843,3.870402512656011,2.928873933410931,1.9650548550301603,0.9862805226700867,3.1881486598469713e-14,-0.9862805226700632,-1.9650548550301767,-2.9288739334109084,-3.870402512655989,-4.782474991766786,-5.658149948452886,-6.490762967546946,-7.273977361228134
