hough_viz/data/file_5_3_0.json
{"header": {"discipline": 0, "disciplineName": "Meteorological products", "gribEdition": 2, "gribLength": 133963, "center": 7, "centerName": "US National Weather Service - NCEP(WMC)", "subcenter": 0, "refTime": "2014-11-30T06:00:00.000Z", "significanceOfRT": 1, "significanceOfRTName": "Start of forecast", "productStatus": 0, "productStatusName": "Operational products", "productType": 1, "productTypeName": "Forecast products", "productDefinitionTemplate": 0, "productDefinitionTemplateName": "Analysis/forecast at horizontal level/layer at a point in time", "parameterCategory": 2, "parameterCategoryName": "Momentum", "parameterNumber": 2, "parameterNumberName": "U-component_of_wind", "parameterUnit": "m.s-1", "genProcessType": 2, "genProcessTypeName": "Forecast", "forecastTime": 6, "surface1Type": 100, "surface1TypeName": "Isobaric surface", "surface1Value": 85000, "surface2Type": 255, "surface2TypeName": "Missing", "surface2Value": 0, "gridDefinitionTemplate": 0, "gridDefinitionTemplateName": "Latitude_Longitude", "numberPoints": 65160, "shape": 6, "shapeName": "Earth spherical with radius of 6,371,229.0 m", "gridUnits": "degrees", "resolution": 48, "winds": "true", "scanMode": 0, "nx": 360, "ny": 181, "basicAngle": 0, "subDivisions": 0, "lo1": 0, "la1": 90, "lo2": 359, "la2": -90, "dx": 1, "dy": 1}, "data":
[rows 0 to 19 of 181, columns 315 to 359 of 360]
-0.0011381088797985384,-0.0012329707566529889,-0.0013184489815612078,-0.001393893013618486,-0.001458728678186519,-0.0015124625367090895,-0.0015546856420774568,-0.0015850766509647569,-0.0016034042694427655,-0.0016095290132683467,-0.0016034042694427657,-0.0015850766509647573,-0.0015546856420774566,-0.0015124625367090906,-0.0014587286781865202,-0.0013938930136184876,-0.0013184489815612102,-0.001232970756652991,-0.001138108879798541,-0.0010345853071598973,-0.0009231879156340698,-0.0008047645066341716,-0.0006802163538086929,-0.0005504913438048659,-0.0004165767622789173,-0.0002794917800561053,-0.00014027969662530412,9.865485444101797e-19,0.0001402796966253061,0.000279491780056096,0.0004165767622789137,0.0005504913438048625,0.0006802163538086947,0.0008047645066341733,0.0009231879156340716,0.0010345853071598902,0.0011381088797985384,0.0012329707566529884,0.001318448981561211,0.0013938930136184887,0.0014587286781865166,0.0015124625367090873,0.0015546856420774568,0.0015850766509647569,0.0016034042694427657
-9.190383809453048e-05,-9.956406351454297e-05,-0.00010646654629278425,-0.00011255875436747913,-0.0001177943223566038,-0.00012213340442643786,-0.00012554297754242098,-0.00012799709279438372,-0.00012947707288342352,-0.00012997165426742636,-0.0001294770728834235,-0.00012799709279438375,-0.00012554297754242095,-0.00012213340442643794,-0.00011779432235660395,-0.00011255875436747927,-0.00010646654629278439,-9.956406351454314e-05,-9.19038380945307e-05,-8.354416897356451e-05,-7.454867828136032e-05,-6.498582713371305e-05,-5.492839460206298e-05,-4.4452923820819736e-05,-3.3639139447890376e-05,-2.256934091189525e-05,-1.1327776063819057e-05,7.966513512654199e-20,1.132777606381922e-05,2.2569340911894506e-05,3.3639139447890085e-05,4.4452923820819465e-05,5.492839460206311e-05,6.498582713371318e-05,7.454867828136044e-05,8.354416897356393e-05,9.190383809453049e-05,9.956406351454295e-05,0.00010646654629278447,0.00011255875436747937,0.00011779432235660363,0.00012213340442643767,0.00012554297754242098,0.00012799709279438372,0.00012947707288342355
0.0009543012036094773,0.0010338426296239028,0.0011055158889756397,0.0011687755048835275,0.0012231400334733113,0.0012681957278562138,0.0013035996869926148,0.0013290824653759891,0.0013444501236759183,0.001349585704733494,0.0013444501236759185,0.0013290824653759898,0.0013035996869926146,0.0012681957278562147,0.0012231400334733124,0.001168775504883529,0.0011055158889756412,0.0010338426296239045,0.0009543012036094796,0.0008674969692127685,0.0007740905590713491,0.0006747928523667454,0.000570359564604567,0.0004615854961632264,0.0003492984833831366,0.00023435309823231478,0.00011762414449766601,-8.272182741570957e-19,-0.00011762414449766768,-0.000234353098232307,-0.00034929848338313354,-0.0004615854961632235,-0.0005703595646045684,-0.000674792852366747,-0.0007740905590713505,-0.0008674969692127625,-0.0009543012036094773,-0.0010338426296239026,-0.0011055158889756423,-0.0011687755048835299,-0.0012231400334733091,-0.001268195727856212,-0.0013035996869926148,-0.0013290824653759891,-0.001344450123675919
0.0036293554822485487,0.003931863861656879,0.004204448382953678,0.004445034513340856,0.004651791247096305,0.004823145040632984,0.004957791788115852,0.005054706746494622,0.00511315233441719,0.005132683745669052,0.005113152334417191,0.005054706746494624,0.00495779178811585,0.0048231450406329875,0.004651791247096311,0.004445034513340862,0.004204448382953685,0.0039318638616568855,0.0036293554822485565,0.003299225516155572,0.002943986451757781,0.0025663418728345206,0.002169165882659401,0.0017554812303390715,0.001328436305867298,0.0008912811789761191,0.0004473428641426058,-3.1460393919369275e-18,-0.00044734286414261205,-0.0008912811789760893,-0.0013284363058672867,-0.001755481230339061,-0.0021691658826594063,-0.002566341872834526,-0.0029439864517577866,-0.003299225516155549,-0.0036293554822485487,-0.0039318638616568785,-0.004204448382953689,-0.004445034513340865,-0.004651791247096298,-0.004823145040632977,-0.004957791788115852,-0.005054706746494622,-0.005113152334417191
0.009015678769568207,0.00976713956947819,0.010444266539704294,0.011041906335142692,0.011555510556085358,0.011981170364288137,0.01231564623159023,0.0125563925946794,0.012701577228365922,0.012750095189922563,0.012701577228365925,0.012556392594679404,0.012315646231590227,0.011981170364288146,0.011555510556085372,0.011041906335142706,0.01044426653970431,0.009767139569478205,0.00901567876956823,0.008195603210406186,0.0073131541621723655,0.006375047594961268,0.005388423066193535,0.004360789384273265,0.003299967462022011,0.002214030794809982,0.0011112440163810135,-7.815073693618587e-18,-0.0011112440163810289,-0.0022140307948099076,-0.0032999674620219827,-0.004360789384273238,-0.0053884230661935505,-0.006375047594961282,-0.00731315416217238,-0.008195603210406131,-0.009015678769568207,-0.009767139569478186,-0.010444266539704318,-0.011041906335142713,-0.011555510556085339,-0.011981170364288118,-0.01231564623159023,-0.0125563925946794,-0.012701577228365925
0.02339413585808131,0.025344047394909332,0.027101075427907805,0.02865184791282315,0.029984562534663237,0.03108907653044056,0.03195698388172361,0.032581679289512284,0.032958408444551925,0.0330843042104974,0.032958408444551925,0.032581679289512284,0.031956983881723605,0.031089076530440584,0.02998456253466327,0.028651847912823183,0.027101075427907847,0.025344047394909384,0.023394135858081363,0.021266180821607986,0.018976377308210925,0.016542152105248665,0.013982031136340937,0.011315498467904425,0.008562848023642272,0.005745029135531314,0.0028834871067552935,-2.0278772170382768e-17,-0.002883487106755334,-0.005745029135531122,-0.008562848023642199,-0.011315498467904351,-0.013982031136340974,-0.0165421521052487,-0.01897637730821096,-0.02126618082160784,-0.02339413585808131,-0.025344047394909332,-0.02710107542790787,-0.028651847912823207,-0.029984562534663185,-0.031089076530440518,-0.03195698388172361,-0.032581679289512284,-0.032958408444551925
0.04607264860845957,0.049912824180613706,0.05337313302256596,0.05642724009463766,0.05905190179789026,0.06122714287194751,0.06293640841878967,0.06416668989552236,0.06490862411724346,0.06515656451653355,0.06490862411724348,0.06416668989552238,0.06293640841878964,0.06122714287194757,0.05905190179789033,0.05642724009463773,0.05337313302256604,0.04991282418061378,0.04607264860845966,0.04188183236096949,0.037372270080270165,0.0325782822582667,0.027536354036973187,0.022284857534553136,0.016863759810330052,0.011314318691334004,0.005678768775324028,-3.993721974108777e-17,-0.0056787687753241094,-0.011314318691333624,-0.016863759810329906,-0.022284857534552997,-0.027536354036973257,-0.032578282258266776,-0.03737227008027024,-0.04188183236096919,-0.04607264860845955,-0.049912824180613685,-0.05337313302256609,-0.05642724009463778,-0.05905190179789017,-0.061227142871947436,-0.06293640841878967,-0.06416668989552236,-0.06490862411724348
0.07975609371942141,0.08640379929056416,0.09239391977706499,0.09768086674508827,0.10222440333586189,0.10598995049246689,0.10894885012734243,0.11107858322763445,0.11236294123848191,0.11279214941990562,0.11236294123848192,0.11107858322763452,0.10894885012734239,0.10598995049246694,0.10222440333586198,0.09768086674508838,0.0923939197770651,0.0864037992905643,0.07975609371942159,0.0725013961170283,0.06469491911264388,0.056396074709952684,0.047668022125837824,0.038577187110606634,0.029192756407920902,0.019586151201903032,0.009830483558796439,-6.913508853446881e-17,-0.009830483558796574,-0.019586151201902373,-0.029192756407920656,-0.03857718711060639,-0.04766802212583794,-0.05639607470995281,-0.064694919112644,-0.0725013961170278,-0.07975609371942141,-0.08640379929056413,-0.09239391977706518,-0.09768086674508848,-0.1022244033358617,-0.1059899504924667,-0.10894885012734243,-0.11107858322763445,-0.11236294123848192
0.13852424678515737,0.1500703038216469,0.1604742352311262,0.16965686081350426,0.17754829524347876,0.18408847994005798,0.18922764014863025,0.19292666375689824,0.1951573989616717,0.19590286852108757,0.19515739896167175,0.1929266637568983,0.18922764014863017,0.1840884799400581,0.17754829524347895,0.16965686081350448,0.16047423523112644,0.15007030382164713,0.13852424678515768,0.12592393658740658,0.11236526919727242,0.09795143426054355,0.08279212976439893,0.06700272716949246,0.05070339336347271,0.03401817611841164,0.017074060012351722,-1.20077170521334e-16,-0.017074060012351965,-0.03401817611841051,-0.05070339336347228,-0.06700272716949206,-0.08279212976439915,-0.09795143426054378,-0.11236526919727265,-0.12592393658740572,-0.13852424678515735,-0.15007030382164682,-0.1604742352311266,-0.1696568608135046,-0.17754829524347845,-0.1840884799400577,-0.18922764014863025,-0.19292666375689824,-0.19515739896167175
0.2158549604231952,0.23384656653184105,0.25005845906876134,0.26436725574274267,0.27666405797120935,0.2868552796641885,0.2948633594709699,0.3006273510688128,0.30410338700126444,0.305265012535991,0.30410338700126444,0.30062735106881283,0.2948633594709698,0.28685527966418867,0.27666405797120963,0.26436725574274306,0.25005845906876173,0.2338465665318414,0.21585496042319566,0.1962205677289416,0.1750928180330503,0.15263250626799513,0.1290105689682135,0.10440678333987241,0.07900839904777447,0.0530087131323483,0.026605598902446723,-1.8710986337872668e-16,-0.026605598902447087,-0.053008713132346535,-0.07900839904777378,-0.10440678333987176,-0.12901056896821383,-0.1526325062679955,-0.17509281803305063,-0.19622056772894023,-0.21585496042319519,-0.23384656653184097,-0.250058459068762,-0.2643672557427432,-0.27666405797120885,-0.28685527966418806,-0.2948633594709699,-0.3006273510688128,-0.30410338700126444
0.3161476760604309,0.34249872423042155,0.36624315030263344,0.3872002448573821,0.4052105117508675,0.42013688197713067,0.4318657568459632,0.4403078725375236,0.44539897945391144,0.4471003311973983,0.44539897945391155,0.4403078725375239,0.431865756845963,0.420136881977131,0.4052105117508679,0.3872002448573826,0.36624315030263405,0.34249872423042205,0.3161476760604316,0.2873905531804364,0.2564462146595749,0.22355016559869856,0.18895276479433576,0.15291731935708916,0.11571808078553175,0.07763815774671042,0.0389673614482321,-2.7404674119693104e-16,-0.038967361448232644,-0.07763815774670782,-0.11571808078553074,-0.1529173193570882,-0.1889527647943362,-0.22355016559869914,-0.2564462146595754,-0.2873905531804344,-0.3161476760604309,-0.3424987242304215,-0.36624315030263443,-0.3872002448573829,-0.40521051175086675,-0.42013688197713017,-0.4318657568459632,-0.4403078725375236,-0.44539897945391155
0.462363516479015,0.5009017194055987,0.5356277577947767,0.5662773455262539,0.5926172207306685,0.6144469210532594,0.6316003092934409,0.6439468378092047,0.6513925420635094,0.6538807557511404,0.6513925420635096,0.643946837809205,0.6316003092934406,0.6144469210532597,0.5926172207306691,0.5662773455262546,0.5356277577947774,0.5009017194055996,0.46236351647901597,0.4203064480093044,0.3750505936822661,0.32694037787556934,0.2763419483812422,0.22364038979990314,0.16923679281442525,0.11354520164766246,0.056989462935889065,-4.0079122680379083e-16,-0.05698946293588986,-0.11354520164765868,-0.1692367928144238,-0.2236403897999017,-0.27634194838124293,-0.3269403778755702,-0.3750505936822669,-0.4203064480093014,-0.46236351647901486,-0.5009017194055986,-0.535627757794778,-0.566277345526255,-0.5926172207306675,-0.6144469210532585,-0.6316003092934409,-0.6439468378092047,-0.6513925420635096
0.6388116613794681,0.6920568949688,0.7400351577120386,0.7823813060596438,0.818773060253389,0.8489334570699122,0.872632957678098,0.8896911945681666,0.8999783442573408,0.9034161153249348,0.8999783442573408,0.8896911945681669,0.8726329576780977,0.8489334570699127,0.8187730602533897,0.7823813060596447,0.7400351577120399,0.6920568949688011,0.6388116613794694,0.5807046853220152,0.5181781959701794,0.45170805766246636,0.3818001482871597,0.30898650924615517,0.23382129629862913,0.15687656210111472,0.07873790254134645,-5.537420240475767e-16,-0.07873790254134756,-0.15687656210110948,-0.2338212962986271,-0.30898650924615323,-0.38180014828716075,-0.4517080576624674,-0.5181781959701803,-0.5807046853220111,-0.6388116613794679,-0.6920568949687997,-0.7400351577120405,-0.7823813060596453,-0.8187730602533876,-0.8489334570699111,-0.872632957678098,-0.8896911945681666,-0.8999783442573408
0.8509385720048261,0.9218646771086826,0.9857748353826282,1.0421826519321926,1.0906588292134667,1.1308344342466157,1.1624037064186488,1.1851263845062872,1.1988295352089569,1.2034088692756217,1.1988295352089569,1.1851263845062876,1.1624037064186483,1.1308344342466163,1.090658829213468,1.042182651932194,0.9857748353826297,0.9218646771086842,0.8509385720048279,0.77353631055726,0.69024697071235,0.6017044346378095,0.5085825644966046,0.411590073949032,0.3114651344138217,0.2089697571379362,0.10488399383083331,-7.376202966999433e-16,-0.10488399383083478,-0.20896975713792923,-0.311465134413819,-0.4115900739490294,-0.508582564496606,-0.6017044346378109,-0.6902469707123514,-0.7735363105572548,-0.8509385720048259,-0.9218646771086826,-0.9857748353826308,-1.042182651932195,-1.090658829213465,-1.130834434246614,-1.1624037064186488,-1.1851263845062872,-1.1988295352089569
1.1299984091933994,1.2241842747474965,1.309053358788086,1.3839597563402697,1.4483333844889605,1.5016843210540773,1.54360653319419,1.5737809675615857,1.5919779784909087,1.5980590757413309,1.5919779784909087,1.5737809675615861,1.5436065331941895,1.5016843210540782,1.448333384488962,1.3839597563402712,1.3090533587880877,1.2241842747474985,1.1299984091934019,1.027212573433653,0.9166090297421547,0.7990295378706637,0.675368948748751,0.5465683941279394,0.41360812400078945,0.2775000463065854,0.13928002570086787,-9.795181336015073e-16,-0.1392800257008698,-0.2775000463065762,-0.4136081240007859,-0.546568394127936,-0.6753689487487526,-0.7990295378706654,-0.9166090297421566,-1.0272125734336457,-1.1299984091933992,-1.224184274747496,-1.3090533587880888,-1.3839597563402726,-1.448333384488958,-1.5016843210540751,-1.54360653319419,-1.5737809675615857,-1.5919779784909087
1.4495537459138768,1.5703746896562103,1.6792441337920925,1.7753335161144868,1.8579115384035705,1.9263497320477376,1.9801272410692536,2.0188347861527127,2.042177779507778,2.0499785668601325,2.0421777795077785,2.0188347861527136,1.9801272410692532,1.9263497320477392,1.8579115384035727,1.775333516114489,1.679244133792095,1.5703746896562132,1.44955374591388,1.3177008229006653,1.175819400975654,1.024989283430064,0.8663583785321206,0.7011339632520563,0.5305734951553752,0.355975042391533,0.1786674046114696,-1.2565187421512773e-15,-0.1786674046114721,-0.35597504239152117,-0.5305734951553706,-0.7011339632520518,-0.8663583785321227,-1.0249892834300662,-1.1758194009756564,-1.317700822900656,-1.4495537459138768,-1.5703746896562103,-1.6792441337920962,-1.7753335161144903,-1.8579115384035674,-1.926349732047735,-1.9801272410692536,-2.0188347861527127,-2.042177779507779
1.8151212737167304,1.9664124320580032,2.102738004439019,2.223060470938333,2.326464104933203,2.412161942332088,2.4795017708466265,2.5279710937209168,2.557201030141311,2.566969122642132,2.5572010301413113,2.527971093720917,2.4795017708466256,2.41216194233209,2.326464104933205,2.223060470938336,2.102738004439022,1.9664124320580065,1.8151212737167342,1.650015946482293,1.4723530015882387,1.2834845613210633,1.0848480285530677,0.8779551472386341,0.6643804971298942,0.44574951027409215,0.2237261004941731,-1.5734041639585239e-15,-0.22372610049417624,-0.4457495102740773,-0.6643804971298884,-0.8779551472386287,-1.0848480285530706,-1.283484561321066,-1.4723530015882418,-1.6500159464822812,-1.8151212737167302,-1.9664124320580032,-2.1027380044390243,-2.223060470938338,-2.3264641049331987,-2.412161942332085,-2.4795017708466265,-2.5279710937209168,-2.5572010301413117
2.263621734163948,2.452295603600173,2.6223060227564234,2.7723591096878297,2.901312869798323,3.0081858871090326,3.0921647934265457,3.1526104585659294,3.189062854517386,3.201244556537167,3.1890628545173865,3.1526104585659303,3.092164793426545,3.0081858871090352,2.9013128697983257,2.772359109687833,2.6223060227564274,2.4522956036001773,2.2636217341639533,2.0577203365185763,1.8361584446267647,1.6006222782685797,1.3529044098906153,1.0948901220473661,0.8285430592625946,0.5558902835088683,0.2790068470418865,-1.9621784581190453e-15,-0.2790068470418904,-0.5558902835088496,-0.8285430592625876,-1.0948901220473592,-1.3529044098906193,-1.6006222782685835,-1.836158444626768,-2.0577203365185617,-2.263621734163948,-2.452295603600173,-2.6223060227564297,-2.772359109687835,-2.901312869798318,-3.0081858871090286,-3.0921647934265457,-3.1526104585659294,-3.1890628545173865
2.758673263797007,2.9886098964663694,3.1958014032516195,3.378670931680479,3.5358267342219767,3.6660727603254775,3.7684177590876504,3.842082823270307,3.88650731725484,3.901353143817786,3.886507317254841,3.8420828232703084,3.7684177590876486,3.66607276032548,3.5358267342219802,3.3786709316804835,3.1958014032516244,2.9886098964663748,2.7586732637970126,2.507741461857706,2.2377242331779454,1.9506765719088888,1.648783084076888,1.3343413614126165,1.0097444952906398,0.6774628638591187,0.34002533097034077,-2.3913046820124737e-15,-0.34002533097034543,-0.677462863859096,-1.009744495290631,-1.334341361412608,-1.6487830840768927,-1.950676571908893,-2.23772423317795,-2.5077414618576888,-2.758673263797007,-2.9886098964663694,-3.1958014032516266,-3.378670931680486,-3.535826734221971,-3.666072760325472,-3.7684177590876504,-3.842082823270307,-3.886507317254841
3.3048767560767454,3.580339690615647,3.8285540782407392,4.047630857586264,4.235902722079238,4.391936809149181,4.514545605177552,4.602795983193351,4.656016304532847,4.673801530415341,4.656016304532848,4.602795983193352,4.51454560517755,4.391936809149184,4.235902722079242,4.0476308575862685,3.828554078240745,3.5803396906156526,3.3048767560767525,3.004261713884974,2.6807824260276845,2.3369007652076657,1.9752338785051553,1.5985342693083957,1.2096688491008027,0.8115971185335467,0.4073486438384789,-2.864771034683158e-15,-0.40734864383848474,-0.8115971185335197,-1.2096688491007923,-1.5985342693083855,-1.9752338785051602,-2.3369007652076705,-2.6807824260276893,-3.004261713884953,-3.304876756076745,-3.5803396906156464,-3.8285540782407486,-4.047630857586271,-4.235902722079231,-4.391936809149175,-4.514545605177552,-4.602795983193351,-4.656016304532849
