hough_viz/data/file_1_1_2.json
{"header": {"discipline": 0, "disciplineName": "Meteorological products", "gribEdition": 2, "gribLength": 133963, "center": 7, "centerName": "US National Weather Service - NCEP(WMC)", "subcenter": 0, "refTime": "2014-11-30T06:00:00.000Z", "significanceOfRT": 1, "significanceOfRTName": "Start of forecast", "productStatus": 0, "productStatusName": "Operational products", "productType": 1, "productTypeName": "Forecast products", "productDefinitionTemplate": 0, "productDefinitionTemplateName": "Analysis/forecast at horizontal level/layer at a point in time", "parameterCategory": 2, "parameterCategoryName": "Momentum", "parameterNumber": 2, "parameterNumberName": "U-component_of_wind", "parameterUnit": "m.s-1", "genProcessType": 2, "genProcessTypeName": "Forecast", "forecastTime": 6, "surface1Type": 100, "surface1TypeName": "Isobaric surface", "surface1Value": 85000, "surface2Type": 255, "surface2TypeName": "Missing", "surface2Value": 0, "gridDefinitionTemplate": 0, "gridDefinitionTemplateName": "Latitude_Longitude", "numberPoints": 65160, "shape": 6, "shapeName": "Earth spherical with radius of 6,371,229.0 m", "gridUnits": "degrees", "resolution": 48, "winds": "true", "scanMode": 0, "nx": 360, "ny": 181, "basicAngle": 0, "subDivisions": 0, "lo1": 0, "la1": 90, "lo2": 359, "la2": -90, "dx": 1, "dy": 1}, "data":
[rows 160 to 179 of 181, columns 220 to 263 of 360]
7.269339867899389,7.161778261665313,7.0520351083950334,6.94014383691614,6.826138530393833,6.710053915948884,6.591925354079385,6.471788827889617,6.349680932129247,6.225638862046213,6.099700402056678,5.971903914235548,5.842288326631016,5.710893121406675,5.577758322814889,5.442924485005016,5.306432679670219,5.168324483536616,5.028641965698653,4.887427674804391,4.744724626094808,4.600576288300927,4.455026570402857,4.308119808254629,4.159900751079114,4.010414547836955,3.859706733473762,3.70782321504974,3.5548102577559244,3.4007144708213763,3.245582793315555,3.0894624798502153,2.932401086185225,2.7744464547425776,2.6156467000331403,2.456050194000542,2.2957055512865594,2.134661614422656,1.972967438952067,1.8106722784870093,1.64782556970554,1.4844769172927017,1.3206760788303968,1.1564729496408122
7.013016982139019,6.909248086358432,6.803374566679352,6.695428673201495,6.5854432872897,6.473451911557981,6.359488659664264,6.243588245919064,6.125785974711157,6.006117729753532,5.884619963152854,5.761329684305803,5.6362844486256645,5.50952234610256,5.381081989700893,5.251002503597451,5.11932351126381,4.986085123396629,4.851327925699579,4.7150929665204915,4.577421744347671,4.4383561951690345,4.297938679698034,4.156211970470132,4.013219238813895,3.869004041700587,3.723610308476286,3.577082327480608,3.4294647325560046,3.2808024894518937,3.1311408821276485,2.9805254989586567,2.829002218849691,2.6766171972597035,2.523416852142451,2.3694478498071545,2.214757090703451,2.0593916951350852,1.9033989889066059,1.7468264889074652,1.5897218886379072,1.432133043681097,1.2741079571257887,1.115694764944187
6.772100105489624,6.671895963413252,6.56965949719432,6.465421849050824,6.359214770780154,6.2510706140872125,6.141022320729739,6.029103412483952,5.915347980933483,5.799790677084762,5.682466700811963,5.563411790134804,5.442662210332395,5.320254742896467,5.196226674327387,5.070615784776329,4.943460336537071,4.814799062390921,4.684671153808367,4.553116249010936,4.420174420897027,4.285886164835316,4.1502923863294905,4.013434388558004,3.8753538597927513,3.73609286070041,3.5956938115303476,3.454199479193033,3.311652964232774,3.1680976876989067,3.0235773779193145,2.87813605718035,2.731818028317245,2.5846678612189993,2.43673037925198,2.288050645606309,2.1386739495691436,1.9886457927291392,1.838011875116225,1.6868180812809295,1.5351104663174944,1.382935241835078,1.230338761881196,1.0773675088218937
6.540607472005515,6.44382863675774,6.345086948884443,6.244412486060279,6.141835914701874,6.037388480626553,5.9311019995345395,5.823008847317593,5.713141950196996,5.601534774693924,5.48822131743519,5.373236094797571,5.256614132393773,5.138390954403285,5.018602572751374,4.897285476139508,4.774476618930542,4.650213409892048,4.52453370080128,4.3974757749151046,4.269078335308586,4.1393804930856355,4.0084217554654185,3.876242013748033,3.74288153116326,3.608380930605988,3.4727811822620755,3.3361235911284655,3.198449784431244,3.0598016989456043,2.9202215682215025,2.7797519097188914,2.6384355118565255,2.4963154209781493,2.353434928240186,2.2098375564248514,2.065567046682653,1.9206673452084375,1.7751825898549494,1.6291570966880116,1.4826353464874158,1.3356619711976763,1.1882817403326547,1.0405395473383912
6.317782889984569,6.224301103765476,6.128923335134019,6.031678637082467,5.932596631287874,5.831707499089041,5.729041972292966,5.624631323813652,5.518507358146079,5.4107024016782335,5.301249292844183,5.190181372121174,5.077532471873807,4.9633369060483465,4.847629459720379,4.73044537849894,4.611820357790356,4.491790531925076,4.370392463150826,4.247663130495359,4.123639918502306,3.9983606058434726,3.8718633538111176,3.744186694693609,3.615369520038146,3.4854510688040086,3.3544709154099843,3.222468957679643,3.089485404688035,2.955560764513642,2.8207358318992175,2.6850516758253082,2.5485496270002694,2.411271265270493,2.2732584069547985,2.1345530921068034,1.995197571709073,1.8552342948030869,1.7147058955588454,1.5736551802880878,1.4321251144050673,1.2901588093388991,1.1477995094013496,1.0050905786142603
6.11167602687041,6.021243924068972,5.9289776920391635,5.834905435969064,5.739055811179169,5.6414580143937085,5.542141774847032,5.441137345227805,5.338475492463738,5.234187488349695,5.128305100021987,5.020860580281801,4.911886657770698,4.801416527001125,4.689483838245059,4.5761226872838145,4.4613676050221285,4.345253546969707,4.22781588259347,4.109090384543622,3.98911321775699,3.867920928440815,3.7455504329404508,3.6220390064942523,3.4974242718791952,3.3717441879506147,3.2450370380795595,3.117341418491331,2.988696226508665,2.859140648703255,2.7287141489591327,2.5974564564515825,2.465407553545279,2.332607663615226,2.1990972387943515,2.064916947651413,1.930107662802921,1.794710448462966,1.6587665479346587,1.5223173710470181,1.3854044815411304,1.2480695844094578,1.110354513192045,0.9723012172336756
5.916005704915252,5.82846886007455,5.739156607157426,5.648096151541303,5.555315231123082,5.460842107869917,5.3647055592103285,5.2669348692683355,5.167559819943217,5.066610681837671,4.9641182050370745,4.8601136097427275,4.75462857676188,4.647695237857431,4.539346165960295,4.4296143652473745,4.318533261088162,4.206136689863044,4.092458888656439,3.97753448482781,3.8613984854638606,3.744086266715026,3.625633563019578,3.5060764562185325,3.385451364564798,3.2637950316298134,3.1411445151110957,3.017537175544131,2.8930106649219574,2.767602915226024,2.6413521268717415,2.514296757072256,2.386475508124031,2.2579273156177257,2.128691336578044,1.9988069375361497,1.8683136825382052,1.7372513210937985,1.605659776067855,1.4735791315197462,1.3410496204932874,1.208111612761394,1.0748056025290063,0.94117219609822
5.729710944641377,5.6449306312068535,5.558430817218395,5.470237851357284,5.380378598055263,5.288880429311379,5.195771216354192,5.101079321151937,5.004833587773192,4.907063333600703,4.807798340401005,4.707068845252631,4.604905531335599,4.501339518584999,4.396402354211583,4.29012600309217,4.1825428380328304,4.073685629907819,3.9635875376772627,3.8522820982865973,3.7398032164508974,3.6261851543271737,3.5114625210778043,3.3956702623282133,3.2788436495221207,3.161018269177511,3.0422300120466335,2.9225150621833476,2.8019098859210825,2.6804512207648545,2.558176064200668,2.4351216624257117,2.3113254990028334,2.186825283442646,2.061658939716864,1.9358645947063111,1.80948056658707,1.6825453531584145,1.5550976201160043,1.4271761892739372,1.298820026739245,1.1700682310424622,1.0409600212277914,0.9115347249066559
5.561026960552211,5.478742598690224,5.394789358758909,5.309192813728417,5.221979037135555,5.133174595141537,5.04280653843966,4.9509023940154115,4.857490156761473,4.762598280950225,4.666255671566272,4.568491675501723,4.469336072616849,4.3688190666688245,4.266971276111392,4.163823724768178,4.059407832382534,3.9537554050467736,3.8468986255137523,3.7388700433936557,3.629702565239094,3.5194294445214367,3.408084271501505,3.295700962997621,3.182313752054235,3.067957177514208,2.9526660734979364,2.836475558792564,2.719421026154428,2.601538131528102,2.482862783185247,2.3634311307865956,2.243279554370442,2.1224446532708896,2.000963234969362,1.8788723038827022,1.7562090500912357,1.633010838010332,1.509315195008839,1.385159799977882,1.2605824718535008,1.1356211580966633,1.0103139231340534,0.8846989367633329
5.403616263320524,5.323661046572171,5.242084191097574,5.158910545997158,5.07416544676894,4.987874707591094,4.90006461345869,4.810761912177033,4.7199938062140285,4.627787944414045,4.534172413575804,4.439175729896871,4.342826830287355,4.245155063555424,4.146190181467394,4.045962329685044,3.944502038582955,3.8418402139486587,3.738008127568457,3.6330374077017,3.526960029446533,3.419808304999963,3.3116148738152678,3.2024126926596748,3.09223502557543,2.9811154337472408,2.869087765279213,2.7561861448844103,2.6424449634901004,2.5278988677619734,2.4125827495504177,2.296531735262131,2.179781175160287,2.062366632596474,1.9443238731777719,1.8256888538722178,1.7064977120559295,1.5867867545053342,1.4665924463377684,1.3459513999038473,1.2249003636349856,1.103476210849491,0.9817159285205509,0.8596566060096943
5.256100145625878,5.178327667730433,5.098977821063814,5.018074776357991,4.9356431774641045,4.851708133845718,4.766295212930208,4.679430432320701,4.591140251870847,4.501451565624902,4.410391693625522,4.317988373591841,4.224269752470275,4.129264377860684,4.033001189320517,3.935509509549523,3.836819035457784,3.7369598291197375,3.635962308617004,3.5338572387727085,3.430675721780239,3.3264491877292075,3.221209385031562,3.1149883707506802,3.0078185008364984,2.8997324202695687,2.7907630531170815,2.680943592503891,2.5703074905015404,2.458888447938455,2.34672040413434,2.23383752656193,2.1202742004392645,2.0060650182555877,1.8912447692341565,1.7758484287351228,1.6599111476016664,1.54346824145273,1.4265551799255347,1.3092075758711836,1.1914611745066375,1.0733518425263995,0.9549155571771285,0.8361883952986734
5.126742216925439,5.05088379819396,4.973486831328541,4.894574892195054,4.814172018134589,4.732302700641471,4.648991877902892,4.564264927202508,4.478147657190268,4.390666300020863,4.301847503363128,4.211718322282933,4.120306211001944,4.02763901453478,3.933744960207176,3.838652649057648,3.742391047125355,3.6449894766267454,3.5464776070237547,3.4468854459861658,3.3462433302509993,3.244581916381646,3.1419321714295974,3.038325363501551,2.9337930522348636,2.8283670791841735,2.722079558122152,2.6149628652573544,2.5070496293720863,2.3983727218833764,2.2889652468300214,2.178860530788773,2.068092112722756,1.956693733765145,1.8446993269413061,1.7321430068324826,1.6190590591841325,1.505481930462177,1.391446217360272,1.276986656261317,1.1621381126564114,1.0469355705245116,0.9314141216759315,0.8156089550630837
5.009345036246672,4.935223698123698,4.859599043053692,4.782494107039179,4.703932376990599,4.623937783571973,4.542534693911381,4.459747904178501,4.375602632031459,4.290124508935286,4.203339572354322,4.115274257820951,4.025955390883095,3.9354101789328704,3.84366620291897,3.750751408945227,3.6566940997579773,3.561522926124744,3.465266878106971,3.367955276229332,3.269617762548439,3.1702842916235694,3.069985121392244,2.9687508039533275,2.8666121762605927,2.7636003507294733,2.6597467057599187,2.55508287617825,2.449640743600854,2.3434524267227537,2.236550271533941,2.128966841466464,2.0207349074753176,1.9118874380560549,1.802457589202286,1.6924786943060526,1.5819842540041242,1.4710079259734006,1.359583514678452,1.247744961074351,1.135526332267924,1.0229618111406036,0.9100856859359504,0.7969323398151685
4.902207427584,4.829671363156471,4.755664134045649,4.680208283570446,4.603326796313867,4.525043091121707,4.445381013968914,4.3643648306958935,4.282019219616889,4.19836926400274,4.113440444440258,4.0272586310706044,3.9398500757090007,3.8512414038481504,3.761459606547875,3.670532032213368,3.578486378264608,3.485350682699446,3.391153315552989,3.2959229702557753,3.199688654893498,3.102479683370856,3.0043256664822673,2.9052565028921133,2.805302370027326,2.7044937148850545,2.602861244758205,2.500435917881724,2.39724893400239,2.2933317248750864,2.188715944688383,2.0834334604223548,1.9775163421416133,1.870996853226425,1.763907440544986,1.6562807245698064,1.5481494894411711,1.4395466729807915,1.3305053566586202,1.221058755515916,1.111240208047614,1.0010831660471207,0.8906211844165336,0.7798879109455376
4.813486862687004,4.7422635620921945,4.669595722077034,4.59550547796954,4.520015398375792,4.443148478305329,4.36492813216663,4.285378186634864,4.204522873394054,4.122386821755885,4.0389950511573485,3.954372963539604,3.868546335610299,3.7815413109917158,3.693384392257192,3.6041024328581686,3.5137226289443735,3.4222725110796004,3.3297799358556595,3.2362730774069544,3.1417804188283904,3.0463307434991354,2.9499531263149468,2.8526769248316453,2.7545317703225387,2.655547558752443,2.555754441671079,2.4551828170286387,2.353863319916241,2.251826813234211,2.1491043782909327,2.0457273053351814,1.9417270840248244,1.8371353938347408,1.7319840944069602,1.6263052158459215,1.5201309489617636,1.4134936354647127,1.3064257581134793,1.1989599308206937,1.0911288887183894,0.9829654781865838,0.8745026468479167,0.7657734335315277
4.73729354145743,4.66719764392324,4.595680072774555,4.522762612956349,4.448467475833251,4.372817292423743,4.295835106506531,4.217544367601188,4.137968923825202,4.057133014629616,3.9750612634154407,3.8917786700331445,3.807310603167454,3.7216827926097915,3.6349213214207508,3.5470526179849315,3.4581034479606045,3.3681009061266227,3.2770724081291127,3.1850456821303745,3.0920487603626285,2.998109970589123,2.903257927475236,2.8075215238721505,2.7109299220158216,2.6135125446438785,2.5152990660331676,2.4163194029606982,2.316603705590676,2.2161823482904865,2.1150859203783674,2.0133452168055985,1.910991228776083,1.8080551343060938,1.7045682887271671,1.6005622151349752,1.4960685947870591,1.3911192574524287,1.2857461717159038,1.179981435240171,1.073857264988522,0.967405987411274,0.8606600285987829,0.753651904404185
4.671606185800389,4.602482238623747,4.531956330771975,4.460049945119805,4.386784985048873,4.312183767775759,4.2362690175539175,4.159063858751669,4.080591808808288,4.000876771070365,3.9199430275106075,3.8378152313313283,3.7545183994548377,3.670077904903036,3.5845194690685602,3.4978691538797855,3.4101533538621194,3.321398788097965,3.231632492087848,3.140881809515115,3.0491743839167977,2.956538150263119,2.8630013264482463,2.768592404694822,2.6733401428749697,2.577273555750371,2.4804219061340764,2.382814695976791,2.2844816573802675,2.185452743540635,2.085758119624364,1.9854281535796567,1.8844934068861008,1.7829846252453099,1.6809327292155036,1.578368804792823,1.4753240939422008,1.3718299850807776,1.267918003516684,1.1636198018461212,1.0589671503116729,0.9539919271247999,0.8487261087553917,0.7432017601914679
4.62431954416362,4.555895279106715,4.486083244213848,4.414904704907131,4.342381342859152,4.26853524938855,4.193388918730754,4.116965241186042,4.039287496146924,3.9603793450070275,3.880264823953582,3.7989683366457885,3.716514646781225,3.6329288705525653,3.5482364689969628,3.462463240240367,3.375635311639158,3.2877791318215066,3.198921462630875,3.109089370974078,3.0183102205764567,2.9266116636466153,2.834021632453309,2.740568330816973,2.646280225518588,2.551186037628419,2.455314733757289,2.3586955172330937,2.261357819205153,2.1633312896792165,2.064645788485783,1.9653313761844993,1.8654183049074418,1.7649370091439969,1.663918096470233,1.5623923382255525,1.4603906601394148,1.357944132911076,1.2550839627451522,1.1518414818459053,1.0482481388731437,0.9443354893626789,0.8401351861141655,0.7356789695493949
4.590035296762866,4.522118322434689,4.452823867058756,4.382173038397444,4.31018735737757,4.23688875153492,4.162299548334888,4.086442468371333,4.009340618445652,3.9310174845282413,3.851496924604418,3.7708031614070716,3.688960775038173,3.6059946954814324,3.5219301950083928,3.4367928804802506,3.350608685547753,3.2634038627515585,3.1752049755254714,3.0860388901049385,2.995932767343349,2.9049140544385694,2.8130104765722788,2.720250028464579,2.626660965846556,2.5322717968533,2.4371112733400495,2.341208382124117,2.244592336155196,2.1472925656168265,2.049338708961681,1.9507606038833905,1.8515882782277198,1.7518519408457625,1.6515819723920482,1.5508089160703138,1.4495634683297218,1.3478764695144398,1.2457788944693706,1.1433018431049153,1.0404765309236312,0.9373342795117107,0.8339065069980846,0.7302247184841983
4.563562498488646,4.496037231902249,4.427142428820926,4.3568990752690935,4.285328568052701,4.212452708241571,4.138293694528567,4.0628741164676585,3.986216947592925,3.9083455384206074,3.82928360933629,3.7490552433694657,3.6676848788576,3.5851973020019727,3.50161763931757,3.4169713499793004,3.331284218066881,3.244582344710759,3.156892140141469,3.0682403156447893,2.978653875425255,2.888160108380392,2.796786579788286,2.704561122910897,2.611511830515797,2.517667046318839,2.423055356350379,2.327705580247715,2.231646762476318,2.1349081634826224,2.0375192507810107,1.9395096899777136,1.840909335734402,1.7417482226741363,1.6420565562325462,1.5418647034569726,1.4412031837563475,1.3401026596047017,1.2385939272010742,1.1367079070886923,1.0344756347362696,0.9319282510843208,0.8290969930592945,0.7260131840585451
