hough_viz/data/file_3_1_2.json
{"header": {"discipline": 0, "disciplineName": "Meteorological products", "gribEdition": 2, "gribLength": 133963, "center": 7, "centerName": "US National Weather Service - NCEP(WMC)", "subcenter": 0, "refTime": "2014-11-30T06:00:00.000Z", "significanceOfRT": 1, "significanceOfRTName": "Start of forecast", "productStatus": 0, "productStatusName": "Operational products", "productType": 1, "productTypeName": "Forecast products", "productDefinitionTemplate": 0, "productDefinitionTemplateName": "Analysis/forecast at horizontal level/layer at a point in time", "parameterCategory": 2, "parameterCategoryName": "Momentum", "parameterNumber": 2, "parameterNumberName": "U-component_of_wind", "parameterUnit": "m.s-1", "genProcessType": 2, "genProcessTypeName": "Forecast", "forecastTime": 6, "surface1Type": 100, "surface1TypeName": "Isobaric surface", "surface1Value": 85000, "surface2Type": 255, "surface2TypeName": "Missing", "surface2Value": 0, "gridDefinitionTemplate": 0, "gridDefinitionTemplateName": "Latitude_Longitude", "numberPoints": 65160, "shape": 6, "shapeName": "Earth spherical with radius of 6,371,229.0 m", "gridUnits": "degrees", "resolution": 48, "winds": "true", "scanMode": 0, "nx": 360, "ny": 181, "basicAngle": 0, "subDivisions": 0, "lo1": 0, "la1": 90, "lo2": 359, "la2": -90, "dx": 1, "dy": 1}, "data":
[rows 60 to 79 of 181, columns 135 to 179 of 360]
-21.082134403255186,-19.94988840711949,-18.76296115355961,-17.524605927675314,-16.238216975063622,-14.907320198427925,-13.535563493323483,-12.126706749529298,-10.684611545451707,-9.213230563806299,-7.716596757589277,-6.198812296033765,-4.664037320849013,-3.1164785435610454,-1.560377715208972,-9.128100982434727e-15,1.5603777152089535,3.116478543561028,4.664037320848968,6.1988122960338,7.716596757589257,9.213230563806277,10.68461154545171,12.126706749529305,13.535563493323489,14.907320198427907,16.238216975063608,17.524605927675275,18.762961153559615,19.949888407119477,21.08213440325517,22.1565957343927,23.170327376708382,24.120550762234217,25.00466139471969,25.820235988374943,26.56503910992866,27.23702930579525,27.83436469755739,28.35540803042649,28.79873116084444,29.163118970925762,29.44757269901132,29.651312677204583,29.773780468387095
-21.18209867944386,-20.0444839597574,-18.85192870281222,-17.60770161967419,-16.315213050292904,-14.978005615997347,-13.599744509416759,-12.18420744844249,-10.735274321765917,-9.256916554373177,-7.7531862221452545,-6.228204945399798,-4.6861525918162465,-3.131255819708973,-1.5677764930508264,-9.17138331762112e-15,1.5677764930508082,3.131255819708955,4.686152591816202,6.228204945399834,7.753186222145237,9.256916554373158,10.735274321765923,12.184207448442498,13.599744509416762,14.978005615997322,16.31521305029289,17.607701619674152,18.851928702812224,20.044483959757386,21.182098679443847,22.261654738999543,23.280193150304324,24.23492217037051,25.123224953316495,25.942666722959395,26.69100144636731,27.366177990079475,27.96634574212057,28.489859684399367,28.935284901589092,29.30140051413055,29.58720302457815,29.79190906811665,29.914957559709656
-21.21320343559645,-20.073918190765767,-18.879611731495114,-17.633557568774226,-16.339171050450812,-14.999999999999995,-13.619714992186411,-12.202099292274005,-10.751038486359,-9.270509831248432,-7.764571353075622,-6.23735072453277,-4.693033951206934,-3.1358538980296036,-1.5700786872883328,-9.184850993605149e-15,1.5700786872883143,3.1358538980295863,4.693033951206889,6.2373507245328055,7.764571353075603,9.270509831248411,10.751038486359004,12.202099292274012,13.619714992186417,14.999999999999972,16.339171050450794,17.63355756877418,18.879611731495118,20.07391819076575,21.213203435596434,22.294344764321803,23.31437884370911,24.270509831248415,25.16011703836272,25.980762113533164,26.730195725651036,27.406363729278013,28.007412794916043,28.531695488854602,28.977774788672047,29.344428022014167,29.63065021785412,29.835656861048196,29.95888604263721
-21.191365907456365,-20.05325347811624,-18.860176474877132,-17.61540503887524,-16.32235100209352,-14.984558535767787,-13.605694436059432,-12.18953807362204,-10.739971034609255,-9.260966481516862,-7.7565782630204945,-6.2309298026583315,-4.688202796813729,-3.132625752976014,-1.5684623996955653,-9.17539582373209e-15,1.5684623996955473,3.132625752975996,4.688202796813685,6.230929802658366,7.756578263020474,9.260966481516846,10.739971034609262,12.189538073622048,13.605694436059439,14.984558535767768,16.3223510020935,17.6154050388752,18.860176474877132,20.05325347811622,21.19136590745635,22.271394275837892,23.29037830057503,24.245525017284642,25.134216435207655,25.95401671293973,26.70267883490321,27.378150770260653,27.978581097388762,28.502324078496244,28.947944170476838,29.31421995963307,29.60014750948639,29.804943112497245,29.928045438152942
-21.126772826642465,-19.992129460525764,-18.802689057193614,-17.561711790114654,-16.272599091718543,-14.93888433030655,-13.564223125334326,-12.152383327613126,-10.707234691892747,-9.232738270132671,-7.732935554533905,-6.211937400089924,-4.673912757018796,-3.1230772439603456,-1.563681593258664,-9.147428438971237e-15,1.5636815932586459,3.1230772439603274,4.673912757018751,6.211937400089959,7.732935554533888,9.232738270132653,10.70723469189275,12.15238332761313,13.564223125334328,14.938884330306527,16.272599091718526,17.561711790114618,18.80268905719362,19.992129460525746,21.12677282664245,22.20350917694527,23.219387251941118,24.171622600439214,25.05760521153839,25.87490666848552,26.621286804797037,27.29469984439955,27.893300008959912,28.415446577035215,28.859708381176343,29.224867730658403,29.509923749086365,29.714095117727748,29.836822217052855
-20.987320571557344,-19.860166687029746,-18.678577466076238,-17.44579156262028,-16.165187957133206,-14.840276695084103,-13.47468926614878,-12.072168650549083,-10.636559059804387,-9.17179540001495,-7.6818924865577225,-6.170934039756644,-4.643061491688986,-3.102462634807826,-1.55336014349422,-9.087048676547909e-15,1.5533601434942017,3.1024626348078086,4.643061491688941,6.170934039756679,7.681892486557704,9.171795400014929,10.636559059804393,12.072168650549088,13.474689266148781,14.840276695084086,16.165187957133195,17.445791562620233,18.678577466076238,19.860166687029725,20.98732057155733,22.056949669209022,23.066122200977222,24.012072095099043,24.89220656866686,25.70411323426603,26.44556671216107,27.11453472990686,27.70918369266621,28.227883708965688,28.669213058115048,29.031962087044665,29.315136525880632,29.517960213169324,29.639877223281978
-20.78961844466328,-19.6730824338918,-18.50262387162819,-17.281450903434134,-16.01291067953262,-14.700480180502307,-13.347756687115103,-11.958447920439689,-10.536361879235871,-9.085396402494627,-7.609528485732283,-6.112803380322383,-4.599323505742801,-3.0732372051290078,-1.5387273749540817,-9.001447999490632e-15,1.5387273749540635,3.07323720512899,4.599323505742755,6.112803380322417,7.609528485732261,9.08539640249461,10.536361879235876,11.958447920439692,13.347756687115107,14.700480180502286,16.012910679532606,17.28145090343409,18.502623871628195,19.673082433891786,20.78961844466326,21.849171556346548,22.848837607511214,23.785876582996927,24.657720124104646,25.46197856828931,26.196447499058714,26.859113788125924,27.44816111325401,27.961974936668955,28.39914693039554,28.758478836386395,29.038985750864075,29.239898823873794,29.360667366647714
-20.546038813906844,-19.442584593450754,-18.285839600061475,-17.07897439136162,-15.825296900999925,-14.528243371835519,-13.191368937434744,-11.818337877697251,-10.412913575319585,-8.978948200624739,-7.520372153030993,-6.041183288100449,-4.54543595969475,-3.037229907272879,-1.5206990187904628,-8.895983371276062e-15,1.520699018790445,3.0372299072728617,4.545435959694705,6.041183288100482,7.520372153030975,8.978948200624721,10.41291357531959,11.818337877697257,13.191368937434751,14.528243371835497,15.825296900999907,17.078974391361577,18.28583960006148,19.442584593450736,20.54603881390683,21.59317777011162,22.581131326971953,23.507191572460247,24.36882023981328,25.163655664744915,25.889519258603734,26.544421479733124,27.1265672866667,27.63436105821209,28.066410966937816,28.42153279407546,28.698753175381064,28.897312269058837,29.016665838434662
-20.22455187336179,-19.138363566037615,-17.99971833447025,-16.811737126093252,-15.577676114823078,-14.300917776113192,-12.984961615823604,-11.63341457831864,-10.249981160083237,-8.838453255955525,-7.402699765806566,-5.946655990154882,-4.474312843781201,-2.9897059169083615,-1.496904413929213,-8.756786589693256e-15,1.4969044139291954,2.9897059169083446,4.474312843781158,5.946655990154916,7.402699765806547,8.838453255955507,10.249981160083243,11.633414578318646,12.984961615823611,14.300917776113174,15.577676114823062,16.81173712609321,17.99971833447026,19.1383635660376,20.224551873361772,21.255306089792395,22.22780098966914,23.13937103206871,23.987517666867333,24.76991618309298,25.484422080796534,26.129076948977062,26.70211383345034,27.2019620799473,27.627251639168332,27.976816821993115,28.249699494553496,28.445151704411856,28.562637730646674
-19.841697176800768,-18.776070625178907,-17.65898016908207,-16.493487675802502,-15.282787679251772,-14.030198623965775,-12.73915376947866,-11.413191779997106,-10.055947025167814,-8.671139618522867,-7.26256522090705,-5.834084636835444,-4.38961323229655,-2.933110203006179,-1.4685677225273845,-8.591018918120648e-15,1.4685677225273677,2.9331102030061627,4.389613232296508,5.834084636835477,7.262565220907032,8.671139618522849,10.05594702516782,11.413191779997112,12.739153769478667,14.030198623965758,15.282787679251753,16.493487675802463,17.65898016908207,18.77607062517889,19.841697176800757,20.852939015640438,21.807024398108304,22.70133824248863,23.53342929669698,24.301016856991687,25.001997019224355,25.634448445494805,26.19663763040485,26.6870236524759,27.104262397707796,27.447210243701743,27.71492719424989,27.906679455799576,28.021941448730423
-19.41173860696484,-18.36920359151712,-17.27631986585272,-16.13608294829834,-14.951618148987992,-13.726172003605523,-12.46310337485571,-11.165874246055086,-9.838040232076432,-8.483240833655469,-7.105189461772275,-5.707663259450025,-4.294492748868458,-2.8695513321687476,-1.4367446747276553,-8.404856304380761e-15,1.4367446747276387,2.8695513321687316,4.294492748868416,5.707663259450057,7.105189461772257,8.48324083365545,9.838040232076436,11.165874246055091,12.463103374855711,13.726172003605505,14.951618148987976,16.136082948298302,17.276319865852724,18.369203591517103,19.41173860696483,20.401067396184228,21.334478277731538,22.20941283726098,23.023472939960854,23.774427303674273,24.4602176146885,25.078964169429725,25.62897102659999,26.108730655634275,26.51692806873709,26.852444425172564,27.114360097929158,27.3019571943534,27.41472152384369
-18.904155450460028,-17.888880909955954,-16.824574190318536,-15.714152482287322,-14.560659374579451,-13.367256511624898,-12.13721492771861,-10.873906081342888,-9.580792614234154,-8.261418860522552,-6.919401131958421,-5.558417805853266,-4.1821992429031765,-2.794517562529371,-1.3991763037612301,-8.185083950171526e-15,1.3991763037612137,2.794517562529355,4.1821992429031365,5.558417805853297,6.919401131958403,8.261418860522536,9.58079261423416,10.873906081342895,12.137214927718613,13.36725651162488,14.560659374579433,15.714152482287288,16.824574190318536,17.88888090995594,18.904155450460017,19.86761501488608,20.77661882753737,21.628675372147445,22.42144922095325,23.152767435940255,23.820625524714472,24.423192934676806,24.958818070440543,25.42603282073937,25.823556582418426,26.15029977047848,26.405366804552695,26.588058563630184,26.697874302298047
-18.334747467775408,-17.350053792388234,-16.31780482554356,-15.24082988990883,-14.1220808989229,-12.964624265806851,-11.771632498738228,-10.546375505226683,-9.292211629524889,-8.012578447640296,-6.7109833451782,-5.390993903841702,-4.056228122938191,-2.7103445026946416,-1.3570320165629663,-7.938542804634235e-15,1.3570320165629506,2.710344502694626,4.056228122938152,5.390993903841733,6.710983345178182,8.01257844764028,9.292211629524893,10.546375505226688,11.77163249873823,12.964624265806833,14.122080898922883,15.240829889908797,16.31780482554356,17.350053792388216,18.334747467775394,19.269186874786037,20.150810779957677,20.977202713447138,21.74609759240652,22.45538792941783,23.103129608969482,23.687547216141777,24.207038902895864,24.66018077862776,25.04573081295359,25.362632240028507,25.61001645506845,25.787205395135484,25.893713397661113
-17.71914930891479,-16.76751720771485,-15.769926507344374,-14.729111534571476,-13.647925090890247,-12.529330633190554,-11.376394151128395,-10.192275763461437,-8.980221056383234,-7.7435521875970155,-6.485658780512285,-5.2099886335227845,-3.9200382698306924,-2.6193433537194895,-1.3114689995440885,-7.67200232769785e-15,1.3114689995440731,2.6193433537194744,3.920038269830655,5.209988633522815,6.485658780512268,7.743552187597,8.980221056383236,10.192275763461442,11.3763941511284,12.529330633190538,13.647925090890233,14.729111534571441,15.769926507344378,16.767517207714835,17.719149308914776,18.62221445350192,19.4742374026863,20.272882820787558,21.015961676227846,21.701437241515183,22.327430675771932,22.892226174507044,23.39427567251699,23.832203087024723,24.204808089427054,24.511069395311843,24.750147563727616,24.92138729803288,25.02431924201863
-17.029716044795553,-16.115110937066504,-15.156335430406564,-14.156017461835889,-13.11689883337498,-12.041827696956265,-10.933750747837394,-9.795705147914376,-8.630810201072043,-7.442258803388852,-6.233308691630619,-5.0072735140206,-3.767513747759987,-2.5174274881934116,-1.2604411348659594,-7.373492872480722e-15,1.2604411348659448,2.5174274881933973,3.76751374775995,5.007273514020627,6.233308691630603,7.442258803388838,8.630810201072048,9.795705147914381,10.933750747837399,12.041827696956252,13.116898833374965,14.156017461835855,15.156335430406568,16.115110937066486,17.02971604479554,17.897643884566826,18.71651552650052,19.484086500345114,20.198252947414506,20.857057387118388,21.45869408228046,22.00151398853852,22.484029274260497,22.904917398587447,23.26302473642615,23.55736974045533,23.787145631478616,23.951722609750238,24.050649581212365
-16.280994474868745,-15.40660052335162,-14.489978150699645,-13.53363975512268,-12.540206593688637,-11.512401597640388,-10.453041909030244,-9.365031159129465,-8.251351509776846,-7.11505547948036,-5.959257576676042,-4.787125763076968,-3.6018727705103553,-2.406747295042858,-1.2050250925306223,-7.049312883524591e-15,1.2050250925306083,2.406747295042844,3.60187277051032,4.787125763076996,5.959257576676027,7.115055479480346,8.251351509776852,9.365031159129469,10.453041909030247,11.512401597640372,12.540206593688625,13.533639755122646,14.489978150699645,15.406600523351612,16.280994474868738,17.11076335220827,17.89363281655401,18.627457077120738,19.310224772617747,19.94006448425028,20.515249865148363,21.034204372163597,21.495505587064358,21.897889115285256,22.24025205154477,22.52165600283196,22.741329660476495,22.898670914252122,22.99324850271887
-15.489250075224508,-14.657377882145735,-13.785330835113827,-12.875499154469512,-11.930376625607725,-10.952553763685472,-9.944710713199656,-8.909609901897305,-7.850088469153248,-6.769050489568215,-5.669459013102192,-4.554327943560517,-3.426713777693017,-2.2897072275487944,-1.1464247490494792,-6.706504954593359e-15,1.146424749049466,2.2897072275487815,3.4267137776929837,4.554327943560542,5.669459013102177,6.769050489568203,7.850088469153251,8.90960990189731,9.944710713199658,10.95255376368546,11.930376625607712,12.875499154469482,13.785330835113827,14.657377882145719,15.489250075224497,16.27866731049163,17.023465850177022,17.721604253253687,18.371168970885783,18.970379591332986,19.517593719935256,20.011311480802476,20.450179627870043,20.832995254052165,21.158709088326685,21.42642837171393,21.635419304267074,21.785109056366792,21.875087338807372
-14.630911309107798,-13.845137419581896,-13.021414970752604,-12.16200172859598,-11.269253285071605,-10.345616601609054,-9.393623302156502,-8.415882734175476,-7.4150748166009075,-6.393942694369584,-5.3552852196504865,-4.301949280385636,-3.2368219971680956,-2.162822809845037,-1.0828954755361824,-6.334863128183127e-15,1.08289547553617,2.1628228098450246,3.2368219971680645,4.30194928038566,5.355285219650471,6.393942694369572,7.415074816600911,8.415882734175478,9.393623302156506,10.345616601609043,11.269253285071592,12.162001728595953,13.021414970752607,13.845137419581881,14.630911309107791,15.376582887717582,16.080108321445334,16.739559295978633,17.353128302034158,17.919133589614958,18.43602377757033,18.90238210582367,19.316930318613426,19.67853216810323,19.986196528758267,20.239080113951463,20.436489787353516,20.57788446277143,20.6628765872281
-13.71896494738037,-12.982168433532184,-12.209788698387136,-11.403942781111857,-10.566839449351852,-9.700773145153189,-8.808117696056154,-7.891319808598965,-6.952892362065322,-5.995407520856897,-5.021489684369454,-4.033808293696622,-3.0350705148773622,-2.02801381874197,-1.015398477694936,-5.940010390733231e-15,1.015398477694924,2.028013818741958,3.035070514877333,4.033808293696644,5.021489684369441,5.995407520856886,6.9528923620653265,7.89131980859897,8.808117696056156,9.700773145153178,10.56683944935184,11.403942781111832,12.20978869838714,12.98216843353217,13.71896494738036,14.418158731901315,15.077833345532076,15.696180666010083,16.271505846310696,16.802231960105072,17.286904324005626,17.72419448475205,18.112903860409435,18.451967025597952,18.740454631749806,18.977575954389064,19.162681060452464,19.295262589710802,19.374957145408
-12.769379137949649,-12.083581479822122,-11.364663564777844,-10.614595896850627,-9.835434359381614,-9.029314579986211,-8.198446076947041,-7.345106203077944,-6.471633903658284,-5.580423305546468,-4.6739171550446015,-3.754600122500755,-2.824991992000207,-1.8876407548123542,-0.9451156255238775,-5.528860599437324e-15,0.9451156255238665,1.8876407548123433,2.824991992000179,3.7546001225007766,4.673917155044589,5.580423305546457,6.4716339036582875,7.3451062030779495,8.198446076947043,9.0293145799862,9.835434359381603,10.614595896850602,11.364663564777846,12.083581479822113,12.76937913794964,13.420176815448684,14.034190721121657,14.60973788553267,15.145240773909878,15.639231610058568,16.090356399433745,16.497378640345026,16.85918271312186,17.174776937949453,17.443296292994233,17.664004785368576,17.836297468436133,17.959702099928553,18.033880436328648
