hough_viz/data/file_3_2_1.json
{"header": {"discipline": 0, "disciplineName": "Meteorological products", "gribEdition": 2, "gribLength": 133963, "center": 7, "centerName": "US National Weather Service - NCEP(WMC)", "subcenter": 0, "refTime": "2014-11-30T06:00:00.000Z", "significanceOfRT": 1, "significanceOfRTName": "Start of forecast", "productStatus": 0, "productStatusName": "Operational products", "productType": 1, "productTypeName": "Forecast products", "productDefinitionTemplate": 0, "productDefinitionTemplateName": "Analysis/forecast at horizontal level/layer at a point in time", "parameterCategory": 2, "parameterCategoryName": "Momentum", "parameterNumber": 2, "parameterNumberName": "U-component_of_wind", "parameterUnit": "m.s-1", "genProcessType": 2, "genProcessTypeName": "Forecast", "forecastTime": 6, "surface1Type": 100, "surface1TypeName": "Isobaric surface", "surface1Value": 85000, "surface2Type": 255, "surface2TypeName": "Missing", "surface2Value": 0, "gridDefinitionTemplate": 0, "gridDefinitionTemplateName": "Latitude_Longitude", "numberPoints": 65160, "shape": 6, "shapeName": "Earth spherical with radius of 6,371,229.0 m", "gridUnits": "degrees", "resolution": 48, "winds": "true", "scanMode": 0, "nx": 360, "ny": 181, "basicAngle": 0, "subDivisions": 0, "lo1": 0, "la1": 90, "lo2": 359, "la2": -90, "dx": 1, "dy": 1}, "data":
[rows 140 to 159 of 181, columns 270 to 314 of 360]
2.6044948538348432e-14,-0.5856574867384288,-1.169709727014286,-1.7505558742339433,-2.3266038694819526,-2.896274805243963,-3.4580072530823562,-4.010261543403245,-4.551523985583507,-5.080311016891837,-5.5951732688309574,-6.094699539755937,-6.577520662879801,-7.042313259064582,-7.48780336411146,-7.912769920608137,-8.316048124762323,-8.696532619047938,-9.053180521913328,-9.385014286247015,-9.691124378766444,-9.970671772985472,-10.222890248927639,-10.44708849328188,-10.642651994244261,-10.80904472585209,-10.945810617193843,-11.05257480246783,-11.12904464846331,-11.175010556647763,-11.190346537661904,-11.175010556647766,-11.129044648463312,-11.05257480246783,-10.945810617193844,-10.809044725852091,-10.642651994244273,-10.447088493281878,-10.222890248927632,-9.970671772985478,-9.691124378766451,-9.385014286247024,-9.053180521913337,-8.696532619047947,-8.316048124762318
2.8038037174530685e-14,-0.630474902284278,-1.2592217166851958,-1.884517091888129,-2.504647136733352,-3.1179121178726774,-3.722631118620287,-4.3171466462287365,-4.899829174961035,-5.4690816125077175,-6.023343677505716,-6.561096176161158,-7.080865166253927,-7.581225997110916,-8.060807214474382,-8.518294319562811,-8.952433372020698,-9.362034426881875,-9.745974796126017,-10.103202125888382,-10.432737280888654,-10.733677028172687,-11.00519651281124,-11.246551518770003,-11.457080508754036,-11.636206437435472,-11.783438333094695,-11.898372643339657,-11.980694341214965,-12.03017778866886,-12.04668735501142,-12.030177788668862,-11.980694341214969,-11.898372643339655,-11.783438333094697,-11.636206437435476,-11.457080508754046,-11.246551518770001,-11.005196512811231,-10.733677028172696,-10.432737280888663,-10.103202125888389,-9.745974796126028,-9.362034426881886,-8.952433372020693
2.9836329841322863e-14,-0.6709120550819868,-1.3399851868555488,-2.0053855123731905,-2.6652892155940324,-3.3178875463369124,-3.961391777938775,-4.594038110030341,-5.214092502989964,-5.819855430826019,-6.409666539459368,-6.98190919763852,-7.535014928013483,-8.067467706223246,-8.577808116213054,-9.064637350392456,-9.526621043669648,-9.962492930853434,-10.371058317398163,-10.751197353978327,-11.101868105917799,-11.422109409060342,-11.711043504253741,-11.967878443226626,-12.191910259263667,-12.382524896729354,-12.539199894151862,-12.661505816253591,-12.749107431003452,-12.801764628464525,-12.819333078918723,-12.801764628464525,-12.749107431003452,-12.661505816253591,-12.539199894151864,-12.382524896729358,-12.191910259263675,-11.967878443226622,-11.711043504253729,-11.42210940906035,-11.101868105917807,-10.751197353978334,-10.371058317398171,-9.962492930853445,-9.526621043669643
3.1428533008188456e-14,-0.7067149941321631,-1.411492931588598,-2.1124020650312434,-2.8075212512448813,-3.4949452168572654,-4.172789780560862,-4.839197017523072,-5.492340351828688,-6.130429562997839,-6.751715692855748,-7.3544958393055415,-7.937117823864515,-8.497984720170594,-9.03555923104636,-9.548367902123847,-10.035005160480534,-10.494137167216977,-10.924505473416627,-11.32493046946671,-11.694314618286246,-12.031645463598904,-12.335998405005256,-12.606539232248217,-12.842526411725396,-13.043313118981098,-13.208349011607254,-13.337181737693674,-13.429458175693208,-13.484925402303366,-13.503431385711481,-13.484925402303368,-13.429458175693208,-13.33718173769367,-13.208349011607256,-13.0433131189811,-12.842526411725409,-12.606539232248213,-12.335998405005247,-12.031645463598911,-11.694314618286256,-11.324930469466718,-10.92450547341664,-10.494137167216987,-10.035005160480527
3.264457486965027e-14,-0.7340594144639536,-1.466106823096738,-2.194135734835275,-2.9161506730371083,-3.6301726449432943,-4.334244565959851,-5.026436623890829,-5.7048515684190235,-6.367629911337552,-7.012955023277632,-7.6390581129634345,-8.244223075346003,-8.826791195327992,-9.385165694186316,-9.917816106231745,-10.423282473708936,-10.900179348439156,-11.347199589237503,-11.763117944695919,-12.146794411512223,-12.497177359159904,-12.813306412334274,-13.09431508327443,-13.339433146746028,-13.547988751175023,-13.719410260146198,-13.853227819218828,-13.949074643765032,-14.006688024300972,-14.025910046555252,-14.006688024300974,-13.949074643765032,-13.853227819218825,-13.719410260146201,-13.547988751175026,-13.339433146746043,-13.094315083274429,-12.81330641233426,-12.497177359159913,-12.146794411512232,-11.763117944695926,-11.347199589237515,-10.90017934843917,-10.423282473708934
3.3666927097060955e-14,-0.7570484495616878,-1.5120218819449531,-2.262850967449185,-3.007477735740456,-3.7438612166052745,-4.4699830341079325,-5.183852938818887,-5.883514262949712,-6.567049283443856,-7.232584478322077,-7.878295661876001,-8.502412984634319,-9.103225784397255,-9.679087275042624,-10.228419060252211,-10.749715459786334,-11.241547636448729,-11.70256751243003,-12.131511464295253,-12.527203786487865,-12.888559913856975,-13.214589394375015,-13.504398603897911,-13.757193195526773,-13.972280276857468,-14.14907030915059,-14.287078723216148,-14.385927247584037,-14.44534494531984,-14.465168956644138,-14.445344945319842,-14.385927247584037,-14.287078723216148,-14.149070309150595,-13.972280276857472,-13.757193195526787,-13.504398603897908,-13.214589394375004,-12.888559913856984,-12.527203786487878,-12.131511464295265,-11.702567512430042,-11.24154763644874,-10.74971545978633
3.448966008900529e-14,-0.7755487639550699,-1.548971802655907,-2.3181492173134,-3.0809727460987877,-3.8353515427429072,-4.579217907400335,-5.31053295407119,-6.027292199045528,-6.727531055054228,-7.409330216065975,-8.07082091797171,-8.710190060737148,-9.325685177984017,-9.91561924037846,-10.478375279661266,-11.012410820645457,-11.516262109033532,-11.988548123466327,-12.427974360806466,-12.83333638428154,-13.20352312476157,-13.53751992612227,-13.834411326346931,-14.093383566744226,-14.313726822404156,-14.494837147778831,-14.636218132055214,-14.737482259782684,-14.798351973025921,-14.818660432131933,-14.798351973025923,-14.737482259782684,-14.63621813205521,-14.494837147778833,-14.313726822404162,-14.09338356674424,-13.83441132634693,-13.537519926122258,-13.203523124761581,-12.833336384281548,-12.427974360806477,-11.988548123466343,-11.516262109033544,-11.012410820645451
3.494690526129462e-14,-0.7858305680458693,-1.5695072291271726,-2.3488819799885747,-3.1218186086115858,-3.8861985494233435,-4.639926690137431,-5.380937114311277,-6.107198763879122,-6.816721006141358,-7.507559089950227,-8.177819476137577,-8.825665027574072,-9.449320044634465,-10.047075132266695,-10.617291885325011,-11.158407379324565,-11.668938454308758,-12.147485780087676,-12.592737691704759,-13.00347378461934,-13.378568259750661,-13.716993009214885,-14.017820434297333,-14.280225987936134,-14.50349043474834,-14.687001822404161,-14.830257158945749,-14.9328637914532,-14.994540482278914,-15.015118179900433,-14.99454048227892,-14.9328637914532,-14.830257158945745,-14.687001822404165,-14.503490434748343,-14.280225987936149,-14.01782043429733,-13.716993009214873,-13.37856825975067,-13.003473784619352,-12.592737691704768,-12.14748578008769,-11.668938454308773,-11.158407379324562
3.522424565501657e-14,-0.7920669588653442,-1.5819629172523721,-2.3675228252441327,-3.146593517736366,-3.917039616113517,-4.676749381172936,-5.423640501255501,-6.155665799716726,-6.870818846096012,-7.56713945560291,-8.242719061847419,-8.895705948087754,-9.524310322657342,-10.126809224659223,-10.701551246482184,-11.246961060194252,-11.761543735406985,-12.243888836775866,-12.692674289905424,-13.106670005063322,-13.484741248770804,-13.825851754028273,-14.129066560651118,-14.3935545779306,-14.618590862595688,-14.80355860583219,-14.947950823912851,-15.051371747804481,-15.113537907943412,-15.134278911205806,-15.113537907943412,-15.051371747804485,-14.947950823912846,-14.803558605832194,-14.618590862595692,-14.393554577930615,-14.129066560651111,-13.825851754028259,-13.484741248770812,-13.106670005063332,-12.692674289905433,-12.243888836775877,-11.761543735406997,-11.246961060194247
3.532076136878865e-14,-0.7942372511304754,-1.5862975531623917,-2.3740099238633072,-3.155215298378294,-3.927772447076751,-4.6895638445138355,-5.43850147342077,-6.172532547814636,-6.889645139542417,-7.587873692836076,-8.265304411764303,-8.920080505814129,-9.550407279224732,-10.154557050123655,-10.73087388598279,-11.277778142414348,-11.793770792866273,-12.27743753734993,-12.727452678937931,-13.142582757407347,-13.521689930068442,-13.863735090512357,-14.167780716729581,-14.432993440792622,-14.658646333059522,-14.844120894637525,-14.988908752645509,-15.092613053628769,-15.154949551306707,-15.175747385672135,-15.154949551306707,-15.09261305362877,-14.988908752645509,-14.844120894637527,-14.658646333059528,-14.432993440792636,-14.167780716729578,-13.863735090512344,-13.521689930068451,-13.142582757407359,-12.727452678937942,-12.277437537349943,-11.793770792866285,-11.277778142414341
3.508513882272815e-14,-0.788938945090764,-1.5757154633715427,-2.3581730550938858,-3.1341670583867884,-3.9015705276259345,-4.65828006324365,-5.402221577001167,-6.131355976919915,-6.843684756291257,-7.537255471444297,-8.210167093258313,-8.860575217751403,-9.48669712146369,-10.08681664777828,-10.659288910787332,-11.202544803810008,-11.715095300204762,-12.195535534687965,-12.64254865397187,-13.054909426168019,-13.431487599062669,-13.771250998059543,-14.073268355298648,-14.336711862196777,-14.56085943841325,-14.74509671102196,-14.888918698464865,-14.991931194671324,-15.053851849549552,-15.074510942888576,-15.053851849549552,-14.991931194671325,-14.888918698464861,-14.745096711021963,-14.560859438413255,-14.33671186219679,-14.073268355298643,-13.771250998059529,-13.43148759906268,-13.054909426168027,-12.642548653971879,-12.195535534687977,-11.715095300204776,-11.202544803810001
3.4693893089407754e-14,-0.7801412316863325,-1.5581441504835996,-2.331876304469689,-3.099216947591935,-3.858062852484761,-4.606334075269536,-5.341979656536429,-6.062983242881183,-6.767368613589999,-7.4532050973229875,-8.118612863950148,-8.761768077035063,-9.380907892843876,-9.974335292177317,-10.540423731782445,-11.077621602594625,-11.584456482590117,-12.05953917259254,-12.50156750397118,-12.909329907794739,-13.281708735657547,-13.617683323076175,-13.916332787059803,-14.176838550186543,-14.398486584267186,-14.580669367446884,-14.722887549380314,-14.824751319916247,-14.885981477540128,-14.906410194645957,-14.885981477540131,-14.824751319916249,-14.722887549380308,-14.58066936744689,-14.39848658426719,-14.176838550186558,-13.916332787059801,-13.617683323076161,-13.281708735657558,-12.909329907794746,-12.50156750397119,-12.059539172592554,-11.584456482590127,-11.07762160259462
3.414738450793453e-14,-0.7678522136514023,-1.5335997977579734,-2.2951438914181304,-3.0503971552053795,-3.797289492420717,-4.533773723083637,-5.257831195110406,-5.967477317298719,-6.660766998954579,-7.335799981250541,-7.990726045703099,-8.623750085492922,-9.233137025727947,-9.817216579162938,-10.3743878243408,-10.903123593607004,-11.401974658969937,-11.869573704334194,-12.304639073218826,-12.705978281688738,-13.072491286870264,-13.403173502092203,-13.697118550388069,-13.953520748812366,-14.1716773167615,-14.350990302246608,-14.490968220838361,-14.591227402791644,-14.651493044657657,-14.671599962501062,-14.65149304465766,-14.591227402791645,-14.49096822083836,-14.350990302246611,-14.171677316761505,-13.953520748812378,-13.697118550388064,-13.403173502092189,-13.072491286870271,-12.705978281688747,-12.304639073218839,-11.869573704334206,-11.40197465896995,-10.903123593606999
3.332604679588265e-14,-0.7493832740988615,-1.4967125407324438,-2.239939422327117,-2.9770267856614465,-3.7059543255068714,-4.424724102143761,-5.13136601757555,-5.823943215430017,-6.50055738974832,-7.159353988109527,-7.7985272948299205,-8.41632538030415,-9.01105490292259,-9.581085750402863,-10.124855507814392,-10.640873740049075,-11.127726077000334,-11.584078090253305,-12.008678950660292,-12.400364856776555,-12.758062224759188,-13.080790630985785,-13.367665499327451,-13.617900525710507,-13.830809833321247,-14.005809852546658,-14.142420920498147,-14.240268595734168,-14.299084684578226,-14.31870797621904,-14.299084684578226,-14.240268595734172,-14.142420920498145,-14.005809852546662,-13.83080983332125,-13.61790052571052,-13.367665499327446,-13.08079063098577,-12.758062224759193,-12.400364856776562,-12.0086789506603,-11.58407809025332,-11.127726077000347,-10.640873740049074
3.237870761033498e-14,-0.7280810132907907,-1.4541664071324742,-2.1762660319301,-2.892400662804578,-3.6006074245106126,-4.29894517154117,-4.98549980867262,-5.658389537366317,-6.315770013647927,-6.955839403325919,-7.576843320693863,-8.177079637179688,-8.754903146761858,-9.308730075364611,-9.837042421872685,-10.338392118866839,-10.811405001675988,-11.254784574867108,-11.667315565849,-12.047867255850063,-12.395396579139824,-12.708950981999616,-12.987671033606087,-13.230792781671399,-13.43764984638328,-13.607675246905814,-13.740402955434485,-13.835469174546006,-13.892613334341776,-13.911678806651823,-13.892613334341776,-13.83546917454601,-13.740402955434483,-13.607675246905819,-13.437649846383286,-13.230792781671411,-12.987671033606084,-12.708950981999601,-12.395396579139831,-12.047867255850072,-11.667315565849009,-11.254784574867118,-10.811405001675997,-10.338392118866834
3.1308392940425534e-14,-0.704013474870606,-1.4060972977419992,-2.1043271056569304,-2.796789099245215,-3.4815852883148954,-4.156838694111286,-4.820698493985501,-5.471345094370322,-6.1069951181600075,-6.725906292822844,-7.326382225849065,-7.9067770544448015,-8.465499956727658,-9.00101951205881,-9.511867898560602,-9.996644916314278,-10.454021825210578,-10.882744986934147,-11.281639301098854,-11.649611426116389,-11.985652775969497,-12.28884228467618,-12.55834893086751,-12.793434015559475,-12.993453186875486,-13.157858206170127,-13.286198450713167,-13.378122148815125,-13.43337734400906,-13.451812585645673,-13.43337734400906,-13.378122148815127,-13.286198450713163,-13.15785820617013,-12.993453186875492,-12.793434015559487,-12.558348930867506,-12.288842284676166,-11.985652775969502,-11.649611426116396,-11.281639301098865,-10.882744986934158,-10.45402182521059,-9.99664491631427
3.0033651315309924e-14,-0.6753491073712101,-1.3488471297820863,-2.0186480559674673,-2.6829160081459245,-3.3398302740332584,-3.98759029728818,-4.624420612712303,-5.248575712676495,-5.858344831436267,-6.452056634221626,-7.028083798249543,-7.5848474731025535,-8.120821608248093,-8.634537135836812,-9.12458599731552,-9.589625002817783,-10.028379512753968,-10.439646931509824,-10.822300003677373,-11.175289903783687,-11.497649111048611,-11.78849406129194,-12.047027568721434,-12.272541010963694,-12.464416271348764,-12.622127433125023,-12.745242220960401,-12.83342318577905,-12.886428629685795,-12.90411326844324,-12.886428629685795,-12.833423185779054,-12.7452422209604,-12.622127433125025,-12.46441627134877,-12.272541010963703,-12.047027568721433,-11.78849406129193,-11.497649111048622,-11.175289903783698,-10.82230000367738,-10.439646931509834,-10.02837951275398,-9.589625002817776
2.866821088947814e-14,-0.6446452491199164,-1.287523570420765,-1.9268728791097787,-2.560940763172422,-3.1879892866120194,-3.8062997530113893,-4.414177416360471,-5.009956126236997,-5.592002894609289,-6.158722371742811,-6.708561218942928,-7.24001236614828,-7.751619142705124,-8.241979270000254,-8.709748705009268,-9.153645324225065,-9.572452437869226,-9.965022124754217,-10.330278378655448,-10.667220057569633,-10.974923627775395,-11.25254569517501,-11.499325316979006,-11.71458608739747,-11.897737991621272,-12.048279023011673,-12.165796559065601,-12.249968492385278,-12.300564113552204,-12.317444743485607,-12.300564113552205,-12.24996849238528,-12.1657965590656,-12.048279023011677,-11.897737991621279,-11.714586087397482,-11.499325316979002,-11.252545695175,-10.9749236277754,-10.66722005756964,-10.330278378655459,-9.965022124754228,-9.572452437869238,-9.153645324225058
2.7217135633674738e-14,-0.612015770657678,-1.2223540486287048,-1.8293419391172494,-2.4313157305066517,-3.02662545447742,-3.6136394084555814,-4.1907486279962205,-4.756371296842868,-5.308957082576187,-5.846991385967243,-6.368999492388753,-6.8735506139053335,-7.359261810963863,-7.824801782934556,-8.26889451711353,-8.690322786184904,-9.087931484556263,-9.46063079442284,-9.807399172882288,-10.127286151912822,-10.41941494353999,-10.682984843051571,-10.917273423673512,-11.121638516691542,-11.295519971590936,-11.438441191390163,-11.550010438960092,-11.629921910748207,-11.677956574964924,-11.693982771934474,-11.677956574964925,-11.62992191074821,-11.55001043896009,-11.438441191390169,-11.29551997159094,-11.121638516691553,-10.91727342367351,-10.68298484305156,-10.419414943539998,-10.127286151912832,-9.807399172882294,-9.46063079442285,-9.087931484556274,-8.6903227861849
2.5637292303168962e-14,-0.5764907600007304,-1.1514013988997054,-1.7231561265972464,-2.290187803126878,-2.8509422340771406,-3.4038824305303264,-3.9474928218424505,-4.4802834097167485,-5.000793852185694,-5.507597466306716,-5.999305138600998,-6.474569132516946,-6.932086782482465,-7.370604064420641,-7.788919032942648,-8.185885115796484,-8.560414256541803,-8.911479896837058,-9.238119790164452,-9.539438639280839,-9.81461055016521,-10.062881295736789,-10.283570383139049,-10.476072918923347,-10.639861267019775,-10.774486494950992,-10.879579604324919,-10.954852542233699,-11.000098990786682,-11.01519493261342,-11.000098990786682,-10.954852542233699,-10.879579604324919,-10.774486494950995,-10.639861267019779,-10.476072918923357,-10.283570383139049,-10.062881295736778,-9.814610550165215,-9.539438639280847,-9.238119790164461,-8.911479896837067,-8.560414256541813,-8.185885115796479
