hough_viz/data/file_3_3_2.json
{"header": {"discipline": 0, "disciplineName": "Meteorological products", "gribEdition": 2, "gribLength": 133963, "center": 7, "centerName": "US National Weather Service - NCEP(WMC)", "subcenter": 0, "refTime": "2014-11-30T06:00:00.000Z", "significanceOfRT": 1, "significanceOfRTName": "Start of forecast", "productStatus": 0, "productStatusName": "Operational products", "productType": 1, "productTypeName": "Forecast products", "productDefinitionTemplate": 0, "productDefinitionTemplateName": "Analysis/forecast at horizontal level/layer at a point in time", "parameterCategory": 2, "parameterCategoryName": "Momentum", "parameterNumber": 2, "parameterNumberName": "U-component_of_wind", "parameterUnit": "m.s-1", "genProcessType": 2, "genProcessTypeName": "Forecast", "forecastTime": 6, "surface1Type": 100, "surface1TypeName": "Isobaric surface", "surface1Value": 85000, "surface2Type": 255, "surface2TypeName": "Missing", "surface2Value": 0, "gridDefinitionTemplate": 0, "gridDefinitionTemplateName": "Latitude_Longitude", "numberPoints": 65160, "shape": 6, "shapeName": "Earth spherical with radius of 6,371,229.0 m", "gridUnits": "degrees", "resolution": 48, "winds": "true", "scanMode": 0, "nx": 360, "ny": 181, "basicAngle": 0, "subDivisions": 0, "lo1": 0, "la1": 90, "lo2": 359, "la2": -90, "dx": 1, "dy": 1}, "data":
[rows 60 to 79 of 181, columns 180 to 224 of 360]
5.756406326365017,5.748517371556183,5.724872130206455,5.685535412278819,5.630615036982842,5.560261537249747,5.474667747132096,5.374068273259043,5.258738851795895,5.128995592670429,4.985194113137559,4.827728563057182,4.6570305445567595,4.47356792903993,4.277843574783504,4.070393948637844,3.8517876556085886,3.622623880349794,3.383530744840452,3.1351635867458487,2.8782031631825076,2.61335378481034,2.341341385366012,2.062911531929029,1.7788273813742526,1.489867588611904,1.1968241723485962,0.9005003442191094,0.6017083072391395,0.30126702961324875,2.467347603761072e-15,-0.3012670296132438,-0.6017083072391346,-0.9005003442191046,-1.1968241723485915,-1.489867588611899,-1.778827381374248,-2.062911531929025,-2.341341385366007,-2.6133537848103447,-2.878203163182503,-3.135163586745836,-3.3835307448404475,-3.62262388034979,-3.8517876556085926
3.7755385042661493,3.7703642599632836,3.7548557092986656,3.7290553601316816,3.693033929426035,3.6468901494194714,3.590750497005578,3.524768847069398,3.449126050727082,3.3640294396255324,3.2697122576607853,3.166433021672709,3.054474812868285,2.9341445009157296,2.805771902836053,2.6697088789975076,2.5263283686908227,2.3760233679284934,2.2192058522700266,2.0563056476256,1.8877692521330738,1.7140586123376884,1.5356498570286445,1.3530319922031924,1.1667055607352115,0.9771812704219647,0.7849785941695284,0.5906243461536665,0.3946512378587992,0.19759641795282548,1.6182954005074937e-15,-0.19759641795282226,-0.39465123785879597,-0.5906243461536634,-0.7849785941695252,-0.9771812704219611,-1.1667055607352084,-1.353031992203189,-1.5356498570286417,-1.7140586123376913,-1.887769252133071,-2.0563056476255914,-2.219205852270023,-2.376023367928491,-2.5263283686908253
1.8257281059115413,1.8232260089947918,1.8157265763182737,1.8032503633056745,1.7858315663896496,1.7635179292817804,1.73637061211038,1.704464023784825,1.6678856180459192,1.6267356537612563,1.5811269201226406,1.5311844274987565,1.4770450647904212,1.4188572242276392,1.356780394636808,1.2909847242929215,1.2216505545549983,1.1489679255629315,1.0731360553506752,0.9943627938034779,0.9128640529557703,0.8288632151913162,0.7425905209676011,0.6542824377427451,0.564181011834651,0.47253320498885926,0.3795902174735734,0.2856067995571851,0.19084055325549898,0.09555122626250047,7.825552283562753e-16,-0.09555122626249893,-0.19084055325549737,-0.2856067995571836,-0.3795902174735719,-0.47253320498885765,-0.5641810118346495,-0.6542824377427436,-0.7425905209675996,-0.8288632151913176,-0.912864052955769,-0.9943627938034739,-1.073136055350674,-1.14896792556293,-1.2216505545549998
-0.07728869172017737,-0.07718277025431033,-0.07686529618008493,-0.07633713967187108,-0.0755997483699462,-0.07465514341261335,-0.07350591389640186,-0.07215520977953384,-0.07060673324810733,-0.06886472856866144,-0.0669339704549375,-0.06481975098071997,-0.06252786507462979,-0.06006459463662866,-0.05743669131976741,-0.05465135802437396,-0.051716229155405136,-0.04863934969707237,-0.04542915316209957,-0.042094438476051384,-0.0386443458600886,-0.03508833177825899,-0.031436143017985405,-0.027697789974798846,-0.023883519214541057,-0.020003785388239412,-0.016069222576634595,-0.012090615142905227,-0.008078868173477624,-0.004044977587941634,-3.312797212389057e-17,0.004044977587941559,0.00807886817347756,0.012090615142905162,0.016069222576634554,0.02000378538823933,0.023883519214541057,0.027697789974798718,0.03143614301798528,0.035088331778259166,0.03864434586008856,0.04209443847605126,0.045429153162099487,0.04863934969707228,0.051716229155405045
-1.9377039331918537,-1.9350483772954887,-1.9270889883005207,-1.9138475823389343,-1.8953604531840704,-1.8716782727719181,-1.8428659523128617,-1.8090024643745561,-1.770180626423621,-1.726506846419404,-1.6781008311571697,-1.6250952581600944,-1.567635412019388,-1.5058787861793375,-1.4399946512587227,-1.3701635910918037,-1.2965770077606085,-1.2194365969751069,-1.1389537952392919,-1.0553492003184366,-0.9688519665959264,-0.8796991769770541,-0.788135193061231,-0.6944109853638294,-0.5987834454234614,-0.5015146816801145,-0.4028713010541405,-0.30312367819521796,-0.20254521440423431,-0.10141158825931042,-8.305510218175242e-16,0.10141158825930874,0.20254521440423265,0.30312367819521635,0.40287130105413893,0.5015146816801127,0.5987834454234597,0.6944109853638277,0.7881351930612296,0.8796991769770559,0.9688519665959252,1.0553492003184324,1.1389537952392905,1.219436596975105,1.2965770077606098
-3.7026012868116616,-3.6975270004304157,-3.682318049552941,-3.6570161208564325,-3.6216905651687292,-3.576438207382522,-3.5213830810650517,-3.4566760884907195,-3.382494587028445,-3.299041903017439,-3.20654677446385,-3.1052627240857955,-2.9954673644251844,-2.8774616369310664,-2.7515689871000313,-2.618134477934562,-2.477523844149374,-2.330122489717948,-2.17633443150703,-2.016581191894507,-1.8513006434058306,-1.6809458085359137,-1.5059836180459167,-1.3268936311384878,-1.144166721019354,-0.9583037294479595,-0.7698140939650233,-0.5792144515596509,-0.387027222603263,-0.19377917893164537,-1.5870325850444707e-15,0.19377917893164215,0.3870272226032598,0.5792144515596479,0.7698140939650204,0.9583037294479562,1.144166721019351,1.326893631138485,1.5059836180459139,1.6809458085359168,1.851300643405828,2.016581191894499,2.1763344315070268,2.3301224897179456,2.477523844149376
-5.372398165463546,-5.365035480493188,-5.34296760618984,-5.3062550290630535,-5.254998375734868,-5.1893381371292495,-5.109454283396236,-5.015565770626242,-4.907929940706669,-4.786841815965641,-4.652633290536344,-4.505672220658269,-4.346361416408802,-4.175137537628835,-3.992469897068486,-3.79885917403344,-3.5948360420578376,-3.380959714364952,-3.1578164111026124,-2.9260177525545763,-2.6861990827317728,-2.439017727938618,-2.185151195087235,-1.9252953146981076,-1.660162333677029,-1.39047896309581,-1.1169843863277533,-0.8404282329974051,-0.5615685242978706,-0.2811695953073758,-2.302751575978016e-15,0.2811695953073711,0.5615685242978661,0.8404282329974008,1.116984386327749,1.3904789630958054,1.6601623336770244,1.9252953146981033,2.1851511950872315,2.439017727938622,2.6861990827317683,2.9260177525545648,3.1578164111026084,3.380959714364948,3.594836042057841
-6.9627062768493335,-6.953164129882801,-6.924563843344772,-6.876983808632669,-6.810554439314384,-6.725457813673773,-6.621927175646728,-6.500246295515744,-6.360748692115338,-6.20381671868006,-6.029880514840887,-5.839416827642401,-5.6329477048122305,-5.411039063864562,-5.174299140959564,-4.923376823770301,-4.658959872926819,-4.381773036911985,-4.092576065576274,-3.7921616277163035,-3.4813531384246654,-3.1610025021665056,-2.831987777768507,-2.495210771720692,-2.1515945663875646,-1.802080989903473,-1.4476280346871697,-1.0892072316511796,-0.7278009873031129,-0.3643998910376621,-2.9843995843713526e-15,0.36439989103765613,0.7278009873031068,1.0892072316511743,1.4476280346871642,1.8020809899034667,2.1515945663875584,2.495210771720686,2.831987777768502,3.161002502166511,3.4813531384246605,3.792161627716289,4.092576065576269,4.381773036911979,4.658959872926823
-8.400484650780289,-8.388972078521657,-8.354465916906099,-8.297060744924108,-8.2169139061619,-8.114245077533582,-7.989335667162011,-7.842528043058658,-7.674224594716727,-7.484886630189485,-7.275033111676975,-7.045239233086723,-6.79613484346715,-6.528402720635174,-6.242776699729655,-5.940039661820246,-5.62102138808489,-5.286596285437213,-4.937680989837943,-4.575231853859536,-4.200242325390142,-3.8137402246621313,-3.4167849270681683,-3.0104644594869048,-2.595892518077008,-2.1742054157133377,-1.7465589674323627,-1.3141253224234808,-0.8780897512495827,-0.4396473971027645,-3.600669323602593e-15,0.4396473971027573,0.8780897512495753,1.3141253224234741,1.7465589674323558,2.17420541571333,2.595892518077001,3.0104644594868977,3.4167849270681607,3.813740224662138,4.200242325390136,4.575231853859517,4.937680989837936,5.286596285437207,5.6210213880848965
-9.699900644619683,-9.686607267902144,-9.646763573971104,-9.580478771622124,-9.487934542891038,-9.36938454507613,-9.22515371548111,-9.055637380784525,-8.861300173476852,-8.642674758335097,-8.400360372425693,-8.135021182637377,-7.847384465245831,-7.538238612500054,-7.208430971693968,-6.8588655226463375,-6.490500399955043,-6.104345266816635,-5.701458547609706,-5.282944526827318,-4.84995032230984,-4.403662741074838,-3.9453050263614093,-3.476133504805498,-2.997434142935993,-2.5105190224297935,-2.0167227437871498,-1.5173987682844658,-1.0139157082310264,-0.5076535756977254,-4.157633296768295e-15,0.5076535756977172,1.0139157082310184,1.5173987682844579,2.0167227437871422,2.5105190224297846,2.9974341429359854,3.4761335048054907,3.945305026361401,4.403662741074846,4.849950322309832,5.282944526827296,5.7014585476096995,6.104345266816628,6.490500399955048
-10.88893678906924,-10.874013879640177,-10.82928605401046,-10.754875908041145,-10.650987394770148,-10.517905265391136,-10.355994288770326,-10.16569825164033,-9.94753874221162,-9.702113720535438,-9.430095879536912,-9.132230801210525,-8.809334913031588,-8.462293250185395,-8.092057029747247,-7.699641043462526,-7.286120876273173,-6.852629958214021,-6.400356457759859,-5.930540025138315,-5.444468394534618,-4.9434738545018755,-4.428929596250615,-3.9022459498271362,-3.3648665184969717,-2.8182642219286103,-2.263937259023087,-1.7034050014549302,-1.1382038291800356,-0.5698829193249169,-4.667285554698026e-15,0.5698829193249074,1.138203829180026,1.7034050014549214,2.2639372590230775,2.8182642219286014,3.364866518496963,3.902245949827128,4.428929596250606,4.943473854501884,5.44446839453461,5.93054002513829,6.400356457759851,6.852629958214013,7.286120876273181
-11.881938108938236,-11.865654325711631,-11.81684760874977,-11.735651733871338,-11.622289253325508,-11.477070885791731,-11.300394664721424,-11.092744847355913,-10.854690587411048,-10.586884375066374,-10.29006024853494,-9.965031782115613,-9.612689856242362,-9.234000215643029,-8.830000822300118,-8.401799010469086,-7.950568451552262,-7.477545937146985,-6.984027989085816,-6.471367305760414,-5.940969054469115,-5.394287019951229,-4.8328196196639714,-4.258105796724366,-3.671720801773245,-3.0752718753226467,-2.4703938424213163,-1.8587446317128797,-1.2420007311686945,-0.6218525929507669,-5.092912115472358e-15,0.6218525929507567,1.242000731168684,1.85874463171287,2.4703938424213066,3.075271875322637,3.671720801773236,4.258105796724356,4.832819619663961,5.39428701995124,5.9409690544691065,6.471367305760388,6.984027989085807,7.477545937146975,7.950568451552268
-12.703559064883978,-12.686149278692335,-12.633967639131221,-12.547157172447577,-12.425955820096453,-12.270695786560033,-12.081802628798272,-11.859794089826776,-11.605278679619252,-11.318954007223914,-11.001604868665606,-10.65410109587449,-10.277395172537053,-9.872519623404676,-9.440584184214988,-8.982772759983293,-8.500340180001379,-7.9946087584375,-7.466964669965166,-6.918854150354828,-6.351779532441985,-5.76729512833752,-5.167002969166073,-4.552548414010092,-3.9256156400950686,-3.287923026576744,-2.641218444583299,-1.9872744664220947,-1.3278835070822037,-0.6648529113494295,-5.445080531306327e-15,0.6648529113494185,1.327883507082193,1.9872744664220838,2.6412184445832882,3.287923026576733,3.925615640095059,4.552548414010081,5.167002969166062,5.7672951283375316,6.351779532441976,6.918854150354799,7.466964669965157,7.99460875843749,8.500340180001388
-13.393552747436988,-13.375197348883846,-13.320181464095977,-13.22865588778949,-13.100871485207165,-12.93717850451429,-12.738025616792807,-12.503958686264994,-12.23561927411765,-11.933742880027404,-11.599156926207293,-11.23277848949998,-10.835611787733795,-10.408745427231574,-9.953349419016352,-9.470671971892406,-8.962036071191857,-8.42883585256368,-7.872532780744803,-7.294651643786968,-6.6967763737184915,-6.080545705096893,-5.447648683351194,-4.799820035225826,-4.138835414015303,-3.4665065326218873,-2.7846761977764682,-2.0952132590334136,-1.4000074863838603,-0.7009643905274321,-5.740830025475981e-15,0.7009643905274207,1.4000074863838485,2.0952132590334025,2.784676197776457,3.4665065326218754,4.138835414015292,4.799820035225815,5.447648683351184,6.080545705096904,6.696776373718483,7.294651643786938,7.872532780744793,8.428835852563669,8.962036071191866
-13.862340723393292,-13.843342867211625,-13.7864013704699,-13.691672305852725,-13.559415319141678,-13.389992917544264,-13.183869476086862,-12.941609964795038,-12.66387840015,-12.351436025065533,-12.00513922237414,-11.625937167541238,-11.214869227041081,-10.773062109525602,-10.301726777594299,-9.802155128629822,-9.275716453797243,-8.723853684911962,-8.148079439463958,-7.549971874638456,-6.931170361696643,-6.293370992573186,-5.638321931005962,-4.967818620940779,-4.283698865344435,-3.5878377889144404,-2.882142698492578,-2.16854785526943,-1.4490091731089267,-0.7254988575242998,-5.94176491845776e-15,0.7254988575242878,1.4490091731089147,2.1685478552694186,2.882142698492567,3.587837788914429,4.283698865344424,4.967818620940767,5.638321931005949,6.293370992573196,6.931170361696633,7.549971874638427,8.148079439463947,8.723853684911951,9.275716453797248
-14.141505419384098,-14.122124977688824,-14.064036773046581,-13.967400021188627,-13.832479596734666,-13.659645307189917,-13.449370879328475,-13.202232660741092,-12.918908040106574,-12.6001735905164,-12.246902940941936,-11.860064381678159,-11.440718210327155,-10.99001382559622,-10.509186576875836,-9.999554378232803,-9.462514096099554,-8.899537720560202,-8.312168330728062,-7.702015865273153,-7.070752709692045,-6.42010911241569,-5.751868442318537,-5.067862300628439,-4.36996550063511,-3.6600909289571164,-2.9401843024526517,-2.2122188351448706,-1.4781898297794276,-0.7401092088382495,-6.06142227144079e-15,0.7401092088382372,1.4781898297794152,2.212218835144858,2.9401843024526406,3.6600909289571035,4.369965500635098,5.067862300628429,5.751868442318525,6.420109112415701,7.070752709692036,7.70201586527312,8.312168330728053,8.899537720560193,9.46251409609956
-14.280215549970395,-14.260645010861966,-14.201987035024045,-14.104402399891143,-13.968158578165125,-13.793629004691152,-13.581292052898727,-13.331729723613332,-13.045626049832698,-12.723765221839814,-12.367029437791924,-11.976396485676753,-11.552937063263437,-11.09781184339453,-10.612268292662337,-10.097637252189646,-9.555329289886878,-8.986830834183346,-8.39370009983025,-7.77756281694248,-7.1401077749851956,-6.4830821939195005,-5.808286935193814,-5.117571565707813,-4.412829288278244,-3.695991752501508,-2.969023760236401,-2.2339178802187982,-1.4926889865692687,-0.747368736163067,-6.120877092541926e-15,0.7473687361630548,1.4926889865692565,2.2339178802187862,2.96902376023639,3.6959917525014947,4.412829288278233,5.1175715657078005,5.808286935193801,6.483082193919513,7.140107774985186,7.77756281694245,8.393700099830243,8.986830834183337,9.555329289886888
-14.193828825932837,-14.17437667682737,-14.11607354649956,-14.019079239777039,-13.883659611312535,-13.71018583689477,-13.499133396081415,-13.251080768942657,-12.966707850487564,-12.646794087119089,-12.292216340225686,-11.90394648276523,-11.483048735428676,-11.030676749685245,-10.548070445703882,-10.036552613818198,-9.497525288850273,-8.932465907230519,-8.342923257447117,-7.730513234924557,-7.096914412966416,-6.443863441902827,-5.773150289052463,-5.086613332546538,-4.3861343224622615,-3.6736332230765725,-2.9510629503775454,-2.2204040192574053,-1.4836591150588962,-0.7428476043538661,-6.083849463763429e-15,0.7428476043538539,1.4836591150588838,2.2204040192573933,2.9510629503775347,3.6736332230765605,4.386134322462249,5.086613332546526,5.773150289052451,6.44386344190284,7.096914412966408,7.730513234924528,8.342923257447104,8.932465907230506,9.497525288850284
-13.917559881448975,-13.89848634933031,-13.841318032200077,-13.746211624441804,-13.613427806108385,-13.443330528416185,-13.236386016180054,-12.99316148992348,-12.714323611166616,-12.400636655153331,-12.052960416025947,-11.672247850189263,-11.259542464323204,-10.81597545520363,-10.342762609170599,-9.84120096974241,-9.312665282509666,-8.758604227053006,-8.180536446213093,-7.580046383596245,-6.958779940724485,-6.318439965734083,-5.660781585987002,-4.98760739738881,-4.300762523598718,-3.602129558673778,-2.893623407009468,-2.177186034719843,-1.4547811468434209,-0.7283888049640742,-5.965433306265337e-15,0.7283888049640622,1.4547811468434089,2.1771860347198313,2.893623407009457,3.6021295586737656,4.300762523598706,4.9876073973888,5.66078158598699,6.318439965734093,6.958779940724475,7.5800463835962155,8.180536446213084,8.758604227052997,9.312665282509673
-13.505923305210727,-13.487413906713543,-13.431936444196708,-13.339642977528783,-13.210786476686668,-13.045720128382452,-12.844896368003244,-12.608865639517129,-12.338274886744614,-12.033865780130494,-11.696472683876776,-11.327020369008427,-10.926521478640142,-10.496073752392103,-10.036857017561912,-9.550129955299932,-9.037226650651883,-8.499552935924337,-7.938582537396084,-7.355853035936956,-6.752961652605361,-6.131560870776604,-5.493353906800641,-4.840090041604462,-4.173559826034781,-3.495590173082523,-2.8080393504413403,-2.1127918871250206,-1.4117534081044785,-0.7068454111220739,-5.7889950108395856e-15,0.7068454111220622,1.4117534081044665,2.1127918871250095,2.80803935044133,3.495590173082512,4.1735598260347695,4.8400900416044506,5.49335390680063,6.131560870776616,6.752961652605353,7.355853035936926,7.938582537396076,8.499552935924328,9.037226650651892
