hough_viz/data/file_5_0_2.json
{"header": {"discipline": 0, "disciplineName": "Meteorological products", "gribEdition": 2, "gribLength": 133963, "center": 7, "centerName": "US National Weather Service - NCEP(WMC)", "subcenter": 0, "refTime": "2014-11-30T06:00:00.000Z", "significanceOfRT": 1, "significanceOfRTName": "Start of forecast", "productStatus": 0, "productStatusName": "Operational products", "productType": 1, "productTypeName": "Forecast products", "productDefinitionTemplate": 0, "productDefinitionTemplateName": "Analysis/forecast at horizontal level/layer at a point in time", "parameterCategory": 2, "parameterCategoryName": "Momentum", "parameterNumber": 3, "parameterNumberName": "V-component_of_wind", "parameterUnit": "m.s-1", "genProcessType": 2, "genProcessTypeName": "Forecast", "forecastTime": 6, "surface1Type": 100, "surface1TypeName": "Isobaric surface", "surface1Value": 85000, "surface2Type": 255, "surface2TypeName": "Missing", "surface2Value": 0, "gridDefinitionTemplate": 0, "gridDefinitionTemplateName": "Latitude_Longitude", "numberPoints": 65160, "shape": 6, "shapeName": "Earth spherical with radius of 6,371,229.0 m", "gridUnits": "degrees", "resolution": 48, "winds": "true", "scanMode": 0, "nx": 360, "ny": 181, "basicAngle": 0, "subDivisions": 0, "lo1": 0, "la1": 90, "lo2": 359, "la2": -90, "dx": 1, "dy": 1}, "data":
[rows 95 to 113 of 181, columns 308 to 351 of 360]
1.50725402101873,1.4783551218264934,1.4382050475019275,1.387109364353922,1.3254569413836508,1.2537169907566637,1.1724354968150017,1.0822310608066723,0.9837901929566193,0.8778620877094105,0.7652529219071127,0.6468197192967441,0.5234638280621121,0.3961240610198213,0.2657695506869272,0.1333923735972634,7.124345221235919e-15,-0.13339237359726006,-0.26576955068692387,-0.3961240610198233,-0.523463828062109,-0.646819719296741,-0.7652529219071095,-0.8778620877094079,-0.9837901929566164,-1.0822310608066699,-1.1724354968149995,-1.2537169907566652,-1.325456941383649,-1.387109364353921,-1.438205047501926,-1.4783551218264923,-1.507254021018729,-1.524681807006154,-1.5305058438142143,-1.5246818070061539,-1.5072540210187306,-1.4783551218264934,-1.4382050475019275,-1.38710936435392,-1.325456941383648,-1.2537169907566637,-1.1724354968150053,-1.0822310608066723
1.7924888744074303,1.758121107221316,1.7103729768266973,1.6496078753269894,1.5762882618355754,1.4909721428827143,1.3943088256489204,1.2870339763452554,1.169964021349236,1.0439899337071625,0.9100704522912215,0.7692247852177688,0.6225248530581962,0.471087130876061,0.31606415117777875,0.15863573244428109,8.472566248568954e-15,-0.15863573244427714,-0.31606415117777475,-0.47108713087606346,-0.6225248530581924,-0.7692247852177652,-0.9100704522912179,-1.0439899337071596,-1.1699640213492326,-1.2870339763452525,-1.394308825648918,-1.4909721428827156,-1.576288261835573,-1.6496078753269876,-1.710372976826696,-1.7581211072213152,-1.7924888744074297,-1.8132147189249306,-1.8201409045824297,-1.8132147189249306,-1.7924888744074314,-1.758121107221316,-1.7103729768266973,-1.649607875326987,-1.576288261835572,-1.4909721428827143,-1.3943088256489247,-1.2870339763452556
2.071606885132384,2.0318875294666943,1.9767042828145265,1.9064771230034636,1.8217405211239839,1.7231393738817462,1.6114240955442656,1.487444906835227,1.3521453642413757,1.2065551789779598,1.051782380264587,0.8890048825538214,0.7194615208910102,0.5444426226314676,0.365280187270263,0.1833377491217243,9.791874764677721e-15,-0.18333774912171968,-0.3652801872702584,-0.5444426226314704,-0.7194615208910058,-0.8890048825538172,-1.0517823802645825,-1.2065551789779563,-1.352145364241372,-1.4874449068352238,-1.611424095544263,-1.7231393738817475,-1.8217405211239817,-1.9064771230034614,-1.976704282814525,-2.0318875294666934,-2.0716068851323834,-2.095560061531781,-2.1035647605291588,-2.0955600615317804,-2.0716068851323852,-2.0318875294666943,-1.9767042828145265,-1.9064771230034607,-1.8217405211239803,-1.7231393738817462,-1.6114240955442702,-1.4874449068352271
2.341110486651111,2.2962238816010276,2.2338616263140696,2.1544983352083364,2.058738010850005,1.9473094471291026,1.8210606826979545,1.6809525468849769,1.5280513472033002,1.3635207541067824,1.1886129447551712,1.0046590731898393,0.8130591394478135,0.6152713347160508,0.41280094361611763,0.20718888807924135,1.1065738804057157e-14,-0.20718888807923613,-0.4128009436161124,-0.6152713347160539,-0.8130591394478085,-1.0046590731898348,-1.1886129447551665,-1.3635207541067782,-1.528051347203296,-1.6809525468849729,-1.8210606826979512,-1.9473094471291046,-2.0587380108500026,-2.1544983352083342,-2.233861626314068,-2.296223881601026,-2.34111048665111,-2.36817982729662,-2.377225889510325,-2.36817982729662,-2.3411104866511128,-2.2962238816010276,-2.2338616263140696,-2.154498335208333,-2.058738010850001,-1.9473094471291026,-1.82106068269796,-1.680952546884977
2.5981809289844215,2.54836545813289,2.47915538739983,2.3910774472137097,2.2848019638822574,2.161137758004511,2.0210259888576934,1.8655329916068166,1.6958421618501882,1.5132449492643927,1.3191310288924136,1.1149777248774537,0.9023387671342358,0.6828324665260731,0.4581293985421401,0.22993968920920735,1.2280834966892715e-14,-0.22993968920920158,-0.45812939854213425,-0.6828324665260765,-0.9023387671342303,-1.1149777248774484,-1.3191310288924087,-1.513244949264388,-1.6958421618501833,-1.8655329916068126,-2.021025988857689,-2.161137758004513,-2.2848019638822543,-2.3910774472137075,-2.479155387399828,-2.5483654581328885,-2.59818092898442,-2.6282226741418446,-2.6382620577848086,-2.6282226741418446,-2.598180928984423,-2.54836545813289,-2.47915538739983,-2.3910774472137057,-2.284801963882253,-2.161137758004511,-2.0210259888576987,-1.865532991606817
2.8465597953697994,2.7919821041353345,2.716155743243511,2.6196577970859285,2.5032226732998972,2.367736513482874,2.2142304491198486,2.043872754050128,1.8579599531979685,1.6579069552350871,1.4452362842712778,1.2215664925266176,0.9885998421718335,0.7481093500852067,0.5019252941236653,0.2519212836030639,1.345484861363864e-14,-0.2519212836030576,-0.5019252941236588,-0.7481093500852104,-0.9885998421718276,-1.2215664925266119,-1.445236284271272,-1.657906955235082,-1.8579599531979634,-2.0438727540501236,-2.214230449119844,-2.367736513482876,-2.503222673299894,-2.619657797085926,-2.7161557432435086,-2.7919821041353328,-2.8465597953697985,-2.879473447761703,-2.8904725685425348,-2.879473447761703,-2.846559795369801,-2.7919821041353345,-2.716155743243511,-2.619657797085924,-2.5032226732998923,-2.367736513482874,-2.214230449119855,-2.0438727540501285
3.08206457554226,3.022971501494688,2.9408717890006417,2.836390266445367,2.7103221013031744,2.5636267484328306,2.397420648046759,2.212968728926892,2.0116747815528315,1.7950707744087184,1.5648051947779882,1.3226305027597671,1.0703897939894311,0.810002772567797,0.5434511409538861,0.2727635180125456,1.45680102518248e-14,-0.2727635180125388,-0.5434511409538794,-0.8100027725678012,-1.0703897939894247,-1.3226305027597611,-1.5648051947779817,-1.7950707744087129,-2.0116747815528258,-2.212968728926887,-2.3974206480467544,-2.5636267484328332,-2.7103221013031717,-2.8363902664453637,-2.940871789000639,-3.0229715014946867,-3.0820645755422587,-3.117701277168484,-3.129610389555954,-3.117701277168484,-3.0820645755422618,-3.022971501494688,-2.9408717890006417,-2.836390266445362,-2.710322101303168,-2.5636267484328306,-2.397420648046766,-2.2129687289268922
3.3015005063117333,3.2382001408892314,3.1502551171158553,3.038334749725184,2.9032908202924244,2.7461510946623062,2.56811150103044,2.3705270282076176,2.1549014133367734,1.9228756975453962,1.6762157366316093,1.4167987618353,1.146599092974963,0.8676731126816137,0.5821436160854194,0.2921836550628889,1.560521917808682e-14,-0.29218365506288163,-0.582143616085412,-0.8676731126816183,-1.1465990929749559,-1.4167987618352933,-1.6762157366316026,-1.9228756975453907,-2.154901413336767,-2.3705270282076127,-2.568111501030435,-2.7461510946623093,-2.9032908202924212,-3.038334749725182,-3.1502551171158526,-3.238200140889229,-3.301500506311732,-3.3396744593806944,-3.3524314732631946,-3.339674459380694,-3.3015005063117355,-3.2382001408892314,-3.1502551171158553,-3.0383347497251796,-2.903290820292418,-2.7461510946623062,-2.5681115010304474,-2.370527028207618
3.5102053324571005,3.4429034253915836,3.349398944376907,3.2304035149731485,3.0868227642494728,2.919749428415307,2.730455036437993,2.520380232939566,2.2911238140212675,2.0444305594598933,1.7821779538801068,1.5063618979628,1.219081518435836,0.922523192452017,0.6189439079389172,0.3106540865578525,1.6591705337727425e-14,-0.31065408655784466,-0.6189439079389093,-0.9225231924520219,-1.2190815184358288,-1.506361897962793,-1.7821779538801,-2.0444305594598866,-2.291123814021261,-2.520380232939561,-2.7304550364379883,-2.9197494284153107,-3.0868227642494683,-3.2304035149731454,-3.3493989443769037,-3.4429034253915813,-3.5102053324570988,-3.5507924574226917,-3.5643559077601883,-3.550792457422691,-3.5102053324571028,-3.4429034253915836,-3.349398944376907,-3.230403514973143,-3.086822764249466,-2.919749428415307,-2.730455036438001,-2.5203802329395666
3.703653954475423,3.6326430161858223,3.533985471093221,3.4084321626868337,3.256938627454791,3.0806578226745,2.880931351711603,2.659279253608278,2.4173884346682692,2.1570998300814,1.8803943932951237,1.5893780197626692,1.2862655198071575,0.9733637625775451,0.6530541193816214,0.3277743400123451,1.750607991998889e-14,-0.32777434001233696,-0.6530541193816131,-0.9733637625775502,-1.2862655198071495,-1.5893780197626621,-1.8803943932951164,-2.1570998300813935,-2.4173884346682626,-2.6592792536082723,-2.880931351711598,-3.080657822674503,-3.256938627454787,-3.4084321626868306,-3.5339854710932177,-3.6326430161858205,-3.703653954475422,-3.746477849844068,-3.7607887865902208,-3.7464778498440676,-3.7036539544754263,-3.6326430161858223,-3.533985471093221,-3.408432162686828,-3.2569386274547845,-3.0806578226745,-2.8809313517116113,-2.659279253608278
3.8782546049454942,3.803896011564934,3.70058747268115,3.5691152286544594,3.410479862647011,3.225888685580769,3.0167465477724114,2.7846451471741456,2.5313509155911635,2.2587915750690706,1.96904146676506,1.6643057639591978,1.3469036893543347,1.0192508643907885,0.6838409249087433,0.3432265430737026,1.8331365699595166e-14,-0.343226543073694,-0.6838409249087346,-1.0192508643907936,-1.3469036893543265,-1.6643057639591903,-1.9690414667650522,-2.258791575069063,-2.5313509155911564,-2.7846451471741394,-3.0167465477724056,-3.225888685580772,-3.4104798626470068,-3.569115228654455,-3.700587472681147,-3.803896011564931,-3.8782546049454925,-3.923097339028267,-3.938082933530092,-3.923097339028266,-3.8782546049454965,-3.803896011564934,-3.70058747268115,-3.569115228654453,-3.4104798626470045,-3.225888685580769,-3.0167465477724194,-2.7846451471741456
4.040727931916911,3.9632542031762195,3.855617716871036,3.718637651654841,3.553356508534747,3.361032176809376,3.143128360771769,2.9013034400359037,2.63739784826644,2.3534200663673195,2.051531336729256,1.7340292148701664,1.4033300836504743,1.0619507631403164,0.7124893560992724,0.3576054748454774,1.9099329197748423e-14,-0.35760547484546845,-0.7124893560992634,-1.061950763140322,-1.4033300836504659,-1.7340292148701584,-2.051531336729248,-2.3534200663673124,-2.637397848266433,-2.901303440035896,-3.143128360771762,-3.3610321768093794,-3.553356508534743,-3.718637651654837,-3.8556177168710333,-3.9632542031762177,-4.040727931916909,-4.087449281237483,-4.103062673458482,-4.087449281237483,-4.040727931916913,-3.9632542031762195,-3.855617716871036,-3.7186376516548343,-3.5533565085347396,-3.361032176809376,-3.1431283607717777,-2.9013034400359037
4.186528013029068,4.106258828587131,3.994738535032774,3.8528158691377454,3.681570948084752,3.4823070491235084,3.2565406908439494,3.0059900915540467,2.732562092600963,2.4383376461570956,2.1255559779174478,1.7965975452400316,1.4539659204281075,1.1002687370330853,0.7381978441888284,0.37050882001424934,1.978848318018407e-14,-0.37050882001423996,-0.7381978441888191,-1.1002687370330908,-1.4539659204280986,-1.796597545240023,-2.1255559779174393,-2.438337646157088,-2.7325620926009564,-3.0059900915540396,-3.256540690843944,-3.482307049123513,-3.6815709480847474,-3.852815869137741,-3.99473853503277,-4.106258828587129,-4.186528013029065,-4.234935191397125,-4.251111955834865,-4.234935191397125,-4.186528013029069,-4.106258828587131,-3.994738535032774,-3.8528158691377388,-3.6815709480847443,-3.4823070491235084,-3.2565406908439587,-3.0059900915540467
4.311716646328364,4.229047193820607,4.11419213859936,3.9680255969862435,3.7916599846206993,3.586437550305289,3.3539201606818527,3.0958774134832745,2.8142731698261865,2.5112506080421326,2.189115912796304,1.8503207236297392,1.4974434765021805,1.1331697803373326,0.7602719779175127,0.3815880466809685,2.0380212927765755e-14,-0.3815880466809589,-0.7602719779175029,-1.1331697803373386,-1.4974434765021711,-1.8503207236297308,-2.1891159127962956,-2.5112506080421246,-2.814273169826179,-3.0958774134832683,-3.353920160681846,-3.586437550305293,-3.791659984620694,-3.96802559698624,-4.114192138599357,-4.2290471938206045,-4.311716646328361,-4.36157133167187,-4.378231825592577,-4.36157133167187,-4.311716646328366,-4.229047193820607,-4.11419213859936,-3.9680255969862372,-3.791659984620691,-3.586437550305289,-3.353920160681863,-3.095877413483276
4.424082359372141,4.3392584953527,4.221410254067706,4.071434531792059,3.890472734330091,3.679902090228199,3.4413251692340356,3.1765576857730613,2.8876146802653704,2.5766951834514575,2.246165480440389,1.8985411018513423,1.5364676791067748,1.1627008095796398,0.7800850848336757,0.3915324415638748,2.091133251317787e-14,-0.39153244156386496,-0.7800850848336659,-1.1627008095796458,-1.5364676791067657,-1.8985411018513336,-2.24616548044038,-2.576695183451449,-2.887614680265363,-3.176557685773054,-3.441325169234029,-3.679902090228203,-3.890472734330087,-4.071434531792056,-4.221410254067703,-4.3392584953526985,-4.424082359372139,-4.475236285302798,-4.4923309608807465,-4.475236285302796,-4.424082359372144,-4.3392584953527,-4.221410254067706,-4.071434531792053,-3.890472734330083,-3.679902090228199,-3.4413251692340454,-3.1765576857730613
4.519335463321746,4.4326852914534625,4.312299707988656,4.159094919908306,3.9742369081572804,3.759132553825314,3.5154189309324417,3.244950847307196,2.94978672837904,2.6321729513180077,2.2945267487479635,1.9394178121467873,1.5695487349427102,1.1877344441462663,0.7968807770562192,0.39996236608300595,2.136156584244283e-14,-0.39996236608299585,-0.7968807770562093,-1.1877344441462723,-1.569548734942701,-1.9394178121467784,-2.2945267487479546,-2.632172951317999,-2.9497867283790327,-3.24495084730719,-3.515418930932435,-3.759132553825318,-3.9742369081572755,-4.159094919908302,-4.312299707988652,-4.432685291453461,-4.5193354633217435,-4.571590763464793,-4.589053497495895,-4.571590763464792,-4.519335463321749,-4.4326852914534625,-4.312299707988656,-4.159094919908299,-3.974236908157273,-3.759132553825314,-3.515418930932452,-3.2449508473071966
4.593311943213456,4.50524340469617,4.382887243528797,4.227174663978502,4.039290732797484,3.8206653601494405,3.572962417129838,3.298067072702194,2.9980714464239306,2.675258686153358,2.3320855919158006,1.9711639181719525,1.5952404967895297,1.2071763319939754,0.809924826398965,0.40650930382907724,2.171123084492472e-14,-0.4065093038290671,-0.8099248263989548,-1.2071763319939817,-1.59524049678952,-1.9711639181719434,-2.3320855919157903,-2.6752586861533496,-2.9980714464239226,-3.298067072702187,-3.5729624171298315,-3.820665360149444,-4.039290732797479,-4.227174663978498,-4.382887243528795,-4.505243404696168,-4.593311943213453,-4.646422604325309,-4.6641711838315665,-4.646422604325309,-4.593311943213458,-4.50524340469617,-4.382887243528797,-4.227174663978495,-4.039290732797475,-3.8206653601494405,-3.5729624171298475,-3.2980670727021955
4.654474748538437,4.565233522656745,4.441248113104261,4.283462123712129,4.093076401133404,3.871539895674941,3.6205386339106878,3.341982887001385,3.037992632377552,2.7108814194312316,2.363138762008087,1.9974111917038333,1.6164821161608904,1.2232506356553592,0.8207094791935785,0.4119222280372026,2.2000329386881106e-14,-0.41192222803719236,-0.8207094791935685,-1.2232506356553654,-1.6164821161608804,-1.9974111917038242,-2.3631387620080777,-2.710881419431223,-3.0379926323775432,-3.341982887001378,-3.6205386339106806,-3.871539895674945,-4.0930764011333975,-4.283462123712124,-4.441248113104257,-4.565233522656742,-4.654474748538435,-4.708292611135063,-4.726277524016141,-4.708292611135063,-4.654474748538441,-4.565233522656745,-4.441248113104261,-4.2834621237121215,-4.093076401133395,-3.871539895674941,-3.6205386339106975,-3.3419828870013855
4.699005430386585,4.60891040835126,4.483738795172186,4.324443222406351,4.132236025547794,3.9085800174224805,3.6551773552994393,3.37395658644615,3.067057970719306,2.7368171918950646,2.3857475817051013,2.0165209918645544,1.631947459667284,1.2349538219051113,0.8285614398727519,0.4158632049838849,2.221081278649334e-14,-0.4158632049838745,-0.8285614398727414,-1.2349538219051177,-1.6319474596672738,-2.0165209918645446,-2.3857475817050906,-2.7368171918950557,-3.067057970719297,-3.373956586446142,-3.655177355299432,-3.9085800174224845,-4.1322360255477895,-4.324443222406346,-4.483738795172183,-4.608910408351258,-4.699005430386584,-4.753338183759617,-4.771495163410167,-4.753338183759617,-4.699005430386588,-4.60891040835126,-4.483738795172186,-4.324443222406344,-4.132236025547786,-3.9085800174224805,-3.65517735529945,-3.3739565864461505
