hough_viz/data/file_5_1_1.json
{"header": {"discipline": 0, "disciplineName": "Meteorological products", "gribEdition": 2, "gribLength": 133963, "center": 7, "centerName": "US National Weather Service - NCEP(WMC)", "subcenter": 0, "refTime": "2014-11-30T06:00:00.000Z", "significanceOfRT": 1, "significanceOfRTName": "Start of forecast", "productStatus": 0, "productStatusName": "Operational products", "productType": 1, "productTypeName": "Forecast products", "productDefinitionTemplate": 0, "productDefinitionTemplateName": "Analysis/forecast at horizontal level/layer at a point in time", "parameterCategory": 2, "parameterCategoryName": "Momentum", "parameterNumber": 2, "parameterNumberName": "U-component_of_wind", "parameterUnit": "m.s-1", "genProcessType": 2, "genProcessTypeName": "Forecast", "forecastTime": 6, "surface1Type": 100, "surface1TypeName": "Isobaric surface", "surface1Value": 85000, "surface2Type": 255, "surface2TypeName": "Missing", "surface2Value": 0, "gridDefinitionTemplate": 0, "gridDefinitionTemplateName": "Latitude_Longitude", "numberPoints": 65160, "shape": 6, "shapeName": "Earth spherical with radius of 6,371,229.0 m", "gridUnits": "degrees", "resolution": 48, "winds": "true", "scanMode": 0, "nx": 360, "ny": 181, "basicAngle": 0, "subDivisions": 0, "lo1": 0, "la1": 90, "lo2": 359, "la2": -90, "dx": 1, "dy": 1}, "data":
[rows 57 to 75 of 181, columns 0 to 42 of 360]
-8.682837142821064,-8.649796326072424,-8.550925336392554,-8.386976641712849,-8.159197990594755,-7.869322916109786,-7.519557542606135,-7.112563795770264,-6.65143914376514,-6.139693023627202,-5.5812201323314525,-4.980270785795805,-4.341418571410533,-3.6695255402766196,-2.969705204061101,-2.2472836180856466,-1.5077588468296144,-0.7567591203395235,-5.316704357236784e-16,0.7567591203395244,1.5077588468296135,2.2472836180856484,2.9697052040611003,3.6695255402766187,4.3414185714105304,4.980270785795803,5.5812201323314525,6.139693023627202,6.651439143765138,7.112563795770262,7.519557542606135,7.869322916109786,8.159197990594754,8.386976641712847,8.550925336392554,8.649796326072424,8.682837142821064,8.649796326072424,8.550925336392554,8.386976641712849,8.159197990594755,7.8693229161097875,7.519557542606133
-8.10317404173952,-8.07233901809557,-7.980068620312347,-7.827065081831373,-7.614492851966551,-7.343969733741769,-7.017554571433049,-6.637731581520418,-6.207391446300508,-5.7298093140488175,-5.208619873163758,-4.647789689993256,-4.051587020869761,-3.424549328102313,-2.771448747148589,-2.0972557677825554,-1.4071014056660425,-0.7062381522213506,-4.961763076575111e-16,0.7062381522213514,1.4071014056660416,2.0972557677825563,2.7714487471485882,3.4245493281023123,4.051587020869758,4.647789689993253,5.208619873163757,5.729809314048817,6.207391446300506,6.637731581520418,7.017554571433049,7.343969733741769,7.614492851966549,7.827065081831373,7.980068620312347,8.07233901809557,8.10317404173952,8.07233901809557,7.980068620312347,7.827065081831375,7.614492851966551,7.34396973374177,7.017554571433046
-7.418703885586728,-7.3904734775341305,-7.305997103827603,-7.165917680679283,-6.971301297081595,-6.7236291012263045,-6.424786028072432,-6.077046453853055,-5.683056886698885,-5.2458158251133655,-4.768650937588536,-4.2551937370384945,-3.7093519427933646,-3.1352797404956365,-2.5373461662390695,-1.9201018555659175,-1.2882444103827113,-0.6465826473732487,-4.542645983652909e-16,0.6465826473732494,1.2882444103827104,1.920101855565918,2.5373461662390686,3.1352797404956347,3.7093519427933628,4.255193737038492,4.768650937588535,5.245815825113365,5.683056886698884,6.077046453853054,6.424786028072432,6.7236291012263045,6.971301297081594,7.165917680679282,7.305997103827604,7.3904734775341305,7.418703885586728,7.3904734775341305,7.305997103827603,7.165917680679283,6.971301297081595,6.7236291012263045,6.424786028072431
-6.662439272197391,-6.6370866793212695,-6.5612218492330046,-6.435422159098004,-6.260645020518128,-6.038220593051287,-5.769841660894049,-5.457550749771756,-5.10372458208446,-4.711055988614342,-4.282533414457489,-3.821418175152237,-3.3312196360986968,-2.815668504169033,-2.2786884347755163,-1.7243661704836621,-1.156920438433667,-0.5806698432795304,-4.079567464605079e-16,0.5806698432795312,1.1569204384336664,1.7243661704836628,2.278688434775516,2.815668504169032,3.3312196360986945,3.8214181751522345,4.282533414457487,4.7110559886143415,5.1037245820844594,5.457550749771756,5.769841660894049,6.038220593051287,6.260645020518128,6.435422159098004,6.5612218492330046,6.6370866793212695,6.662439272197391,6.6370866793212695,6.5612218492330046,6.435422159098004,6.260645020518128,6.038220593051287,5.7698416608940475
-5.848469842498692,-5.826214649046662,-5.759618444150798,-5.649188065142244,-5.495763953884944,-5.300513760505574,-5.064923456871042,-4.79078602744532,-4.480187823595046,-4.135492685195844,-3.759323950383545,-3.354544490366963,-2.9242349212493464,-2.471670158679699,-2.000294493767254,-1.5136953799464008,-1.0155761302898971,-0.5097277330602525,-3.5811549362629227e-16,0.5097277330602531,1.0155761302898965,1.5136953799464017,2.0002944937672535,2.4716701586796983,2.9242349212493437,3.354544490366961,3.759323950383544,4.135492685195843,4.480187823595045,4.79078602744532,5.064923456871042,5.300513760505574,5.495763953884944,5.649188065142244,5.759618444150798,5.826214649046662,5.848469842498692,5.826214649046662,5.759618444150798,5.649188065142245,5.495763953884944,5.300513760505574,5.064923456871041
-4.938780934202233,-4.919987381688863,-4.863749754431234,-4.770496054729988,-4.640935999547973,-4.476055619135624,-4.2771097527453765,-4.045612498547256,-3.783325690427576,-3.4922454893692314,-3.174587191461307,-2.8327683681582068,-2.4693904671011166,-2.0872190135306554,-1.6891625629699283,-1.2782505653607572,-0.8576103091203978,-0.4304431205883685,-3.02413113138037e-16,0.43044312058836903,0.8576103091203974,1.2782505653607577,1.6891625629699276,2.087219013530655,2.4693904671011158,2.832768368158206,3.174587191461307,3.492245489369231,3.783325690427575,4.045612498547255,4.2771097527453765,4.476055619135624,4.640935999547973,4.770496054729987,4.863749754431234,4.919987381688863,4.938780934202233,4.919987381688863,4.863749754431234,4.770496054729989,4.640935999547973,4.476055619135624,4.2771097527453765
-3.9645138225741,-3.9494276505597576,-3.904283949395039,-3.8294262899043208,-3.7254243840766157,-3.5930697492133428,-3.4333696840037233,-3.2475396023735397,-3.0369937834512677,-2.8033346080499477,-2.5483403635816506,-2.2739517102165157,-1.9822569112870505,-1.6754759403432418,-1.3559435858133888,-1.026091681854373,-0.6884306006253488,-0.345530146839803,-2.427564581495405e-16,0.34553014683980354,0.6884306006253482,1.0260916818543735,1.3559435858133886,1.6754759403432413,1.9822569112870492,2.2739517102165148,2.54834036358165,2.803334608049947,3.0369937834512672,3.247539602373539,3.4333696840037233,3.5930697492133428,3.7254243840766152,3.82942628990432,3.90428394939504,3.9494276505597576,3.9645138225741,3.9494276505597576,3.904283949395039,3.8294262899043217,3.7254243840766157,3.5930697492133428,3.4333696840037233
-2.940204760881013,-2.9290163940937735,-2.8955364439590268,-2.840019713113045,-2.762888717399484,-2.664730470268693,-2.5462920152509083,-2.408474740503908,-2.252327518704864,-2.079038724495936,-1.8899271902356893,-1.686432168888511,-1.470102380440507,-1.2425842252052626,-1.0056092537233379,-0.760980988617109,-0.5105611986946208,-0.2562557297647852,-1.8003561746253703e-16,0.25625572976478556,0.5105611986946204,0.7609809886171094,1.0056092537233376,1.2425842252052621,1.4701023804405056,1.68643216888851,1.8899271902356891,2.0790387244959354,2.2523275187048637,2.4084747405039075,2.5462920152509083,2.664730470268693,2.7628887173994836,2.840019713113045,2.895536443959027,2.9290163940937735,2.940204760881013,2.9290163940937735,2.8955364439590268,2.8400197131130454,2.762888717399484,2.664730470268693,2.546292015250908
-1.8374593341618548,-1.8304672466512286,-1.8095441981272442,-1.7748494256228506,-1.7266469773060835,-1.665303702914067,-1.5912864618050062,-1.505158569876573,-1.4075755123917864,-1.299279955340366,-1.1810960933021188,-1.0539233768285228,-0.9187296670809275,-0.7765438698227061,-0.6284481048251255,-0.4755694702824848,-0.3190714649142974,-0.1601451330374938,-1.125119346072371e-16,0.160145133037494,0.31907146491429716,0.47556947028248503,0.6284481048251254,0.776543869822706,0.9187296670809268,1.053923376828522,1.1810960933021186,1.2992799553403656,1.407575512391786,1.5051585698765728,1.5912864618050062,1.665303702914067,1.7266469773060835,1.7748494256228504,1.8095441981272442,1.8304672466512286,1.8374593341618548,1.8304672466512286,1.8095441981272442,1.7748494256228509,1.7266469773060835,1.665303702914067,1.591286461805006
-0.6839071782153432,-0.6813047049250115,-0.6735170914471719,-0.6606036062226806,-0.6426625286714712,-0.6198304012268274,-0.5922809901650188,-0.5602239631390141,-0.5239032934810443,-0.48359540341822593,-0.43960706033250657,-0.3922730420756564,-0.3419535891076717,-0.2890316628493551,-0.2339100311146654,-0.17700820280445462,-0.11875923519042696,-0.05960643808781324,-4.187723683576593e-17,0.05960643808781332,0.11875923519042689,0.1770082028044547,0.23391003111466535,0.28903166284935505,0.3419535891076715,0.3922730420756562,0.43960706033250657,0.48359540341822593,0.5239032934810441,0.5602239631390142,0.5922809901650188,0.6198304012268274,0.6426625286714712,0.6606036062226804,0.6735170914471719,0.6813047049250115,0.6839071782153432,0.6813047049250115,0.6735170914471719,0.6606036062226807,0.6426625286714712,0.6198304012268275,0.5922809901650187
0.5071070118618435,0.5051773165819164,0.4994029168883972,0.48982775944963153,0.47652471699536647,0.4595950337112755,0.43916755470957314,0.41539774543991115,0.3884665085034349,0.3585788068747565,0.32596210400995795,0.29086463271234386,0.2535535059309218,0.21431268386957256,0.17344081287843932,0.131248952574875,0.08805820849193159,0.044197288271364446,3.1051348945089275e-17,-0.0441972882713645,-0.08805820849193152,-0.13124895257487504,-0.1734408128784393,-0.21431268386957247,-0.2535535059309217,-0.2908646327123437,-0.32596210400995784,-0.35857880687475646,-0.38846650850343484,-0.41539774543991104,-0.43916755470957314,-0.4595950337112755,-0.47652471699536647,-0.4898277594496315,-0.4994029168883973,-0.5051773165819164,-0.5071070118618435,-0.5051773165819164,-0.4994029168883972,-0.48982775944963153,-0.47652471699536647,-0.4595950337112756,-0.43916755470957314
1.7519732225940456,1.7453064355468977,1.725356812680399,1.6922761826704753,1.6463163090861324,1.5878269743166777,1.5172533175165328,1.435132446827485,1.342089351661417,1.2388321461534983,1.1261466799860498,1.0048905575979505,0.8759866112970229,0.740415877948947,0.5992101326943494,0.45344403651697684,0.30422695742471545,0.15269452748919224,1.0727741996208355e-16,-0.15269452748919238,-0.3042269574247153,-0.45344403651697707,-0.599210132694349,-0.7404158779489467,-0.8759866112970224,-1.00489055759795,-1.1261466799860496,-1.2388321461534981,-1.3420893516614167,-1.435132446827485,-1.5172533175165328,-1.5878269743166777,-1.6463163090861321,-1.6922761826704749,-1.725356812680399,-1.7453064355468977,-1.7519732225940456,-1.7453064355468977,-1.725356812680399,-1.6922761826704753,-1.6463163090861324,-1.5878269743166777,-1.5172533175165324
3.0276954127271782,3.0161741175955137,2.9816979162132218,2.924529193290121,2.845103037327074,2.7440239293297854,2.6220611423433473,2.4801428868198707,2.3193492463764755,2.1409039577067905,1.9461650972058029,1.7366147451884646,1.5138477063635896,1.2795593724070493,1.0355328190074193,0.7836252355833306,0.5257537909505993,0.26388104250991457,1.8539287479947313e-16,-0.2638810425099149,-0.5257537909505989,-0.783625235583331,-1.0355328190074191,-1.279559372407049,-1.5138477063635882,-1.7366147451884637,-1.9461650972058024,-2.14090395770679,-2.3193492463764747,-2.4801428868198703,-2.6220611423433473,-2.7440239293297854,-2.845103037327074,-2.9245291932901205,-2.981697916213222,-3.0161741175955137,-3.0276954127271782,-3.0161741175955137,-2.9816979162132218,-2.9245291932901214,-2.845103037327074,-2.7440239293297854,-2.6220611423433464
4.324043801898751,4.307589509768008,4.258351860474273,4.176705582259175,4.0632720525993,3.9189145691483986,3.7447317795209645,3.542049319920506,3.3124097262475973,3.057560694470267,2.7794417796023936,2.480169634518914,2.1620219009493757,1.827419875249095,1.4789100808718803,1.1191448877889079,0.7508623263517035,0.3768652492278931,2.647713200684128e-16,-0.37686524922789355,-0.7508623263517029,-1.1191448877889083,-1.4789100808718798,-1.8274198752490947,-2.162021900949374,-2.480169634518913,-2.779441779602393,-3.0575606944702662,-3.312409726247596,-3.5420493199205048,-3.7447317795209645,-3.9189145691483986,-4.063272052599299,-4.176705582259174,-4.258351860474273,-4.307589509768008,-4.324043801898751,-4.307589509768008,-4.258351860474273,-4.176705582259175,-4.0632720525993,-3.918914569148399,-3.744731779520964
5.644036417901421,5.622559155350124,5.55829082263257,5.451720540567024,5.303659373348897,5.115234155862497,4.887878917787155,4.623323969765468,4.323582734694526,3.990936424361926,3.627916678046632,3.237286295215421,2.8220182089507113,2.385272860134702,1.9303741445859384,1.4607841162050976,0.9800766386543716,0.49191018609703013,3.4559755667270336e-16,-0.49191018609703074,-0.9800766386543707,-1.460784116205098,-1.9303741445859381,-2.3852728601347017,-2.822018208950709,-3.237286295215419,-3.6279166780466316,-3.9909364243619243,-4.323582734694526,-4.623323969765467,-4.887878917787155,-5.115234155862497,-5.303659373348896,-5.451720540567023,-5.55829082263257,-5.622559155350124,-5.644036417901421,-5.622559155350124,-5.55829082263257,-5.451720540567024,-5.303659373348897,-5.115234155862498,-4.887878917787155
6.969824032701086,6.943301748009251,6.8639367445348425,6.732333037876202,6.549492211705492,6.31680579511218,6.036044672226444,5.709345604721639,5.339194969767774,4.928409837199908,4.480116529915728,3.9977268306705667,3.484912016350544,2.9455749173386843,2.3838202146191163,1.8039232006762955,1.2102972419377198,0.607460190390541,4.267786346133841e-16,-0.6074601903905417,-1.2102972419377187,-1.803923200676296,-2.383820214619116,-2.945574917338684,-3.484912016350541,-3.9977268306705636,-4.480116529915727,-4.928409837199907,-5.339194969767772,-5.709345604721639,-6.036044672226444,-6.31680579511218,-6.549492211705491,-6.732333037876201,-6.863936744534843,-6.943301748009251,-6.969824032701086,-6.943301748009251,-6.8639367445348425,-6.732333037876204,-6.549492211705492,-6.316805795112181,-6.036044672226443
8.296301313547389,8.264731382327493,8.170261854906833,8.013611701431342,7.7959731241569195,7.519002484070386,7.184807694982246,6.795932181029792,6.355335519683656,5.86637091757622,5.332759690574423,4.758562942319015,4.148150656773695,3.5061684400084783,2.8375021643324123,2.147240783855124,1.4406376044732652,0.7230703030405944,5.080019424198896e-16,-0.7230703030405953,-1.4406376044732643,-2.147240783855125,-2.8375021643324114,-3.506168440008478,-4.1481506567736925,-4.758562942319012,-5.332759690574422,-5.866370917576219,-6.3553355196836545,-6.795932181029791,-7.184807694982246,-7.519002484070386,-7.7959731241569195,-8.013611701431342,-8.170261854906835,-8.264731382327493,-8.296301313547389,-8.264731382327493,-8.170261854906833,-8.013611701431344,-7.7959731241569195,-7.519002484070388,-7.184807694982246
9.612921627240821,9.576341558228782,9.466879747605491,9.285369265844645,9.033191517311467,8.712265726941379,8.325034333779396,7.87444440254418,7.363925194686076,6.797362069636805,6.179066914878166,5.51374532987469,4.8064608136204106,4.062596228354091,3.2878128327273273,2.488007196207839,1.6692663226253919,0.8378213243972001,5.886216850627419e-16,-0.8378213243972011,-1.6692663226253908,-2.48800719620784,-3.2878128327273264,-4.0625962283540895,-4.806460813620408,-5.513745329874687,-6.179066914878165,-6.7973620696368044,-7.363925194686073,-7.874444402544178,-8.325034333779396,-8.712265726941379,-9.033191517311463,-9.285369265844643,-9.466879747605491,-9.576341558228782,-9.612921627240821,-9.576341558228782,-9.466879747605491,-9.285369265844647,-9.033191517311467,-8.71226572694138,-8.325034333779396
10.906888520044774,10.865384516346328,10.741188375779942,10.535245305966999,10.249122658020612,9.88499799805722,9.445642534603635,8.934400028026811,8.355161342498473,7.712334834169368,7.010812800917137,6.255934249005417,5.453444260022387,4.609450267340913,3.730375574862805,2.822910471797634,1.8939613155221386,0.9505979700304078,6.678543057364922e-16,-0.9505979700304091,-1.8939613155221373,-2.822910471797635,-3.730375574862804,-4.609450267340911,-5.453444260022383,-6.255934249005414,-7.010812800917136,-7.712334834169366,-8.355161342498471,-8.93440002802681,-9.445642534603635,-9.88499799805722,-10.249122658020609,-10.535245305966999,-10.741188375779942,-10.865384516346328,-10.906888520044774,-10.865384516346328,-10.741188375779942,-10.535245305967003,-10.249122658020612,-9.884997998057223,-9.445642534603632
