hough_viz/data/file_4_2_1.json
{"header": {"discipline": 0, "disciplineName": "Meteorological products", "gribEdition": 2, "gribLength": 133963, "center": 7, "centerName": "US National Weather Service - NCEP(WMC)", "subcenter": 0, "refTime": "2014-11-30T06:00:00.000Z", "significanceOfRT": 1, "significanceOfRTName": "Start of forecast", "productStatus": 0, "productStatusName": "Operational products", "productType": 1, "productTypeName": "Forecast products", "productDefinitionTemplate": 0, "productDefinitionTemplateName": "Analysis/forecast at horizontal level/layer at a point in time", "parameterCategory": 2, "parameterCategoryName": "Momentum", "parameterNumber": 3, "parameterNumberName": "V-component_of_wind", "parameterUnit": "m.s-1", "genProcessType": 2, "genProcessTypeName": "Forecast", "forecastTime": 6, "surface1Type": 100, "surface1TypeName": "Isobaric surface", "surface1Value": 85000, "surface2Type": 255, "surface2TypeName": "Missing", "surface2Value": 0, "gridDefinitionTemplate": 0, "gridDefinitionTemplateName": "Latitude_Longitude", "numberPoints": 65160, "shape": 6, "shapeName": "Earth spherical with radius of 6,371,229.0 m", "gridUnits": "degrees", "resolution": 48, "winds": "true", "scanMode": 0, "nx": 360, "ny": 181, "basicAngle": 0, "subDivisions": 0, "lo1": 0, "la1": 90, "lo2": 359, "la2": -90, "dx": 1, "dy": 1}, "data":
[rows 114 to 132 of 181, columns 215 to 257 of 360]
8.81653955008125,8.062121680158441,7.268425963811553,6.439319206788602,5.578840733868235,4.6911827096756165,3.7806697148774715,2.8517376772600582,1.9089122603347026,0.956786814760162,8.398689377995591e-15,-0.9567868147601454,-1.9089122603346622,-2.851737677260042,-3.7806697148774555,-4.6911827096756005,-5.578840733868265,-6.439319206788588,-7.268425963811538,-8.062121680158425,-8.816539550081217,-9.528004125551474,-10.193049222673702,-10.808434808584751,-11.371162786568446,-11.878491602481269,-12.327949601328624,-12.717347068919448,-13.044786899933753,-13.308673840428972,-13.507722259756841,-13.640962414026676,-13.707745170600115,-13.707745170600115,-13.64096241402668,-13.507722259756854,-13.308673840428977,-13.044786899933756,-12.717347068919452,-12.327949601328614,-11.878491602481278,-11.371162786568458,-10.808434808584764
9.940695605806154,9.09008541323755,8.195189238267863,7.260366925106879,6.290172834096258,5.289333653323932,4.262725370674544,3.2153495185069123,2.152308806690919,1.0787822627180248,9.469567296797548e-15,-1.0787822627180057,-2.152308806690873,-3.2153495185068937,-4.262725370674526,-5.289333653323914,-6.290172834096293,-7.260366925106865,-8.195189238267846,-9.090085413237531,-9.940695605806113,-10.742875728618438,-11.492717640751067,-12.186568187781853,-12.821046999591315,-13.393062959185912,-13.899829262309359,-14.338876994472763,-14.708067159257968,-15.005601099293017,-15.230029259130056,-15.38025824733381,-15.455556163374695,-15.455556163374695,-15.38025824733381,-15.230029259130067,-15.005601099293024,-14.708067159257975,-14.33887699447277,-13.899829262309346,-13.393062959185922,-12.82104699959133,-12.186568187781866
11.026091809039118,10.082605915407301,9.089998579255651,8.053105683749328,6.976978866847077,5.866860910229065,4.728160196991185,3.566424362546594,2.3873132671034,1.1965714213947385,1.05035223435852e-14,-1.1965714213947174,-2.3873132671033495,-3.5664243625465737,-4.728160196991165,-5.866860910229046,-6.976978866847114,-8.053105683749312,-9.089998579255631,-10.082605915407282,-11.026091809039075,-11.915859691716106,-12.74757470375316,-13.517184813215218,-14.220940557009955,-14.855413307894892,-15.417511978404715,-15.904498080318607,-16.313999066299743,-16.644019888707323,-16.892952719268152,-17.05958478225438,-17.143104263004926,-17.143104263004926,-17.05958478225438,-16.892952719268166,-16.64401988870733,-16.313999066299747,-15.904498080318616,-15.417511978404695,-14.855413307894901,-14.22094055700997,-13.517184813215232
12.048423902686505,11.01745860786082,9.932817362168729,8.799784428731463,7.623879830108597,6.410832455303222,5.166552149190203,3.8971009203463662,2.6086634075538178,1.307516748861563,1.1477402134735366e-14,-1.30751674886154,-2.608663407553762,-3.8971009203463436,-5.1665521491901805,-6.4108324553032014,-7.623879830108637,-8.799784428731444,-9.93281736216871,-11.0174586078608,-12.04842390268646,-13.020690487361573,-13.929521576817532,-14.770489437341801,-15.539496958051753,-16.23279761160685,-16.847013706913337,-17.379152844895607,-17.82662249716389,-18.18724263655181,-18.459256357989695,-18.641338437969416,-18.732601790900137,-18.732601790900137,-18.641338437969416,-18.459256357989705,-18.187242636551815,-17.82662249716389,-17.37915284489562,-16.84701370691332,-16.23279761160686,-15.539496958051771,-14.77048943734182
13.029222223293408,11.914331509015675,10.741395369250462,9.51612823096755,8.244499472501161,6.932704341339004,5.587133771498812,4.2143432475406355,2.8210208669047425,1.4139547561732801,1.2411716600228938e-14,-1.4139547561732553,-2.8210208669046826,-4.214343247540611,-5.587133771498789,-6.932704341338981,-8.244499472501207,-9.516128230967528,-10.74139536925044,-11.91433150901565,-13.029222223293358,-14.080635876592018,-15.06345008728054,-15.972876683316489,-16.804485029739272,-17.554223614278097,-18.218439785912576,-18.793897550221217,-19.277793334821165,-19.667769648090868,-19.96192656463237,-20.158830981516843,-20.25752360021795,-20.25752360021795,-20.158830981516843,-19.96192656463239,-19.667769648090875,-19.277793334821173,-18.79389755022123,-18.218439785912555,-17.554223614278108,-16.804485029739286,-15.972876683316505
13.955842240793713,12.761662061997677,11.505308348433395,10.192901929105105,8.830836716165063,7.425748554416537,5.984482892144493,4.514061430780072,3.0216479158767613,1.514513236062247,1.3294420483562192e-14,-1.5145132360622204,-3.021647915876697,-4.514061430780047,-5.9844828921444675,-7.425748554416512,-8.830836716165111,-10.192901929105084,-11.505308348433374,-12.76166206199765,-13.95584224079366,-15.08203095902888,-16.13474153847222,-17.108845278998615,-17.999596445100845,-18.802655386635653,-19.514109681163113,-20.130493194875367,-20.648802969252284,-21.06651385117342,-21.38159079521021,-21.59249877816274,-21.698210277538436,-21.698210277538436,-21.59249877816274,-21.38159079521023,-21.066513851173426,-20.648802969252294,-20.130493194875378,-19.5141096811631,-18.802655386635667,-17.999596445100863,-17.108845278998633
14.79907880994863,13.532744161393879,12.200479343591526,10.808775016815096,9.364411424650935,7.874425361333294,6.346075889189667,4.786808973219265,3.2042212050996928,1.6060227933560252,1.409769278515739e-14,-1.6060227933559972,-3.204221205099625,-4.786808973219236,-6.346075889189639,-7.874425361333267,-9.364411424650987,-10.808775016815073,-12.200479343591503,-13.532744161393852,-14.799078809948577,-15.993313834139439,-17.109631040972715,-18.142591845228402,-19.087163765701103,-19.9387449429423,-20.693186559057153,-21.346813050328084,-21.896440014191963,-22.339389723329152,-22.673504171281884,-22.897155586044814,-23.00925436040655,-23.00925436040655,-22.897155586044814,-22.673504171281905,-22.339389723329155,-21.896440014191974,-21.346813050328095,-20.693186559057136,-19.938744942942318,-19.087163765701124,-18.142591845228424
15.590681141331103,14.256610286152966,12.85308265873018,11.38693610458142,9.865313542341871,8.29562816418196,6.685527319479743,5.042855257703916,3.375614912018594,1.6919289097975003,1.4851777996754632e-14,-1.6919289097974706,-3.3756149120185226,-5.042855257703886,-6.685527319479714,-8.295628164181933,-9.865313542341923,-11.386936104581395,-12.853082658730157,-14.25661028615294,-15.590681141331043,-16.848795765158375,-18.024824749652943,-19.11303859981618,-20.10813564715704,-21.005267878887683,-21.80006455695457,-22.488653511834762,-23.067680007356845,-23.534323084638167,-23.886309305513016,-24.121923828494836,-24.240018763311525,-24.240018763311525,-24.12192382849484,-23.886309305513038,-23.534323084638174,-23.067680007356852,-22.488653511834773,-21.80006455695455,-21.005267878887697,-20.10813564715706,-19.1130385998162
16.317492414995883,14.92122942538684,13.452271705894082,11.917775870867839,10.325217829769285,8.682356365291442,6.9971953333492705,5.277944669098676,3.5329803889573776,1.770803783494981,1.5544142851385107e-14,-1.77080378349495,-3.532980388957302,-5.277944669098645,-6.997195333349239,-8.682356365291414,-10.325217829769342,-11.91777587086781,-13.452271705894058,-14.921229425386812,-16.317492414995822,-17.63425822178758,-18.865111695112283,-20.004056240572734,-21.045543034829816,-21.984498058911804,-22.81634681832483,-23.537036629530096,-24.143056364210945,-24.631453555136897,-24.99984878028728,-25.246447255156124,-25.37004757676185,-25.37004757676185,-25.246447255156127,-24.9998487802873,-24.631453555136908,-24.14305636421095,-23.53703662953011,-22.816346818324806,-21.984498058911818,-21.045543034829837,-20.00405624057276
16.946390251802832,15.496313431523843,13.970740129890483,12.377102786678186,10.723165442831135,9.016985914835512,7.266876537847022,5.481363668830061,3.669146147003311,1.8390529139695935,1.6143234768551892e-14,-1.8390529139695613,-3.669146147003232,-5.48136366883003,-7.266876537846992,-9.016985914835484,-10.723165442831192,-12.377102786678162,-13.970740129890453,-15.496313431523813,-16.946390251802768,-18.313905962220137,-19.59219816369702,-20.775039145121177,-21.856666224129942,-22.83180982231915,-23.69571913809957,-24.44418529212447,-25.07356183252707,-25.580782500067208,-25.963376166638298,-26.219478874354976,-26.34784291656859,-26.34784291656859,-26.219478874354984,-25.96337616663832,-25.580782500067222,-25.073561832527073,-24.444185292124487,-23.69571913809954,-22.831809822319165,-21.856666224129963,-20.7750391451212
17.517400336694582,16.0184630525679,14.441485426619423,12.794150335325497,11.084483429661274,9.320814034936204,7.51173457115783,5.66605869162574,3.792778343698279,1.9010199609290177,1.668718245998651e-14,-1.9010199609289844,-3.792778343698198,-5.666058691625707,-7.511734571157798,-9.320814034936173,-11.084483429661331,-12.79415033532547,-14.44148542661939,-16.018463052567874,-17.517400336694514,-18.930994607223713,-20.252358974963506,-21.47505588553721,-22.59312848250165,-23.60112962855268,-24.4941484434307,-25.26783422923547,-25.918417666589228,-26.442729178381594,-26.838214371630734,-27.10294648222918,-27.23563576194484,-27.23563576194484,-27.10294648222918,-26.838214371630755,-26.442729178381608,-25.918417666589242,-25.267834229235486,-24.494148443430674,-23.601129628552698,-22.593128482501676,-21.475055885537234
18.018048612833024,16.476271617738174,14.854223883510778,13.159807863664282,11.401278582725187,9.587203418583659,7.726420363089063,5.827994964242601,3.901176159758357,1.955351217168576,1.7164103063022532e-14,-1.9553512171685419,-3.9011761597582733,-5.827994964242567,-7.726420363089029,-9.587203418583625,-11.401278582725245,-13.159807863664255,-14.854223883510747,-16.476271617738146,-18.01804861283295,-19.47204348625396,-20.83117252113297,-22.08881417743109,-23.238841351416603,-24.27565122629818,-25.194192568585212,-25.989990337189425,-26.659167485375555,-27.198463849343078,-27.605252031416633,-27.877550200463364,-28.014031747174975,-28.014031747174975,-27.877550200463368,-27.60525203141665,-27.198463849343092,-26.65916748537557,-25.98999033718944,-25.194192568585187,-24.275651226298198,-23.238841351416625,-22.08881417743111
18.412758764120095,16.83720702215552,15.179626100049182,13.448091565434087,11.651039280509536,9.797224303368813,7.895678234235569,5.955665214415979,3.9866367923331305,1.998185876533313,1.754010636184188e-14,-1.9981858765332778,-3.9866367923330457,-5.955665214415945,-7.895678234235535,-9.797224303368779,-11.651039280509599,-13.448091565434055,-15.179626100049152,-16.837207022155493,-18.412758764120024,-19.898605396229808,-21.28750802305005,-22.57270005059474,-23.747920152492814,-24.80744277454053,-25.74610602902616,-26.559336842927852,-27.243173237466014,-27.794283630465436,-28.209983067488857,-28.48824630266506,-28.627717665483182,-28.627717665483182,-28.48824630266507,-28.209983067488878,-27.794283630465447,-27.243173237466024,-26.55933684292787,-25.746106029026134,-24.807442774540547,-23.747920152492835,-22.572700050594765
18.747319384115475,17.143139799122103,15.455440560249832,13.692443968543477,11.862739166181942,9.975240291041235,8.039143047910171,6.0638799079415735,4.059074154600561,2.034492999994991,1.7858810850092594e-14,-2.034492999994955,-4.0590741546004745,-6.063879907941538,-8.039143047910137,-9.975240291041201,-11.862739166182006,-13.692443968543447,-15.455440560249798,-17.14313979912207,-18.747319384115404,-20.26016391354329,-21.674302960929023,-22.98284698298234,-24.17942088476228,-25.25819507849854,-26.2139138847573,-27.041921137582886,-27.738182868870577,-28.299306961453524,-28.722559675156656,-29.005878965304042,-29.147884528793217,-29.147884528793217,-29.00587896530405,-28.722559675156678,-28.29930696145353,-27.73818286887058,-27.0419211375829,-26.21391388475728,-25.25819507849856,-24.1794208847623,-22.982846982982366
19.010828707518158,17.384101030800473,15.672679761304494,13.884902771423702,12.029479930945984,10.115450673443885,8.152139957062268,6.149112834260132,4.116127851836145,2.0630895082696843,1.8109831439621344e-14,-2.0630895082696483,-4.116127851836057,-6.149112834260098,-8.15213995706223,-10.115450673443853,-12.02947993094605,-13.884902771423672,-15.672679761304462,-17.384101030800444,-19.01082870751809,-20.544937537734533,-21.978953497437107,-23.305890205016766,-24.51928295821748,-25.61322022951547,-26.5823724664872,-27.422018056852895,-28.12806633169722,-28.69707749479686,-29.126279380961996,-29.413580961746458,-29.55758253272811,-29.55758253272811,-29.41358096174646,-29.126279380962018,-28.697077494796872,-28.128066331697234,-27.422018056852913,-26.582372466487175,-25.61322022951549,-24.519282958217506,-23.305890205016798
19.167087894543496,17.526989357029244,15.8015010891744,13.999029496374435,12.128356039045563,10.198594450232644,8.219146334417267,6.199655363846364,4.14996029552998,2.08004703780627,1.825868489474726e-14,-2.0800470378062332,-4.14996029552989,-6.199655363846329,-8.219146334417232,-10.198594450232608,-12.128356039045627,-13.999029496374403,-15.801501089174362,-17.52698935702921,-19.16708789454342,-20.713806306504353,-22.159609136284605,-23.497452577828916,-24.720818792369723,-25.823747662682134,-26.800865830176033,-27.647412873358878,-28.35926450013095,-28.932952640921684,-29.36568234477608,-29.65534539607481,-29.80053058554874,-29.80053058554874,-29.65534539607481,-29.3656823447761,-28.932952640921695,-28.35926450013096,-27.647412873358896,-26.800865830176004,-25.823747662682145,-24.72081879236975,-23.49745257782895
19.26476993878164,17.616312897420705,15.882030950409154,14.070373345063382,12.190166295129345,10.250569980356769,8.261033919023532,6.231250930833092,4.171109914470785,2.0906476698836274,1.8351737406189382e-14,-2.090647669883591,-4.171109914470696,-6.231250930833056,-8.261033919023498,-10.250569980356733,-12.19016629512941,-14.070373345063349,-15.882030950409122,-17.61631289742067,-19.26476993878157,-20.819370957488637,-22.27254209364674,-23.617203643552617,-24.846804551300117,-25.955354324865752,-26.937452221183783,-27.78831355802338,-28.50379302447981,-29.080404876512226,-29.51533991913836,-29.80647919255005,-29.95240429547244,-29.95240429547244,-29.806479192550054,-29.515339919138384,-29.080404876512233,-28.503793024479815,-27.788313558023397,-26.937452221183754,-25.95535432486577,-24.84680455130014,-23.617203643552642
19.295091994133774,17.644040340648598,15.907028696196559,14.092519606905586,12.20935317866479,10.266704009017527,8.274036489443755,6.241058695796708,4.177675091532763,2.093938274161252,1.8380622381156976e-14,-2.093938274161215,-4.177675091532675,-6.241058695796671,-8.274036489443722,-10.266704009017491,-12.209353178664852,-14.092519606905554,-15.907028696196527,-17.644040340648562,-19.2950919941337,-20.85213989895928,-22.30759827424698,-23.65437627309441,-24.88591252846891,-25.9962071195279,-26.9798508026302,-27.83205136462716,-28.54865697004367,-29.126176388403096,-29.561796003151237,-29.853393519313386,-29.999548303102053,-29.999548303102053,-29.853393519313393,-29.561796003151265,-29.126176388403106,-28.54865697004368,-27.832051364627166,-26.979850802630175,-25.996207119527924,-24.885912528468936,-23.654376273094435
19.223279537536897,17.578372766659236,15.847825930634304,14.040070079693216,12.163912418626678,10.228493398968885,8.243242187635827,6.217830728972466,4.1621266240117105,2.0861450565142228,1.8312213396770087e-14,-2.0861450565141864,-4.162126624011623,-6.217830728972431,-8.243242187635792,-10.228493398968851,-12.16391241862674,-14.040070079693185,-15.847825930634272,-17.578372766659207,-19.223279537536826,-20.77453242282488,-22.22457387439769,-23.56633943606072,-24.793292160871417,-25.89945445848737,-26.879437217385675,-27.728466060072414,-28.442404603370143,-29.017774610460762,-29.451772936505726,-29.74228518528592,-29.88789601032743,-29.88789601032743,-29.74228518528592,-29.45177293650576,-29.017774610460773,-28.442404603370154,-27.72846606007243,-26.879437217385654,-25.89945445848739,-24.793292160871438,-23.566339436060744
