hough_viz/data/file_3_2_0.json
{"header": {"discipline": 0, "disciplineName": "Meteorological products", "gribEdition": 2, "gribLength": 133963, "center": 7, "centerName": "US National Weather Service - NCEP(WMC)", "subcenter": 0, "refTime": "2014-11-30T06:00:00.000Z", "significanceOfRT": 1, "significanceOfRTName": "Start of forecast", "productStatus": 0, "productStatusName": "Operational products", "productType": 1, "productTypeName": "Forecast products", "productDefinitionTemplate": 0, "productDefinitionTemplateName": "Analysis/forecast at horizontal level/layer at a point in time", "parameterCategory": 2, "parameterCategoryName": "Momentum", "parameterNumber": 3, "parameterNumberName": "V-component_of_wind", "parameterUnit": "m.s-1", "genProcessType": 2, "genProcessTypeName": "Forecast", "forecastTime": 6, "surface1Type": 100, "surface1TypeName": "Isobaric surface", "surface1Value": 85000, "surface2Type": 255, "surface2TypeName": "Missing", "surface2Value": 0, "gridDefinitionTemplate": 0, "gridDefinitionTemplateName": "Latitude_Longitude", "numberPoints": 65160, "shape": 6, "shapeName": "Earth spherical with radius of 6,371,229.0 m", "gridUnits": "degrees", "resolution": 48, "winds": "true", "scanMode": 0, "nx": 360, "ny": 181, "basicAngle": 0, "subDivisions": 0, "lo1": 0, "la1": 90, "lo2": 359, "la2": -90, "dx": 1, "dy": 1}, "data":
[rows 100 to 119 of 181, columns 90 to 134 of 360]
18.3600032349851,18.33484148864564,18.259425216225015,18.133961128483797,17.958793113765587,17.73440129542295,17.461400715832678,17.1405396506074,16.77269755762409,16.35888266649127,15.900229215061572,15.397994340564782,14.85355463388196,14.26840236640559,13.644141399827403,12.982482790064916,12.285240097376175,11.55432441551711,10.791739133566342,9.999574444775059,9.180001617492557,8.335267043870584,7.467686082658671,6.579636712966698,5.673553016389411,4.751918505358034,3.817259316005293,2.8721372842018065,1.9191429237421378,0.9608883259264974,4.49690383881191e-15,-0.9608883259264882,-1.919142923742129,-2.8721372842017976,-3.817259316005268,-4.7519185053580255,-5.673553016389403,-6.579636712966675,-7.467686082658663,-8.33526704387059,-9.180001617492536,-9.999574444775051,-10.791739133566349,-11.554324415517092,-12.285240097376183
19.62070343871584,19.593813946562268,19.513219172330476,19.379140020694564,19.19194399328943,18.952144181414358,18.660397859685432,18.317504684491457,17.924404502191415,17.48217477306096,16.99202761804861,16.455306496436556,15.873482523512086,15.248150438342915,14.581024232708202,13.873932453166185,13.128813189135261,12.347708760725553,11.532760120881388,10.686200987178218,9.81035171935793,8.907612959384053,7.98045905144909,7.031431259969027,6.063130804154169,5.078211728248178,4.079373626977246,3.069354246148536,2.05092197867933,1.0268682766244204,4.805686332648564e-15,-1.0268682766244108,-2.0509219786793205,-3.069354246148526,-4.07937362697722,-5.078211728248169,-6.063130804154159,-7.031431259969001,-7.98045905144908,-8.90761295938406,-9.810351719357907,-10.686200987178209,-11.532760120881395,-12.347708760725531,-13.12881318913527
20.69710822284184,20.66874355534161,20.583727298422943,20.442292475736636,20.244826750300664,19.99187136194277,19.684119643799736,19.322415121939432,18.907749203314484,18.441258458384794,17.924221505856828,17.358055508078678,16.744312286696516,16.084674069219396,15.380948878150548,14.635065575323322,13.849068575025065,13.02511224039964,12.165454978487714,11.27245305009016,10.348554111420928,9.396290505251454,8.418272319935229,7.417180235337012,6.395758175275597,5.356805786619453,4.303170765649208,3.237741052720031,2.1634369166179703,1.0832029503061347,5.0693294673419245e-15,-1.0832029503061247,-2.1634369166179606,-3.237741052720021,-4.303170765649179,-5.356805786619444,-6.39575817527559,-7.417180235336987,-8.41827231993522,-9.39629050525146,-10.348554111420905,-11.272453050090151,-12.165454978487722,-13.02511224039962,-13.849068575025077
21.651391701306252,21.621719221464502,21.532783112144,21.384827141038507,21.17825684518054,20.913638419392516,20.591697164386122,20.21331549876347,19.779530540369027,19.29153126362176,18.750655240618787,18.15838497494336,17.516343838225467,16.82629162059312,16.090119707209944,15.309845894119793,14.487608857608203,13.625662292239264,12.726368733635455,11.792193082931798,10.825695850653133,9.829526138532703,8.806414378508542,7.759164848799262,6.690647987572341,5.603792525272723,4.501577457176197,3.387023878170343,2.2631867021435665,1.1331462886784127,5.303061508818053e-15,-1.1331462886784023,-2.2631867021435554,-3.3870238781703317,-4.501577457176167,-5.603792525272714,-6.690647987572332,-7.759164848799235,-8.806414378508531,-9.829526138532714,-10.825695850653108,-11.792193082931792,-12.726368733635464,-13.625662292239241,-14.487608857608208
22.432896560623337,22.402153055532757,22.31000680607154,22.156710378704435,21.942683948283356,21.66851414637729,21.334952453355964,20.942913138634353,20.49347075472377,19.98785719195819,19.427458301968368,18.81381009915893,18.14859455059959,17.433634965870397,16.670890999496876,15.862453279673144,15.010537677995435,14.11747923591204,13.185725764536944,12.217831135369813,11.216448280311678,10.184321920162953,9.124281041534598,8.039231142792413,6.932146270287923,5.8060608667041524,4.664061453859108,3.509278172763952,2.344876204124185,1.1740470927992799,5.4944749937142074e-15,-1.174047092799269,-2.344876204124174,-3.50927817276394,-4.664061453859078,-5.806060866704143,-6.932146270287912,-8.039231142792385,-9.124281041534589,-10.184321920162962,-11.216448280311651,-12.217831135369806,-13.18572576453695,-14.117479235912016,-15.010537677995442
23.00411678503904,22.972590442483416,22.878097826330137,22.720897934271964,22.501421640286207,22.22027051363906,21.8782151700261,21.476193159368194,21.015306396052328,20.496818138660934,19.922149527467816,19.29287568919156,18.61072141968257,17.8775564563776,17.09539035347944,16.26636697390839,15.39275861312316,14.47695977091691,13.521480588259692,12.52893996717665,11.50205839251953,10.443650475306773,9.356617238070447,8.243938163355077,7.108663027163046,5.953903539730673,4.782824816546677,3.598636702990584,2.4045849763697626,1.2039424494693853,5.634383597601992e-15,-1.2039424494693742,-2.4045849763697515,-3.598636702990572,-4.782824816546647,-5.953903539730662,-7.108663027163036,-8.243938163355049,-9.356617238070438,-10.443650475306784,-11.502058392519501,-12.528939967176639,-13.521480588259701,-14.476959770916883,-15.392758613123167
23.441534606761362,23.409408798283337,23.313119427457284,23.152930416755627,22.929280833122103,22.642783684519756,22.294224239718744,21.884557875929193,21.414907460178675,20.886560271611785,20.3009644731474,19.65972514216487,18.964599871098393,18.217493949998413,17.420455144263983,16.575668081860094,15.685448265404391,14.75223572553537,13.77858833295797,12.76717478749787,11.720767303380692,10.642234010785476,9.534531094499313,8.400694691220279,7.243832567717716,6.067115602659669,4.873769095454786,3.6670639259307785,2.4503075890802815,1.2268351294469289,5.741520064654443e-15,-1.2268351294469173,-2.45030758908027,-3.6670639259307674,-4.873769095454756,-6.067115602659659,-7.243832567717705,-8.400694691220249,-9.534531094499304,-10.642234010785485,-11.720767303380665,-12.767174787497861,-13.77858833295798,-14.752235725535346,-15.685448265404396
23.696187053790656,23.663712252984315,23.566376861737027,23.40444766959048,23.1783685132048,22.888759059833056,22.536413108856458,22.122296416035354,21.647544046439855,21.113457263315414,20.521499961410637,19.873294654543614,19.170618028404256,18.41539607078236,17.609698792568953,16.75573455400025,15.855844011695861,14.91249370308164,13.928269285781978,12.905868450512118,11.848093526895337,10.757843802472202,9.638107575955045,8.49195396650886,7.322524501508933,6.13302450583281,4.926714316287527,3.706900345252991,2.4769260180356008,1.2401626087718125,5.803891925484334e-15,-1.240162608771801,-2.4769260180355888,-3.7069003452529796,-4.9267143162874945,-6.1330245058328,-7.322524501508923,-8.491953966508829,-9.638107575955035,-10.75784380247221,-11.848093526895308,-12.90586845051211,-13.928269285781987,-14.912493703081616,-15.855844011695872
23.729558291515897,23.697037756588053,23.599565288330314,23.43740805200293,23.211010509319262,22.9209932002071,22.568151041951886,22.15345115038363,21.67803018907966,21.143191253848848,20.550400301036426,19.901282129439686,19.197615926847305,18.441330393409356,17.634498455204245,16.779331582492357,15.878173728229902,14.933494903456703,13.94788440716762,12.924043729224051,11.864779145757957,10.772994027364012,9.651680881162694,8.503913148546243,7.33283678108936,6.141661617714747,4.933652586747663,3.7121207569742696,2.48041426223236,1.2419091244091736,5.8120655213770946e-15,-1.2419091244091622,-2.4804142622323484,-3.7121207569742585,-4.93365258674763,-6.141661617714736,-7.332836781089349,-8.503913148546212,-9.651680881162685,-10.772994027364021,-11.864779145757929,-12.92404372922404,-13.94788440716763,-14.933494903456683,-15.878173728229909
23.62744038903268,23.595059803141137,23.498006798401683,23.336547390354227,23.11112412801334,22.8223548808721,22.471031145364833,22.058115875430353,21.584740843122134,21.052203536499874,20.461963603304785,19.815638850166696,19.115000808308462,18.36196987790207,17.558610064385242,16.707123321165934,15.809843514221212,14.869230025132781,13.88786101009295,12.868426333357833,11.81372019451635,10.726633469783303,9.610145788308731,8.467317365221467,7.301280613792123,6.115231559706169,4.912421080979615,3.6961459975282778,2.4697400348136735,1.236564686333191,5.787053848894754e-15,-1.2365646863331794,-2.469740034813662,-3.6961459975282662,-4.912421080979583,-6.115231559706158,-7.3012806137921125,-8.467317365221437,-9.61014578830872,-10.726633469783312,-11.813720194516325,-12.868426333357824,-13.887861010092957,-14.869230025132758,-15.809843514221223
23.346062402729384,23.314067435588893,23.218170230148417,23.058633633982318,22.835894925811456,22.55056461695253,22.203424777949074,21.79542689497039,21.327689261854132,20.801493914940647,20.218283119100416,19.57965541458637,18.88736123554609,18.143298112203563,17.34950546986069,16.508159038974252,15.621564891630054,14.692153120759572,13.722471179424115,12.715176898423135,11.673031201364703,10.598890537165762,9.495699050724298,8.366480513222768,7.214330034181402,6.042405577978278,4.8539193080883996,3.6521287827668245,2.440328026308043,1.2218385003542938,5.718136118839381e-15,-1.2218385003542824,-2.4403280263080314,-3.6521287827668125,-4.853919308088368,-6.042405577978268,-7.214330034181391,-8.366480513222738,-9.495699050724289,-10.59889053716577,-11.673031201364674,-12.715176898423126,-13.722471179424126,-14.69215312075955,-15.621564891630062
22.84820288526468,22.81689021728998,22.723038039212284,22.56690359332811,22.348914833300867,22.06966925116956,21.729932239664706,21.330634994320004,20.872871961130116,20.357897836750322,19.787124129460118,19.16211529031721,18.484584425105837,17.756388598832956,16.979523745642126,16.156119198096704,15.28843185082737,14.378839974540803,13.429836697344918,12.444023171258113,11.42410144263235,10.37286704603187,9.293201341867368,8.188063618787329,7.060482982473498,5.913550053072862,4.750408494022599,3.574246395487045,2.388287536024282,1.1957825464331273,5.596195705941743e-15,-1.1957825464331167,-2.3882875360242704,-3.574246395487034,-4.750408494022569,-5.913550053072852,-7.060482982473487,-8.188063618787298,-9.293201341867357,-10.37286704603188,-11.424101442632324,-12.444023171258104,-13.429836697344928,-14.37883997454078,-15.288431850827376
22.222954983177324,22.192499195722213,22.10121531055333,21.949353530454857,21.737330098010275,21.465726154710325,21.135286148084653,20.74691579122281,20.301679580277643,19.800797876755404,19.245643562589546,18.637738277166925,17.978748246619883,17.270479716816325,16.51487400256531,15.714002166608068,14.87005934297905,13.985358720296096,13.062325201471161,12.103488757220084,11.111477491588673,10.089010438502129,9.038890109082168,7.9639948101587805,6.867270755031221,5.751723988102259,4.62041214551936,3.4764360744064833,2.3229313336577664,1.163059599588491,5.443054137548766e-15,-1.1630595995884803,-2.3229313336577557,-3.4764360744064717,-4.62041214551933,-5.751723988102249,-6.867270755031211,-7.963994810158752,-9.03889010908216,-10.089010438502138,-11.111477491588646,-12.103488757220076,-13.06232520147117,-13.985358720296073,-14.870059342979056
21.43426618669419,21.404891269824116,21.3168470338192,21.170374801810457,20.96587604400466,20.70391127728242,20.385198528860386,20.010611368228517,19.581176512756866,19.098071013534657,18.562619029154977,17.97628819628822,17.3406856069919,16.657553403783098,15.928764004546874,15.156314970368985,14.342323530359852,13.489020778476702,12.598745558250071,11.67393805217635,10.717133093347103,9.73095321764777,8.718101475569124,7.68135402333377,6.623552513644808,5.547596306913437,4.456434524313527,3.3530579644454206,2.240490905764969,1.1217828172464492,5.249881095521477e-15,-1.1217828172464388,-2.240490905764959,-3.3530579644454095,-4.456434524313498,-5.547596306913428,-6.6235525136448,-7.681354023333744,-8.718101475569119,-9.730953217647777,-10.717133093347078,-11.673938052176338,-12.598745558250082,-13.489020778476682,-14.342323530359858
20.449186339317922,20.42116144014264,20.33716355691746,20.197422922001678,20.002322554762344,19.75239721174479,19.44833192094215,19.090960104181185,18.68126129277101,18.22035844267592,17.70951485657103,17.15013072121757,16.543739269648217,15.89200257868198,15.196707013287137,14.459758330279017,13.68317645477308,12.869089943710554,12.019730151631782,11.137425114688584,10.22459316965897,9.28373632545406,8.31743340528568,7.328332978291138,6.319146099989262,5.292638881465774,4.251624907655026,3.1989575254992006,2.137522023122793,1.0702277214583584,5.008606119122696e-15,-1.0702277214583484,-2.1375220231227834,-3.198957525499191,-4.251624907654999,-5.292638881465766,-6.319146099989252,-7.328332978291112,-8.317433405285671,-9.283736325454068,-10.224593169658945,-11.137425114688577,-12.019730151631792,-12.869089943710534,-13.683176454773083
19.35360409053328,19.327080648753466,19.247583022324324,19.115329108714086,18.930681406707095,18.694146022819844,18.406371284098213,18.06814596109805,17.680397105919933,17.24418751122384,16.760712797188248,16.23129813439843,15.65739461164592,15.040575258595048,14.382530734217948,13.68506469281579,12.950088840327808,12.179617694478143,11.375763063122745,10.540728255930924,9.676802045266648,8.786352392822542,7.871819959201579,6.935711414235957,5.980592566379286,5.009081330004061,4.023840549880287,3.0275707025030023,2.0230024942740146,1.0128893768254188,4.74026586028734e-15,-1.0128893768254095,-2.0230024942740052,-3.0275707025029925,-4.023840549880261,-5.009081330004053,-5.9805925663792765,-6.935711414235932,-7.871819959201573,-8.78635239282255,-9.676802045266625,-10.540728255930919,-11.375763063122754,-12.179617694478125,-12.950088840327817
18.120620683296856,18.095787002424846,18.021354027201923,17.8975257732394,17.72464164517419,17.503175506384288,17.23373438016221,16.917056785906297,16.5540107148904,16.145591251160177,15.692917844076806,15.197231239984173,14.659890081409328,14.082367183117803,13.466245495230709,12.813213764468419,12.12506190541329,11.403676094478154,10.65103360002785,9.869197362824135,9.060310341648435,8.22658963960071,7.370320427174073,6.49384967876126,5.599579739760903,4.6899617419158774,3.76748888493152,2.8346896027884902,1.8941206334810756,0.9483600111760169,4.438272023672562e-15,-0.9483600111760079,-1.894120633481067,-2.8346896027884814,-3.767488884931496,-4.6899617419158695,-5.5995797397608955,-6.493849678761236,-7.370320427174066,-8.226589639600718,-9.060310341648414,-9.869197362824133,-10.651033600027858,-11.403676094478138,-12.125061905413295
16.724890751618588,16.70196987010994,16.633270050127027,16.51897959310113,16.359411761230742,16.15500391885158,15.90631633365141,15.614030641015194,15.278947975709903,14.901986776029858,14.48418026642111,14.026673625485136,13.530720847123828,12.997681303429427,12.42901601874009,11.82628366507368,11.191136289916205,10.525314788074427,9.830644130004183,9.109028359693296,8.362445375809301,7.59294151041665,6.802625920122841,5.993664805026717,5.1682754713145345,4.328720253777902,3.4773003149113357,2.6163493375857625,1.7482271285860795,0.8753131505447355,4.096416785011774e-15,-0.8753131505447271,-1.7482271285860718,-2.616349337585754,-3.4773003149113126,-4.328720253777895,-5.168275471314527,-5.993664805026696,-6.802625920122834,-7.592941510416656,-8.362445375809283,-9.10902835969329,-9.830644130004192,-10.52531478807441,-11.19113628991621
15.2426624640457,15.221772924890967,15.159161564201563,15.054999995365092,14.909573718001543,14.723281335428709,14.496633462118206,14.230251324136681,13.924865056408322,13.581311701465864,13.200532915175081,12.783572385721609,12.331572972934083,11.845773575784872,11.327505736654079,10.778189991664366,10.199331977090308,9.592518302513927,8.959412202038115,8.301748975477624,7.621331232022857,6.920023949413342,6.199749362163452,5.46248169285118,4.710241740911235,3.9450913437643433,3.1691277254641435,2.3844777483518,1.5932920834742403,0.7977393157442664,3.7333755594154146e-15,-0.797739315744259,-1.5932920834742332,-2.384477748351793,-3.169127725464123,-3.9450913437643376,-4.710241740911229,-5.46248169285116,-6.1997493621634465,-6.920023949413348,-7.62133123202284,-8.30174897547762,-8.95941220203812,-9.592518302513911,-10.199331977090312
13.656543982569943,13.637828163669198,13.58173200572565,13.488409264409022,13.358115730866484,13.191208530616874,12.988145144694517,12.749482155725449,12.475873722373166,12.168069786335218,11.82691401680508,11.4533414980336,11.048376166328012,10.613128003513728,10.148789994551306,9.65663485764755,9.138011555823441,8.594341599500225,8.027115150238131,7.437886936307167,6.828271991284979,6.199941227362032,5.5546168554875175,4.894067664908807,4.220104175043041,3.5345736729693273,2.8393551501432213,2.1363541522117164,1.4274975560451555,0.7147282883016258,3.3448885751338654e-15,-0.7147282883016193,-1.427497556045149,-2.1363541522117098,-2.8393551501432026,-3.5345736729693216,-4.220104175043035,-4.894067664908789,-5.554616855487511,-6.199941227362037,-6.828271991284962,-7.437886936307163,-8.027115150238139,-8.594341599500213,-9.138011555823446
