hough_viz/data/file_3_1_2.json
{"header": {"discipline": 0, "disciplineName": "Meteorological products", "gribEdition": 2, "gribLength": 133963, "center": 7, "centerName": "US National Weather Service - NCEP(WMC)", "subcenter": 0, "refTime": "2014-11-30T06:00:00.000Z", "significanceOfRT": 1, "significanceOfRTName": "Start of forecast", "productStatus": 0, "productStatusName": "Operational products", "productType": 1, "productTypeName": "Forecast products", "productDefinitionTemplate": 0, "productDefinitionTemplateName": "Analysis/forecast at horizontal level/layer at a point in time", "parameterCategory": 2, "parameterCategoryName": "Momentum", "parameterNumber": 3, "parameterNumberName": "V-component_of_wind", "parameterUnit": "m.s-1", "genProcessType": 2, "genProcessTypeName": "Forecast", "forecastTime": 6, "surface1Type": 100, "surface1TypeName": "Isobaric surface", "surface1Value": 85000, "surface2Type": 255, "surface2TypeName": "Missing", "surface2Value": 0, "gridDefinitionTemplate": 0, "gridDefinitionTemplateName": "Latitude_Longitude", "numberPoints": 65160, "shape": 6, "shapeName": "Earth spherical with radius of 6,371,229.0 m", "gridUnits": "degrees", "resolution": 48, "winds": "true", "scanMode": 0, "nx": 360, "ny": 181, "basicAngle": 0, "subDivisions": 0, "lo1": 0, "la1": 90, "lo2": 359, "la2": -90, "dx": 1, "dy": 1}, "data":
[rows 95 to 113 of 181, columns 172 to 214 of 360]
-10.945109366658222,-9.643528479796654,-8.315515351685406,-6.964709973999577,-5.594814810386067,-4.209584648268145,-2.8128163072339163,-1.408338232218023,-9.886416712421236e-15,1.4083382322180031,2.8128163072338968,4.20958464826808,5.594814810386047,6.964709973999602,8.315515351685388,9.643528479796633,10.94510936665816,12.216690469530944,13.454786472998524,14.656003841974279,15.817050123145558,16.934742969358965,18.00601886221288,19.027941508948565,19.997709890624176,20.91266593951333,21.770301824683898,22.568266825788108,23.304373776223873,23.97660505800615,24.58311813191779,25.12225058778145,25.59252470101023,25.992651482948123,26.321534213898314,26.578271449155608,26.76215948980376,26.872694311505267,26.909572945997017,26.872694311505267,26.76215948980376,26.578271449155608,26.321534213898314
-10.794188267511553,-9.510554758925785,-8.20085348081636,-6.868674233350352,-5.517668427246422,-4.151539075511887,-2.7740306437412694,-1.388918786796664,-9.750093828210882e-15,1.3889187867966446,2.7740306437412503,4.15153907551182,5.517668427246402,6.868674233350375,8.20085348081634,9.510554758925768,10.79418826751149,12.048235656350835,13.269259668718753,14.453913562669568,15.598950284224358,16.701231367319824,17.757735536125793,18.765566986152372,19.721963321448438,20.62430312613725,21.47011314953508,22.257075085159276,22.983031925045424,23.645993871955962,24.244143793276322,24.77584220164911,25.239631748694848,25.634241219502705,25.958589016942174,26.211786126245595,26.393138551735884,26.502149219020453,26.538519337437474,26.502149219020453,26.39313855173589,26.2117861262456,25.95858901694218
-10.624327222382806,-9.36089341051596,-8.071802040478612,-6.760586422112395,-5.430840506285763,-4.086209034124545,-2.730377547029655,-1.367062284864572,-9.596663010930442e-15,1.367062284864553,2.730377547029636,4.086209034124481,5.430840506285745,6.760586422112418,8.071802040478595,9.36089341051594,10.624327222382746,11.858640491820971,13.06045005195515,14.226461826317594,15.353479857683377,16.43841506796655,17.478293725168616,18.470265594171355,19.411611749032858,20.299752025374826,21.13225209243373,21.90683012539208,22.621363059701874,23.27389241025667,23.86262963946336,24.385961059499344,24.84245225531861,25.23085201628373,25.550095765647242,25.799308478482494,25.977807080066164,26.08510231813861,26.120900103910266,26.08510231813861,25.977807080066167,25.7993084784825,25.55009576564725
-10.428020507416628,-9.187931283493407,-7.9226585785674075,-6.6356704171747944,-5.3304943444085024,-4.010707757162351,-2.679928098734651,-1.3418029436678376,-9.419344546346229e-15,1.3418029436678187,2.679928098734633,4.010707757162288,5.330494344408485,6.63567041717482,7.922658578567388,9.187931283493388,10.428020507416567,11.639527251971778,12.819130861382991,13.963598124149943,15.069792135056435,16.134680893209147,17.15534561254146,18.128988722003314,19.052941533508672,19.92467155662439,20.741789439950367,21.50205552016552,22.203385960789504,22.843858463833374,23.42171753868499,23.93537931378671,24.383435877917165,24.764659139178097,25.07800419110888,25.322612176702542,25.497812642473047,25.60312537612176,25.63826172276595,25.60312537612176,25.49781264247305,25.322612176702542,25.078004191108885
-10.204643574459627,-8.991118100313843,-7.752948596420058,-6.493528799324331,-5.216310691149309,-3.9247950379512035,-2.622521794363186,-1.3130604008260753,-9.217574297262846e-15,1.3130604008260571,2.6225217943631685,3.92479503795114,5.2163106911492925,6.493528799324355,7.752948596420038,8.991118100313823,10.204643574459569,11.390198829883836,12.544534342038446,13.66448615752134,14.74698456625329,15.789062515339477,16.787863741555363,17.740650600165807,18.644811568618664,19.497868404546878,20.297482938458472,21.041463482496464,21.727770837703176,22.35452388332256,22.920004732821628,23.422663442498052,23.861122259767964,24.234179399490124,24.540812337975435,24.780180615653304,24.9516281407129,25.05468498740522,25.089068684076857,25.05468498740522,24.951628140712906,24.78018061565331,24.54081233797544
-9.964510781503412,-8.779541646371712,-7.570508397845763,-6.340724912020904,-5.093561939950582,-3.832437868652047,-2.5608093515449846,-1.2821618340050125,-9.000668939997554e-15,1.2821618340049943,2.560809351544967,3.832437868651986,5.093561939950565,6.340724912020928,7.570508397845744,8.779541646371692,9.964510781503357,11.122167885207608,12.249339899830956,13.342937325229972,14.399962686876764,15.417518751727965,16.392816469339238,17.323182616458812,18.206067124146305,19.039050067334692,19.819848297676693,20.546321701495486,21.21647906568785,21.82848353550052,22.380657649221646,22.871487935986714,23.299629064096877,23.663907528479704,23.96332486718502,24.19706039809967,24.36447346838016,24.46510521043762,24.49867979966188,24.46510521043762,24.36447346838016,24.19706039809967,23.963324867185023
-9.701641604279517,-8.547932595050435,-7.370794296737826,-6.173453163595489,-4.959191024443204,-3.7313360874021035,-2.4932538175073846,-1.2483377122028256,-8.763226431217926e-15,1.2483377122028079,2.4932538175073673,3.731336087402045,4.959191024443187,6.173453163595512,7.370794296737808,8.547932595050415,9.701641604279464,10.828759088224059,11.926195696205685,12.990943430763634,14.020083892367303,15.01079627854608,15.960365115512982,16.8661877010897,17.725781238532036,18.53678964170347,19.29698999294348,20.00429863593013,20.656776886837495,21.25263634813297,21.790243810450836,22.268125729105552,22.68497226297523,23.039640864685175,23.331159412250823,23.558728873596497,23.72172549664681,23.819702518987732,23.852391392411334,23.819702518987732,23.72172549664681,23.5587288735965,23.331159412250827
-9.415453602110114,-8.295777768904607,-7.153363785466975,-5.9913429291176,-4.8129002182526515,-3.6212656824301073,-2.419705509083073,-1.2115130911273098,-8.504720668254871e-15,1.2115130911272927,2.419705509083056,3.62126568243005,4.812900218252635,5.9913429291176215,7.15336378546696,8.295777768904589,9.415453602110059,10.509322331452339,11.57438573877818,12.60772455931965,13.606506483196243,14.567993918579072,15.489551495239885,16.368653287917823,17.20288973970469,17.98997426647321,18.727749524245127,19.414193322320973,20.047424165964415,20.6257064134483,21.14745503332817,21.61123994890329,22.01578995795733,22.35999621703541,22.642915280706877,22.863771687483666,23.021960085306343,23.117046890772023,23.14877147755633,23.117046890772023,23.021960085306347,22.863771687483666,22.64291528070688
-9.115375064403688,-8.03138425508893,-6.925379979785648,-5.800393719335035,-4.659508982880144,-3.5058528561817206,-2.3425874304933068,-1.1729011354891663,-8.233667966008049e-15,1.1729011354891496,2.3425874304932903,3.5058528561816646,4.65950898288013,5.800393719335056,6.9253799797856335,8.031384255088915,9.115375064403636,10.174381264268817,11.205500192301242,12.205905623191269,13.172855515190257,14.10369952585607,14.995886276457618,15.846970345126726,16.654618969589215,17.416618441104408,18.130880172086865,18.79544642077963,19.408495657288547,19.968347556268814,20.473467602580147,20.922471297286105,21.314127952469352,21.647364064461748,21.921266256243285,22.135083780944996,22.288230579593932,22.380286887460123,22.411000384602453,22.380286887460123,22.288230579593936,22.135083780944996,21.921266256243285
-8.797026441343764,-7.750893315241906,-6.683515529320959,-5.597818691899612,-4.496778622543373,-3.383413195550031,-2.2607740681658157,-1.1319383162052377,-7.946112397400982e-15,1.1319383162052215,2.2607740681658,3.383413195549977,4.496778622543357,5.597818691899631,6.683515529320944,7.750893315241891,8.797026441343712,9.819047529443658,10.814155290779057,11.779622204145083,12.712801991841081,13.611136872933471,14.472164573955649,15.293525077828491,16.072967092502875,16.808354221594925,17.49767082009999,18.139027519135322,18.730666404569092,19.27096583534058,19.75844488826578,20.191767417144934,20.56974571504624,20.891343769728095,21.155680103276623,21.362030188175364,21.50982843318483,21.59866973358878,21.62831058155809,21.59866973358878,21.50982843318483,21.362030188175368,21.155680103276623
-8.46011983903626,-7.454051291508348,-6.427551707515166,-5.383434651065325,-4.324561974434868,-3.253835974029139,-2.174191435389926,-1.0885875891525028,-7.641793915785394e-15,1.0885875891524872,2.174191435389911,3.2538359740290876,4.324561974434853,5.383434651065346,6.427551707515152,7.454051291508333,8.46011983903621,9.442999786141042,10.399997127206964,11.32848879904208,12.225929870512658,13.089860518022125,13.917912767716716,14.707816985937303,15.457408100127228,16.16463153314595,16.8275488347221,17.444342994610835,18.013323422892803,18.532930583763353,19.001740270112006,19.418467507175066,19.781970074562086,20.091251637002618,20.345464475231896,20.543911809530464,20.6860497095489,20.77148858518316,20.799994254413896,20.77148858518316,20.6860497095489,20.543911809530464,20.3454644752319
-8.11269598981372,-7.147942720794166,-6.163597437624325,-5.16235816230436,-4.146969222092634,-3.1202137274954835,-2.08490594395463,-1.043883578141433,-7.327975493859826e-15,1.0438835781414182,2.084905943954616,3.1202137274954342,4.146969222092621,5.162358162304379,6.163597437624311,7.147942720794154,8.112695989813673,9.055212923031732,9.972910147047923,10.863272317559478,11.723859013745434,12.55231142729016,13.346358827713132,14.103824786283418,14.822633141459312,15.500813689503044,16.136507584672223,16.727972434186682,17.27358707400618,17.771856012328126,18.221413528626833,18.62102741699851,18.969602363551942,19.266182948587765,19.509956265337475,19.70025414808432,19.836555003559138,19.918485240591238,19.945820294095817,19.918485240591238,19.836555003559138,19.70025414808432,19.50995626533748
-7.751943911213277,-6.830090899712601,-5.889517083809614,-4.932800510955215,-3.9625634747750467,-2.981465327544966,-1.992195191091164,-0.9974645860943712,-7.002118048361767e-15,0.9974645860943575,1.9921951910911506,2.9814653275449188,3.9625634747750342,4.932800510955234,5.8895170838096,6.830090899712586,7.75194391121323,8.652549383284287,9.529438818927119,10.380208725150386,11.202527200777507,11.994140328025415,12.752878350336653,13.476661619531368,14.163506295978188,14.811529786160968,15.418955902736709,15.984119732941513,16.505472202000902,16.9815843190359,17.411151093827854,17.792995113705913,18.12606977075323,18.409462130486574,18.642395434146284,18.824231227738007,18.954471111990767,19.032758108434706,19.058877637854213,19.032758108434706,18.95447111199077,18.824231227738007,18.642395434146284
-7.378143555058641,-6.500742488511119,-5.605523338663658,-4.69493983898007,-3.7714878355391033,-2.837698446093863,-1.8961311224538462,-0.949366635205643,-6.664474452085442e-15,0.9493666352056298,1.8961311224538338,2.8376984460938175,3.771487835539091,4.694939838980088,5.605523338663645,6.500742488511107,7.378143555058598,8.235321642970177,9.069927286688587,9.879672890157046,10.662338996961257,11.415780373704889,12.13793188994534,12.8268141785728,13.480539061117684,14.097314723116808,14.675450625352223,15.213362137501596,15.709574881499947,16.16272877270725,16.571581747806054,16.935013169210656,17.25202689665678,17.521754017552862,17.74345522860901,17.916522862216,18.040482552019885,18.114994533127252,18.139854573377153,18.114994533127252,18.040482552019885,17.916522862216,17.743455228609015
-6.997509452961488,-6.165372993242525,-5.316337674698907,-4.452730644123041,-3.576918988357145,-2.691303246272782,-1.7983108290605512,-0.9003893668649185,-6.320658120769995e-15,0.9003893668649058,1.798310829060539,2.6913032462727395,3.576918988357133,4.452730644123057,5.316337674698896,6.165372993242513,6.997509452961449,7.810466225660762,8.602015053334416,9.369986355665565,10.112275176695624,10.826846954361992,11.511743097091333,12.165086352163044,12.785085951128236,13.370042518181798,13.918352728033302,14.428513700510084,14.899127119847495,15.328903067375014,15.716663557093836,16.061345764454565,16.362004939485374,16.617816996286077,16.828080771790255,16.992219947604507,17.1097846296571,17.180452581326357,17.20403010666881,17.180452581326357,17.1097846296571,16.992219947604514,16.82808077179026
-6.608672922614989,-5.822776493859471,-5.0209202394705175,-4.205301991705062,-3.3781573034872987,-2.5417533209135406,-1.6983825691622374,-0.8503566688419861,-5.969432761274914e-15,0.8503566688419743,1.698382569162226,2.5417533209135006,3.378157303487287,4.205301991705076,5.020920239470506,5.822776493859459,6.60867292261495,7.376455438252804,8.12401960226556,8.849316393242136,9.550357823093302,10.225222385988598,10.872060325070377,11.489098702508823,12.07464625900113,12.627098049395872,13.144939841736056,13.626752267663594,14.071214712809436,14.47710893650559,14.843322410898276,15.168851370309394,15.452803562488423,15.694400694213876,15.892980564540903,16.047998879848063,16.15903074570828,16.225771831494963,16.2480392045311,16.225771831494963,16.159030745708282,16.047998879848066,15.892980564540906
-6.212745723304316,-5.473932540402991,-4.72011568889681,-3.95336132837858,-3.17577107925404,-2.3894762623464336,-1.596632057094167,-0.799411594353939,-5.6118025952309656e-15,0.7994115943539278,1.5966320570941557,2.3894762623463954,3.1757710792540292,3.953361328378594,4.720115688896799,5.473932540402981,6.212745723304281,6.93453020202069,7.637307615466664,8.319151699601342,8.978193567184583,9.612626830266752,10.22071255137264,10.800784009808272,11.351251270026289,11.87060553952895,12.357423304363456,12.810370230874646,13.228204823020956,13.609781825228596,13.954055361457607,14.260081801875367,14.527022349280323,14.754145338186843,14.94082824026946,15.086559370669738,15.190939290488888,15.253681901622057,15.274615230933309,15.253681901622057,15.19093929048889,15.086559370669738,14.940828240269461
-5.813771360371672,-5.1224037888155225,-4.416996064528153,-3.699481661049543,-2.9718272354858133,-2.2360272380388206,-1.4940984453566857,-0.7480744326893383,-5.2514200099695796e-15,0.7480744326893277,1.4940984453566755,2.236027238038785,2.971827235485803,3.6994816610495564,4.416996064528144,5.122403788815514,5.813771360371639,6.489203788739302,7.146849760581077,7.784906714000492,8.401625779239083,8.995316572206628,9.564351827706526,10.10717185965666,10.622288836080356,11.108290857150585,11.563845825109214,11.98770509545427,12.378706899387875,12.735779528143615,13.057944270465883,13.344318095189394,13.594116071566164,13.806653520706195,13.981347892234693,14.117720361022148,14.215397139610745,14.274110502739818,14.293699521162134,14.274110502739818,14.215397139610747,14.117720361022148,13.981347892234693
-5.411623778457999,-4.768079174108641,-4.111465596168171,-3.4435827768130736,-2.7662613364272346,-2.0813577659987406,-1.3907493386070255,-0.6963289639479895,-4.888171143146694e-15,0.6963289639479797,1.3907493386070158,2.0813577659987073,2.7662613364272253,3.443582776813086,4.111465596168162,4.76807917410863,5.411623778457968,6.04033549818793,6.652491078175951,7.246412642527636,7.820472293518141,8.373096573546476,8.90277077787351,9.408043106322436,9.887528642561971,10.339913150065922,10.763956674344106,11.158496941571354,11.522452544299393,11.85482590551935,12.154706012951115,12.421270916064648,12.6537899789892,12.851625883135501,13.014236374041694,13.141175747655108,13.232096071976128,13.286748140715588,13.304982156351883,13.286748140715588,13.232096071976134,13.141175747655112,13.014236374041694
