hough_viz/data/file_4_3_0.json
{"header": {"discipline": 0, "disciplineName": "Meteorological products", "gribEdition": 2, "gribLength": 133963, "center": 7, "centerName": "US National Weather Service - NCEP(WMC)", "subcenter": 0, "refTime": "2014-11-30T06:00:00.000Z", "significanceOfRT": 1, "significanceOfRTName": "Start of forecast", "productStatus": 0, "productStatusName": "Operational products", "productType": 1, "productTypeName": "Forecast products", "productDefinitionTemplate": 0, "productDefinitionTemplateName": "Analysis/forecast at horizontal level/layer at a point in time", "parameterCategory": 2, "parameterCategoryName": "Momentum", "parameterNumber": 3, "parameterNumberName": "V-component_of_wind", "parameterUnit": "m.s-1", "genProcessType": 2, "genProcessTypeName": "Forecast", "forecastTime": 6, "surface1Type": 100, "surface1TypeName": "Isobaric surface", "surface1Value": 85000, "surface2Type": 255, "surface2TypeName": "Missing", "surface2Value": 0, "gridDefinitionTemplate": 0, "gridDefinitionTemplateName": "Latitude_Longitude", "numberPoints": 65160, "shape": 6, "shapeName": "Earth spherical with radius of 6,371,229.0 m", "gridUnits": "degrees", "resolution": 48, "winds": "true", "scanMode": 0, "nx": 360, "ny": 181, "basicAngle": 0, "subDivisions": 0, "lo1": 0, "la1": 90, "lo2": 359, "la2": -90, "dx": 1, "dy": 1}, "data":
[rows 114 to 132 of 181, columns 86 to 128 of 360]
5.938998658090712,4.479752931557807,2.998682299045541,1.503002387798796,5.277351232174785e-15,-1.5030023877988041,-2.9986822990455106,-4.479752931557778,-5.9389986580907035,-7.3693101801474485,-8.76371916376697,-10.115432188546604,-11.417863844503328,-12.664668815529307,-13.849772793134052,-14.967402069864956,-16.012111668229462,-16.9788118680782,-17.86279300320988,-18.65974840639158,-19.365795391008678,-19.97749416712374,-20.491864599787267,-20.906400727955653,-21.2190829732815,-21.42838797929627,-21.533296033049947,-21.533296033049947,-21.42838797929627,-21.219082973281502,-20.906400727955653,-20.49186459978727,-19.977494167123755,-19.365795391008685,-18.659748406391582,-17.862793003209873,-16.978811868078225,-16.01211166822947,-14.967402069864965,-13.849772793134075,-12.664668815529298,-11.417863844503318,-10.115432188546615
6.167721717531794,4.65227743527195,3.1141677249927504,1.5608861025924126,5.480592887722865e-15,-1.5608861025924208,-3.1141677249927198,-4.65227743527192,-6.167721717531785,-7.653117479561036,-9.101228022518526,-10.504998297402567,-11.857589276540397,-13.152411272643645,-14.3831560431023,-15.543827523108764,-16.628771037882707,-17.632700851678322,-18.550725919357465,-19.378373715069927,-20.11161202194988,-20.74686857667107,-21.281048473154655,-21.711549240640544,-22.036273522663333,-22.253639295162174,-22.362587573942978,-22.362587573942978,-22.253639295162174,-22.036273522663336,-21.711549240640544,-21.281048473154662,-20.746868576671083,-20.11161202194988,-19.378373715069934,-18.550725919357458,-17.632700851678347,-16.628771037882718,-15.543827523108774,-14.383156043102327,-13.15241127264364,-11.85758927654039,-10.504998297402578
6.322988234706841,4.769394086669088,3.1925639300588995,1.6001799228968474,5.618561591354907e-15,-1.6001799228968565,-3.1925639300588675,-4.769394086669057,-6.3229882347068305,-7.845777419649649,-9.330342765658703,-10.76945161959626,-12.156092787784639,-13.48351069383712,-14.745238291146947,-15.935128569688496,-17.047384503632024,-18.076587293870976,-19.017722767866402,-19.866205808191573,-20.617902690763252,-21.269151223929875,-21.816778590301112,-22.258116804395314,-22.591015710796594,-22.813853459495817,-22.925544407380915,-22.925544407380915,-22.813853459495824,-22.591015710796594,-22.258116804395318,-21.81677859030112,-21.26915122392989,-20.61790269076326,-19.866205808191584,-19.017722767866395,-18.076587293871,-17.047384503632035,-15.935128569688503,-14.745238291146972,-13.483510693837113,-12.156092787784631,-10.769451619596273
6.378340111719193,4.8111456928890215,3.2205118558577657,1.6141880087894704,5.6677468687343504e-15,-1.6141880087894798,-3.2205118558577337,-4.811145692888989,-6.378340111719184,-7.914459898673568,-9.412021232560322,-10.863728145095129,-12.262508066125163,-13.601546280480056,-14.874319128579069,-16.074625789044987,-17.1966184884824,-18.234830991241985,-19.184205230371056,-20.04011595000731,-20.798393239160532,-21.45534284709975,-22.007764181371417,-22.452965900764163,-22.78877902725263,-23.013567513040375,-23.126236211220306,-23.126236211220306,-23.013567513040382,-22.78877902725263,-22.452965900764163,-22.007764181371428,-21.455342847099764,-20.79839323916054,-20.040115950007316,-19.18420523037105,-18.234830991242006,-17.196618488482407,-16.074625789044994,-14.874319128579092,-13.60154628048005,-12.262508066125157,-10.86372814509514
6.375079450920297,4.808686194981444,3.218865503268087,1.613362822382017,5.664849469143037e-15,-1.6133628223820258,-3.2188655032680558,-4.808686194981413,-6.375079450920287,-7.910413960595003,-9.40720972860571,-10.858174516428086,-12.256239369466307,-13.594593056289384,-14.866715252265898,-16.066408305930377,-17.18782743331807,-18.22550919316502,-19.17439810424466,-20.02987127516417,-20.787760926626685,-21.444374696433105,-21.99651362829951,-22.44148775685066,-22.777129212860892,-23.001802784895094,-23.11441388589441,-23.11441388589441,-23.001802784895094,-22.7771292128609,-22.44148775685066,-21.99651362829952,-21.444374696433115,-20.78776092662669,-20.029871275164172,-19.174398104244656,-18.225509193165045,-17.187827433318077,-16.066408305930388,-14.866715252265921,-13.594593056289378,-12.2562393694663,-10.858174516428098
6.298470593504974,4.750900569264547,3.180184635009517,1.5939751608837425,5.596775392795925e-15,-1.5939751608837516,-3.180184635009486,-4.750900569264515,-6.298470593504963,-7.8153551021338865,-9.294163986301939,-10.727692637774847,-12.10895704906041,-13.431227838791072,-14.68806303659341,-15.873339467720417,-16.981282584543177,-18.006494599566615,-18.943980782907488,-19.78917379611631,-20.537955943791236,-21.186679234576136,-21.73218315380772,-22.171810061225376,-22.50341813872729,-22.725391825093006,-22.836649686835273,-22.836649686835273,-22.72539182509301,-22.50341813872729,-22.17181006122538,-21.73218315380773,-21.186679234576147,-20.53795594379124,-19.789173796116312,-18.94398078290748,-18.006494599566636,-16.981282584543187,-15.873339467720427,-14.688063036593437,-13.431227838791065,-12.108957049060402,-10.72769263777486
6.124670981188288,4.619804509540973,3.092430814704299,1.5499911077884247,5.442338314929026e-15,-1.5499911077884332,-3.0924308147042683,-4.619804509540943,-6.124670981188277,-7.599698671465019,-9.037701393733402,-10.431673343278103,-11.774823228882488,-13.06060735931687,-14.282761523544284,-15.435331509327181,-16.512702111550713,-17.5096244889378,-18.42124173587609,-19.243112544773922,-19.971232843664517,-20.602055303642093,-21.132506621091682,-21.560002490515448,-21.8824601950093,-22.098308753050272,-22.206496572160606,-22.206496572160606,-22.098308753050276,-21.8824601950093,-21.560002490515455,-21.132506621091686,-20.602055303642107,-19.97123284366452,-19.243112544773926,-18.421241735876087,-17.509624488937817,-16.512702111550723,-15.435331509327188,-14.28276152354431,-13.060607359316862,-11.774823228882482,-10.431673343278115
5.897155750854301,4.4481910644572205,2.977555238324707,1.4924130623738616,5.240169927585496e-15,-1.49241306237387,-2.9775552383246775,-4.448191064457192,-5.897155750854291,-7.317390087213234,-8.701974834608736,-10.044164435329492,-11.337419876557199,-12.5754405477798,-13.752194936732451,-14.861950014319152,-15.899299165354071,-16.859188529047362,-17.73694162090685,-18.528282116100407,-19.229354683280715,-19.836743767372063,-20.34749022981129,-20.759105765173437,-21.069585023945677,-21.27741538238853,-21.381584311886705,-21.381584311886705,-21.277415382388533,-21.069585023945677,-20.759105765173437,-20.347490229811292,-19.836743767372077,-19.22935468328072,-18.528282116100414,-17.736941620906848,-16.859188529047387,-15.89929916535408,-14.861950014319163,-13.752194936732472,-12.575440547779792,-11.337419876557195,-10.0441644353295
5.604770184806071,4.227646293855971,2.8299257351237235,1.4184180626730754,4.980358229336887e-15,-1.4184180626730833,-2.8299257351236955,-4.227646293855943,-5.604770184806062,-6.954588198805316,-8.270524158172735,-9.546166955191737,-10.775301786382387,-11.951940430399349,-13.070350422044225,-14.125082980259942,-15.110999554044202,-16.023296856953532,-16.857530268231965,-17.60963548655658,-18.275948330905045,-18.853222592077255,-19.33864584790017,-19.729853165066,-20.024938620849536,-20.22246458857208,-20.32146874157414,-20.32146874157414,-20.222464588572084,-20.024938620849536,-19.729853165066,-19.338645847900175,-18.85322259207727,-18.27594833090505,-17.609635486556588,-16.85753026823196,-16.023296856953554,-15.11099955404421,-14.125082980259954,-13.07035042204425,-11.951940430399342,-10.775301786382382,-9.546166955191746
5.229090294274648,3.944273087727566,2.64023977917402,1.3233434878122954,4.646531797081613e-15,-1.3233434878123025,-2.6402397791739936,-3.9442730877275407,-5.2290902942746404,-6.488431898534334,-7.716162514799247,-8.906300762918018,-10.053048408978075,-11.150818613718496,-12.194263151049222,-13.17829846407109,-14.098130431653928,-14.949277724912873,-15.727593639792193,-16.429286299390622,-17.050937127604495,-17.589517504086892,-18.042403519381494,-18.407388758345725,-18.68269504958355,-18.866981128517743,-18.959349171896108,-18.959349171896108,-18.866981128517747,-18.682695049583554,-18.40738875834573,-18.042403519381498,-17.589517504086906,-17.0509371276045,-16.429286299390633,-15.72759363979219,-14.949277724912891,-14.098130431653933,-13.178298464071101,-12.194263151049242,-11.15081861371849,-10.053048408978071,-8.906300762918029
4.810596816680791,3.628605836222983,2.42893665287728,1.2174339343146017,4.274661521167615e-15,-1.2174339343146086,-2.4289366528772556,-3.628605836222959,-4.810596816680783,-5.969151053007223,-7.0986241854203636,-8.19351353435336,-9.248484908956087,-10.258398594736843,-11.218334393734636,-12.123615595229195,-12.969831760205366,-13.75286020856876,-14.46888610442869,-15.114421041595175,-15.686320038743295,-16.18179686144604,-16.59843759642835,-16.93421241190997,-17.187485446741853,-17.357022780157205,-17.441998443309455,-17.441998443309455,-17.35702278015721,-17.187485446741857,-16.934212411909975,-16.59843759642835,-16.18179686144605,-15.6863200387433,-15.114421041595183,-14.468886104428684,-13.752860208568777,-12.969831760205375,-12.123615595229204,-11.218334393734654,-10.258398594736835,-9.24848490895608,-8.193513534353368
4.342290379378661,3.275364952338688,2.1924822764894536,1.0989180473766962,3.85852780971022e-15,-1.0989180473767028,-2.192482276489432,-3.2753649523386663,-4.342290379378655,-5.388060604175798,-6.407580739315342,-7.395883785180719,-8.348154828676332,-9.259754501000238,-10.126241580182512,-10.943394628272394,-11.7072325577595,-12.41403402703212,-13.060355570379386,-13.643048374210098,-14.159273617756082,-14.606516303521575,-14.98259751009819,-15.285685007651042,-15.514302184358307,-15.66733524031558,-15.744038613857063,-15.744038613857063,-15.66733524031558,-15.514302184358307,-15.285685007651043,-14.982597510098195,-14.60651630352158,-14.159273617756087,-13.643048374210103,-13.060355570379379,-12.414034027032137,-11.707232557759509,-10.9433946282724,-10.12624158018253,-9.259754501000232,-8.348154828676329,-7.395883785180726
3.8137013740940313,2.8766532700608716,1.9255904004561495,0.9651462479800628,3.3888274445564625e-15,-0.9651462479800682,-1.92559040045613,-2.8766532700608525,-3.8137013740940255,-4.732169508384522,-5.627582988506172,-6.495579449990498,-7.331930101327833,-8.132560326214545,-8.893569534674022,-9.611250166339065,-10.282105753313177,-10.90286795461082,-11.470512479186059,-11.982273819974575,-12.435658727166123,-12.828458355066967,-13.15875902337405,-13.424951540433085,-13.625739043058541,-13.760143314720718,-13.827509551318341,-13.827509551318341,-13.760143314720718,-13.625739043058541,-13.424951540433087,-13.158759023374055,-12.828458355066978,-12.435658727166128,-11.982273819974576,-11.470512479186054,-10.902867954610834,-10.282105753313186,-9.61125016633907,-8.893569534674038,-8.13256032621454,-7.331930101327828,-6.495579449990505
3.2574981182377916,2.4571123155315076,1.6447557086120195,0.824386017210429,2.8945892561652565e-15,-0.8243860172104336,-1.6447557086120028,-2.457112315531491,-3.2574981182377867,-4.042013717554583,-4.806837032341241,-5.548241920287912,-6.262616331306266,-6.946479905074499,-7.596500927002909,-8.209512560012573,-8.782528273047163,-9.312756391152133,-9.797613696234412,-10.234738012241317,-10.621999713444845,-10.95751209976415,-11.23964058857867,-11.467010678250357,-11.63851464455749,-11.753316937415738,-11.810858251594185,-11.810858251594185,-11.753316937415741,-11.63851464455749,-11.467010678250357,-11.239640588578672,-10.957512099764157,-10.621999713444849,-10.234738012241321,-9.79761369623441,-9.312756391152144,-8.782528273047168,-8.209512560012577,-7.596500927002922,-6.946479905074494,-6.262616331306264,-5.548241920287918
2.6706664070477237,2.0144684912306743,1.3484562874180128,0.6758745401193943,2.3731348439960935e-15,-0.6758745401193981,-1.3484562874179993,-2.0144684912306605,-2.6706664070477197,-3.3138531045840818,-3.9408950429022527,-4.548737336708795,-5.13441863944837,-5.695085570686516,-6.228006617492265,-6.730585442094632,-7.200373530979192,-7.635082123799844,-8.03259336398912,-8.390970616742496,-8.708467904108517,-8.983538411217856,-9.214842022209865,-9.401251849142348,-9.541859722076342,-9.635980613588767,-9.68315597615717,-9.68315597615717,-9.63598061358877,-9.541859722076344,-9.40125184914235,-9.214842022209869,-8.983538411217863,-8.70846790410852,-8.3909706167425,-8.03259336398912,-7.635082123799854,-7.200373530979196,-6.730585442094638,-6.228006617492275,-5.695085570686514,-5.134418639448367,-4.548737336708799
2.0525412721939786,1.5482202153267308,1.0363563851969617,0.5194435309326868,1.82387332200287e-15,-0.5194435309326897,-1.0363563851969515,-1.5482202153267204,-2.0525412721939755,-2.5468625543038224,-3.028775778058823,-3.4959331106746045,-3.946058608585146,-4.376959305611091,-4.786535896870499,-5.172792966381264,-5.533848708527148,-5.867944096025616,-6.17345144973193,-6.448882368528318,-6.6928949806646205,-6.904300481222577,-7.0820689238538765,-7.225334238575238,-7.33339845117432,-7.4057350836699145,-7.4419917192597556,-7.4419917192597556,-7.405735083669916,-7.333398451174321,-7.225334238575238,-7.082068923853878,-6.904300481222581,-6.692894980664622,-6.448882368528321,-6.17345144973193,-5.8679440960256235,-5.533848708527151,-5.172792966381268,-4.7865358968705065,-4.376959305611089,-3.9460586085851443,-3.4959331106746077
1.4241535682829933,1.074230941913576,0.7190747703764723,0.360415338839233,1.2654925554067325e-15,-0.360415338839235,-0.7190747703764652,-1.074230941913569,-1.424153568282991,-1.7671378616231501,-2.1015128369335527,-2.425649452945752,-2.73796854864863,-3.0369485368021314,-3.3211328169573244,-3.5891368718674084,-3.839655012716527,-4.071466740304468,-4.283442691196054,-4.474550139866283,-4.643858030035288,-4.79054151068094,-4.9138859546301035,-5.0132904401503975,-5.088270678580473,-5.138461373735684,-5.163618001594385,-5.163618001594385,-5.138461373735684,-5.088270678580473,-5.013290440150398,-4.913885954630104,-4.790541510680943,-4.643858030035289,-4.474550139866284,-4.283442691196053,-4.071466740304474,-3.8396550127165296,-3.5891368718674106,-3.3211328169573298,-3.036948536802129,-2.7379685486486283,-2.4256494529457546
0.7857243931777058,0.5926674438525431,0.39672307831565384,0.19884591781967262,6.98189010168794e-16,-0.19884591781967373,-0.3967230783156499,-0.5926674438525392,-0.7857243931777045,-0.9749533722400456,-1.1594324764748005,-1.3382629422299182,-1.5105735254522121,-1.6755247463008245,-1.8323129790086137,-1.9801743670661314,-2.1183885446537327,-2.2462821461914544,-2.3632320869084253,-2.4686685984492347,-2.562078004728098,-2.643005224507108,-2.7110559885062755,-2.765898760243835,-2.8072663512486584,-2.834957222775625,-2.848836467682132,-2.848836467682132,-2.834957222775625,-2.807266351248659,-2.7658987602438354,-2.711055988506276,-2.64300522450711,-2.562078004728099,-2.468668598449236,-2.3632320869084245,-2.2462821461914575,-2.1183885446537336,-1.9801743670661325,-1.8323129790086168,-1.6755247463008236,-1.5105735254522112,-1.3382629422299197
0.14721253883333185,0.1110415813114018,0.07432964036718323,0.03725557288668463,1.3081199675728162e-16,-0.037255572886684844,-0.07432964036718248,-0.11104158131140106,-0.1472125388333316,-0.18266629166381848,-0.21723011268287007,-0.2507356104288258,-0.28301954948462776,-0.3139246457443665,-0.34330033268563304,-0.3710034949144843,-0.39689916540925274,-0.4208611830663122,-0.44277280734429125,-0.46252728701225554,-0.48002838023097594,-0.4951908234334954,-0.5079407467206545,-0.5182160337478157,-0.5259666243494512,-0.5311547584272366,-0.5337551599134538,-0.5337551599134538,-0.5311547584272366,-0.5259666243494513,-0.5182160337478158,-0.5079407467206547,-0.4951908234334958,-0.48002838023097605,-0.4625272870122556,-0.44277280734429103,-0.4208611830663127,-0.39689916540925296,-0.37100349491448464,-0.34330033268563365,-0.3139246457443663,-0.28301954948462754,-0.2507356104288261
