hough_viz/data/file_5_0_1.json
{"header": {"discipline": 0, "disciplineName": "Meteorological products", "gribEdition": 2, "gribLength": 133963, "center": 7, "centerName": "US National Weather Service - NCEP(WMC)", "subcenter": 0, "refTime": "2014-11-30T06:00:00.000Z", "significanceOfRT": 1, "significanceOfRTName": "Start of forecast", "productStatus": 0, "productStatusName": "Operational products", "productType": 1, "productTypeName": "Forecast products", "productDefinitionTemplate": 0, "productDefinitionTemplateName": "Analysis/forecast at horizontal level/layer at a point in time", "parameterCategory": 2, "parameterCategoryName": "Momentum", "parameterNumber": 3, "parameterNumberName": "V-component_of_wind", "parameterUnit": "m.s-1", "genProcessType": 2, "genProcessTypeName": "Forecast", "forecastTime": 6, "surface1Type": 100, "surface1TypeName": "Isobaric surface", "surface1Value": 85000, "surface2Type": 255, "surface2TypeName": "Missing", "surface2Value": 0, "gridDefinitionTemplate": 0, "gridDefinitionTemplateName": "Latitude_Longitude", "numberPoints": 65160, "shape": 6, "shapeName": "Earth spherical with radius of 6,371,229.0 m", "gridUnits": "degrees", "resolution": 48, "winds": "true", "scanMode": 0, "nx": 360, "ny": 181, "basicAngle": 0, "subDivisions": 0, "lo1": 0, "la1": 90, "lo2": 359, "la2": -90, "dx": 1, "dy": 1}, "data":
[rows 0 to 18 of 181, columns 215 to 257 of 360]
-5.74176435988969e-06,-4.8407366788137117e-20,5.741764359889827e-06,1.14398304260286e-05,1.7050832475066825e-05,2.253206739339588e-05,2.7841819673626912e-05,3.293967889479127e-05,3.778684727004416e-05,4.234643492124982e-05,4.658374063322845e-05,5.04665159509564e-05,5.396521060978225e-05,5.705319743078257e-05,5.9706974969672e-05,6.190634637698509e-05,6.363457310829543e-05,6.487850231464584e-05,6.562866694367102e-05,6.58793577895823e-05,6.562866694367104e-05,6.487850231464584e-05,6.363457310829546e-05,6.190634637698521e-05,5.9706974969672054e-05,5.705319743078251e-05,5.39652106097823e-05,5.046651595095647e-05,4.658374063322853e-05,4.2346434921249904e-05,3.778684727004425e-05,3.2939678894791164e-05,2.7841819673626797e-05,2.2532067393395976e-05,1.7050832475067146e-05,1.1439830426028701e-05,5.7417643598899324e-06,5.647526125282665e-20,-5.741764359889818e-06,-1.1439830426028591e-05,-1.705083247506704e-05,-2.253206739339587e-05,-2.7841819673626692e-05
-4.6475847365102106e-07,-3.918261442263708e-21,4.6475847365103207e-07,9.259798546887259e-07,1.380153969910316e-06,1.8238242800611545e-06,2.253614186185517e-06,2.6662527275835578e-06,3.0585994757972563e-06,3.4276684351672816e-06,3.7706507680629103e-06,4.084936171832382e-06,4.368132744782325e-06,4.61808518999381e-06,4.8328912184333506e-06,5.010916026521117e-06,5.150804737973239e-06,5.251492715228446e-06,5.312213661982768e-06,5.3325054551670935e-06,5.312213661982771e-06,5.251492715228447e-06,5.150804737973242e-06,5.010916026521127e-06,4.8328912184333565e-06,4.618085189993804e-06,4.36813274478233e-06,4.084936171832389e-06,3.770650768062916e-06,3.4276684351672875e-06,3.0585994757972635e-06,2.666252727583549e-06,2.2536141861855077e-06,1.823824280061162e-06,1.3801539699103422e-06,9.259798546887342e-07,4.6475847365104065e-07,4.571305015974327e-21,-4.647584736510314e-07,-9.259798546887254e-07,-1.3801539699103336e-06,-1.8238242800611537e-06,-2.2536141861854997e-06
4.812247412587649e-06,4.0570843903609704e-20,-4.812247412587763e-06,-9.587870716651147e-06,-1.4290524535246193e-05,-1.888441883327357e-05,-2.3334591301255877e-05,-2.7607173439624162e-05,-3.166964831844965e-05,-3.549109805091526e-05,-3.9042439097102635e-05,-4.229664360729164e-05,-4.522894512021759e-05,-4.781702705079495e-05,-5.00411925328053e-05,-5.1884514323942864e-05,-5.333296363234896e-05,-5.437551688418894e-05,-5.5004239619705484e-05,-5.521434687924811e-05,-5.50042396197055e-05,-5.437551688418894e-05,-5.333296363234898e-05,-5.188451432394296e-05,-5.004119253280534e-05,-4.781702705079489e-05,-4.522894512021765e-05,-4.229664360729169e-05,-3.9042439097102696e-05,-3.5491098050915324e-05,-3.1669648318449725e-05,-2.760717343962407e-05,-2.3334591301255776e-05,-1.888441883327365e-05,-1.4290524535246466e-05,-9.587870716651232e-06,-4.812247412587851e-06,-4.733265122087799e-20,4.812247412587756e-06,9.587870716651139e-06,1.4290524535246378e-05,1.8884418833273562e-05,2.333459130125569e-05
1.8390921706062824e-05,1.5504922124919786e-19,-1.839092170606326e-05,-3.664187739320065e-05,-5.461396626840531e-05,-7.217040988349368e-05,-8.91775931016837e-05,-0.0001055060809894669,-0.00012103160389460616,-0.00013563600321322695,-0.00014920813064813772,-0.00016164469411448308,-0.00017285104385488282,-0.000182741892781233,-0.00019124196556094588,-0.00019828657150768402,-0.00020382209691654354,-0.00020780641309672102,-0.00021020919699628966,-0.000211012161978933,-0.00021020919699628972,-0.00020780641309672105,-0.00020382209691654365,-0.00019828657150768438,-0.000191241965560946,-0.0001827418927812328,-0.000172851043854883,-0.00016164469411448324,-0.00014920813064813796,-0.00013563600321322722,-0.00012103160389460643,-0.00010550608098946655,-8.917759310168329e-05,-7.217040988349399e-05,-5.4613966268406346e-05,-3.664187739320098e-05,-1.8390921706063596e-05,-1.808907581240642e-19,1.8390921706063234e-05,3.6641877393200625e-05,5.4613966268406014e-05,7.217040988349365e-05,8.917759310168296e-05
4.578797511192014e-05,3.860268667959398e-19,-4.578797511192123e-05,-9.122747608570398e-05,-0.00013597268088181845,-0.00017968305147387457,-0.0002220259255486216,-0.00026267904826702437,-0.00030133302481816747,-0.0003376936751005894,-0.0003714842726104812,-0.0004024476504974694,-0.0004303481587596377,-0.0004549734576823223,-0.0004761361338715584,-0.000493675126583174,-0.000507456953492301,-0.0005173767265744649,-0.0005233589503667885,-0.0005253580965340467,-0.0005233589503667888,-0.000517376726574465,-0.0005074569534923012,-0.0004936751265831751,-0.0004761361338715587,-0.00045497345768232174,-0.00043034815875963813,-0.00040244765049746997,-0.0003714842726104818,-0.00033769367510059,-0.0003013330248181682,-0.00026267904826702345,-0.00022202592554862064,-0.00017968305147387535,-0.000135972680881821,-9.122747608570481e-05,-4.578797511192207e-05,-4.503646779285965e-19,4.578797511192117e-05,9.122747608570393e-05,0.00013597268088182018,0.00017968305147387451,0.00022202592554861983
0.00011984619413972275,1.0103930280404792e-18,-0.0001198461941397256,-0.00023878028637693352,-0.0003558971164553341,-0.00047030535458095977,-0.000581134284980087,-0.0006875404325720404,-0.0007887139823238526,-0.0008838849424316572,-0.0009723290044232403,-0.0010533730555828543,-0.0011264003017454447,-0.0011908549614726546,-0.0012462464958851692,-0.0012921533419597896,-0.001328226120878578,-0.0013541902970126197,-0.0013698482673039384,-0.0013750808651440758,-0.001369848267303939,-0.00135419029701262,-0.0013282261208785785,-0.0012921533419597924,-0.00124624649588517,-0.0011908549614726529,-0.0011264003017454462,-0.0010533730555828558,-0.0009723290044232421,-0.0008838849424316591,-0.0007887139823238544,-0.000687540432572038,-0.0005811342849800846,-0.00047030535458096194,-0.0003558971164553408,-0.0002387802863769356,-0.00011984619413972778,-1.1787918660472258e-18,0.00011984619413972542,0.00023878028637693333,0.00035589711645533874,0.0004703053545809597,0.0005811342849800826
0.00023795548145524233,2.006142632832284e-18,-0.00023795548145524796,-0.00047409997801516594,-0.0007066362874729947,-0.0009337946681045073,-0.0011538463074711079,-0.0013651164797264036,-0.0015659972912911058,-0.0017549599178940663,-0.0019305662398480888,-0.002091479787009094,-0.002236475910120942,-0.0023644511011356936,-0.0024744313915761873,-0.0025655797650242632,-0.002637202527321091,-0.0026887545859985785,-0.0027198435987622117,-0.0027302329594527967,-0.0027198435987622126,-0.0026887545859985793,-0.002637202527321092,-0.0025655797650242685,-0.0024744313915761895,-0.0023644511011356906,-0.0022364759101209447,-0.0020914797870090966,-0.0019305662398480929,-0.0017549599178940695,-0.0015659972912911097,-0.001365116479726399,-0.0011538463074711029,-0.0009337946681045113,-0.0007066362874730081,-0.0004740999780151701,-0.00023795548145525233,-2.340499738304331e-18,0.0002379554814552476,0.00047409997801516545,0.000706636287473004,0.0009337946681045069,0.001153846307471099
0.0004146838929212143,3.496095284926575e-18,-0.00041468389292122416,-0.000826211791024324,-0.0012314517185174096,-0.0016273195548617162,-0.0020108025067911133,-0.0023789820374880777,-0.002729056078411116,-0.0030583603547283326,-0.003364388662057606,-0.003644811940195194,-0.003897495998670285,-0.004120517759223068,-0.004312179891591504,-0.0044710237312195235,-0.0045958403805750276,-0.004685679909590058,-0.004739858585202224,-0.004757964074976139,-0.004739858585202226,-0.0046856799095900585,-0.00459584038057503,-0.004471023731219533,-0.004312179891591508,-0.004120517759223062,-0.0038974959986702896,-0.0036448119401951994,-0.0033643886620576126,-0.0030583603547283383,-0.0027290560784111223,-0.0023789820374880708,-0.002010802506791104,-0.0016273195548617235,-0.0012314517185174332,-0.0008262117910243314,-0.00041468389292123175,-4.078777832414337e-18,0.0004146838929212236,0.0008262117910243234,0.0012314517185174258,0.001627319554861716,0.0020108025067910973
0.0007297390161282567,6.152245546700471e-18,-0.0007297390161282739,-0.0014539242777153233,-0.002167044297645478,-0.0028636718019734563,-0.0035385050347561064,-0.0041864081076165025,-0.004802450086955586,-0.005381942521334291,-0.00592047512341992,-0.006413949334935684,-0.006858609519164109,-0.007251071543610039,-0.007588348535292375,-0.00786787361265102,-0.00808751942106542,-0.008245614323307764,-0.008340955121711683,-0.008372816215232974,-0.008340955121711686,-0.008245614323307764,-0.008087519421065423,-0.007867873612651032,-0.007588348535292382,-0.00725107154361003,-0.006858609519164116,-0.006413949334935692,-0.005920475123419931,-0.005381942521334302,-0.004802450086955596,-0.004186408107616489,-0.0035385050347560907,-0.0028636718019734685,-0.002167044297645519,-0.0014539242777153363,-0.0007297390161282873,-7.177619804483884e-18,0.000729739016128273,0.0014539242777153222,0.002167044297645506,0.002863671801973455,0.0035385050347560777
0.0011510306479415966,9.704049011228744e-18,-0.0011510306479416241,-0.002293301257641068,-0.0034181184600367053,-0.004516921717035152,-0.005581348472375057,-0.006603297795729838,-0.007574992035678851,-0.008489036012331107,-0.009338473299109466,-0.010116839165357222,-0.010818209776842138,-0.011437247279711621,-0.011969240424783749,-0.01241014042299831,-0.012756591759146204,-0.013005957729366281,-0.013156340508053898,-0.013206595591459626,-0.013156340508053902,-0.013005957729366285,-0.012756591759146209,-0.012410140422998334,-0.01196924042478376,-0.011437247279711609,-0.01081820977684215,-0.010116839165357237,-0.00933847329910948,-0.008489036012331122,-0.007574992035678869,-0.0066032977957298155,-0.005581348472375034,-0.004516921717035171,-0.0034181184600367695,-0.0022933012576410888,-0.0011510306479416452,-1.1321390513100203e-17,0.0011510306479416226,0.0022933012576410667,0.0034181184600367495,0.00451692171703515,0.005581348472375014
0.0017045777082850962,1.4370864628346416e-17,-0.0017045777082851366,-0.0033961825509580086,-0.0050619403937469986,-0.006689173813656464,-0.008265498581810422,-0.009778917914912302,-0.011217913778009563,-0.01257153454369464,-0.013829478340602155,-0.014982171456870303,-0.016020841201869248,-0.016937582671673564,-0.01772541891015437,-0.018378354007828338,-0.018891418734349203,-0.01926070835735114,-0.01948341235981997,-0.019557835829824528,-0.01948341235981997,-0.019260708357351143,-0.01889141873434921,-0.018378354007828376,-0.017725418910154382,-0.016937582671673546,-0.01602084120186927,-0.014982171456870322,-0.013829478340602176,-0.012571534543694663,-0.011217913778009589,-0.009778917914912269,-0.008265498581810384,-0.0066891738136564925,-0.005061940393747094,-0.003396182550958039,-0.001704577708285168,-1.6766008733070817e-17,0.0017045777082851342,0.003396182550958005,0.005061940393747064,0.006689173813656461,0.008265498581810356
0.0025370180795255704,2.1388959390539833e-17,-0.0025370180795256307,-0.005054727919572591,-0.00753396822802344,-0.009955870489124732,-0.012302002564284825,-0.014554508971778464,-0.01669624677774398,-0.018710916064261434,-0.020583183981569914,-0.022298801440312287,-0.023844711555709504,-0.025209149018337287,-0.026381729635235104,-0.027353529359884915,-0.028117152209593425,-0.028666786553386222,-0.02899824934202878,-0.029109017943556813,-0.028998249342028784,-0.02866678655338623,-0.028117152209593432,-0.027353529359884964,-0.02638172963523513,-0.025209149018337252,-0.023844711555709528,-0.022298801440312314,-0.020583183981569952,-0.018710916064261465,-0.016696246777744023,-0.014554508971778415,-0.012302002564284771,-0.009955870489124777,-0.007533968228023581,-0.005054727919572635,-0.002537018079525677,-2.4953785955629805e-17,0.002537018079525627,0.005054727919572586,0.007533968228023536,0.009955870489124729,0.01230200256428473
0.003563317595724826,3.00414316971706e-17,-0.0035633175957249115,-0.007099516192956252,-0.010581683185154116,-0.013983317178918092,-0.01727852968559274,-0.020442242148298546,-0.023450376804892384,-0.02628003993427635,-0.028909696091438612,-0.03131933200519316,-0.03349060889125855,-0.035407002021478944,-0.03705392648698343,-0.03841884819814947,-0.039491379276592825,-0.04026335711319452,-0.040728906490485085,-0.04088448429659694,-0.0407289064904851,-0.04026335711319453,-0.039491379276592846,-0.03841884819814953,-0.037053926486983454,-0.035407002021478895,-0.0334906088912586,-0.03131933200519319,-0.02890969609143866,-0.0262800399342764,-0.02345037680489244,-0.02044224214829848,-0.017278529685592667,-0.013983317178918155,-0.010581683185154312,-0.007099516192956314,-0.003563317595724976,-3.504833698003237e-17,0.003563317595724906,0.007099516192956247,0.01058168318515425,0.013983317178918089,0.017278529685592604
0.004820412032283953,4.063967775250215e-17,-0.004820412032284067,-0.009604137818357936,-0.014314770316497135,-0.018916458769033334,-0.023374181548267096,-0.02765401269220184,-0.03172338010159935,-0.035551313433323066,-0.0391086798033494,-0.04236840550560559,-0.045305682059221544,-0.047898155016048036,-0.05012609409150555,-0.051972543323963595,-0.053423450119846665,-0.05446777220235652,-0.05509756164986639,-0.055308025384403464,-0.05509756164986641,-0.05446777220235653,-0.05342345011984669,-0.051972543323963685,-0.05012609409150559,-0.04789815501604797,-0.045305682059221586,-0.042368405505605646,-0.039108679803349464,-0.03555131343332315,-0.03172338010159942,-0.027654012692201742,-0.023374181548266995,-0.01891645876903342,-0.014314770316497402,-0.00960413781835802,-0.004820412032284157,-4.741295737791918e-17,0.004820412032284061,0.00960413781835793,0.014314770316497315,0.018916458769033327,0.023374181548266912
0.0065438265673887636,5.516935091561819e-17,-0.00654382656738892,-0.01303785066332929,-0.019432648843252253,-0.025679552831724135,-0.03173101991740866,-0.037540994781808015,-0.04306526000804518,-0.04826177260210617,-0.05309098396541029,-0.05751614088352486,-0.06150356524032058,-0.06502291032876939,-0.06804739180770943,-0.07055399154685424,-0.07252363280866274,-0.07394132543383045,-0.07479627992545376,-0.07508198956361575,-0.07479627992545379,-0.07394132543383047,-0.07252363280866275,-0.07055399154685439,-0.06804739180770948,-0.06502291032876932,-0.06150356524032064,-0.05751614088352493,-0.05309098396541038,-0.04826177260210626,-0.043065260008045274,-0.03754099478180789,-0.03173101991740852,-0.025679552831724257,-0.01943264884325262,-0.013037850663329404,-0.00654382656738904,-6.43642427348879e-17,0.00654382656738891,0.01303785066332928,0.019432648843252506,0.025679552831724132,0.03173101991740841
0.008571578984868109,7.226481998679062e-17,-0.008571578984868312,-0.017077923078000604,-0.025454293864577423,-0.03363694210512228,-0.04156359290570621,-0.04917391966749411,-0.05641000320858761,-0.06321677256397255,-0.069542424108815,-0.0753388158153254,-0.08056183364266063,-0.08517172727141005,-0.08913341262752883,-0.09241673889332612,-0.09499671797339268,-0.09685371466909501,-0.09797359611429372,-0.09834783933498788,-0.09797359611429374,-0.09685371466909504,-0.0949967179733927,-0.0924167388933263,-0.0891334126275289,-0.08517172727140995,-0.08056183364266072,-0.07533881581532549,-0.06954242410881513,-0.06321677256397266,-0.056410003208587745,-0.049173919667493945,-0.04156359290570603,-0.033636942105122435,-0.02545429386457791,-0.017077923078000757,-0.008571578984868468,-8.430895665125573e-17,0.008571578984868301,0.01707792307800059,0.025454293864577756,0.033636942105122275,0.04156359290570588
0.010948883114623033,9.230727135938764e-17,-0.010948883114623293,-0.021814438617627576,-0.03251397307083355,-0.042966056556497184,-0.05309114240815161,-0.0628121726087717,-0.0720551642488119,-0.08074977258082092,-0.08882982638544444,-0.0962338315743588,-0.10290543919741632,-0.10879387429217846,-0.11385432231203949,-0.11804827019198653,-0.1213437994562783,-0.12371582913731831,-0.1251463066569634,-0.12562434521754295,-0.1251463066569634,-0.12371582913731834,-0.12134379945627835,-0.11804827019198677,-0.11385432231203957,-0.1087938742921783,-0.10290543919741643,-0.0962338315743589,-0.08882982638544461,-0.08074977258082107,-0.07205516424881206,-0.0628121726087715,-0.05309114240815138,-0.04296605655649737,-0.03251397307083416,-0.021814438617627767,-0.010948883114623493,-1.0769181658595225e-16,0.010948883114623276,0.021814438617627555,0.032513973070833965,0.04296605655649718,0.05309114240815119
0.014022921310960647,1.1822371187554236e-16,-0.014022921310960982,-0.02793911972347371,-0.04164268456478908,-0.05502932343202654,-0.06799715592033229,-0.08044748899427899,-0.09228556810145679,-0.10342129831183294,-0.11376992999456921,-0.12325270381388449,-0.13179745013515912,-0.1393391382794289,-0.1458203714461199,-0.1511918235373584,-0.1554126145593587,-0.1584506217438598,-0.16028272402178895,-0.16089497798855734,-0.16028272402178897,-0.15845062174385985,-0.15541261455935879,-0.1511918235373587,-0.14582037144612003,-0.13933913827942873,-0.13179745013515923,-0.12325270381388462,-0.11376992999456943,-0.10342129831183317,-0.092285568101457,-0.08044748899427871,-0.06799715592033201,-0.055029323432026774,-0.04164268456478987,-0.02793911972347396,-0.014022921310961237,-1.3792766385479944e-16,0.014022921310960963,0.027939119723473693,0.041642684564789624,0.05502932343202652,0.06799715592033176
0.017531101437889038,1.478002934833495e-16,-0.017531101437889454,-0.03492878060826755,-0.052060630667642355,-0.06879626789256883,-0.08500832397851055,-0.10057341538954633,-0.11537308238157852,-0.12929469055251505,-0.1422322880580789,-0.15408741196931655,-0.16476983763494504,-0.17419826534542338,-0.18230093907283426,-0.18901619257758437,-0.1942929187257217,-0.1980909584450843,-0.2003814063600889,-0.20114683077909193,-0.2003814063600889,-0.19809095844508431,-0.19429291872572177,-0.18901619257758473,-0.1823009390728344,-0.1741982653454232,-0.16476983763494515,-0.15408741196931675,-0.1422322880580791,-0.12929469055251533,-0.11537308238157877,-0.10057341538954599,-0.08500832397851016,-0.06879626789256912,-0.05206063066764333,-0.03492878060826786,-0.017531101437889777,-1.7243367573057442e-16,0.01753110143788943,0.03492878060826751,0.05206063066764303,0.0687962678925688,0.08500832397850988
