hough_viz/data/file_2_1_1.json
{"header": {"discipline": 0, "disciplineName": "Meteorological products", "gribEdition": 2, "gribLength": 133963, "center": 7, "centerName": "US National Weather Service - NCEP(WMC)", "subcenter": 0, "refTime": "2014-11-30T06:00:00.000Z", "significanceOfRT": 1, "significanceOfRTName": "Start of forecast", "productStatus": 0, "productStatusName": "Operational products", "productType": 1, "productTypeName": "Forecast products", "productDefinitionTemplate": 0, "productDefinitionTemplateName": "Analysis/forecast at horizontal level/layer at a point in time", "parameterCategory": 2, "parameterCategoryName": "Momentum", "parameterNumber": 3, "parameterNumberName": "V-component_of_wind", "parameterUnit": "m.s-1", "genProcessType": 2, "genProcessTypeName": "Forecast", "forecastTime": 6, "surface1Type": 100, "surface1TypeName": "Isobaric surface", "surface1Value": 85000, "surface2Type": 255, "surface2TypeName": "Missing", "surface2Value": 0, "gridDefinitionTemplate": 0, "gridDefinitionTemplateName": "Latitude_Longitude", "numberPoints": 65160, "shape": 6, "shapeName": "Earth spherical with radius of 6,371,229.0 m", "gridUnits": "degrees", "resolution": 48, "winds": "true", "scanMode": 0, "nx": 360, "ny": 181, "basicAngle": 0, "subDivisions": 0, "lo1": 0, "la1": 90, "lo2": 359, "la2": -90, "dx": 1, "dy": 1}, "data":
[rows 0 to 19 of 181, columns 220 to 263 of 360]
0.00021758957636807053,0.0002187960126322588,0.0002197358796579551,0.00022040803236210148,0.0002208116518299897,0.0002209462463133131,0.0002208116518299897,0.00022040803236184032,0.0002197358796579551,0.0002187960126322588,0.00021758957636807053,0.0002161180407222155,0.0002143831985345641,0.0002123871634423457,0.0002101323673069408,0.00020762155725067023,0.00020485779230893506,0.00020184443970279911,0.000198585170738412,0.0001950839563336644,0.00019134506217821165,0.00018737304353887892,0.0001831727397086189,0.0001787492681107735,0.00017410801806399295,0.00016925464421629885,0.00016419505965638634,0.00015893542870856327,0.00015348215942294685,0.00014784189576822913,0.00014202150953693507,0.00013602809197283433,0.00012986894513238896,0.00012355157298689568,0.00011708367228125179,0.00011047312315665656,0.00010372797954834622,9.685645937507523e-05,8.986693452569673e-05,8.276792065942447e-05,7.556806683133131e-05,6.827614495411694e-05,6.090103911148668e-05,5.345173473368448e-05
0.5827367184513891,0.5859677312659254,0.5884848326613236,0.5902849559372635,0.5913659079208208,0.5917263716385113,0.5913659079208208,0.5902849559372635,0.5884848326613238,0.5859677312659256,0.5827367184513891,0.5787957307091299,0.5741495695256496,0.5688038955326634,0.5627652216104939,0.5560409049531292,0.5486391381046147,0.5405689389776994,0.5318401398669023,0.5224633754693705,0.5124500699281429,0.5018124229135892,0.4905633947599938,0.4787166906753817,0.4662867440438349,0.4532886988406374,0.4397383911816731,0.42565233002956127,0.41104767708002354,0.39594222585300454,0.3803543800140081,0.36430313095206457,0.3478080346416523,0.33088918781674964,0.3135672034860636,0.2958631858192556,0.2777987044347568,0.25939576812051435,0.240676798019672,0.22166460031386143,0.20238233843738154,0.18285350485612611,0.16310189244562565,0.14315156550310176
1.16525584732641,1.1717166665192185,1.176749929442989,1.1803495038421645,1.1825110041898115,1.1832317970307094,1.1825110041898115,1.1803495038421647,1.1767499294429895,1.1717166665192185,1.16525584732641,1.1573753433775373,1.1480847558527645,1.1373954039018845,1.125320310853681,1.1118741883490078,1.0970734184169202,1.0809360335156963,1.0634816945630658,1.0447316669824076,1.0247087947941076,1.0034374727836395,0.980943616780279,0.9572546320826526,0.9323993800696058,0.9064081430370583,0.8793125873036899,0.8511457246304139,0.8219418720006242,0.7917366098102407,0.7605667385184792,0.7284702338121563,0.6954862003381722,0.6616548240605125,0.6270173232998457,0.5916158985153545,0.5554936808899652,0.5186946797816536,0.4812637291048184,0.44324643270706343,0.40468910880793174,0.3656387335672981,0.32614288385213985,0.2862496792714698
1.7476032131053538,1.7572928863273767,1.764841568857628,1.7702400637892297,1.7734817938876823,1.7745628096042108,1.7734817938876823,1.77024006378923,1.7648415688576284,1.7572928863273771,1.7476032131053538,1.7357843545657996,1.7218507101672902,1.7058192559092118,1.6877095236491209,1.6675435773061864,1.6453459859797008,1.621143794015418,1.594966488056187,1.5668459611170127,1.5368164737283354,1.5049146121948487,1.4711792440207294,1.4356514705555612,1.3983745769186768,1.3593939792629082,1.318757169441995,1.276513657149089,1.2327149095968017,1.1874142888123458,1.1406669866241217,1.0925299574189733,1.0430618487520515,0.9923229298937859,0.9403750184010714,0.8872814048021049,0.8331067754866103,0.777917133895446,0.7217797201055787,0.6647629289084054,0.6069362264812335,0.548370065753456,0.4891358005704879,0.4293055987601218
2.3296646739959446,2.342581616033262,2.3526444832184783,2.3598410154979943,2.3641624450057694,2.3656035067456105,2.3641624450057694,2.359841015497995,2.352644483218479,2.3425816160332626,2.3296646739959446,2.313909394410696,2.295334972658776,2.27396403881192,2.2498226300610793,2.222940158994119,2.1933493777611055,2.1610863381708603,2.1261903477673867,2.088703921939674,2.048672732123253,2.00614555015658,1.961174188860075,1.9138134389101704,1.864121002085314,1.8121574209652447,1.757986005169178,1.701672754222801,1.6432862771479964,1.5828977088733336,1.5205806235671089,1.4564109449985536,1.3904668540364284,1.32282869339766,1.253578869762122,1.1828017533728048,1.1105835752436457,1.0370123221003373,0.962177629182053,0.8861706710347118,0.8090840504288385,0.7310116855373653,0.6520486955107787,0.572291284589118
2.9110716114054975,2.9272121932200084,2.939786417879551,2.9487789656282923,2.9541788804319937,2.9559795833262608,2.9541788804319937,2.948778965628293,2.9397864178795516,2.9272121932200084,2.9110716114054984,2.891384337248696,2.868174356660571,2.841469947427247,2.8113036447578734,2.7777122016454925,2.74073654408917,2.7004217212319737,2.656816850475536,2.609975057638057,2.559953412228683,2.5068128579170996,2.4506181382830667,2.3914377179363218,2.329343699103012,2.2644117337802365,2.1967209315657334,2.1263537632750418,2.053395960463487,1.977936410975508,1.9000670506485027,1.8198827513031701,1.7374812051568265,1.6529628058004622,1.566430525884626,1.4779897916631297,1.3877483545473663,1.2958161598278335,1.2023052127227285,1.1073294419168414,1.0110045607569982,0.9134479262731915,0.8147783961970827,0.715116184152203
3.491981795522902,3.5113432628411894,3.5264266992746682,3.5372137279794726,3.5436912066227397,3.5458512433945213,3.5436912066227397,3.5372137279794726,3.5264266992746682,3.5113432628411894,3.4919817955229036,3.468365886285332,3.4405243074761325,3.4084909797704146,3.3723049308436326,3.332010247822371,3.2876560235709693,3.239296296879433,3.1869899866254947,3.130800819991027,3.070797254820296,3.007052396214619,2.9396439074650704,2.8686539154317066,2.7941689104846508,2.7162796411288954,2.635081003441222,2.5506719254539734,2.4631552466264495,2.3726375925508902,2.2792292450456118,2.183044007793591,2.0841990676902293,1.9828148520691427,1.8790148819800174,1.7729256216972598,1.6646763246427205,1.5543988759103344,1.442227631584443,1.328299255047602,1.212752550477295,1.0957282937344464,0.9773690608496813,0.8578190543164392
4.072256589976397,4.094835419848761,4.112425323523079,4.125004870411246,4.132558734273108,4.13507771188913,4.132558734273108,4.125004870411247,4.11242532352308,4.094835419848761,4.072256589976397,4.044716342732187,4.012248231665148,3.9748918141672878,3.9326926032790115,3.885702012238495,3.8339772918425763,3.7775814606954734,3.716583228430332,3.6510569119971072,3.5810823451188183,3.5067447810264456,3.42813478859102,3.34534814197938,3.2584857039681143,3.1676533030578096,3.072961604537309,2.974525975655134,2.872466345062224,2.766907056697377,2.657976718293302,2.5458080446879086,2.4305376961317355,2.312306111788457,2.19125733863141,2.067538855944564,1.941301395641696,1.812698758622794,1.6818876273913492,1.549027375160856,1.414279871683098,1.2778092860348151,1.1397818866029228,1.0003658385121523
4.651278434781618,4.677067680166211,4.697158639029569,4.711526833633091,4.720154758544902,4.72303190196753,4.720154758544902,4.711526833633091,4.697158639029569,4.677067680166211,4.651278434781618,4.619822323098761,4.582737669544285,4.540069656056092,4.491870267036113,4.438198226015322,4.379118924108161,4.31470434034353,4.245032953969447,4.170189648838152,4.090265609988218,4.005358212549625,3.915570903107182,3.821013073666764,3.721799928378025,3.6180523431758878,3.5098967185118237,3.397464825354403,3.2808936446466244,3.1603252004157683,3.035906386738983,2.907788788775479,2.7761284980833842,2.6410859224461896,2.5028255904405854,2.361515950983764,2.217329168104315,2.0704409111869055,1.9210301409461892,1.769278891390738,1.6153720480426403,1.4594971226829994,1.301844024897658,1.1426048307016858
5.229436558694785,5.25843143064802,5.281019713902279,5.297173888113874,5.306874271909889,5.310109046866894,5.306874271909889,5.297173888113874,5.281019713902279,5.258431430648022,5.229436558694785,5.1940704238277275,5.152376114234452,5.1044044280086815,5.050213811260607,4.9898702869093166,4.92344737424402,4.8510259993521325,4.77269439652331,4.688548000749536,4.598689331452306,4.503227867578483,4.402279914217096,4.2959684608994735,4.184423031755457,4.067779527708202,3.9461800608998296,3.8197727815496973,3.6887116974561387,3.5531564863617078,3.4132723014104447,3.269229569934197,3.1212037858132033,2.969375295663782,2.8139290791137874,2.655054523433446,2.492945192796099,2.327798592450098,2.1598159280890825,1.9892018607138298,1.8161642572843455,1.6409139374660267,1.4636644167783117,1.2846316464589806
5.806540012057452,5.838734662905836,5.863815714955596,5.88175261080825,5.89252349711917,5.896115251222512,5.89252349711917,5.881752610808252,5.863815714955596,5.8387346629058365,5.806540012057452,5.7672709866332985,5.720975429891926,5.667709745837938,5.607538830502407,5.540535992877049,5.466782865598513,5.386369305491588,5.2993932840925115,5.205960768285727,5.106185591199566,5.000189313518117,4.8881010753782705,4.770057439032326,4.646202222467942,4.516686324188067,4.381667539364355,4.241310367588079,4.095785812452673,3.945271173212235,3.789949828769674,3.6300110142577657,3.465649590485324,3.297065806529272,3.1244650557620086,2.9480576256112547,2.7680584413571583,2.584686804278985,2.3981661244702783,2.2087236486480775,2.016590183287785,1.8219998134210709,1.6251896174392495,1.4263993782498579
6.381611137746451,6.41699429914778,6.444559341457793,6.464272680918504,6.47611029986239,6.480057775974213,6.47611029986239,6.464272680918505,6.444559341457793,6.416994299147781,6.381611137746451,6.338452966185615,6.287572366049316,6.229031327511263,6.162901173809356,6.089262474349315,6.008204946543257,5.9198273465028555,5.824237348720245,5.721551414883205,5.611894651984562,5.495400659898573,5.372211368610083,5.242476865294665,5.106355211460542,4.964012250374974,4.815621405009786,4.661363466752215,4.501426375138404,4.336004988878065,4.165300848449143,3.9895219305517884,3.808882394720807,3.6236023224052145,3.4339074488329095,3.240028887987105,3.042202851029478,2.8406703585132975,2.635676946736993,2.427472368596,2.2163102892973146,2.00244797730756,1.7861459909109103,1.5676678607590449
6.955343476586819,6.993907725570605,7.023950975319678,7.04543662276203,7.0583384909458635,7.062640860932174,7.0583384909458635,7.04543662276203,7.023950975319679,6.993907725570605,6.955343476586821,6.9083052129653435,6.85285024358471,6.789046131782929,6.716970613041957,6.6367115002790005,6.54836657685999,6.4520434774656135,6.34785955695506,6.235941747387162,6.116426403373263,5.989459135950108,5.855194635175258,5.713796481661039,5.565436947276793,5.410296785262131,5.248565010006951,5.0804386667665495,4.906122591592276,4.725829161770398,4.539778037073081,4.348195892136778,4.151316140294149,3.949378649195801,3.742629448568542,3.5313204304660846,3.3157090423773172,3.096057973566237,2.8726348350255377,2.6457118334338348,2.4155654395137462,2.1824760511949535,1.9467276519924321,1.708607465016376
7.527495673259161,7.569232248648302,7.601746880493309,7.624999954723778,7.638963141050619,7.643619427482155,7.638963141050619,7.624999954723778,7.601746880493309,7.569232248648304,7.527495673259161,7.476588003913974,7.416571263766114,7.34751857396858,7.269514064587136,7.182652772100794,7.0870405236144896,6.982793807925059,6.870039633597609,6.748915374225099,6.619568601059817,6.482156903220511,6.336847695694363,6.183818015367573,6.0232543053331975,5.8553521877389745,5.680316225451845,5.49835967282965,5.30970421590349,5.114579702287489,4.913223861144856,4.705882013551527,4.4928067736102495,4.274257740679159,4.05050118308997,3.8218097137410765,3.5884619579606447,3.3507422140446277,3.1089401068830687,2.863350235096784,2.6142718121143127,2.362008301626495,2.1068670478626186,1.8491589011389253
8.096583716714086,8.141475629158165,8.176448407646292,8.201459443235029,8.216478263830167,8.221486571312276,8.216478263830167,8.201459443235029,8.176448407646294,8.141475629158165,8.096583716714088,8.041827364194305,7.977273283779798,7.903000124673757,7.8190983772796425,7.725670262952589,7.622829609458402,7.510701712291972,7.389423182024028,7.25914177786217,7.12001622762906,6.972216034376997,6.815921269874603,6.651322355217053,6.478619828827337,6.298024102131076,6.109755203202601,5.914042508694679,5.711124464378319,5.501248294633401,5.28466970124381,5.061652551864204,4.832468558537968,4.597396946657873,4.356724114772972,4.110743285656137,3.8597541490571916,3.6040624965771677,3.3439798491083335,3.0798230772939696,2.811914015470286,2.540579069560915,2.266148819401475,1.988957615979074
8.663714537998503,8.711750935581525,8.7491734065919,8.77593635751319,8.792007181812217,8.797366299665091,8.792007181812217,8.77593635751319,8.7491734065919,8.711750935581527,8.663714537998503,8.605122738793847,8.536046923049513,8.456571249006679,8.366792545531869,8.266820194145922,8.156775995759439,8.036794022277139,7.907020453251919,7.767613397787541,7.618742701907078,7.460589741621681,7.293347201951876,7.117218842170507,6.932419247553473,6.739173567940616,6.537717243425322,6.328295717507067,6.111164138056255,5.886587046455894,5.654838055298649,5.416199515032037,5.170962169957948,4.919424804005429,4.661893876708513,4.398683149832545,4.130113305103701,3.8565115535077727,3.5782112366339613,3.2955514205494985,3.0088764826998626,2.718535692337963,2.4248827849932555,2.1282755314996082
9.228604032613415,9.27977248818782,9.319634970424739,9.348142913029912,9.365261583466586,9.370970125271763,9.365261583466586,9.348142913029914,9.31963497042474,9.27977248818782,9.228604032613417,9.166191944582744,9.092612263611228,9.007954635206056,8.912322201646921,8.805831476323078,8.688612201779687,8.560807191646532,8.42257215664162,8.274075514861622,8.115498186590395,7.947033373875459,7.768886325141118,7.581274085124789,7.384425230441485,7.178579591098396,6.963987958298958,6.740911778892457,6.509622836841233,6.2704029220938455,6.023543487267418,5.769345292557482,5.508118039308093,5.240179992688351,4.965857593935352,4.6854850626358795,4.399403989531231,4.1079629203415715,3.811516931116656,3.5104271956303497,3.205060545346008,2.8957890224889082,2.582989426769994,2.267042856313595
9.789076515275003,9.8433525384976,9.885635952904265,9.915875242667795,9.934033565871628,9.94008879939601,9.934033565871628,9.915875242667799,9.885635952904265,9.843352538497603,9.789076515275003,9.72287401021018,9.64482568085785,9.555026617084899,9.453586225218045,9.340628094749093,9.21628984776015,9.08072297125232,8.93409263258217,8.776577478230692,8.608369416150111,8.429673381953599,8.240707089232828,8.041700764307445,7.832896865729791,7.614549788886516,7.386925556056949,7.15030149230599,6.904965887606167,6.651217645600754,6.389365919435714,6.1197297351041975,5.842637602762573,5.558427116491311,5.26744454298865,4.970044399698003,4.666589022882975,4.357448126176498,4.042998350141703,3.723622803393415,3.3997105958392977,3.071656364609438,2.739859793251677,2.404725124778902
10.34679886069697,10.404167203294604,10.448859670794123,10.480821812308227,10.500014686890871,10.506414910980812,10.500014686890871,10.48082181230823,10.448859670794125,10.404167203294607,10.34679886069697,10.276824537489759,10.194329486607087,10.099414215561055,9.992194363988865,9.872800562763706,9.741378274841164,9.598087618035008,9.443103169938343,9.276613755227647,9.09882221560901,8.909945162686759,8.710212714055624,8.499868212937828,8.279167931706892,8.048380759659231,7.807787875413923,7.557682404339964,7.298369061428046,7.030163780042346,6.753393327004381,6.46839490447794,6.17551573914026,5.875112659139714,5.567551659355718,5.253207455490403,4.932463027535149,4.605709153168526,4.2733439316538755,3.935772298816677,3.5934055336925996,3.246660757447424,2.895960425179033,2.5417318112210854
10.901461224764724,10.961904920518078,11.008993223677791,11.04266876439986,11.06289051422523,11.06963383606667,11.06289051422523,11.04266876439986,11.008993223677793,10.961904920518078,10.901461224764724,10.827735777750364,10.74081840257565,10.640814994673642,10.527847392792522,10.402053230553857,10.26358576876723,10.11261370870554,9.94932098656853,9.773906549384796,9.586584112625529,9.387581899825088,9.177142364525864,8.955521894885877,8.72299050130937,8.479831487480695,8.226341105202419,7.962828193458174,7.689613802139855,7.4070308008978305,7.115423473590542,6.81514709882763,6.506567517117746,6.190060685148148,5.866012217739432,5.534816918033332,5.196878296485795,4.852608079251725,4.502425706560059,4.146757821690462,3.7860377511741934,3.420704976852545,3.0512046004357907,2.6779868012154626
