hough_viz/data/file_4_2_1.json
{"header": {"discipline": 0, "disciplineName": "Meteorological products", "gribEdition": 2, "gribLength": 133963, "center": 7, "centerName": "US National Weather Service - NCEP(WMC)", "subcenter": 0, "refTime": "2014-11-30T06:00:00.000Z", "significanceOfRT": 1, "significanceOfRTName": "Start of forecast", "productStatus": 0, "productStatusName": "Operational products", "productType": 1, "productTypeName": "Forecast products", "productDefinitionTemplate": 0, "productDefinitionTemplateName": "Analysis/forecast at horizontal level/layer at a point in time", "parameterCategory": 2, "parameterCategoryName": "Momentum", "parameterNumber": 2, "parameterNumberName": "U-component_of_wind", "parameterUnit": "m.s-1", "genProcessType": 2, "genProcessTypeName": "Forecast", "forecastTime": 6, "surface1Type": 100, "surface1TypeName": "Isobaric surface", "surface1Value": 85000, "surface2Type": 255, "surface2TypeName": "Missing", "surface2Value": 0, "gridDefinitionTemplate": 0, "gridDefinitionTemplateName": "Latitude_Longitude", "numberPoints": 65160, "shape": 6, "shapeName": "Earth spherical with radius of 6,371,229.0 m", "gridUnits": "degrees", "resolution": 48, "winds": "true", "scanMode": 0, "nx": 360, "ny": 181, "basicAngle": 0, "subDivisions": 0, "lo1": 0, "la1": 90, "lo2": 359, "la2": -90, "dx": 1, "dy": 1}, "data":
[rows 120 to 139 of 181, columns 225 to 269 of 360]
13.45608300792482,13.42330466601788,13.325129333083973,13.162035309476595,12.934817172884614,12.644581907229608,12.292743509551496,11.881016101157122,11.411405576593474,10.886199831131144,10.307957614368524,9.679496064260977,9.003876982307856,8.284391916763518,7.524546126544871,6.72804150396243,5.89875853947301,5.040737416320454,4.158158327168738,3.2553211086236695,2.3366242928611207,1.4065436784203587,0.4696105245636553,-0.4696105245636372,-1.4065436784203404,-2.3366242928610568,-3.255321108623652,-4.158158327168721,-5.040737416320437,-5.898758539473037,-6.728041503962415,-7.524546126544856,-8.284391916763504,-9.003876982307844,-9.679496064260931,-10.307957614368512,-10.886199831131135,-11.411405576593491,-11.881016101157137,-12.292743509551505,-12.6445819072296,-12.934817172884602,-13.162035309476586,-13.325129333083966,-13.42330466601788
11.751478680187414,11.72285266874973,11.63711409748693,11.49468067609979,11.296246325899958,11.042777799095042,10.735509968869072,10.37593981320447,9.965819121755764,9.5071459613065,9.002154941388723,8.453306327489948,7.863274054886992,7.234932701502205,6.571343483248588,5.875739340093725,5.1515091855011415,4.402181395984723,3.6314066212127964,2.842939998410037,2.0406228577063543,1.2283640075625772,0.4101206914487143,-0.41012069144869856,-1.2283640075625613,-2.0406228577062975,-2.842939998410021,-3.6314066212127813,-4.40218139598471,-5.1515091855011645,-5.875739340093713,-6.571343483248577,-7.234932701502192,-7.863274054886983,-8.453306327489909,-9.00215494138871,-9.50714596130649,-9.965819121755777,-10.375939813204484,-10.73550996886908,-11.042777799095036,-11.296246325899945,-11.494680676099783,-11.637114097486924,-11.722852668749729
10.011003478511853,9.986617177189475,9.913577080831077,9.792239033444154,9.623194181798718,9.407266095419653,9.145506754238772,8.83919142345438,8.489812440567333,8.099071944862807,7.668873584758773,7.201313243422272,6.69866882783727,6.163389171070906,5.598082101804797,5.0055017392559416,4.388535075384675,3.750187909760169,3.093570205606883,2.421880938376469,1.738392510660906,1.0464348093759723,0.3493789828870529,-0.34937898288703945,-1.0464348093759586,-1.738392510660858,-2.4218809383764563,-3.09357020560687,-3.750187909760157,-4.388535075384696,-5.005501739255929,-5.598082101804786,-6.163389171070895,-6.698668827837261,-7.201313243422239,-7.668873584758763,-8.099071944862798,-8.489812440567345,-8.83919142345439,-9.145506754238781,-9.407266095419649,-9.623194181798707,-9.792239033444146,-9.91357708083107,-9.986617177189473
8.250776595180973,8.230678118077693,8.170480604528013,8.070477330766908,7.931155502691854,7.753193882244645,7.5374594805514565,7.285003333931809,6.997055383355222,6.675018482292478,6.320461562154513,5.935111988616308,5.520847146064916,5.079685291171531,4.613775720147737,4.125388297590499,3.6169023979299557,3.0907953133564803,2.5496301847019915,1.9960435140755646,1.4327323200901543,0.8624409982589851,0.28794795057659284,-0.28794795057658173,-0.862440998258974,-1.4327323200901148,-1.9960435140755541,-2.549630184701981,-3.09079531335647,-3.616902397929972,-4.12538829759049,-4.6137757201477285,-5.079685291171521,-5.520847146064908,-5.93511198861628,-6.320461562154507,-6.675018482292469,-6.997055383355231,-7.285003333931819,-7.537459480551463,-7.753193882244641,-7.931155502691848,-8.070477330766902,-8.170480604528008,-8.230678118077691
6.492555566469267,6.476740027424049,6.429370462004856,6.3506776499728295,6.241044974798023,6.101006555853646,5.931244646240178,5.732586308916863,5.505999387334067,5.252587790197303,4.973586113334977,4.67035362487161,4.344367643010158,3.9972163386862856,3.6305909981591142,3.2462777832346434,2.8461490292649354,2.4321541233185684,2.0063100069626714,1.5706913499264288,1.1274204425186871,0.6786568560428786,0.2265869215828003,-0.22658692158279156,-0.6786568560428697,-1.1274204425186558,-1.5706913499264203,-2.0063100069626625,-2.43215412331856,-2.846149029264948,-3.2462777832346363,-3.6305909981591076,-3.997216338686278,-4.344367643010151,-4.670353624871588,-4.973586113334972,-5.252587790197298,-5.505999387334075,-5.73258630891687,-5.9312446462401835,-6.101006555853643,-6.241044974798019,-6.350677649972825,-6.42937046200485,-6.476740027424048
4.741509653297288,4.729959574089299,4.69536560729022,4.637896291228923,4.557831610636464,4.455561632588615,4.331584606138278,4.186504534896204,4.02102823438608,3.835961888510373,3.6322071219033845,3.410756607306666,3.172689229367193,2.9191648284198606,2.6514185498618885,2.3707548266486516,2.0785410242274094,1.7762007788703589,1.4652070618617303,1.14707500332981,0.8233545106852433,0.4956227176279076,0.16547630051012657,-0.16547630051012016,-0.4956227176279011,-0.8233545106852205,-1.147075003329804,-1.465207061861724,-1.7762007788703527,-2.0785410242274187,-2.3707548266486467,-2.6514185498618836,-2.919164828419855,-3.172689229367187,-3.410756607306649,-3.63220712190338,-3.835961888510369,-4.021028234386087,-4.186504534896208,-4.331584606138282,-4.455561632588612,-4.557831610636461,-4.637896291228919,-4.695365607290216,-4.729959574089298
3.0298626555480794,3.022482062399529,3.0003762404618035,2.963652887077312,2.9124909147323272,2.8471395794133283,2.7679172662568945,2.6752099384093317,2.5694692566530017,2.451210378960406,2.3210094506963195,2.1795007976954954,2.027373835890945,1.8653697125488482,1.6942776954735204,1.5149313277740444,1.3282043669260086,1.1350065279129546,0.936279051186366,0.7329901170368389,0.5261301287170169,0.3167068872964909,0.10574068175633188,-0.10574068175632781,-0.31670688729648677,-0.5261301287170024,-0.7329901170368349,-0.9362790511863622,-1.1350065279129509,-1.3282043669260144,-1.514931327774041,-1.694277695473517,-1.8653697125488446,-2.0273738358909426,-2.1795007976954857,-2.3210094506963173,-2.4512103789604023,-2.5694692566530053,-2.6752099384093344,-2.7679172662568967,-2.847139579413327,-2.912490914732324,-2.96365288707731,-3.000376240461801,-3.0224820623995288
1.3523812416087175,1.3490869088746023,1.3392199603301922,1.3228284667569725,1.299992285863966,1.2708226732289971,1.2354617402727037,1.1940817619059836,1.1468843372239363,1.0940994073353447,1.0359841351127037,0.972821652320554,0.9049196802259861,0.8326090304115689,0.7562419930945535,0.6761906208043609,0.5928449157800487,0.506610929918623,0.4179087865309864,0.3271706335434151,0.23483853811629746,0.14136233293735975,0.04719742468204798,-0.04719742468204616,-0.1413623329373579,-0.23483853811629096,-0.3271706335434133,-0.4179087865309846,-0.5066109299186213,-0.5928449157800514,-0.6761906208043592,-0.7562419930945521,-0.8326090304115674,-0.9049196802259847,-0.9728216523205496,-1.0359841351127024,-1.0940994073353438,-1.146884337223938,-1.194081761905985,-1.2354617402727048,-1.2708226732289964,-1.2999922858639648,-1.3228284667569719,-1.339219960330191,-1.3490869088746023
-0.2811913821225084,-0.28050641404828747,-0.2784548469212294,-0.27504667577015446,-0.2702985048623225,-0.2642334668091118,-0.2568811098662622,-0.2482772539777434,-0.2384638162645873,-0.22748860680888924,-0.215405095727893,-0.20227215267295504,-0.18815376002251938,-0.17311870116640457,-0.15724022540003801,-0.14059569106125466,-0.12326618864824948,-0.10533614575482485,-0.08689291574763507,-0.06802635218936816,-0.04882837108121965,-0.029392503057373193,-0.00981343771315625,0.009813437713155872,0.029392503057372805,0.04882837108121831,0.06802635218936781,0.08689291574763472,0.1053361457548245,0.12326618864825004,0.14059569106125436,0.15724022540003768,0.17311870116640427,0.1881537600225191,0.20227215267295406,0.2154050957278928,0.227488606808889,0.2384638162645877,0.2482772539777437,0.25688110986626256,0.26423346680911175,0.27029850486232226,0.27504667577015424,0.2784548469212293,0.2805064140482874
-1.823865072838144,-1.8194222291878481,-1.8061153433246329,-1.7840092450588187,-1.7532116330790608,-1.713872550255158,-1.6661836526442764,-1.6103772757619101,-1.5467253026665888,-1.4755378393729608,-1.3971617040464521,-1.3119787373400325,-1.2204039421049293,-1.1228834615384713,-1.0198924056192482,-0.9119325364190748,-0.7995298235685997,-0.6832318817861611,-0.5636053029538889,-0.44123289573903235,-0.3167108462087109,-0.19064581327131713,-0.063651973095322,0.06365197309531954,0.19064581327131463,0.31671084620870216,0.44123289573903,0.5636053029538866,0.6832318817861589,0.7995298235686035,0.9119325364190728,1.0198924056192462,1.1228834615384693,1.2204039421049278,1.3119787373400265,1.3971617040464503,1.4755378393729588,1.5467253026665908,1.6103772757619117,1.666183652644278,1.7138725502551568,1.753211633079059,1.7840092450588172,1.8061153433246313,1.8194222291878481
-3.3064177414091356,-3.2983634739710372,-3.274239911238091,-3.2341645807830357,-3.1783327255874934,-3.107016352837776,-3.020562908733221,-2.9193935857632445,-2.804001270699847,-2.6749481433028226,-2.5328629374364735,-2.378437877941426,-2.2124253081847796,-2.0356340247188798,-1.8489253369057663,-1.6532088707045727,-1.449438137065271,-1.2386058865192096,-1.021739272598255,-0.7998948476460747,-0.5741534154013114,-0.34561476543040087,-0.11539231506339974,0.11539231506339528,0.34561476543039643,0.5741534154012954,0.7998948476460704,1.0217392725982508,1.2386058865192056,1.4494381370652778,1.6532088707045693,1.8489253369057623,2.0356340247188762,2.2124253081847765,2.378437877941415,2.532862937436471,2.6749481433028195,2.8040012706998505,2.9193935857632485,3.0205629087332238,3.107016352837774,3.1783327255874902,3.234164580783033,3.2742399112380878,3.298363473971037
-4.71713581498252,-4.70564510921964,-4.671228973494436,-4.614055079760659,-4.5344019734814855,-4.432657716583998,-4.309317996860506,-4.164983713027447,-4.000358047207217,-3.816243039095579,-3.6135356785048756,-3.3932235353198337,-3.156379948156339,-2.904158795163641,-2.637788872445927,-2.3585679074912673,-2.067856236773713,-1.7670701783307934,-1.4576751316043197,-1.1411784381616616,-0.8191220380791353,-0.4930749577649307,-0.16462566582023302,0.1646256658202267,0.49307495776492427,0.8191220380791129,1.1411784381616554,1.4576751316043135,1.7670701783307876,2.0678562367737223,2.3585679074912624,2.637788872445922,2.9041587951636356,3.1563799481563337,3.3932235353198177,3.6135356785048725,3.816243039095575,4.000358047207222,4.164983713027452,4.309317996860511,4.432657716583996,4.53440197348148,4.614055079760655,4.671228973494432,4.705645109219639
-5.997140220721776,-5.982531488559313,-5.9387764643465495,-5.866088318163213,-5.764821179350922,-5.6354684112306295,-5.4786602074861195,-5.2951605219237425,-5.08586334656623,-4.851788356213442,-4.594075940689244,-4.313981648976906,-4.0128700723106565,-3.6922081960244135,-3.3535582525466103,-2.9985701103608973,-2.6289732360127003,-2.2465682683221346,-1.853218245852556,-1.4508395303740302,-1.0413924705414022,-0.6268718512726804,-0.2092971753575172,0.20929717535750916,0.6268718512726723,1.0413924705413733,1.4508395303740227,1.853218245852548,2.246568268322128,2.628973236012713,2.998570110360891,3.3535582525466037,3.6922081960244078,4.01287007231065,4.313981648976886,4.594075940689239,4.851788356213437,5.085863346566237,5.2951605219237505,5.478660207486125,5.635468411230626,5.764821179350917,5.866088318163209,5.938776464346546,5.98253148855931
-7.198993332958853,-7.181456947019904,-7.128933224712605,-7.041678056332366,-6.920116540288681,-6.764840912068387,-6.576607658923922,-6.35633383434348,-6.105092590258558,-5.824107948755659,-5.5147488387637065,-5.178522426769912,-4.817066774056131,-4.432142856229026,-4.025625983923815,-3.5994966664794372,-3.155830963096088,-2.6967903684835774,-2.2246112822762343,-1.7415941135187856,-1.2500920733047016,-0.752499710168268,-0.25124124408492593,0.2512412440849162,0.7524997101682582,1.2500920733046672,1.7415941135187762,2.2246112822762254,2.6967903684835686,3.155830963096103,3.5994966664794297,4.025625983923808,4.432142856229019,4.817066774056125,5.178522426769889,5.514748838763701,5.824107948755652,6.1050925902585655,6.356333834343488,6.57660765892393,6.764840912068386,6.920116540288674,7.041678056332361,7.1289332247126,7.181456947019904
-8.311204971373837,-8.29095929378327,-8.230320895917709,-8.129585201956198,-7.989242986073805,-7.809977981439155,-7.592663549135165,-7.338358423231671,-7.048301552739403,-6.723906065574986,-6.366752383943759,-5.978580524681673,-5.561281622068129,-5.1168887144099635,-4.647566839283048,-4.155602485686932,-3.6433924545002228,-3.1134321815077444,-2.568303579888069,-2.010662461392152,-1.4432255974954171,-0.8687574835601849,-0.2900568704922732,0.2900568704922619,0.8687574835601736,1.4432255974953772,2.0106624613921418,2.5683035798880582,3.1134321815077346,3.643392454500239,4.155602485686922,4.647566839283039,5.116888714409954,5.561281622068119,5.978580524681645,6.366752383943754,6.723906065574979,7.048301552739414,7.33835842323168,7.592663549135173,7.809977981439151,7.989242986073798,8.129585201956193,8.230320895917703,8.29095929378327
-9.267170683562597,-9.244596321543808,-9.176983215510035,-9.064660769717419,-8.908176207831257,-8.708291906907277,-8.46598168316728,-8.182426047664407,-7.859006454951904,-7.497298572775445,-7.0990646055782385,-6.666244709218134,-6.2009475387232715,-5.705439975136839,-5.182136081500361,-4.633585341781312,-4.062460240043447,-3.4715432403731925,-2.8637132309941467,-2.241931498613145,-1.6092273013290663,-0.9686831103918434,-0.32341959271250903,0.3234195927124966,0.9686831103918309,1.6092273013290221,2.241931498613133,2.8637132309941347,3.471543240373181,4.062460240043464,4.633585341781302,5.182136081500352,5.705439975136829,6.200947538723263,6.666244709218103,7.09906460557823,7.497298572775436,7.859006454951915,8.182426047664416,8.465981683167287,8.708291906907274,8.90817620783125,9.064660769717413,9.176983215510027,9.244596321543808
-10.135652962476499,-10.110963021276044,-10.037013484586383,-9.91416462711688,-9.743014956152413,-9.524398295686003,-9.25937972411217,-8.949250385272073,-8.595521198130433,-8.199915495730274,-7.76436062928754,-7.290978578329718,-6.782075612624854,-6.240131056267162,-5.667785208659119,-5.0678264812382645,-4.443177812616924,-3.796882428319217,-3.132089014492026,-2.4520363778227163,-1.7600376663984905,-1.0594642283819027,-0.3537291871416456,0.35372918714163193,1.059464228381889,1.7600376663984416,2.452036377822704,3.1320890144920126,3.7968824283192046,4.443177812616945,5.067826481238253,5.667785208659108,6.240131056267152,6.782075612624843,7.2909785783296845,7.7643606292875305,8.199915495730265,8.595521198130443,8.949250385272084,9.25937972411218,9.524398295685996,9.743014956152402,9.914164627116872,10.037013484586375,10.110963021276042
-10.906957851233892,-10.880389050090072,-10.800812087187095,-10.668614653489177,-10.484440801604856,-10.24918780802742,-9.964001801694018,-9.630272180160734,-9.249624840597283,-8.823914258579482,-8.355214453270642,-7.845808883008687,-7.298179320526638,-6.714993762005432,-6.099093428864546,-5.453478925616963,-4.7812956212255235,-4.085818325181662,-3.3704353329625385,-2.638631918596196,-1.8939733547568078,-1.140087543114541,-0.38064733956345725,0.38064733956344254,1.1400875431145263,1.8939733547567552,2.6386319185961824,3.3704353329625247,4.0858183251816484,4.781295621225546,5.453478925616951,6.099093428864536,6.714993762005419,7.298179320526627,7.845808883008651,8.355214453270632,8.823914258579475,9.249624840597297,9.630272180160745,9.964001801694028,10.249187808027413,10.484440801604848,10.66861465348917,10.80081208718709,10.880389050090072
-11.511786322509103,-11.48374418960783,-11.399754409356717,-11.260226171522522,-11.06583924365465,-10.817540659325958,-10.516540104280406,-10.164304022965725,-9.762548474163427,-9.31323077052295,-8.818539942731164,-8.280886074774932,-7.702888562254121,-7.087363350949691,-6.437309217818707,-5.75589316125457,-5.046434971789122,-4.312391058407024,-3.5573376092683997,-2.784953168879747,-1.999000716594825,-1.2033093337574627,-0.40175554880230546,0.4017555488022899,1.203309333757447,1.9990007165947699,2.7849531688797318,3.557337609268385,4.31239105840701,5.046434971789145,5.755893161254557,6.437309217818694,7.087363350949679,7.70288856225411,8.280886074774893,8.818539942731155,9.313230770522939,9.76254847416344,10.164304022965737,10.516540104280416,10.817540659325951,11.065839243654638,11.260226171522513,11.399754409356708,11.483744189607826
-12.028348219292106,-11.99904776757258,-11.911289161269504,-11.765499951491321,-11.562390408613394,-11.302950061912117,-10.98844287867776,-10.62040110629292,-10.200617807277206,-9.731138123666955,-9.214249313288786,-8.65246960646937,-8.048535937470414,-7.4053906104201355,-6.726166964703152,-6.014174109646072,-5.272880802869428,-4.505898550849365,-3.7169640140209053,-2.9099208021440512,-2.0887007486233675,-1.257304755010814,-0.41978329901572153,0.41978329901570544,1.2573047550107976,2.08870074862331,2.9099208021440357,3.71696401402089,4.505898550849351,5.272880802869452,6.014174109646058,6.726166964703137,7.405390610420122,8.048535937470403,8.652469606469332,9.214249313288773,9.731138123666945,10.200617807277219,10.620401106292935,10.988442878677773,11.302950061912112,11.562390408613386,11.765499951491313,11.911289161269496,11.999047767572579
