hough_viz/data/file_2_2_2.json
{"header": {"discipline": 0, "disciplineName": "Meteorological products", "gribEdition": 2, "gribLength": 133963, "center": 7, "centerName": "US National Weather Service - NCEP(WMC)", "subcenter": 0, "refTime": "2014-11-30T06:00:00.000Z", "significanceOfRT": 1, "significanceOfRTName": "Start of forecast", "productStatus": 0, "productStatusName": "Operational products", "productType": 1, "productTypeName": "Forecast products", "productDefinitionTemplate": 0, "productDefinitionTemplateName": "Analysis/forecast at horizontal level/layer at a point in time", "parameterCategory": 2, "parameterCategoryName": "Momentum", "parameterNumber": 3, "parameterNumberName": "V-component_of_wind", "parameterUnit": "m.s-1", "genProcessType": 2, "genProcessTypeName": "Forecast", "forecastTime": 6, "surface1Type": 100, "surface1TypeName": "Isobaric surface", "surface1Value": 85000, "surface2Type": 255, "surface2TypeName": "Missing", "surface2Value": 0, "gridDefinitionTemplate": 0, "gridDefinitionTemplateName": "Latitude_Longitude", "numberPoints": 65160, "shape": 6, "shapeName": "Earth spherical with radius of 6,371,229.0 m", "gridUnits": "degrees", "resolution": 48, "winds": "true", "scanMode": 0, "nx": 360, "ny": 181, "basicAngle": 0, "subDivisions": 0, "lo1": 0, "la1": 90, "lo2": 359, "la2": -90, "dx": 1, "dy": 1}, "data":
[rows 20 to 39 of 181, columns 90 to 134 of 360]
-8.145847355109119e-16,0.23213711341640492,0.46399140351809104,0.6952803915669898,0.9257222875585013,1.1550363335392069,1.3829431456671997,1.609165054598261,1.833426443783169,2.0554540852640244,2.274977472560409,2.4917291502398973,2.7054450397712673,2.91586476126354,3.1227319506987503,3.325794572272013,3.5248052254583415,3.719521446432073,3.9097060034716833,4.095127185990104,4.275559086838386,4.450781877538741,4.620582076111709,4.784752807171036,4.943094053969497,5.095412902088466,5.2415237744744285,5.381248657536035,5.514417318026242,5.640867510445309,5.760445174711925,5.873004623861715,5.978408721544337,6.076529049103027,6.167246062032928,6.250449235627671,6.3260371996366995,6.393917861769301,6.454008519894879,6.506235962802764,6.550536559398797,6.586856336230006,6.615151043242955,6.635386207695616,6.6475371761570905
-7.985751317873656e-16,0.22757476031388377,0.4548722558375275,0.6816155595851356,0.9075284197682205,1.132335596365851,1.3557631964622345,1.5775390079430427,1.7973928311439273,2.0150568080472073,2.2302657486255826,2.4427574539353625,2.6522730355654605,2.8585572310530654,3.0613587148816217,3.2604304046822516,3.455529762265577,3.6464190891171384,3.832865815996413,4.014642786286613,4.19152853275004,4.363307547351784,4.5297705438230835,4.690714712644393,4.845943968137561,4.995269187365997,5.1385084405518615,5.275487212729455,5.4060386163648495,5.530003594682616,5.647231115452013,5.7575783549965,5.860910872202381,5.957102772314595,6.046036860320079,6.127604783731847,6.2017071645997985,6.268253720587441,6.327163374967012,6.378364355398989,6.4217942813756235,6.457400240221979,6.485138851561878,6.504976320170209,6.516888477147197
-7.766590712142425e-16,0.221329208663922,0.44238876178023595,0.6629093323350883,0.8826222499818479,1.1012598283745367,1.3185556913024208,1.5342450972283896,1.7480652618357255,1.9597556781903294,2.169058434128273,2.375718526482072,2.5794841717627355,2.780107112919185,2.9773429218012177,3.1709512969575515,3.3606963564061436,3.5463469250200452,3.7276768161786773,3.904465107341388,4.076496409207551,4.2435611281352275,4.405455721498753,4.561982945674061,4.71295209634967,4.858179240870496,4.997487442331465,5.130706975147878,5.257675531839896,5.3782384207792004,5.492248754656902,5.599567629443124,5.7000642936201364,5.793616307482969,5.880109692313312,5.959439069245031,6.031507787652093,6.096228042902456,6.153520983334479,6.203316806325557,6.245554843335826,6.280183633823463,6.307160987941415,6.326454037939234,6.338039278207361
-7.439162534614427e-16,0.2119982908761155,0.4237382944906299,0.6349620382651907,0.8454121786045319,1.054832314430004,1.2629672995648025,1.4695635535902825,1.6743693707946246,1.8771352268374866,2.0776140827569565,2.2755616859485053,2.470736867749131,2.662901837264245,2.851822471079238,3.0372685985027945,3.219014281994435,3.396838092434606,3.5705233789019406,3.7398585326290466,3.9046372448151914,4.064658757981788,4.219728110564466,4.369656374443706,4.514260885124655,4.6533654642856614,4.786800634424438,4.914403825340278,5.036019572200817,5.15149970495198,5.260703528840355,5.363497995828096,5.459757866691451,5.5493658636054715,5.632212813028969,5.7081977787156655,5.77722818468946,5.839219928033994,5.894097481359092,5.941793984819272,5.982251327572149,6.015420218577555,6.041260246651076,6.0597399296988534,6.0708367530736735
-7.054103934220825e-16,0.20102504425181336,0.40180517045273834,0.6020957589468111,0.8016527865043513,1.000233123626679,1.1975948307619664,1.3934974530713145,1.587702313385923,1.779972802998466,1.9700746699343419,2.157776304351644,2.342849020722052,2.525067336448937,2.7042092465831677,2.880056494301936,3.0523948368210903,3.2210143064169587,3.385709466239677,3.5462796606063436,3.7025292594690704,3.854267896760044,4.001310702323271,4.143478527150379,4.280598161646095,4.412502546657445,4.539030977009604,4.660029297300399,4.775350089714919,4.884852853631413,4.988404176799657,5.085877897883229,5.17715526016766,5.262125056247214,5.3406837635139555,5.412735670284122,5.478192992408063,5.536975980221696,5.589013015709194,5.634240699758508,5.672603929403413,5.704055964957992,5.728558486961732,5.746081642865898,5.756604083404258
-6.608868855279149e-16,0.18833691231027624,0.3764443651039781,0.5640931784256122,0.7510547311012303,0.9371012392781116,1.1220060339443099,1.3055438370899304,1.4874910361736675,1.6676259565602587,1.8457291315968631,2.0215835699993963,2.1949750202229605,2.3656922314943674,2.5335272111886527,2.6982754782360527,2.859736312250695,3.0177129980774713,3.172013065459142,3.322448523531705,3.4688360898623105,3.6109974137506553,3.7487592935218554,3.8819538875459996,4.010418918727325,4.13399787221386,4.252540186086659,4.365901434796309,4.47394350512322,4.576534764447306,4.673550221122052,4.764871676757585,4.850387870227202,4.929994613221925,5.003594917187889,5.0710991114919715,5.132424952671638,5.187497724635932,5.236250329695524,5.278623370310912,5.314565221459175,5.344032093531105,5.366988085682105,5.38340522957184,5.393263523439347
-6.051503053635499e-16,0.1724533236950997,0.34469653957967344,0.516519795827203,0.6877137522672947,0.8580698354344289,1.0273804926826098,1.1954394450562924,1.3620419386095035,1.5269849938669984,1.6900676531234686,1.851091225279575,2.009859527916421,2.166179126313629,2.319859569119741,2.4707136203878517,2.618557487693775,2.763211046058805,2.9044980574042443,3.0422463852703627,3.176288204538164,3.3064602058984245,3.432603794818948,3.554565284767564,3.6721960844554995,3.785352878872969,3.8938978038964454,3.997698614254847,4.096628844650043,4.190567963835335,4.279401521464201,4.363021287530435,4.44132538422972,4.514218410082053,4.581611556163739,4.643422714307397,4.699576577138112,4.750004729823859,4.794645733428453,4.833445199765421,4.866355857661634,4.89333761054994,4.914357585320668,4.929390172372436,4.938417056813516
-5.436352426994267e-16,0.15492300615296897,0.30965726248699893,0.464014249145735,0.6178059059178048,0.770844861359216,0.9229446610766076,1.0739199948932057,1.2235869226207199,1.3717630981621398,1.5182679916723516,1.6629231095059687,1.8055522116843188,1.9459815266167309,2.0840399628144373,2.2195593173391988,2.3523744807326845,2.4823236381769096,2.6092484666406595,2.7329943277717215,2.8534104562999003,2.9703501437212627,3.083670917039864,3.1932347123491422,3.2989080430415245,3.4005621624412896,3.498073220662566,3.591322415501336,3.6801961371776275,3.7645861067515267,3.844389508044383,3.9195091129044974,3.989853399664629,4.055336664647074,4.11587912658037,4.171407023800505,4.221852704118135,4.26715470724235,4.307257839660585,4.3421132418834,4.371678447972253,4.395917437277692,4.414800678324982,4.428305164793643,4.436414443547122
-4.762376287113048e-16,0.13571630256486059,0.27126725572053845,0.40648771151064,0.5412129246388996,0.675278753185945,0.8085218585909494,0.9407799046545076,1.0718917553202787,1.2016976709944618,1.3300395031638705,1.4567608870755555,1.5817074322431495,1.7047269105479093,1.8256694417052177,1.9443876758706264,2.060736973162946,2.1745755798856647,2.2857648012319824,2.394169170263073,2.49965661295369,2.6020986091040057,2.701370348921692,2.797350885083419,2.889923280090544,2.978974748739435,3.0643967955328697,3.1460853468650867,3.2239408778194445,3.2978685334242033,3.3677782442186883,3.4335848359890657,3.4952081335399856,3.5525730583757285,3.6056097201717683,3.654253501925379,3.698445138681496,3.7381307897379283,3.7732621042419714,3.803796280098467,3.829696116117561,3.8509300573386303,3.8674722334751346,3.8793024904335756,3.8864064148681643
-3.977098854310786e-16,0.113337779062646,0.22653747349984965,0.33946116692101796,0.45197127920027863,0.5639307340966706,0.6752031262604349,0.7856528874219207,0.8951454515606327,1.003547418853206,1.1107267182005334,1.2165527681360697,1.320896635919219,1.4236311946200308,1.5246312780037743,1.6237738330267133,1.720938069757293,1.8160056085400618,1.908860624223045,1.9993899872728487,2.087483401605581,2.1730335389656235,2.2559361696885927,2.336090289689123,2.4133982435187913,2.487765843344233,2.559102483700511,2.627321251879918,2.692339033821723,2.754076615373852,2.8124587788031286,2.867414394436499,2.9188765073215737,2.9667824188009377,3.0110737629007893,3.051696577440903,3.088601369779228,3.1217431771110458,3.1510816212492263,3.1765809578188287,3.198210119806115,3.2159427554089204,3.2297572601422657,3.239636803160095,3.2455693477610668
-3.136474261039735e-16,0.08938199422629153,0.1786550902608583,0.2677105225876503,0.3564397908803152,0.4447347921931319,0.5324879526678034,0.6195923585956313,0.7059418866753969,0.7914313333082611,0.8759565427721383,0.9594145341194106,1.0417036266433366,1.1227235637603417,1.2023756351572128,1.2805627970544124,1.3571897904389774,1.4321632571229543,1.505391853485965,1.5767863617633404,1.6462597987442287,1.7137275217472285,1.7791073317444672,1.84231957350845,1.9032872326596892,1.9619360294968557,2.0181945094951583,2.0719941303626723,2.1232693455485676,2.171957684101483,2.217999826780754,2.2613396783277757,2.3019244358094277,2.3397046529503243,2.374634300375473,2.4066708216899872,2.4357751853274934,2.461911932104083,2.485049218419864,2.505158855055489,2.5222163415163674,2.5362008958827524,2.547095480129303,2.554886820883297,2.5595654255961904
-2.240546052548065e-16,0.06385018899093539,0.12762258636195234,0.1912394952702405,0.2546234083117287,0.3176971019519175,0.3803837306108641,0.4426069202876841,0.5042908616105032,0.5653604021985028,0.6257411382235158,0.6853595050596377,0.7441428669103823,0.8020196053042186,0.858919206350642,0.9147723466504876,0.9695109777558168,1.0230684090764688,1.0753793891322687,1.1263801850519062,1.1760086602216262,1.2242043499891127,1.2709085353303615,1.3160643143897615,1.3596166718062452,1.4015125457410265,1.44170089252528,1.4801327488489895,1.516761291415198,1.5515418939869836,1.5844321817576534,1.6153920829779194,1.644383877777151,1.6713722441192311,1.6963243008370084,1.7192096476929435,1.7400004024171103,1.7586712346774465,1.7751993969408646,1.7895647521876146,1.8017497984451423,1.811739690111545,1.819522256042652,1.825088014380688,1.8284301841064587
-1.240107462294144e-16,0.03534008852284091,0.07063712059153975,0.10584809220961254,0.14093010423197705,0.17584041463095282,0.21053649057083984,0.24497606022762697,0.27911716429069594,0.3129182070837804,0.34633800724288705,0.3793358478894489,0.411871526237565,0.44390540257490624,0.4753984485575955,0.5063122947602344,0.5366092774231377,0.5662524843398239,0.5952057998288505,0.6234339487352103,0.650902539407675,0.6775781055997209,0.7034281472429996,0.728421170043662,0.7525267238533063,0.7757154397677909,0.7979590659087219,0.8192305018440142,0.8395038316055944,0.8587543552640156,0.8769586190215148,0.8940944437868568,0.9101409521971346,0.9250785940536274,0.9388891701406986,0.9515558543987436,0.9630632144241464,0.9733972302712897,0.9825453115336958,0.990496312683501,0.997240546650562,1.0027697966246596,1.007077326066416,1.0101578869147305,1.0120077259807332
-1.8916895262374357e-17,0.005390861465448149,0.010775154996599152,0.016146320661172258,0.02149781452116982,0.026823116605657744,0.03211573885434598,0.0373692330222906,0.04257719853608659,0.04773329029198114,0.05283122638640445,0.05786479576950257,0.06282786581234397,0.06771438977858392,0.07251841419148089,0.0772340860872908,0.08185566014620226,0.08637750569212346,0.0907941135527936,0.09510010277186066,0.09929022716474804,0.10335938171032233,0.10730260877057471,0.11111510413073987,0.11479222285249141,0.11832948493308373,0.12172258076354492,0.12496737637927188,0.1280599184966293,0.13099643932941693,0.13377336117933614,0.1363873007948651,0.1388350734932285,0.14111369704044419,0.14322039528471467,0.14515260153874146,0.14690796170683754,0.1484843371530305,0.1498798073066613,0.15109267200230342,0.15212145355115259,0.15296489854136325,0.15362197936513772,0.1540918954707075,0.15437407433768313
9.118261910912404e-17,-0.025984859611276164,-0.05193806067377653,-0.07782798320979117,-0.10362308433674676,-0.12929193669735026,-0.15480326674898373,-0.1801259928656992,-0.20522926320638993,-0.2300824933030086,-0.25465540332302805,-0.27891805496075645,-0.30284088791254765,-0.32639475589148037,-0.3495509621376175,-0.37228129438058766,-0.39455805921189224,-0.4163541158250571,-0.4376429090825241,-0.45839850186899617,-0.47859560669181744,-0.4982096164898863,-0.5172166346135705,-0.5355935039390928,-0.5533178350819202,-0.570368033674779,-0.5867233266770655,-0.6023637876835959,-0.6172703612018623,-0.6314248858682144,-0.6448101165746835,-0.6574097454794908,-0.6692084218756392,-0.6801917708933874,-0.6903464110138122,-0.6996599703721292,-0.7081211018309043,-0.7157194968047925,-0.7224458978199605,-0.7282921097928947,-0.7332510100148455,-0.7373165568297531,-0.7404837969950723,-0.7427488717165377,-0.7441090213495096
2.1033323750709156e-16,-0.059939928262710836,-0.11980682895587116,-0.17952776348277677,-0.23902997108401142,-0.29824095748522383,-0.35708858322023745,-0.41550115152187755,-0.4734074956734342,-0.530737065714348,-0.587420014394465,-0.6433872822721598,-0.6985706818526186,-0.752902980663805,-0.8063179831688669,-0.8587506114152007,-0.9101369843219159,-0.9604144955090899,-1.0095218895739981,-1.057399336721386,-1.1039885056568617,-1.149232634654587,-1.1930766007127016,-1.2354669867122094,-1.2763521464975094,-1.315682267799278,-1.353409432923051,-1.389487677129548,-1.423873044635631,-1.4565236421676548,-1.4873996900019648,-1.5164635704303664,-1.5436798735915032,-1.5690154406123253,-1.5924394040070622,-1.6139232252845015,-1.6334407297177473,-1.650968138234088,-1.666484096386136,-1.6799697003689342,-1.6914085200513271,-1.700786618993547,-1.7080925714266177,-1.7133174761728958,-1.7164549674907827
3.3384281233465796e-16,-0.09513719495563017,-0.1901584798939675,-0.28494808601622357,-0.37939052678855784,-0.47337073864462964,-0.5667742211728344,-0.6594871766174172,-0.7513966485235036,-0.8423906593571461,-0.9323583469326931,-1.0211900994812977,-1.108777689195959,-1.1950144040904462,-1.2797951780114076,-1.363016718645296,-1.4445776333641442,-1.5243785527568654,-1.6023222516955675,-1.6783137677893998,-1.7522605170815997,-1.824072406848776,-1.8936619453650214,-1.9609443484970999,-2.025837643000857,-2.088262766392984,-2.148143663276482,-2.2054073780024406,-2.2599841435552674,-2.3118074665530433,-2.360814208259465,-2.4069446615086747,-2.4501426234492363,-2.490355464018666,-2.527534190065039,-2.5616335050376136,-2.5926118641736924,-2.6204315251145185,-2.645058593888525,-2.666463066205921,-2.6846188640142934,-2.699503867270699,-2.7110999408915277,-2.719392956847312,-2.724372811375552
4.615509795233215e-16,-0.13153095977652626,-0.26290166933935477,-0.3939520737149927,-0.5245225081724755,-0.6544538927502469,-0.7835879260705946,-0.9117672782054939,-1.0388357823588823,-1.1646386251318535,-1.2890225351389253,-1.4118359697456322,-1.532929299699862,-1.652154991432066,-1.7693677868021782,-1.8844248800742849,-1.9971860919034192,-2.107514040122505,-2.2152743071213528,-2.3203356036138194,-2.422569928593585,-2.521852725283649,-2.6180630328895873,-2.7110836339716435,-2.8008011972561264,-2.887106415712103,-2.969894139725187,-3.049063505206136,-3.1245180564782187,-3.196165863793596,-3.263919635335548,-3.3276968235701228,-3.3874197258175758,-3.443015578921131,-3.494416647897661,-3.5415603084623495,-3.5843891233267224,-3.6228509121771393,-3.6568988152484705,-3.686491350415501,-3.7115924637325106,-3.732171573359453,-3.7482036068212174,-3.759669031554573,-3.7665538787055985
5.964162208245563e-16,-0.16996431907123424,-0.33972156280067506,-0.5090649081359405,-0.6777880362960821,-0.8456853841392381,-1.0125523946096655,-1.178185765959003,-1.3423836994381237,-1.5049461451578385,-1.665675045818857,-1.8243745780141187,-1.9808513908094292,-2.1349148413118053,-2.286377226938466,-2.435054014103514,-2.5807640630436914,-2.7233298485092807,-2.8625776760512656,-2.9983378936412683,-3.1304450983664194,-3.258738337947311,-3.3830613068335738,-3.503262536638103,-3.619195580677966,-3.7307191923971152,-3.837697497453566,-3.94000015926135,-4.037502537785572,-4.130085841397094,-4.2176372716018244,-4.30005016046833,-4.3772241005862496,-4.449065067397293,-4.515485533749647,-4.576404576536352,-4.631747975287635,-4.681448302597109,-4.725445006271698,-4.763684483105148,-4.796120144185277,-4.8227124716553895,-4.843429066860697,-4.858244689821088,-4.867141289982158
7.346254005376866e-16,-0.20935062061558163,-0.4184461797479323,-0.6270319266669554,-0.8348537317702018,-1.0416583962006423,-1.2471939603304847,-1.4512100107351698,-1.6534579852835392,-1.8536914759725212,-2.0516665291373073,-2.247141942671345,-2.4398795598939147,-2.6296445597073914,-2.81620574269056,-2.999335812779496,-3.178811654192822,-3.3544146032639155,-3.52593071484889,-3.693151022985809,-3.8558717954875306,-4.013894782157965,-4.167027456329432,-4.315083249426733,-4.457881778272231,-4.595249064854951,-4.727017748296,-4.853027288752013,-4.9731241630082295,-5.087162051522873,-5.1950020166949775,-5.2965126721384586,-5.3915703427561645,-5.480059215418973,-5.561871480066201,-5.636907461055592,-5.705075738602719,-5.766293260161908,-5.8204854416129725,-5.867586258130483,-5.907538324624839,-5.940292965657157,-5.965810274742808,-5.98405916297131,-5.995017396883381
