hough_viz/data/file_1_2_2.json
{"header": {"discipline": 0, "disciplineName": "Meteorological products", "gribEdition": 2, "gribLength": 133963, "center": 7, "centerName": "US National Weather Service - NCEP(WMC)", "subcenter": 0, "refTime": "2014-11-30T06:00:00.000Z", "significanceOfRT": 1, "significanceOfRTName": "Start of forecast", "productStatus": 0, "productStatusName": "Operational products", "productType": 1, "productTypeName": "Forecast products", "productDefinitionTemplate": 0, "productDefinitionTemplateName": "Analysis/forecast at horizontal level/layer at a point in time", "parameterCategory": 2, "parameterCategoryName": "Momentum", "parameterNumber": 3, "parameterNumberName": "V-component_of_wind", "parameterUnit": "m.s-1", "genProcessType": 2, "genProcessTypeName": "Forecast", "forecastTime": 6, "surface1Type": 100, "surface1TypeName": "Isobaric surface", "surface1Value": 85000, "surface2Type": 255, "surface2TypeName": "Missing", "surface2Value": 0, "gridDefinitionTemplate": 0, "gridDefinitionTemplateName": "Latitude_Longitude", "numberPoints": 65160, "shape": 6, "shapeName": "Earth spherical with radius of 6,371,229.0 m", "gridUnits": "degrees", "resolution": 48, "winds": "true", "scanMode": 0, "nx": 360, "ny": 181, "basicAngle": 0, "subDivisions": 0, "lo1": 0, "la1": 90, "lo2": 359, "la2": -90, "dx": 1, "dy": 1}, "data":
[rows 100 to 119 of 181, columns 90 to 134 of 360]
15.745736426044218,15.743338274120347,15.736144548849033,15.724157441508684,15.707380603488321,15.685819145175321,15.659479634398762,15.628370094428778,15.592500001532606,15.551880282088028,15.506523309255083,15.456442899207072,15.401654306922042,15.342174221535947,15.278020761258988,15.209213467856642,15.135773300697029,15.057722630366495,14.975085231855317,14.887886277315607,14.796152328393635,14.699911328138887,14.59919259249235,14.494026801356586,14.384445989250336,14.270483535550508,14.152174154324468,14.029553883755836,13.90266007516687,13.771531381640912,13.636207746248289,13.496730389879248,13.35314179868769,13.205485711149457,13.0538071047392,12.898152182229767,12.738568357618421,12.575104241684064,12.407809627179919,12.236735473666185,12.061933891987254,11.88345812839824,11.70136254834568,11.51570261990725,11.32653489689568
17.123280618149252,17.120672659572634,17.112849578252234,17.099813757174395,17.081569167176514,17.05812136573743,17.029477495284613,16.995646281018477,16.95663802825462,16.912464619284716,16.863139509757055,16.808677724577823,16.749095853334367,16.68441204524185,16.61464600361482,16.539818979865405,16.45995376702989,16.37507469282579,16.28520761224135,16.19037989965987,16.090620440521217,15.985959622523042,15.876429326364383,15.762062916034484,15.642895228649834,15.51896256384241,15.390302672702465,15.256954746279211,15.118959403642801,14.976358679511389,14.82919601144696,14.677516226623789,14.521365528173702,14.360791481112104,14.195842997849248,14.02657032329103,13.853025019533899,13.67525995015855,13.493329264127167,13.307288379289115,13.117193965500135,12.923103927360145,12.725077386574972,12.523174663947254,12.317457261002179
18.434950796089446,18.43214306379151,18.42372072216017,18.409686336722263,18.390044182487557,18.36480024264651,18.33396220674773,18.29753946835571,18.25554312218937,18.207985960742597,18.154882470387463,18.096248826961553,18.032102890840655,17.962464201498292,17.887353971553868,17.806795080311016,17.7208120667884,17.629431122244885,17.532680082201395,17.43058841796198,17.32318722763656,17.210509226668112,17.092588737867278,16.969461680957263,16.841165561632362,16.707739460133357,16.56922401934328,16.425661432407246,16.27709542987994,16.12357126640492,15.965135706929624,15.801837012460247,15.633724925361047,15.460850654202284,15.28326685816163,15.10102763098365,14.91418848450233,14.722806331731643,14.526939469529283,14.326647560838886,14.121991616516103,13.913033976744119,13.699838292044241,13.482469503887293,13.260993824911845
19.702260953100847,19.699260203327647,19.69025886806549,19.675259689208303,19.654267235651265,19.62728790189908,19.594329906118176,19.555403287633332,19.510519903869625,19.45969342674055,19.402939338483407,19.340274926943273,19.271719280306936,19.19729328128848,19.117019600768188,19.03092269088678,18.939028777597038,18.84136585267515,18.737963665194123,18.62885371246195,18.514069230427204,18.39364518355505,18.267618254176746,18.13602683131583,17.99891099899446,17.85631252402343,17.70827484327959,17.554843050474584,17.396063882418822,17.231985704785014,17.062658497375544,16.888133838898078,16.708464891254266,16.52370638334604,16.33391459440471,16.13914733684774,15.939463938668535,15.73492522536456,15.52559350140929,15.311532531273693,15.092807520002925,14.86948509335425,14.641633277502208,14.409321478317151,14.17262046022357
20.906182033188237,20.902997920403223,20.893446551959755,20.877530837297204,20.85525562449643,20.826627698803037,20.791655780560514,20.750350522553937,20.702724506765037,20.648792240539574,20.588570152168305,20.522076585882726,20.449331796267273,20.370357942089548,20.285179079550574,20.19382115495702,20.096311996817743,19.99268130736688,19.882960653516342,19.767183457240172,19.645384985393925,19.51760233897201,19.383874441806388,19.244242028709987,19.098747633068477,18.947435573884206,18.7903519422762,18.62754458744036,18.459063102074108,18.284958807269998,18.105284736882826,17.920095621374962,17.729447871144966,17.533399559344403,17.332010404188207,17.125341750763944,16.91345655234548,16.696419351216843,16.474296259011975,16.247154936576532,16.01506457335767,15.778095866328353,15.53632099845231,15.28981361669642,15.038648809597131
22.030568712917418,22.027213350594987,22.017148285703552,22.00037658415939,21.976903354785264,21.946735747754218,21.909882952411614,21.866356194475898,21.816168732619193,21.759335854428564,21.695874871749254,21.625805115411353,21.54914792934142,21.46592666406092,21.37616666957345,21.27989528764285,21.177141843464664,21.067937636733376,20.952315932108245,20.830311949080553,20.701962851245405,20.567307734981355,20.42638761754124,20.279245424557967,20.12592597696891,19.966475977363043,19.800943995754878,19.629380454789555,19.451837614383624,19.268369555806167,19.07903216520513,18.88388311658383,18.682981854232942,18.476389574623138,18.26416920776411,18.046385398035408,17.823104484495204,17.594394480672733,17.360325053850726,17.120967503844074,16.87639474128121,16.626681265394836,16.371903141328758,16.11213797696764,15.847464899296956
23.103202846238435,23.099684116542075,23.089128999292157,23.071540709679635,23.04692460526791,23.015288184360855,22.976641083718736,22.930995075622796,22.878364064289286,22.8187640816341,22.75221328238932,22.67873193857309,22.598342433314556,22.511069254035775,22.416938984992594,22.315980299176818,22.208223949582155,22.093702759836557,21.97245161420381,21.844507446957447,21.709909231130258,21.56869796664264,21.420916667813724,21.266610350258713,21.10582601717673,20.938612645033192,20.76502116864107,20.585104465645717,20.39891734041774,20.206516507359115,20.00796057362744,19.80331002128356,19.59262718886823,19.375976252413132,19.153423205892246,18.925035841119474,18.69088372709855,18.451038188831703,18.205572285593313,17.9545607886754,17.698080158611514,17.436208521886158,17.1690256471367,16.89661292085504,16.61905332259652
24.104225737911847,24.100554547580522,24.089542094866694,24.071191734270126,24.04550905548844,24.01250188171438,23.972180267252806,23.924556494458113,23.86964506999282,23.807462720408765,23.738028387051997,23.661363220293097,23.57749057308452,23.4864359938471,23.388227218687742,23.28289416295073,23.17046891210522,23.05098571197171,22.92448095829042,22.7909931856348,22.65056305567353,22.50323334478457,22.34904893102507,22.188056780461086,22.020305932861245,21.84584748675875,21.66473458388631,21.47702239298863,21.28276809301746,21.08203085571435,20.874871827586368,20.66135411128028,20.441542746360863,20.215504689499237,19.983308794077203,19.745025789213823,19.500728258220693,19.25049061649231,18.99438908883846,18.732501686265373,18.46490818221282,18.191690088254386,17.912930629268214,17.628714718085917,17.33912892962729
25.01493224466697,25.011122349323564,24.999693823824373,24.980650149408962,24.95399712696506,24.91974287526148,24.877897828475135,24.82847473301262,24.7714886436276,24.706956918834923,24.634899215623108,24.55533748346659,24.468295957639707,24.37380115183442,24.27188185008398,24.162569097995,24.045896193290712,23.921898675668114,23.790614315972274,23.652083104690934,23.50634723977303,23.353451113774792,23.193441300337344,23.026366539999895,22.852277725352945,22.671227885535863,22.483272170083726,22.288467832128244,22.08687421095786,21.878552713942454,21.66356679782809,21.44198194940742,21.213865665571817,20.97928743275115,20.73831870574755,20.491032885969574,20.23750529907343,19.977813172018077,19.71203560954111,19.4402535700627,19.162549841024877,18.879009013673695,18.589717457291876,18.294763292889936,17.99423636636363
25.86861382826213,25.864673913078647,25.852855367664507,25.833161792063144,25.80559918512847,25.770175942697552,25.726902855033188,25.67579310353707,25.616862256734624,25.550128265532656,25.475611457751363,25.39333453193225,25.303322550423953,25.20560293174801,25.100205442246892,24.98716218701692,24.866507600128703,24.738278434138227,24.602513748891628,24.459254899627204,24.308545524378236,24.150431530680372,23.984961081587787,23.81218458100221,23.632154658319447,23.44492615239794,23.250556094854307,23.04910369269099,22.840630310261204,22.625199450576755,22.402876735964437,22.173729888076792,21.9378287072635,21.695245051309453,21.446052813546224,21.190327900343416,20.928148207986837,20.659593598950583,20.384745877570115,20.103688765123874,19.81650787433096,19.52329068327271,19.22412650874597,18.919106479056378,18.60832350625976
26.645595882788367,26.641537629474577,26.62936410571648,26.609079019687336,26.58068855042086,26.54420134592902,26.49962852056775,26.446983651651454,26.386282775317174,26.317544381639873,26.24078940900015,26.156041237706216,26.063325682872012,25.962670986553697,25.854107809146843,25.73766922004695,25.613390687576235,25.481310068179592,25.341467594893196,25.19390586508908,25.038669827499607,24.875806768525642,24.70536629783264,24.52740033323905,24.341963084901707,24.149111038802797,23.94890293954378,23.74139977245115,23.526664744999724,23.30476326755905,23.075762933468773,22.83973349844902,22.59674685935218,22.346877032262373,22.090200129949483,21.826794338684437,21.55673989442292,21.280119058364736,20.99701609189623,20.707517230923475,20.41171065960395,20.10968648348483,19.801536702055934,19.48735518072581,19.167237622229376
27.324756230893943,27.32059453816955,27.308110727688284,27.28730860213976,27.258194498052934,27.220777283865935,27.17506835722468,27.12108164151102,27.058833581601537,26.988343138858287,26.909631785352992,26.822723497326425,26.727644747885016,26.62442449893689,26.513094192369795,26.393687740473602,26.266241515610254,26.130794339134468,25.98738746956829,25.836064590033402,25.676871794944816,25.509857575970035,25.335072807258083,25.15257072994269,24.962406935924523,24.764639350937404,24.559328216903538,24.346536073583263,24.126327739524772,23.89877029231984,23.663933048171284,23.421887540778588,23.172707499548046,22.916468827134086,22.653249576318565,22.383129926235146,22.106192157945934,21.822520629377923,21.532201749626708,21.235323952635436,20.931977670256977,20.62225530470754,20.306251200420018,19.98406161530578,19.655784691433567
27.94385760615297,27.939601621290443,27.92683496311707,27.9055615204806,27.875787773477754,27.837522791480293,27.7907782303724,27.73556832900022,27.67190990483455,27.599822348848047,27.519327619608607,27.430450236590527,27.33321727270564,27.22765834605666,27.113805610915225,26.99169374792738,26.8613599535495,26.722843928717936,26.576187866755678,26.421436440519894,26.258636788794128,26.08783850192937,25.909093606738352,25.722456550647706,25.52798418511269,25.325735748299763,25.11577284704198,24.898159438073048,24.672961808545388,24.44024855583849,24.200090566663487,23.952560995470336,23.69773524216429,23.435690929138374,23.166507877628803,22.89026808340071,22.607055691771393,22.3169569719789,22.020060290903537,21.716456086150448,21.406236838501474,21.089497043744625,20.766333183889707,20.436843697778993,20.101128951101785
28.484269467998654,28.479931175792025,28.46691762065796,28.445232766651408,28.41488321918899,28.375878223036842,28.328229659494667,28.271952042776476,28.207062515589506,28.13358084391233,28.051529410974,27.96093321043581,27.861819838778082,27.75421948689395,27.63816493089295,27.51369152211708,27.380837176372467,27.239642362379797,27.09015008944721,26.9324058943692,26.76645782755569,26.59235643839541,26.410154759858052,26.219908292339927,26.021674986758,25.815515226897478,25.601491811018327,25.37966993272634,25.150117161114448,24.912903420180623,24.6681009675283,24.415784372356004,24.15603049274288,23.888918452236936,23.614529615753302,23.33294756478962,23.044258071966357,22.748549074899636,22.445910649414564,22.13643498210726,21.82021634226394,21.497351053145582,21.167937462646933,20.83207591333874,20.4898687119025
28.9228465641101,28.91844147448743,28.905227547452398,28.883208808095194,28.85239196353711,28.81278640088754,28.764404184384528,28.707260051719913,28.64137140955007,28.566758328193682,28.483443535518123,28.391452410016342,28.29081297307629,28.181555880445373,28.063714412892416,27.937324466069985,27.80242453958025,27.65905572524763,27.5072616946018,27.34708868557498,27.178585488417323,27.00180343083503,26.816796362355362,26.623620637923587,26.42233510073669,26.2130010643192,25.99568229384647,25.77044498672122,25.5373577524091,25.296491591539656,25.04791987427882,24.791718317979623,24.527964964118,24.25674015452057,23.978126506891766,23.692208889647635,23.399074396064126,23.098812317747658,22.791514117435987,22.477273401137797,22.15618588961937,21.828349389247172,21.493863762195055,21.152830896025232,20.80535467265241
29.300564649312506,29.296102031395947,29.282715537002908,29.26040924378926,29.229189946468004,29.189067154739543,29.140053090394897,29.082162683592884,29.015413568312223,28.939826076980022,28.855423234278383,28.762230750130826,28.660277011870786,28.549593075594593,28.43021265670146,28.302172119623446,28.16551046674849,28.020269326539943,27.86649294085608,27.704228151473654,27.53352438581941,27.354433641914003,27.16701047253292,26.971311968589163,26.76739774174281,26.55532990624271,26.335173060005918,26.106994264940496,25.87086302651785,25.626851272600636,25.37503333153292,25.115485909498936,24.848288067157746,24.57352119556053,24.29126899135811,24.00161743130611,23.70465474607564,23.400471393377366,23.089160030407225,22.77081548562211,22.445534729854216,22.113416846772832,21.774563002702447,21.429076415806517,21.077062324646203
29.60050860694854,29.596000306114423,29.582476776884164,29.559942138655774,29.52840325569837,29.487869735061217,29.438353923647355,29.379870904452602,29.31243849197116,29.236077226769094,29.15081036922751,29.056663892457234,28.953666474387077,28.841849489028363,28.721246996918023,28.591895734743446,28.45383510415216,28.307107159749656,28.151756596289182,27.987830735057297,27.81537950945931,27.63445544980911,27.445113667327917,27.247411837356864,27.04141018178855,26.827171450722844,26.604760903352595,26.37424628808509,26.13569782190517,25.889188168986497,25.634792418557364,25.37258806202772,25.102654969384616,24.825075364862947,24.539933801899238,24.2473171373758,23.94731450516327,23.64001728896963,23.32551909450378,23.00391572096237,22.67530513184841,22.339787425130677,21.997464802752877,21.648441539501935,21.292823951244895
29.79812616511218,29.793587766166766,29.77997395177082,29.75728886882407,29.725539427422543,29.684735298753665,29.6348889121503,29.576015451304677,29.508132849643292,29.4312617848642,29.345425672638406,29.250650659477206,29.146965614767712,29.034402121978967,28.912994469041294,28.782779637901882,28.64379729325973,28.496089770483344,28.33970206271505,28.1746818071656,28.001079270603416,27.818947334042853,27.628341476636148,27.429319758773914,27.22194280439937,27.00627378254172,26.782378388074253,26.55032482170306,26.31018376919241,26.06202837983318,25.80593424416092,25.54197937093019,25.270244163352366,24.990811394604027,24.703766182613474,24.409195964132945,24.107190468104534,23.797841688327946,23.481243855438226,23.157493408202228,22.82668896414241,22.488931289497007,22.14432326852566,21.792969872169856,21.434978126077738
29.93620132720802,29.93164189874664,29.91796500220858,29.895174803709,29.86327824536316,29.822285043171707,29.77220768406114,29.713061422080155,29.64486427375313,29.567637012592048,29.481403162768814,29.386188991949425,29.28202350329269,29.168938426615522,29.04696820872776,28.91615000293931,28.776523657742928,28.628131704675965,28.471019345364812,28.305234437756102,28.13082748153869,27.94785160276096,27.75636253764811,27.55641861562437,27.348080741545292,27.13141237714553,26.906479521707784,26.673350691958827,26.43209690119854,26.18279163766867,25.925510842167583,25.660332884917885,25.387338541694238,25.10661096921811,24.81823567982756,24.522300515429286,24.218895620741144,23.908113415833224,23.590048567975742,23.264797962802533,22.93246067479868,22.593137937121554,22.246933110764143,21.893951653070317,21.53430108561149
30.0,29.99543085469174,29.981724810572878,29.958886042637214,29.926921507794727,29.885840942752363,29.835656861048207,29.776384549239662,29.70804206224711,29.63065021785413,29.544232590366242,29.44881550342992,29.34442802201417,29.231101943557057,29.10887178827989,28.977774788672054,28.837850878149563,28.68914267889107,28.531695488854606,28.365557267979504,28.190778623577252,28.007412794916057,27.81551563700362,27.61514560357321,27.406363729278034,27.1892336110995,26.963821388975006,26.730195725651036,26.488427785767815,26.238591214181877,25.98076211353317,25.71501902106337,25.441442884692787,25.160117038362717,24.87112717665126,24.57456132866976,24.270509831248425,23.959065301418786,23.64032260820166,23.31437884370913,22.981333293569342,22.641287406683162,22.29434476432183,21.94061104857512,21.58019401015954
