hough_viz/data/file_4_3_1.json
{"header": {"discipline": 0, "disciplineName": "Meteorological products", "gribEdition": 2, "gribLength": 133963, "center": 7, "centerName": "US National Weather Service - NCEP(WMC)", "subcenter": 0, "refTime": "2014-11-30T06:00:00.000Z", "significanceOfRT": 1, "significanceOfRTName": "Start of forecast", "productStatus": 0, "productStatusName": "Operational products", "productType": 1, "productTypeName": "Forecast products", "productDefinitionTemplate": 0, "productDefinitionTemplateName": "Analysis/forecast at horizontal level/layer at a point in time", "parameterCategory": 2, "parameterCategoryName": "Momentum", "parameterNumber": 2, "parameterNumberName": "U-component_of_wind", "parameterUnit": "m.s-1", "genProcessType": 2, "genProcessTypeName": "Forecast", "forecastTime": 6, "surface1Type": 100, "surface1TypeName": "Isobaric surface", "surface1Value": 85000, "surface2Type": 255, "surface2TypeName": "Missing", "surface2Value": 0, "gridDefinitionTemplate": 0, "gridDefinitionTemplateName": "Latitude_Longitude", "numberPoints": 65160, "shape": 6, "shapeName": "Earth spherical with radius of 6,371,229.0 m", "gridUnits": "degrees", "resolution": 48, "winds": "true", "scanMode": 0, "nx": 360, "ny": 181, "basicAngle": 0, "subDivisions": 0, "lo1": 0, "la1": 90, "lo2": 359, "la2": -90, "dx": 1, "dy": 1}, "data":
[rows 114 to 132 of 181, columns 0 to 42 of 360]
-22.87387943699225,-22.8181598163209,-22.651272414697836,-22.3740302907683,-21.98778414029181,-21.494415715688145,-20.896328658328763,-20.196436788237612,-19.398149908252897,-18.505357191810386,-17.52240823528137,-16.454091867176384,-15.305612817454046,-14.082566360599886,-12.79091105601151,-11.436939718496125,-10.027248760309389,-8.568706054097945,-7.06841747331426,-5.533692273115428,-3.972007480406776,-2.3909714665183777,-0.7982868799847183,0.7982868799847104,2.3909714665183754,3.9720074804067744,5.5336922731154266,7.068417473314257,8.568706054097948,10.027248760309389,11.436939718496118,12.790911056011506,14.082566360599884,15.305612817454042,16.454091867176388,17.52240823528137,18.505357191810383,19.398149908252897,20.19643678823761,20.89632865832876,21.494415715688145,21.9877841402918,22.3740302907683
-24.050984769059195,-23.992397778960033,-23.816922238589175,-23.525413047140553,-23.119290408092517,-22.600532910119203,-21.971667887605406,-21.23575910772753,-20.396391844087848,-19.45765540962191,-18.424123233876976,-17.30083058172298,-16.09325002204825,-14.80726476595392,-13.449140004340924,-12.0254923845296,-10.543257774619114,-9.009657472635249,-7.432163025092312,-5.8184598263695415,-4.176409676242228,-2.5140124779834965,-0.8393672636396852,0.8393672636396767,2.514012477983494,4.176409676242225,5.818459826369538,7.432163025092309,9.009657472635253,10.543257774619114,12.025492384529592,13.449140004340917,14.807264765953917,16.093250022048245,17.300830581722984,18.424123233876973,19.457655409621907,20.396391844087848,21.235759107727528,21.971667887605403,22.6005329101192,23.11929040809251,23.525413047140553
-24.97000326309115,-24.909177590130234,-24.726996907811984,-24.42434878210791,-24.002707684264358,-23.464127807326808,-22.81123305831784,-22.04720427482588,-21.175763728284196,-20.201156989438633,-19.128132244353726,-17.961917161727456,-16.708193424214855,-15.3730690478412,-13.963048624361965,-12.485001631545577,-10.94612896576827,-9.35392785997078,-7.716155357893058,-6.040790522536906,-4.335995562973085,-2.6100760688792097,-0.8714405465416908,0.8714405465416821,2.6100760688792075,4.335995562973081,6.040790522536901,7.716155357893054,9.353927859970783,10.946128965768274,12.485001631545568,13.96304862436196,15.373069047841197,16.70819342421485,17.96191716172746,19.12813224435372,20.201156989438633,21.175763728284196,22.047204274825873,22.81123305831784,23.464127807326804,24.00270768426435,24.42434878210791
-25.535157404285535,-25.47295504424122,-25.28665100775385,-24.977152949361972,-24.545968712495434,-23.99519898341377,-23.327527056873873,-22.546205763387718,-21.655041621759008,-20.65837629410627,-19.561065433721364,-18.368455028814786,-17.086355357398475,-15.72101268019534,-14.279078809484972,-12.767578702142771,-11.193876234756251,-9.565638327558503,-7.890797591963502,-6.177513683680652,-4.434133549692409,-2.669150762767609,-0.891164141628709,0.8911641416287002,2.6691507627676065,4.4341335496924055,6.177513683680648,7.890797591963497,9.565638327558508,11.193876234756253,12.76757870214276,14.279078809484963,15.721012680195338,17.086355357398467,18.36845502881479,19.56106543372136,20.65837629410627,21.655041621759008,22.546205763387714,23.327527056873873,23.99519898341377,24.54596871249543,24.977152949361972
-25.891496053069382,-25.828425669986142,-25.63952179330301,-25.32570474371861,-24.88850340635376,-24.330047782176766,-23.653058610852856,-22.86083411557402,-21.957233934447103,-20.946660316725,-19.83403667549075,-18.6247836012839,-17.324792453528303,-15.940396658421152,-14.47834085311725,-12.945748026534694,-11.350084816868895,-9.69912513488185,-8.000912290190314,-6.263719805069863,-4.496011106686018,-2.706398294127857,-0.9036001811269144,0.9036001811269057,2.7063982941278537,4.496011106686016,6.263719805069861,8.00091229019031,9.699125134881852,11.350084816868899,12.945748026534686,14.478340853117246,15.940396658421149,17.3247924535283,18.624783601283905,19.834036675490744,20.946660316725,21.957233934447103,22.86083411557401,23.653058610852852,24.330047782176763,24.888503406353756,25.32570474371861
-25.98592470280855,-25.922624296280517,-25.733031469914096,-25.418069900901518,-24.979274050347204,-24.41878168752745,-23.739323474893403,-22.944209664558144,-22.037313971081034,-21.023054699119875,-19.906373217894675,-18.692709887333525,-17.387977553185923,-15.998532740232582,-14.531144683935722,-12.992962351404278,-11.391479612344801,-9.734498729681505,-8.0300923477156,-6.286564163013682,-4.512408469632776,-2.716268775773532,-0.9068956934771085,0.9068956934770994,2.7162687757735284,4.512408469632772,6.286564163013679,8.030092347715597,9.734498729681508,11.391479612344803,12.992962351404271,14.531144683935715,15.998532740232578,17.387977553185923,18.69270988733353,19.906373217894668,21.023054699119868,22.037313971081034,22.944209664558137,23.7393234748934,24.418781687527446,24.9792740503472,25.418069900901518
-25.730132216558914,-25.6674549076713,-25.47972833855706,-25.167867094190697,-24.733390531206595,-24.17841537574618,-23.505645410980943,-22.71835830455262,-21.82038964010591,-20.8161142307105,-19.710424805211552,-18.508708171346584,-17.21681897175966,-15.841051160770913,-14.388107340863785,-12.865066108279459,-11.279347566807518,-9.638677177786143,-7.9510481224310405,-6.224682359860017,-4.467990570534632,-2.689531180270445,-0.8979686644467146,0.8979686644467058,2.6895311802704422,4.467990570534629,6.224682359860014,7.951048122431037,9.638677177786144,11.27934756680752,12.865066108279454,14.38810734086378,15.84105116077091,17.21681897175966,18.50870817134659,19.71042480521155,20.816114230710493,21.82038964010591,22.71835830455262,23.505645410980943,24.17841537574618,24.733390531206595,25.167867094190697
-25.279223549386856,-25.21764463134988,-25.033207883537745,-24.72681186324627,-24.299949301087494,-23.754699828556188,-23.093719846274226,-22.32022958227382,-21.43799740337021,-20.451321456057343,-19.365008726370213,-18.18435162073207,-16.915102181882354,-15.563444065502633,-14.135962414067714,-12.63961177469343,-11.081682217282166,-9.469763818035108,-7.811709681363916,-6.115597680355433,-4.38969110218598,-2.6423983902168837,-0.8822321789036142,0.8822321789036053,2.642398390216881,4.389691102185976,6.115597680355429,7.811709681363912,9.469763818035108,11.081682217282168,12.639611774693421,14.135962414067711,15.563444065502631,16.915102181882354,18.18435162073207,19.365008726370203,20.451321456057343,21.43799740337021,22.320229582273818,23.093719846274222,23.754699828556184,24.29994930108749,24.72681186324627
-24.591998247378264,-24.53209337563716,-24.35267061092736,-24.054604082923003,-23.639345941787,-23.10891928344135,-22.465908293247217,-21.713445656113592,-20.8551972943713,-19.895344507767938,-18.838563602595766,-17.690003109197537,-16.4552586988442,-15.140345922186906,-13.75167090209897,-12.295999123689134,-10.780422473538191,-9.212324688740448,-7.599345384078807,-5.949342832589461,-4.270355680845581,-2.570563785479276,-0.85824836174229,0.8582483617422815,2.570563785479274,4.270355680845579,5.9493428325894575,7.599345384078805,9.21232468874045,10.780422473538193,12.295999123689127,13.751670902098965,15.140345922186903,16.4552586988442,17.690003109197548,18.83856360259576,19.895344507767934,20.8551972943713,21.71344565611358,22.46590829324721,23.108919283441345,23.639345941786992,24.054604082923003
-23.597088684843815,-23.539607362793063,-23.367443439863848,-23.081435681382818,-22.68297748839988,-22.17401010917839,-21.557013181628683,-20.83499265276147,-20.01146613401614,-19.090445763811427,-18.07641866081032,-16.974325063128997,-15.7895342599933,-14.527818433101341,-13.195324535134525,-11.798544342421913,-10.344282827658548,-8.839625006762503,-7.291901421389517,-5.70865242527089,-4.097591448368072,-2.466567417817257,-0.8235265187453323,0.8235265187453242,2.4665674178172554,4.097591448368069,5.708652425270889,7.2919014213895155,8.839625006762507,10.344282827658548,11.798544342421904,13.195324535134517,14.52781843310134,15.7895342599933,16.974325063129,18.076418660810315,19.090445763811424,20.01146613401614,20.834992652761464,21.557013181628683,22.17401010917839,22.682977488399878,23.081435681382818
-22.441774009656218,-22.38710697608831,-22.22337220767703,-21.95136740375551,-21.572417744386623,-21.088369434218937,-20.501580707963218,-19.814910341309986,-19.031703723261717,-18.15577655773389,-17.191396273829053,-16.143261235351236,-15.016477850849734,-13.816535695709963,-12.549280767494006,-11.22088700482811,-9.83782620859431,-8.406836511967066,-6.934889552905777,-5.429156509035392,-3.8969731603898845,-2.3458041502293296,-0.7832066180482717,0.7832066180482639,2.345804150229327,3.896973160389881,5.429156509035389,6.9348895529057755,8.40683651196707,9.837826208594311,11.220887004828102,12.549280767494,13.816535695709959,15.01647785084973,16.14326123535124,17.19139627382905,18.15577655773388,19.031703723261717,19.814910341309982,20.501580707963218,21.088369434218937,21.57241774438662,21.95136740375551
-21.098932781098156,-21.047536841272052,-20.893599417646282,-20.637870477875,-20.281595907647,-19.82651144085584,-19.274834203278786,-18.62925191096292,-17.892909775942694,-17.069395183083078,-16.16272021270109,-15.177302094113772,-14.117941685341,-12.989800083807786,-11.798373481996398,-10.54946639054908,-9.249163359275656,-7.903799333838493,-6.519928792534002,-5.104293813533238,-3.6637912281547544,-2.2054390201957075,-0.7363421350202269,0.7363421350202196,2.2054390201957053,3.663791228154752,5.1042938135332365,6.519928792534,7.903799333838495,9.249163359275661,10.549466390549073,11.798373481996395,12.989800083807783,14.117941685340998,15.177302094113772,16.162720212701082,17.069395183083074,17.892909775942694,18.629251910962918,19.274834203278786,19.82651144085584,20.281595907646995,20.637870477875
-19.522758980929062,-19.475202521261952,-19.332764832551767,-19.096139856900116,-18.766480407402913,-18.34539255176086,-17.834927787679035,-17.237573048176312,-16.556238585497653,-15.79424379265774,-14.95530103169183,-14.043497547401119,-13.06327555470691,-12.01941059662603,-10.916988278305322,-9.761379490464533,-8.558214242956632,-7.313354235925736,-6.032864302193211,-4.7229828600018,-3.3900915200690314,-2.0406839950212943,-0.681334462678657,0.6813344626786504,2.040683995021293,3.390091520069029,4.722982860001797,6.032864302193208,7.313354235925738,8.558214242956634,9.761379490464527,10.916988278305316,12.01941059662603,13.063275554706905,14.043497547401124,14.955301031691825,15.794243792657737,16.556238585497653,17.23757304817631,17.834927787679035,18.345392551760856,18.766480407402906,19.096139856900116
-17.836029605963297,-17.792581934278886,-17.66245059191475,-17.446269565690127,-17.145092067834348,-16.760385404842705,-16.29402382890672,-15.748279406745851,-15.125810950326827,-14.429651063399005,-13.663191366953763,-12.83016597558791,-11.934633305272772,-10.980956301159484,-9.973781181748821,-8.918014802981652,-7.818800752530067,-6.6814942907552615,-5.511636260417357,-4.314926092246439,-3.0971940378889458,-1.864372765507714,-0.6224684564190278,0.6224684564190217,1.8643727655077122,3.0971940378889444,4.314926092246436,5.511636260417355,6.681494290755263,7.81880075253007,8.918014802981645,9.973781181748814,10.980956301159482,11.93463330527277,12.830165975587914,13.66319136695376,14.429651063399005,15.125810950326827,15.748279406745848,16.294023828906717,16.7603854048427,17.145092067834344,17.446269565690127
-16.025307511750754,-15.98627066808127,-15.869350320651199,-15.675116093640433,-15.404514276678611,-15.058863214617169,-14.639846884685753,-14.14950669232441,-13.5902315256615,-12.964746117090863,-12.276097768649484,-11.527641505868273,-10.723023732424949,-9.866164465231822,-8.961238236507475,-8.012653755875379,-7.025032431573794,-6.003185855419374,-4.952092361215486,-3.8768727708103397,-2.782765445967689,-1.6751007675948892,-0.5592751666629112,0.5592751666629058,1.6751007675948877,2.782765445967688,3.8768727708103374,4.952092361215484,6.003185855419376,7.025032431573796,8.012653755875373,8.961238236507471,9.866164465231822,10.723023732424947,11.527641505868274,12.27609776864948,12.964746117090861,13.5902315256615,14.149506692324406,14.63984688468575,15.058863214617165,15.404514276678608,15.675116093640433
-14.076718693091403,-14.042428513848439,-13.939725034425983,-13.769108615852069,-13.531410484167676,-13.22778868077705,-12.859722420586339,-12.429004885417314,-11.937734487805734,-11.388304647746443,-10.783392132191713,-10.12594401411173,-9.419163314651328,-8.666493398332925,-7.871601197330719,-7.038359346545703,-6.1708273165177205,-5.273231636093058,-4.349945301200743,-3.405466470055951,-2.4443965485853356,-1.4714177728398952,-0.49127039761157865,0.4912703976115739,1.4714177728398936,2.444396548585335,3.4054664700559503,4.349945301200742,5.27323163609306,6.170827316517722,7.038359346545697,7.8716011973307145,8.666493398332923,9.419163314651323,10.125944014111731,10.78339213219171,11.388304647746443,11.937734487805734,12.42900488541731,12.859722420586339,13.227788680777046,13.531410484167674,13.769108615852069
-12.075252400228688,-12.045837692281793,-11.957736873941476,-11.81137916353882,-11.607477601127085,-11.347025574622227,-11.031291980116832,-10.661815039945902,-10.240394808622252,-9.769084403151885,-9.250180000454291,-8.686209650619322,-8.079920960501283,-7.434267707654492,-6.752395449825987,-6.037626200114348,-5.29344224245581,-4.523469166286985,-3.7314582030375396,-2.9212679505077643,-2.096845574167939,-1.2622075769649486,-0.42142023132364936,0.42142023132364526,1.262207576964947,2.0968455741679377,2.921267950507763,3.7314582030375383,4.5234691662869855,5.293442242455811,6.037626200114342,6.752395449825984,7.43426770765449,8.079920960501282,8.686209650619325,9.25018000045429,9.769084403151883,10.240394808622252,10.661815039945898,11.031291980116832,11.347025574622227,11.607477601127082,11.81137916353882
-10.01875836978855,-9.994353177940779,-9.92125650203895,-9.799824461740405,-9.63064866173917,-9.414553309527356,-9.152591199939119,-8.846038586040027,-8.496388961350437,-8.10534578369518,-7.674814176128271,-7.206891645364885,-6.7038578629395,-6.168163558875307,-5.6024185819739065,-5.009379184894276,-4.391934595966874,-3.753092943163644,-3.0959665988009055,-2.4237570163742848,-1.7397391333990881,-1.047245416243938,-0.34964962468959054,0.3496496246895871,1.0472454162439366,1.739739133399087,2.4237570163742825,3.0959665988009046,3.753092943163645,4.391934595966875,5.009379184894272,5.602418581973904,6.168163558875303,6.703857862939499,7.2068916453648875,7.674814176128269,8.105345783695178,8.496388961350437,8.846038586040027,9.152591199939119,9.414553309527356,9.630648661739167,9.799824461740405
-7.928290138611326,-7.908977222308139,-7.851132563985477,-7.75503797700416,-7.621161624532574,-7.450155738702751,-7.242853443001004,-7.0002646933740404,-6.723571357825102,-6.414121458471871,-6.073422604118201,-5.7031346453355685,-5.305061587837954,-4.881142803547317,-4.433443582168558,-3.9641450693056646,-3.4755336401395813,-2.9699897604381578,-2.449976389166208,-1.918026979197006,-1.3767331345845522,-0.8287319845291331,-0.27669333554893777,0.2766933355489351,0.8287319845291321,1.376733134584551,1.918026979197005,2.4499763891662067,2.969989760438158,3.4755336401395813,3.964145069305662,4.4334435821685565,4.881142803547317,5.305061587837954,5.70313464533557,6.073422604118199,6.41412145847187,6.723571357825102,7.000264693374039,7.242853443001004,7.45015573870275,7.621161624532572,7.75503797700416
