hough_viz/data/file_2_1_2.json
{"header": {"discipline": 0, "disciplineName": "Meteorological products", "gribEdition": 2, "gribLength": 133963, "center": 7, "centerName": "US National Weather Service - NCEP(WMC)", "subcenter": 0, "refTime": "2014-11-30T06:00:00.000Z", "significanceOfRT": 1, "significanceOfRTName": "Start of forecast", "productStatus": 0, "productStatusName": "Operational products", "productType": 1, "productTypeName": "Forecast products", "productDefinitionTemplate": 0, "productDefinitionTemplateName": "Analysis/forecast at horizontal level/layer at a point in time", "parameterCategory": 2, "parameterCategoryName": "Momentum", "parameterNumber": 2, "parameterNumberName": "U-component_of_wind", "parameterUnit": "m.s-1", "genProcessType": 2, "genProcessTypeName": "Forecast", "forecastTime": 6, "surface1Type": 100, "surface1TypeName": "Isobaric surface", "surface1Value": 85000, "surface2Type": 255, "surface2TypeName": "Missing", "surface2Value": 0, "gridDefinitionTemplate": 0, "gridDefinitionTemplateName": "Latitude_Longitude", "numberPoints": 65160, "shape": 6, "shapeName": "Earth spherical with radius of 6,371,229.0 m", "gridUnits": "degrees", "resolution": 48, "winds": "true", "scanMode": 0, "nx": 360, "ny": 181, "basicAngle": 0, "subDivisions": 0, "lo1": 0, "la1": 90, "lo2": 359, "la2": -90, "dx": 1, "dy": 1}, "data":
[rows 0 to 19 of 181, columns 135 to 179 of 360]
3.6532685768069477e-19,-6.94062618644506e-05,-0.00013872796289003244,-0.00020788064526224885,-0.0002767800570897624,-0.0003453422550524287,-0.00041348370667316283,-0.0004811213920896469,-0.000548172905200926,-0.0006145565540667886,-0.0006801914604367004,-0.0007449976582874816,-0.0008088961912497388,-0.0008718092088038847,-0.0009336600611290939,-0.000994373392489027,-0.0010538752330417312,-0.001112093088960005,-0.0011689560307541714,-0.001224394779688769,-0.001278341792187867,-0.0013307313421266516,-0.0013814996009084205,-0.001430584715230334,-0.0014779268824412699,-0.0015234684234032387,-0.001567153852763486,-0.0016089299465558374,-0.0016487458070448995,-0.0016865529247379548,-0.0017223052374856953,-0.0017559591866023396,-0.0017874737699348716,-0.0018168105918180864,-0.0018439339098532486,-0.0018688106784556457,-0.0018914105891144545,-0.001911706107319937,-0.0019296725061093687,-0.0019452878961933745,-0.001958533252624436,-0.001969392437976163,-0.001977852222003954,-0.0019839022977639776,-0.0019875352941707376
-5.541733389213671e-17,0.010528407389388187,0.021043987536149028,0.031533928825674844,0.04198545088035621,0.052385820130502525,0.06272236532823681,0.07298249298545861,0.08315370271706889,0.09322360247076411,0.10317992362484386,0.1130105359356358,0.12270346231632874,0.1322468934292084,0.14162920207351684,0.15083895735140507,0.15986493859472065,0.1686961490356646,0.17732182920465844,0.18573147003910032,0.19391482568703905,0.2018619259901671,0.20956308863092232,0.21700893092890006,0.2241903812722041,0.23109869016980875,0.23772544091146575,0.24406255982216918,0.25010232609868466,0.2558373812161586,0.2612607378933486,0.266365788605547,0.2711463136348338,0.27559648864784425,0.279710891791822,0.2834845103003114,0.28691274660044114,0.2899914239143587,0.29271679134799133,0.2950855284609315,0.297094749311883,0.298742005974736,0.30002529152098706,0.3009430424648731,0.30149414066823765
-1.111999946419541e-16,0.021126221040640825,0.04222670303518809,0.06327573829661194,0.08424768181780216,0.10511698251605747,0.1258582143631468,0.14644610736300687,0.1668555783393387,0.18706176149559495,0.20704003871012436,0.226766069529559,0.24621582082390722,0.26536559606722065,0.2841920642081628,0.3026722880952992,0.3207837524224831,0.33850439116028913,0.355812614440071,0.37268733485788935,0.38910799316626593,0.4050545833224609,0.420507676862753,0.4354484465730302,0.4498586894268495,0.4637208487630207,0.4770180356756949,0.48973404959089417,0.501853398004414,0.5133613153570552,0.5242437810241828,0.5344875363976963,0.5440801010396025,0.5530097878875067,0.5612657174934974,0.5688378312790785,0.5757169037899966,0.5818945539360374,0.587363255202092,0.5921163448180562,0.5961480318763905,0.5994534043874482,0.6020284352639781,0.6038699872275102,0.604975816630646
-1.672654939476751e-16,0.03177776949529948,0.06351682267345843,0.09517849038720627,0.12672419777154062,0.1581155112412558,0.18931418531635086,0.22028220921825353,0.25098185318009686,0.28137571441463016,0.3114267626837555,0.3410983854141667,0.370354432304129,0.3991592593670551,0.4274777723582128,0.45527546953165565,0.4825184836752835,0.5091736233728276,0.5352084134424765,0.5605911345028819,0.5852908616183395,0.6092775019760609,0.6325218315496289,0.6549955307039734,0.676671218698482,0.6975224870462167,0.7175239316885879,0.7366511839462859,0.754880940208761,0.7721909903260864,0.7885602446686036,0.8039687598213862,0.81839776288222,0.8318296743334928,0.8442481294601287,0.8556379982874731,0.8659854040148336,0.8752777399222272,0.8835036847297263,0.8906532163906915,0.8967176243020952,0.9016895199170484,0.9055628457466054,0.9083328827398832,0.9099962560334969
-2.2380178661701293e-16,0.04251876116168004,0.0849857197623968,0.1273491363546296,0.16955739764084607,0.211559079356351,0.2533030089218381,0.29473832778929243,0.33581455340529454,0.3764816407162376,0.4166900431405191,0.45639077293341546,0.4955354608711018,0.5340764151811017,0.5719666796473688,0.6091600908191991,0.6456113342542843,0.6812759997273828,0.7161106353373373,0.7500728004465206,0.7831211173882163,0.8152153218789351,0.8463163120742385,0.8763861962083141,0.9053883387592546,0.9332874050837988,0.9600494044671521,0.9856417315354369,1.0100332059803148,1.033194110547394,1.055096227242124,1.0757128717090745,1.0950189257427123,1.1129908678900673,1.1296068021079984,1.1448464844401505,1.1586913476810938,1.1711245239976071,1.1821308654795335,1.1916969625951737,1.199811160528736,1.2064635733799358,1.2116460962084388,1.2153524149084856,1.2175780139016537
-2.8137927416890115e-16,0.05345756320841151,0.10684999661055883,0.16011224975081648,0.21317943077815543,0.2659868855068638,0.31847027618772095,0.37056565989363,0.4222095664242228,0.4733390756345244,0.5238918940934604,0.5738064309788047,0.6230218731161061,0.6714782590701771,0.7191165521988676,0.765878712580118,0.8117077677246602,0.8565478819882267,0.9003444245986779,0.9430440362151828,0.9845946939383561,1.0249457746921515,1.0640481169002782,1.10185408038201,1.1383176043944065,1.1733942637502326,1.2070413229432093,1.2392177882146425,1.2698844574980024,1.2990039681806063,1.326540842624205,1.3524615313890185,1.3767344541085624,1.3993300379654596,1.4202207537213647,1.4393811492570971,1.4567878805821284,1.4724197402756405,1.4862576833245016,1.4982848503266764,1.5084865880318172,1.516850467193987,1.5233662977147837,1.5280261410584046,1.530824319923529
-3.3971587369409903e-16,0.06454058439287202,0.12900253602537493,0.19330731793904826,0.2573765846625241,0.32113227766341074,0.38449672045059974,0.4473927132111007,0.5097436268661184,0.5714734964317845,0.6325071135707924,0.6927701182221677,0.7521890891975452,0.8106916336335811,0.8682064751915075,0.9246635408963695,0.979994046510148,1.034130580334764,1.087007185342848,1.1385594395362126,1.188724534434138,1.2374413515958327,1.2846505370838355,1.3302945737776488,1.374317851449484,1.4166667345167634,1.4572896273888158,1.4961370373281544,1.533161634749751,1.5683183108848504,1.6015642327390542,1.632858895277723,1.6621641707751273,1.689444355267204,1.7146662120513403,1.7377990121801754,1.7588145719000852,1.7776872869887501,1.794394163949955,1.8089148480276183,1.8212316480049313,1.8313295577583797,1.8391962745403927,1.8448222139683461,1.8482005217016566
-3.9901525197663446e-16,0.07580651814766348,0.15152067773006148,0.22705023270661656,0.3023031619490276,0.37718778135483444,0.451612855550384,0.5254877090470748,0.598722336715468,0.6712275134426775,0.7429149028394295,0.8136971648643413,0.8834880622343058,0.9522025654913389,1.0197569565978823,1.0860689309343299,1.1510576975745266,1.2146440777170746,1.276750601152503,1.3373016006487803,1.396223304140186,1.453443924607209,1.5088937475379722,1.5625052158646258,1.6142130122712253,1.6639541387728252,1.7116679934688155,1.7572964443770078,1.8007839002584918,1.8420773783470055,1.8811265689002727,1.9178838964946692,1.9523045779885546,1.9843466770836262,2.0139711554178437,2.0411419201276604,2.0658258678216113,2.087992924911701,2.1076160842534417,2.124671438049888,2.139138206979616,2.1509987655131213,2.160238663386808,2.166846643208415,2.1708146541724105
-4.600998915054786e-16,0.0874116229952796,0.17471674839266602,0.2618090083451879,0.3485822943496294,0.43493088652339007,0.5207495824078892,0.6059338251415501,0.6903798308462268,0.7739847150718757,0.8566466181454155,0.9382648292710427,1.018739909230821,1.0979738115360518,1.1758700018818267,1.2523335757591987,1.327271374081706,1.4005920966853762,1.4722064135639106,1.542027073703531,1.609969011384904,1.6759494498226188,1.7398880020159468,1.8017067686880213,1.8613304331941014,1.9186863532833078,1.9737046496020134,2.026318290831075,2.0764631753531626,2.124078209350714,2.1691053812393393,2.2114898323459946,2.25117992374583,2.2881272991762645,2.3222869439516436,2.353617239806699,2.3820800156019923,2.4076405938295724,2.430267832862175,2.4499341648944957,2.46661562953032,2.4802919029745736,2.4909463227947306,2.4985659082214298,2.503141375963534
-5.223423443169836e-16,0.09923669385469314,0.19835248308416314,0.2972266103668529,0.39573861280906253,0.4937684687104223,0.5911967437918603,0.6879047367078673,0.7837746236657974,0.878689601976014,0.97253403235798,1.0651935798289036,1.1565553530032984,1.2465080416337506,1.3349420522253173,1.4217496415583082,1.5068250479568026,1.5900646201429662,1.6713669435201663,1.7506329637310285,1.8277661073399178,1.9026723994927994,1.9752605784111135,2.045442206580204,2.113131778496794,2.1782468248442814,2.2407080129688977,2.3004392435343224,2.3573677432370004,2.411424153469207,2.462542614821829,2.5106608473239014,2.555720226321165,2.5976658539011774,2.636446625777961,2.672015293554705,2.704328522288656,2.733346943288072,2.7590352020769124,2.781362001468815,2.8003001396978995,2.815826543559931,2.827922296523464,2.836572661776719,2.841767100182121
-5.859816212443308e-16,0.11132713896274032,0.22251864295528345,0.33343904225775495,0.443953197449585,0.5539264640560678,0.6632248565919289,0.771715211801993,0.8792653509000918,0.9857442406085607,1.0910221528021082,1.194970822561548,1.2974636044448413,1.3983756267850629,1.497583943827299,1.5949676855191066,1.6904082047720448,1.7837892220148908,1.8749969668623792,1.963920316726888,2.0504509322041966,2.134483389068368,2.21591530671492,2.2946474728958286,2.37058396459436,2.443632264892498,2.5137033756885594,2.5807119261276674,2.6445762766129857,2.705218618270997,2.7625650677496307,2.8165457572337385,2.867094919568271,2.9141509683854245,2.9576565731381455,2.9975587289485675,3.0338088211862906,3.0663626846978227,3.095180657615013,3.12022762967693,3.1414730850063064,3.158891139288436,3.17246057130722,3.1821648487999554,3.1879921485993457
-6.520972965128261e-16,0.1238880601612606,0.247625181804705,0.3710606103078555,0.4940439586148542,0.6164253904599156,0.7380558029197538,0.8587870080725187,0.9784719135419447,1.0969647017067605,1.2141210073570057,1.3297980935807934,1.4438550256672464,1.5561528428137374,1.6665547274282297,1.7749261718204294,1.8811351420786813,1.9850522389329652,2.0865508554079684,2.1855073310741777,2.281801102709067,2.3753148511848203,2.465934644403609,2.553550076106307,2.638054400385505,2.71934466173896,2.7973218205050197,2.8718908735271906,2.942960969900842,3.0104455216610546,3.07426230927671,3.134333581822317,3.19058615170555,3.242951483835048,3.291365779119875,3.3357700521988782,3.3761102033052612,3.412337084178827,3.4444065579455554,3.4722795528915826,3.4959221100660747,3.51530542465497,3.5304058810752137,3.5412050817467042,3.5476898695069132
-7.197208035804206e-16,0.13673544529336687,0.2733042995091217,0.4095401745352247,0.5452770879434876,0.6803496652135848,0.814593341216451,0.9478445607115332,1.0799409776136508,1.2107216527866973,1.3400272501231976,1.4677002306707998,1.5935850445692188,1.717528320563785,1.8393790528647012,1.9589887851243268,2.0762117913083653,2.1909052532406035,2.3029294346048546,2.412147851192125,2.5184274371856064,2.6216387072808853,2.721655914443828,2.8183572031139787,2.9116247576667806,3.0013449459537753,3.087408457745873,3.1697104379110246,3.2481506141640426,3.322633419232948,3.393068107292962,3.459368864526316,3.5214549136731668,3.5792506124462515,3.6326855456893616,3.6816946111673623,3.7262180988832334,3.7662017638255136,3.8015968920574807,3.8323603600675855,3.8584546873088064,3.879848081862923,3.8965144791740727,3.908433573804392,3.915590844173069
-7.890997737819037e-16,0.1499163403533705,0.2996500307388594,0.4490186437194417,0.5978401966486755,0.7459333733885117,0.893117745215102,1.0392139906433935,1.1840441139027296,1.3274316617972857,1.4692019386871145,1.6091822193278655,1.7472019593098849,1.8830930028403106,2.0166897876150167,2.147829546530765,2.2763525059918415,2.4021020805695894,2.524925063777627,2.644671814730342,2.7611964404572675,2.874356973651203,2.984015545633494,3.0900385543257904,3.192296827023592,3.290665777773293,3.3850255591609826,3.475261208328051,3.561262787035722,3.6429255156078675,3.720149900588906,3.7928418559612385,3.860912817774584,3.9242798520474955,3.9828657558096587,4.036599151161808,4.085414572238697,4.129252544969186,4.168059659536226,4.201788635448491,4.230398379144384,4.2538540340582065,4.272127023087512,4.285195083409903,4.293042293606862
-8.61557541247436e-16,0.16368215766763367,0.3271648938394496,0.4902490299840107,0.6527358732026143,0.8144274583059699,0.9751267890043126,1.134638077917024,1.2927669851093917,1.4493208548658878,1.6041089504114932,1.7569426862950677,1.907635858151665,2.056004869563879,2.2018689557458,2.3450504037770616,2.4853747691186396,2.622671088146681,2.7567720864453307,2.8875143826048335,3.014738687276622,3.138289997242858,3.258017784263971,3.373776178474128,3.4854241461011934,3.592825661294666,3.6958498718522175,3.794371258642949,3.8882697885331092,3.9774310606279863,4.061746445651779,4.141113218295621,4.215434682372562,4.2846202886269635,4.348585745054833,4.407253119600639,4.46055093510551,4.508414256391154,4.550784769373364,4.5876108521087495,4.618847637688117,4.6444570688999,4.664407944596995,4.678675957710563,4.687243724864442
-9.358056831542385e-16,0.17778811750001106,0.35535962756500483,0.532498186662765,0.7089879787451386,0.8846139781866329,1.0591622117600443,1.2324200193298618,1.4041763129458769,1.5742218340213427,1.7423494082823383,1.9083541981776975,2.0720339524420064,2.2331892525076227,2.3916237554654924,2.5471444332787296,2.6995618079575348,2.848690182408963,2.9943478666802124,3.1363573993198424,3.2745457635872186,3.4087445982467712,3.5387904026902137,3.6645247361368547,3.7857944106692756,3.902451677869218,4.014354408826275,4.121366267300074,4.22335687582497,4.320201974554928,4.411783572654993,4.497990092054939,4.578716503389977,4.653864453962841,4.723342387571415,4.787065656055853,4.844956622429323,4.896944755466719,4.942966715636094,4.982966432268117,5.01689517186956,5.044711597497538,5.066381819122217,5.081879434916589,5.091185563423031
-1.0120758716831645e-15,0.19227823386073176,0.38432220631169184,0.5758979413545586,0.7667720334661671,0.9567119319671693,1.1454862243492454,1.3328649182155834,1.5186197214911767,1.702524320561564,1.8843546560011144,2.063889195554915,2.2409092040416914,2.415199009848939,2.5865462676955735,2.7547422173419336,2.919581937931969,3.080864597657755,3.2383936984421093,3.3919773153412214,3.5414283303756373,3.686564660504705,3.8272094794667018,3.963191433214398,4.094344848683563,4.22050993564008,4.341532981359737,4.457266537903498,4.567569601760098,4.6723077856371145,4.771353482191175,4.864586019497847,4.951891808071794,5.033164479258059,5.1083050148259055,5.177221867607252,5.239831073032813,5.296056351429984,5.345829200957882,5.389088981066272,5.425782986376754,5.4558665108961355,5.479302902483799,5.496063607506698,5.506128205627546
-1.0918997879546435e-15,0.2074435016731155,0.41463426539366005,0.6213198611313346,0.8272484743252136,1.0321692126809812,1.2358324118445756,1.4379899395797324,1.638395498078881,1.8368049240390945,2.0329764861374753,2.2266711795435232,2.4176530171096995,2.6056893168854205,2.7905509856041864,2.9720127977984254,3.149853670202019,3.323856931106235,3.4938105843408116,3.6595075675586335,3.8207460045093082,3.977329450994292,4.129067134203875,4.275774185144469,4.417271863872986,4.55338777726394,4.6839560890439165,4.80881772183752,4.927820550978648,5.040819589850972,5.1476771665318,5.248263091524089,5.342454816372312,5.430137582968858,5.511204563369131,5.585556989944925,5.653104275717566,5.713764124724204,5.76746263228276,5.81413437503339,5.853722490646785,5.886178747102156,5.91146360145051,5.929546247991659,5.94040465580621
-1.1737097588861796e-15,0.22298608811651408,0.44570050203302747,0.6678718985427128,0.8892295960218087,1.1095039042134653,1.3284264528038128,1.5457305183898327,1.7611513494407278,1.9744264888568934,2.185296093733472,2.3935032519388995,2.598794295122752,2.8009191077715645,2.9996314319360713,3.19468916725857,3.3858546659349016,3.5728950222517213,3.755582356346218,3.933694091842621,4.107013227027235,4.275328599231604,4.438435142101695,4.596134135439661,4.748233447313784,4.894547768141646,5.034898836461313,5.169115656115464,5.297034704583863,5.418500132210374,5.533363952081749,5.64148622032689,5.742735206616894,5.836987554658181,5.924128432483122,6.004051672355115,6.076659900117602,6.141864653829497,6.1995864915424255,6.2497550880884996,6.292309320760708,6.32719734378152,6.354376651468968,6.373814130023289,6.385486097870977
-1.2577008569406638e-15,0.2389430538399253,0.47759499237509784,0.71566505497993,0.952863189955026,1.1889004079104784,1.4234891338549602,1.656343557561538,1.8871799817833927,2.11571716789523,2.341676678539233,2.5647832168580824,2.7847649619017583,3.001353899799509,3.2142861502934816,3.423302288236151,3.6281476596598954,3.8285726920336454,4.024333198328572,4.2151906745223435,4.400912590179553,4.581272671754243,4.756051178269359,4.9250351690372804,5.0880187630952385,5.244803390039571,5.39519803195317,5.539019456131382,5.6760924383228355,5.8062499762132065,5.92933349289181,6.045193030053134,6.153687430697937,6.254684511111316,6.348061221908196,6.433703797950052,6.511507896950204,6.581378726598819,6.643231160052754,6.6969898396494765,6.742589268718788,6.779973891380425,6.80909816023033,6.82992659183316,6.84243380995338
