hough_viz/data/file_4_1_1.json
{"header": {"discipline": 0, "disciplineName": "Meteorological products", "gribEdition": 2, "gribLength": 133963, "center": 7, "centerName": "US National Weather Service - NCEP(WMC)", "subcenter": 0, "refTime": "2014-11-30T06:00:00.000Z", "significanceOfRT": 1, "significanceOfRTName": "Start of forecast", "productStatus": 0, "productStatusName": "Operational products", "productType": 1, "productTypeName": "Forecast products", "productDefinitionTemplate": 0, "productDefinitionTemplateName": "Analysis/forecast at horizontal level/layer at a point in time", "parameterCategory": 2, "parameterCategoryName": "Momentum", "parameterNumber": 3, "parameterNumberName": "V-component_of_wind", "parameterUnit": "m.s-1", "genProcessType": 2, "genProcessTypeName": "Forecast", "forecastTime": 6, "surface1Type": 100, "surface1TypeName": "Isobaric surface", "surface1Value": 85000, "surface2Type": 255, "surface2TypeName": "Missing", "surface2Value": 0, "gridDefinitionTemplate": 0, "gridDefinitionTemplateName": "Latitude_Longitude", "numberPoints": 65160, "shape": 6, "shapeName": "Earth spherical with radius of 6,371,229.0 m", "gridUnits": "degrees", "resolution": 48, "winds": "true", "scanMode": 0, "nx": 360, "ny": 181, "basicAngle": 0, "subDivisions": 0, "lo1": 0, "la1": 90, "lo2": 359, "la2": -90, "dx": 1, "dy": 1}, "data":
[rows 140 to 159 of 181, columns 0 to 44 of 360]
0.0,1.1600721231921716,2.314492491610192,3.4576368852610595,4.58393601956738,5.687902678362004,6.76415844705363,7.8074599157220375,8.812724224484173,9.775053826676567,10.689760349210362,11.552387433853758,12.358732448161344,13.10486696027693,13.787155877858666,14.402275157883537,14.94722800105084,15.419359451887122,15.816369333422406,16.136323453421138,16.377663027572368,16.539212273730193,16.620184140206213,16.620184140206213,16.539212273730197,16.377663027572368,16.136323453421138,15.816369333422406,15.419359451887122,14.947228001050838,14.402275157883542,13.78715587785867,13.104866960276931,12.358732448161346,11.552387433853758,10.689760349210365,9.775053826676567,8.812724224484173,7.807459915722043,6.7641584470536325,5.687902678362008,4.583936019567388,3.457636885261059,2.3144924916101974,1.160072123192175
0.0,1.0978901125765017,2.190431414884059,3.2723011555196964,4.338228573856204,5.383020578658096,6.401587048300101,7.38896562932807,8.340345912546178,9.251092868847003,10.116769430607405,10.933158108635999,11.696281539356525,12.402421862123415,13.04813883226513,13.630286581610376,14.146028944841632,14.59285327700748,14.968582694876224,15.271386682492203,15.499790009265503,15.652679917147106,15.729311541874251,15.729311541874251,15.652679917147106,15.499790009265503,15.271386682492203,14.968582694876224,14.59285327700748,14.146028944841632,13.63028658161038,13.048138832265135,12.40242186212342,11.696281539356528,10.933158108635997,10.116769430607409,9.251092868847003,8.340345912546178,7.3889656293280765,6.401587048300105,5.3830205786580985,4.338228573856211,3.272301155519696,2.190431414884064,1.097890112576505
0.0,1.0361324958454936,2.0672170583229024,3.088230347088093,4.094198088030101,5.080219307434579,6.041490209035093,6.973327577625661,7.871191595214473,8.730707958560815,9.54768919034074,10.31815504011569,11.038351875712511,11.704770970542114,12.314165597762699,12.863566848006581,13.350298093608195,13.771988028865017,14.126582222800605,14.412353128145789,14.627908497775321,14.772198167595906,14.844519172840137,14.844519172840137,14.772198167595912,14.627908497775321,14.412353128145789,14.126582222800607,13.771988028865017,13.350298093608194,12.863566848006585,12.314165597762702,11.704770970542116,11.038351875712515,10.318155040115688,9.547689190340744,8.730707958560817,7.871191595214473,6.973327577625666,6.041490209035097,5.0802193074345805,4.094198088030108,3.088230347088093,2.067217058322907,1.0361324958454967
0.0,0.9748456962717668,1.944942042302444,2.905562826207914,3.8520280000902534,4.779726480760654,5.684138614473213,6.560858196223676,7.4056139363372955,8.214290269762788,8.98294740669157,9.707840526817666,10.385438023725818,11.012438710522966,11.58578790288891,12.102692301191306,12.56063359916068,12.95738075282541,13.291000849933734,13.55986852690792,13.762673887452221,13.898428884236003,13.966472132560972,13.966472132560972,13.898428884236003,13.762673887452221,13.55986852690792,13.291000849933736,12.95738075282541,12.560633599160678,12.10269230119131,11.585787902888914,11.012438710522968,10.38543802372582,9.707840526817666,8.982947406691574,8.21429026976279,7.4056139363372955,6.5608581962236805,5.684138614473217,4.779726480760655,3.85202800009026,2.905562826207914,1.9449420423024482,0.9748456962717699
0.0,0.914882684939594,1.8253081534018485,2.7268409040200625,3.615088759854981,4.485724266639337,5.334505775700052,6.157298108844203,6.950092704531505,7.709027147183209,8.43040398448253,9.1107087409907,9.746627040318003,10.335060752432401,10.873143087437624,11.35825256228537,11.788025772377217,12.160368905834252,12.473467944338067,12.72579750084568,12.916128251121867,13.043532922883257,13.107390813375709,13.107390813375709,13.04353292288326,12.916128251121867,12.72579750084568,12.473467944338067,12.160368905834252,11.788025772377217,11.358252562285372,10.873143087437626,10.335060752432405,9.746627040318005,9.1107087409907,8.430403984482533,7.709027147183209,6.950092704531505,6.1572981088442065,5.334505775700055,4.485724266639339,3.615088759854987,2.726840904020062,1.8253081534018525,0.9148826849395971
0.0,0.8558182780389361,1.707467095453819,2.5507973048136425,3.3817002861096634,4.196127963539082,4.990112527323445,5.759785764479048,6.501397904361746,7.211335887172629,7.886140966422152,8.522525559595387,9.117389264923546,9.667833966229761,10.171177952259779,10.624968981709616,11.026996230298716,11.375301061683581,11.66818656973719,11.904225845705051,12.082268929961236,12.201448414496074,12.261183668840795,12.261183668840795,12.201448414496076,12.082268929961236,11.904225845705051,11.668186569737191,11.375301061683581,11.026996230298714,10.62496898170962,10.17117795225978,9.667833966229763,9.117389264923547,8.522525559595385,7.886140966422156,7.21133588717263,6.501397904361746,5.759785764479051,4.990112527323449,4.196127963539084,3.38170028610967,2.5507973048136425,1.707467095453823,0.8558182780389391
0.0,0.7976934383790998,1.5915005945102805,2.3775541197220873,3.1520244402535122,3.911138414552412,4.651197715641869,5.3685968489974805,6.059840718154243,6.72156165246522,7.350535814054397,7.943698904030779,8.498161091444546,9.011221092252958,9.480379329704693,9.903350112026502,10.278072768083794,10.602721686763237,10.875715211166632,11.095723344284295,11.26167422860681,11.37275936810709,11.428437567151725,11.428437567151725,11.372759368107092,11.26167422860681,11.095723344284295,10.875715211166632,10.602721686763237,10.27807276808379,9.903350112026505,9.480379329704695,9.01122109225296,8.498161091444546,7.943698904030777,7.350535814054401,6.721561652465221,6.059840718154243,5.368596848997485,4.651197715641873,3.9111384145524135,3.1520244402535185,2.3775541197220873,1.591500594510284,0.7976934383791022
0.0,0.7417232011441832,1.4798328014101474,2.210732805019914,2.9308623406257084,3.636713009517227,4.32484597818749,4.991908731984023,5.634651408223238,6.249942629194772,6.834784757918902,7.3863285023326135,7.9018867967541055,8.378947892996695,8.8151875973535,9.208480593835562,9.556910798497686,9.858780694406843,10.11261960177402,10.317190842958322,10.471497767436128,10.574788607382258,10.626560140207262,10.626560140207262,10.574788607382263,10.471497767436128,10.317190842958322,10.11261960177402,9.858780694406843,9.556910798497686,9.208480593835564,8.815187597353503,8.378947892996697,7.9018867967541055,7.386328502332613,6.834784757918903,6.249942629194772,5.634651408223238,4.991908731984026,4.324845978187493,3.6367130095172286,2.9308623406257137,2.2107328050199135,1.4798328014101505,0.7417232011441856
0.0,0.6870285871157982,1.3707100400150403,2.0477135313826205,2.7147407682607487,3.3685420610006984,4.005932155424117,4.6238057510612025,5.219152629862444,5.789072321678385,6.330788235058623,6.841661184526265,7.319202248424271,7.761084894691591,8.165156315493501,8.529447915484969,8.8521849026093,9.131794934706633,9.366915779806892,9.556401952787015,9.699330296059323,9.795004477102502,9.842958380923648,9.842958380923648,9.795004477102504,9.699330296059323,9.556401952787015,9.366915779806895,9.131794934706633,8.8521849026093,8.52944791548497,8.165156315493503,7.761084894691593,7.319202248424272,6.841661184526265,6.330788235058626,5.789072321678387,5.219152629862444,4.623805751061204,4.005932155424119,3.3685420610007,2.7147407682607536,2.04771353138262,1.3707100400150432,0.6870285871158004
0.0,0.6336234383010861,1.2641599269023742,1.8885375554127057,2.503714418788198,3.106693437187847,3.694536957445249,4.264381065019536,4.813449536699131,5.339067366082185,5.83867379593886,6.30983479396316,6.750254911133646,7.1577884649103405,7.530449992784371,7.866423925251744,8.164073431085457,8.421948391812716,8.638792466546352,8.813549212751358,8.945367233126706,9.033604323527435,9.077830601718667,9.077830601718667,9.033604323527436,8.945367233126706,8.813549212751358,8.638792466546354,8.421948391812716,8.164073431085455,7.866423925251746,7.530449992784373,7.157788464910341,6.750254911133647,6.309834793963159,5.838673795938861,5.339067366082186,4.813449536699131,4.264381065019538,3.6945369574452513,3.1066934371878485,2.5037144187882023,1.8885375554127057,1.264159926902377,0.6336234383010881
0.0,0.5830304110519896,1.1632203565473458,1.7377432093921048,2.303799951998042,2.8586328128150056,3.399538701916701,3.9238823801830938,4.429109297920511,4.912758040370969,5.372472319477453,5.80601245348247,6.211266278432452,6.586259438428214,6.929165004488438,7.238312375164025,7.512195415540428,7.749479794975561,7.949009487824558,8.109812405480513,8.231105132292459,8.312296742287671,8.352991678103605,8.352991678103605,8.312296742287673,8.231105132292459,8.109812405480513,7.949009487824558,7.749479794975561,7.512195415540426,7.238312375164026,6.92916500448844,6.586259438428215,6.211266278432452,5.806012453482469,5.3724723194774535,4.912758040370971,4.429109297920511,3.9238823801830955,3.399538701916703,2.858632812815008,2.3037999519980463,1.7377432093921046,1.1632203565473485,0.5830304110519915
0.0,0.5339869957961968,1.0653724606250599,1.5915675379166225,2.1100086581472652,2.6181700282927434,3.113575937237909,3.5938128171924117,4.056541002350354,4.49950612750692,4.920550111099047,5.317621669161868,5.688786308977991,6.032235753731576,6.346296752251197,6.62943923092137,6.880283748047395,7.097608214356636,7.280353846894614,7.427630327309132,7.538720139391791,7.61308206474483,7.650353819542766,7.650353819542766,7.61308206474483,7.538720139391791,7.427630327309132,7.2803538468946165,7.097608214356636,6.880283748047393,6.6294392309213706,6.346296752251199,6.032235753731577,5.688786308977993,5.317621669161866,4.920550111099049,4.499506127506921,4.056541002350354,3.593812817192414,3.1135759372379117,2.6181700282927443,2.1100086581472692,1.5915675379166223,1.065372460625062,0.5339869957961986
0.0,0.4864957689796398,0.9706213794751946,1.450018220176466,1.9223507178643593,2.385317716088836,2.836663686171826,3.2741897159162248,3.695764222485077,4.099333337258904,4.482930912077151,4.844688098114399,5.182842450723976,5.495746515891129,5.781875856463368,6.0398364790550465,6.2683716254430095,6.466367895366324,6.632860670900443,6.767038815978759,6.868248628165987,6.935997023430731,6.969953938401304,6.969953938401304,6.9359970234307315,6.868248628165987,6.767038815978759,6.632860670900444,6.466367895366324,6.268371625443008,6.039836479055049,5.78187585646337,5.495746515891131,5.182842450723976,4.844688098114399,4.482930912077153,4.099333337258905,3.695764222485077,3.2741897159162265,2.8366636861718284,2.3853177160888377,1.922350717864363,1.4500182201764658,0.9706213794751966,0.48649576897964136
0.0,0.44222765799577773,0.8823008272943687,1.3180755156509503,1.7474286725877684,2.1682685326826547,2.578544806439901,2.976258669094592,3.3594724986859266,3.7263193159566597,4.075011880088359,4.4038513959590295,4.711235790502183,4.995667517845775,5.255760855205165,5.490248653985231,5.6979885132009445,5.877968345140144,6.029311306153134,6.151280068546798,6.243280412771013,6.304864122396562,6.335731167780518,6.335731167780518,6.3048641223965625,6.243280412771013,6.151280068546798,6.029311306153135,5.877968345140144,5.697988513200943,5.4902486539852315,5.255760855205168,4.995667517845776,4.711235790502183,4.4038513959590295,4.07501188008836,3.7263193159566605,3.3594724986859266,2.9762586690945927,2.5785448064399032,2.168268532682655,1.7474286725877715,1.31807551565095,0.8823008272943705,0.4422276579957791
0.0,0.39970936662002143,0.7974713893845152,1.191348211701471,1.5794209052849213,1.9597988189806574,2.3306287898286078,2.6901041714865017,3.0364736360292373,3.368049706242501,3.683216976842124,3.9804399845662486,4.258270688797994,4.5153555262737886,4.750442005507528,4.962384808803195,5.15015137212755,5.312826915658304,5.449618900499465,5.559860889851171,5.643015795822782,5.698678496071109,5.726577807515738,5.726577807515738,5.6986784960711105,5.643015795822782,5.559860889851171,5.449618900499466,5.312826915658304,5.150151372127549,4.962384808803196,4.75044200550753,4.51535552627379,4.258270688797994,3.9804399845662486,3.6832169768421252,3.3680497062425023,3.0364736360292373,2.6901041714865026,2.33062878982861,1.9597988189806586,1.579420905284924,1.1913482117014709,0.797471389384517,0.3997093666200227
0.0,0.3589116244843897,0.7160746676119618,1.0697490669385021,1.4182117563417183,1.7597650606261852,2.0927449664262463,2.4155292291118675,2.726545276201404,3.0242778687766605,3.3072764835745856,3.5741623797908044,3.823635316166229,4.054479885631769,4.265571436649405,4.455881552401426,4.6244830611337955,4.770554553243733,4.893384383104731,4.992374136132523,5.067041544200771,5.117022835202907,5.142074505313272,5.142074505313272,5.117022835202908,5.067041544200771,4.992374136132523,4.893384383104732,4.770554553243733,4.624483061133795,4.4558815524014275,4.265571436649407,4.054479885631769,3.82363531616623,3.574162379790804,3.3072764835745865,3.024277868776662,2.726545276201404,2.4155292291118693,2.0927449664262476,1.7597650606261859,1.4182117563417207,1.069749066938502,0.7160746676119633,0.3589116244843908
0.0,0.32152495070072384,0.6414834641612087,0.9583167346659924,1.2704811823691449,1.576455973460117,1.8747504295131914,2.163911289922932,2.4425297920437696,2.709248534540007,2.9627680905086753,3.2018533381567926,3.4253394781905824,3.6321377086005473,3.821240529195416,3.9917266500418007,4.142765479896141,4.273621172761756,4.383656212856574,4.472334520525939,4.539224063968793,4.583998964053199,4.606441081966703,4.606441081966703,4.583998964053199,4.539224063968793,4.472334520525939,4.383656212856575,4.273621172761756,4.14276547989614,3.9917266500418016,3.821240529195417,3.6321377086005477,3.4253394781905824,3.2018533381567926,2.962768090508676,2.7092485345400075,2.4425297920437696,2.163911289922934,1.8747504295131927,1.5764559734601176,1.2704811823691475,0.9583167346659924,0.6414834641612102,0.3215249507007249
0.0,0.2860040033092175,0.5706146238633343,0.8524452673279705,1.1301228831376833,1.4022946538603045,1.6676345859874837,1.9248499700417752,2.172687678527264,2.409940271040771,2.635451876800116,2.8481238259303865,3.04692000207313,3.2308718902411018,3.3990832953259247,3.550734708270579,3.6850872986351435,3.8014865141044365,3.899365269401102,3.9782467090680704,4.03774653066042,4.077574857028255,4.09753764856904,4.09753764856904,4.077574857028255,4.03774653066042,3.9782467090680704,3.899365269401102,3.8014865141044365,3.685087298635143,3.5507347082705794,3.399083295325926,3.2308718902411018,3.0469200020731306,2.8481238259303856,2.6354518768001167,2.409940271040772,2.172687678527264,1.9248499700417758,1.6676345859874848,1.4022946538603052,1.1301228831376855,0.8524452673279704,0.5706146238633356,0.2860040033092185
0.0,0.2522718089135686,0.5033145749323837,0.7519052429351327,0.9968327041755521,1.2369036966825016,1.4709486187123384,1.6978272269310473,1.9164341915651435,2.125704481457226,2.324618552790716,2.51220731620485,2.68755685810063,2.8498128931360136,2.99818492621823,3.131950103716406,3.2504567351317997,3.3531274680683985,3.439462101035762,3.509040020380402,3.561522249473218,3.5966531001695645,3.614261418496191,3.614261418496191,3.5966531001695654,3.561522249473218,3.509040020380402,3.439462101035763,3.3531274680683985,3.250456735131799,3.131950103716407,2.998184926218231,2.8498128931360145,2.6875568581006304,2.5122073162048495,2.3246185527907173,2.1257044814572263,1.9164341915651435,1.6978272269310484,1.4709486187123393,1.236903696682502,0.996832704175554,0.7519052429351326,0.503314574932385,0.2522718089135694
0.0,0.22195150786138573,0.44282169028695845,0.6615344899497335,0.8770243600746882,1.088241455675539,1.2941567482939875,1.4937670393229294,1.686099847489227,1.8702181466847216,2.045224931063239,2.2102675851629074,2.364542037762982,2.5072966792380105,2.6378360233243723,2.755524095459448,2.859787531185759,2.9501183695249695,3.0260765277127164,3.0872919452375953,3.133466386738778,3.1643748949787094,3.1798668868121567,3.1798668868121567,3.1643748949787094,3.133466386738778,3.0872919452375953,3.026076527712717,2.9501183695249695,2.8597875311857583,2.7555240954594487,2.637836023324374,2.5072966792380114,2.364542037762983,2.210267585162907,2.0452249310632395,1.870218146684722,1.686099847489227,1.4937670393229303,1.2941567482939884,1.0882414556755395,0.8770243600746898,0.6615344899497335,0.4428216902869594,0.2219515078613865
