hough_viz/data/file_4_1_0.json
{"header": {"discipline": 0, "disciplineName": "Meteorological products", "gribEdition": 2, "gribLength": 133963, "center": 7, "centerName": "US National Weather Service - NCEP(WMC)", "subcenter": 0, "refTime": "2014-11-30T06:00:00.000Z", "significanceOfRT": 1, "significanceOfRTName": "Start of forecast", "productStatus": 0, "productStatusName": "Operational products", "productType": 1, "productTypeName": "Forecast products", "productDefinitionTemplate": 0, "productDefinitionTemplateName": "Analysis/forecast at horizontal level/layer at a point in time", "parameterCategory": 2, "parameterCategoryName": "Momentum", "parameterNumber": 3, "parameterNumberName": "V-component_of_wind", "parameterUnit": "m.s-1", "genProcessType": 2, "genProcessTypeName": "Forecast", "forecastTime": 6, "surface1Type": 100, "surface1TypeName": "Isobaric surface", "surface1Value": 85000, "surface2Type": 255, "surface2TypeName": "Missing", "surface2Value": 0, "gridDefinitionTemplate": 0, "gridDefinitionTemplateName": "Latitude_Longitude", "numberPoints": 65160, "shape": 6, "shapeName": "Earth spherical with radius of 6,371,229.0 m", "gridUnits": "degrees", "resolution": 48, "winds": "true", "scanMode": 0, "nx": 360, "ny": 181, "basicAngle": 0, "subDivisions": 0, "lo1": 0, "la1": 90, "lo2": 359, "la2": -90, "dx": 1, "dy": 1}, "data":
[rows 38 to 56 of 181, columns 86 to 128 of 360]
4.651788677007548,3.508817759105423,2.3487522337860653,1.1772438236794351,4.1335457574113374e-15,-1.1772438236794418,-2.3487522337860414,-3.5088177591054004,-4.65178867700754,-5.772096548071446,-6.864283344962251,-7.923028043391762,-8.943172545613862,-9.919746810158307,-10.847993065373094,-11.72338898880985,-12.54166973952405,-13.298848735951536,-13.991237078133075,-14.615461519664171,-15.16848090181251,-15.647600969737596,-16.050487498629472,-16.375177665817382,-16.62008961344454,-16.784030155120554,-16.86620058900564,-16.86620058900564,-16.784030155120554,-16.62008961344454,-16.375177665817386,-16.050487498629476,-15.64760096973761,-15.168480901812517,-14.615461519664178,-13.991237078133071,-13.298848735951552,-12.541669739524057,-11.723388988809855,-10.847993065373116,-9.919746810158301,-8.943172545613859,-7.923028043391771
4.824141627969654,3.638822610391811,2.435775614829308,1.2208617653146494,4.286697342466797e-15,-1.2208617653146563,-2.435775614829284,-3.638822610391787,-4.824141627969647,-5.985957912457044,-7.11861121170132,-8.2165833526825,-9.274525125497481,-10.287282344173057,-11.249920957341802,-12.157751086444486,-13.00634987434687,-13.791583033055167,-14.509624985551506,-15.156977503620631,-15.730486750866156,-16.227358647884472,-16.64517248473868,-16.98189271441413,-17.235878869798842,-17.405893555874375,-17.491108478179996,-17.491108478179996,-17.40589355587438,-17.235878869798846,-16.98189271441413,-16.645172484738683,-16.227358647884486,-15.730486750866163,-15.156977503620636,-14.509624985551502,-13.791583033055183,-13.00634987434688,-12.157751086444494,-11.249920957341821,-10.28728234417305,-9.274525125497476,-8.216583352682509
4.987449611939703,3.762004894486116,2.5182320673419993,1.2621906666975802,4.4318116353037274e-15,-1.2621906666975873,-2.5182320673419745,-3.76200489448609,-4.987449611939694,-6.188595976220595,-7.359592122980826,-8.494733076701525,-9.588488544760114,-10.635529860460142,-11.630755943759707,-12.569318153220784,-13.446643908102805,-14.258458965516477,-15.000808244105446,-15.670075092805098,-16.26299891080303,-16.776691032858473,-17.208648802588918,-17.55676776516048,-17.8193519199803,-17.995121983440967,-18.083221621461647,-18.083221621461647,-17.99512198344097,-17.819351919980303,-17.55676776516048,-17.208648802588925,-16.776691032858487,-16.262998910803038,-15.670075092805103,-15.000808244105441,-14.258458965516498,-13.446643908102814,-12.569318153220793,-11.630755943759727,-10.635529860460135,-9.588488544760109,-8.49473307670153
5.130418536256659,3.8698455414877846,2.5904190482362948,1.298372293769793,4.5588527869091316e-15,-1.2983722937698003,-2.590419048236269,-3.869845541487759,-5.130418536256651,-6.36599664762475,-7.570560263233354,-8.738240870229557,-9.863349646070901,-10.94040517389704,-11.964160147441607,-12.929626935381027,-13.832101880572814,-14.66718821580048,-15.430817484381377,-16.119269361278707,-16.729189778151174,-17.25760726403677,-17.701947422060595,-18.06004547163767,-18.330156795066358,-18.510965437130395,-18.60159051630047,-18.60159051630047,-18.510965437130398,-18.330156795066358,-18.060045471637675,-17.7019474220606,-17.257607264036782,-16.72918977815118,-16.119269361278715,-15.430817484381373,-14.667188215800497,-13.832101880572822,-12.929626935381034,-11.964160147441628,-10.940405173897034,-9.863349646070894,-8.738240870229566
5.2598586646120395,3.9674814945909715,2.655775153538101,1.3311301428947604,4.6738723483192915e-15,-1.3311301428947677,-2.6557751535380745,-3.967481494590945,-5.2598586646120316,-6.526610331938253,-7.761565009779834,-8.958706123083573,-10.112201320681633,-11.216430889920272,-12.266015135334882,-13.255840587985679,-14.181084917764238,-15.037240427301137,-15.82013601301435,-16.525957486306663,-17.151266155909116,-17.693015580839237,-18.14856641235521,-18.515699252597702,-18.79262546727313,-18.977995899700105,-19.070907443765215,-19.070907443765215,-18.977995899700105,-18.79262546727313,-18.515699252597706,-18.148566412355216,-17.693015580839244,-17.15126615590912,-16.525957486306666,-15.820136013014348,-15.037240427301157,-14.181084917764247,-13.25584058798569,-12.266015135334902,-11.216430889920264,-10.112201320681628,-8.95870612308358
5.376603267879808,4.055541285279739,2.7147211131993707,1.36067509273829,4.777610758003153e-15,-1.3606750927382976,-2.7147211131993436,-4.055541285279712,-5.376603267879799,-6.671470979813029,-7.9338359557465115,-9.157548080410015,-10.336645551339275,-11.465383924178404,-12.538264099035265,-13.550059111543542,-14.495839598107542,-15.370997811266282,-16.171270068175836,-16.89275752284361,-17.531945160914127,-18.08571892446565,-18.55138088338728,-18.926662379423334,-19.20973507884829,-19.39921987992491,-19.4941936317493,-19.4941936317493,-19.399219879924914,-19.20973507884829,-18.926662379423334,-18.55138088338729,-18.085718924465663,-17.531945160914134,-16.892757522843613,-16.17127006817583,-15.370997811266301,-14.495839598107551,-13.550059111543552,-12.538264099035285,-11.465383924178395,-10.33664555133927,-9.157548080410026
5.466785357400124,4.123565122825532,2.7602552934718494,1.383497777788247,4.857745910181002e-15,-1.3834977777882544,-2.760255293471822,-4.1235651228255055,-5.4667853574001155,-6.783371963232798,-8.06691066272276,-9.311148184346976,-10.510022727970398,-11.65769349732695,-12.748569155791753,-13.777335066811238,-14.738979186278085,-15.628816480706408,-16.442511752243874,-17.176100759319905,-17.826009530032128,-18.389071774178255,-18.86254430910362,-19.244120424211346,-19.53194111902454,-19.724604160049708,-19.82117091231739,-19.82117091231739,-19.724604160049708,-19.531941119024545,-19.24412042421135,-18.86254430910362,-18.389071774178266,-17.82600953003213,-17.17610075931991,-16.442511752243874,-15.628816480706426,-14.738979186278092,-13.777335066811247,-12.748569155791774,-11.657693497326944,-10.51002272797039,-9.311148184346985
5.539536738304651,4.178441075935564,2.796988468659947,1.401909214717299,4.922392260813846e-15,-1.4019092147173067,-2.796988468659919,-4.178441075935536,-5.539536738304641,-6.873644334516995,-8.174264226467876,-9.43505992478159,-10.649888959550676,-11.812832805831938,-12.91822571810496,-13.960682333214898,-14.935123907320282,-15.836803059022614,-16.661326898131286,-17.404678427382965,-18.06323611284859,-18.63379152768256,-19.11356498325584,-19.50021907151953,-19.791870052621945,-19.987097032299808,-20.084948884332277,-20.084948884332277,-19.98709703229981,-19.791870052621952,-19.500219071519535,-19.113564983255845,-18.633791527682575,-18.06323611284859,-17.40467842738297,-16.661326898131282,-15.836803059022635,-14.935123907320285,-13.960682333214907,-12.918225718104981,-11.812832805831933,-10.649888959550667,-9.4350599247816
5.596338832228451,4.221286572529021,2.82566862897047,1.4162843118867754,4.9728661904468335e-15,-1.4162843118867832,-2.8256686289704422,-4.221286572528992,-5.596338832228442,-6.94412629167927,-8.258082665858153,-9.531806491388558,-10.759092313826757,-11.933960920012183,-13.050688468192837,-14.103834374007088,-15.088267816463633,-15.999192734785764,-16.83217119433726,-17.583145007793856,-18.248455506224037,-18.82486136375623,-19.309554388992655,-19.70017320623552,-19.994814759872103,-20.192043585870326,-20.290898805215324,-20.290898805215324,-20.19204358587033,-19.994814759872106,-19.700173206235522,-19.309554388992662,-18.82486136375625,-18.24845550622404,-17.583145007793863,-16.832171194337256,-15.999192734785785,-15.088267816463643,-14.103834374007095,-13.05068846819286,-11.933960920012176,-10.759092313826748,-9.531806491388569
5.621467561283749,4.240241030028088,2.8383564707016653,1.4226437239605614,4.995195397250458e-15,-1.4226437239605694,-2.8383564707016373,-4.240241030028059,-5.6214675612837395,-6.975306867648773,-8.295163180109997,-9.57460629138463,-10.807402883243695,-11.987546894611953,-13.109288782493632,-14.167163533168113,-15.156017287187284,-16.071032448460826,-16.90775115510001,-17.662096997672737,-18.330394879060577,-18.909388919162488,-19.396258317215374,-19.788631094451848,-20.084595650142397,-20.282710074721948,-20.382009174628337,-20.382009174628337,-20.282710074721948,-20.0845956501424,-19.788631094451848,-19.396258317215377,-18.909388919162502,-18.33039487906058,-17.662096997672744,-16.90775115510001,-16.071032448460848,-15.156017287187295,-14.167163533168123,-13.109288782493653,-11.987546894611945,-10.80740288324369,-9.57460629138464
5.625835238079863,4.243535543810276,2.8405617709299475,1.4237490666339008,4.99907648324638e-15,-1.4237490666339085,-2.8405617709299196,-4.24353554381025,-5.625835238079853,-6.980726428576496,-8.301608221613265,-9.582045413869091,-10.815799844052382,-11.996860784595865,-13.119474225316996,-14.178170906377332,-15.16779296396654,-16.083519058896538,-16.92088786568128,-17.675819807666116,-18.34463693231519,-18.92408082982648,-19.411328507776815,-19.804006144457176,-20.100200653893488,-20.298469006209125,-20.397845257921485,-20.397845257921485,-20.298469006209128,-20.100200653893488,-19.80400614445718,-19.411328507776823,-18.924080829826497,-18.34463693231519,-17.675819807666123,-16.920887865681276,-16.08351905889656,-15.167792963966551,-14.17817090637734,-13.119474225317017,-11.996860784595858,-10.815799844052375,-9.5820454138691
5.611682383588652,4.23286012610993,2.8334157995824127,1.4201673560932724,4.986500359157476e-15,-1.4201673560932806,-2.8334157995823848,-4.232860126109903,-5.611682383588642,-6.96316508857886,-8.280723953192414,-9.557939963081491,-10.788590650231201,-11.966680408198338,-13.08646970210321,-14.142503031066788,-15.129635506862423,-16.043057919294284,-16.8783201661859,-17.63135293383066,-18.29848752227918,-18.8764737188767,-19.362495632972355,-19.75418541465542,-20.04963479068207,-20.24740436139075,-20.3465306133127,-20.3465306133127,-20.24740436139075,-20.049634790682074,-19.754185414655424,-19.362495632972355,-18.87647371887671,-18.298487522279185,-17.631352933830662,-16.878320166185897,-16.043057919294313,-15.129635506862433,-14.142503031066795,-13.086469702103237,-11.966680408198332,-10.788590650231193,-9.557939963081502
5.562312298103877,4.195620551239783,2.80848816279235,1.4076731023240183,4.94263045844438e-15,-1.4076731023240263,-2.8084881627923224,-4.195620551239755,-5.562312298103868,-6.901905018573278,-8.20787235156925,-9.473851755520837,-10.693675506027772,-11.86140074439386,-12.971338430637065,-14.018081059920597,-14.996529007372764,-15.901915372946856,-16.7298292052789,-17.47623699139936,-18.13750230760292,-18.710403535739204,-19.19214955861255,-19.580393358024462,-19.873243449210342,-20.06927309596311,-20.16752726154862,-20.16752726154862,-20.06927309596311,-19.873243449210342,-19.580393358024462,-19.192149558612552,-18.710403535739214,-18.137502307602926,-17.476236991399368,-16.729829205278893,-15.901915372946876,-14.996529007372777,-14.018081059920606,-12.971338430637086,-11.861400744393853,-10.693675506027766,-9.473851755520847
5.489769190656334,4.140901697614562,2.771860147743995,1.389314373860009,4.878169178098317e-15,-1.3893143738600167,-2.771860147743967,-4.1409016976145345,-5.489769190656324,-6.81189108003089,-8.100826120792423,-9.350294750985668,-10.55420968504045,-11.706705570415178,-12.802167563004746,-13.835258682096747,-14.800945811604903,-15.694524220904805,-16.511640485808524,-17.24831369800967,-17.900954859668538,-18.466384368648793,-18.941847509219464,-19.325027872753065,-19.614058643035634,-19.807531691207597,-19.904504436026134,-19.904504436026134,-19.8075316912076,-19.614058643035634,-19.325027872753072,-18.94184750921947,-18.466384368648807,-17.900954859668545,-17.248313698009678,-16.51164048580852,-15.694524220904825,-14.800945811604912,-13.835258682096757,-12.802167563004767,-11.706705570415176,-10.554209685040442,-9.350294750985677
5.397082228820438,4.070988449118388,2.725061222906561,1.3658577723389116,4.795808214506442e-15,-1.3658577723389191,-2.725061222906534,-4.070988449118362,-5.397082228820429,-6.696881966416475,-7.964055168240344,-9.192428293828593,-10.376016832788967,-11.509054460733571,-12.58602113223156,-13.601669973915754,-14.551052846722103,-15.429544452725949,-16.232864869128512,-16.95710039961054,-17.598722641467425,-18.154605675632506,-18.62204129584049,-18.998752202736178,-19.28290309864803,-19.473109628973916,-19.568445126617572,-19.568445126617572,-19.47310962897392,-19.28290309864803,-18.99875220273618,-18.622041295840493,-18.15460567563252,-17.598722641467432,-16.957100399610542,-16.23286486912851,-15.42954445272597,-14.551052846722108,-13.601669973915763,-12.586021132231581,-11.509054460733562,-10.37601683278896,-9.192428293828602
5.267576479886507,3.973302998785776,2.6596719848699824,1.333083316393177,4.6807303431250194e-15,-1.3330833163931846,-2.6596719848699557,-3.9733029987857504,-5.267576479886499,-6.536186857872158,-7.772953590501456,-8.971851274572408,-10.127039001080979,-11.2328888115427,-12.284013116840592,-13.275290945017929,-14.201892890138705,-15.059304640668023,-15.84334897274402,-16.55020610119267,-17.1764322891372,-17.718976625538,-18.17519588892448,-18.542867424904422,-18.820199974712743,-19.005842402044152,-19.098890275653403,-19.098890275653403,-19.005842402044156,-18.820199974712747,-18.542867424904422,-18.175195888924485,-17.718976625538012,-17.176432289137207,-16.55020610119268,-15.84334897274402,-15.059304640668042,-14.201892890138714,-13.275290945017936,-12.284013116840612,-11.232888811542692,-10.127039001080973,-8.971851274572417
5.1137281349174515,3.8572560666229707,2.5819918345019275,1.294148397704086,4.544021817053132e-15,-1.2941483977040933,-2.581991834501902,-3.8572560666229454,-5.113728134917443,-6.34528663376876,-7.545931533966324,-8.709813414244804,-9.831261959076464,-10.904813583878516,-11.925238053047911,-12.887563961143607,-13.787102953074,-14.619472565291774,-15.380617576715695,-16.066829765360122,-16.674765974419785,-17.201464399793696,-17.64435901969697,-18.001292096061043,-18.27052468681667,-18.45074511784484,-18.54107537332128,-18.54107537332128,-18.45074511784484,-18.27052468681667,-18.001292096061047,-17.644359019696974,-17.20146439979371,-16.674765974419792,-16.06682976536013,-15.380617576715695,-14.61947256529179,-13.78710295307401,-12.887563961143616,-11.925238053047932,-10.90481358387851,-9.831261959076459,-8.709813414244811
4.939280901444675,3.725671509942325,2.4939110213467264,1.2500004489421699,4.389009267713207e-15,-1.250000448942177,-2.493911021346702,-3.7256715099423006,-4.939280901444667,-6.1288266128899584,-7.288513297144733,-8.41269107725463,-9.495883072076888,-10.53281207909483,-11.518426284417965,-12.44792387471159,-13.316776431148538,-14.120750991410633,-14.855930672255509,-15.518733752178074,-16.105931121197685,-16.614662012757357,-17.042447941090863,-17.38720477615625,-17.647252897307915,-17.82132537623956,-17.90857414933153,-17.90857414933153,-17.821325376239564,-17.64725289730792,-17.38720477615625,-17.042447941090867,-16.614662012757364,-16.105931121197685,-15.518733752178077,-14.855930672255502,-14.12075099141065,-13.316776431148547,-12.447923874711595,-11.518426284417986,-10.532812079094825,-9.49588307207688,-8.412691077254637
4.728614069484125,3.5667667159882783,2.3875424335822713,1.1966862844347634,4.2018122452470025e-15,-1.1966862844347703,-2.3875424335822477,-3.566766715988255,-4.728614069484118,-5.867424090552063,-6.977648611242232,-8.05387872928923,-9.090871159740187,-10.08357377971208,-11.027150241826478,-11.917003536407977,-12.748798387653089,-13.518482374658305,-14.222305674407291,-14.85683933053172,-15.418991958842058,-15.906024808240572,-16.315565103641365,-16.64561760589209,-16.894574332378536,-17.06122239095431,-17.14474988902943,-17.14474988902943,-17.061222390954313,-16.89457433237854,-16.64561760589209,-16.315565103641372,-15.906024808240588,-15.41899195884206,-14.856839330531724,-14.222305674407284,-13.518482374658324,-12.748798387653101,-11.917003536407984,-11.027150241826497,-10.083573779712074,-9.090871159740182,-8.053878729289238
