hough_viz/data/file_1_3_2.json
{"header": {"discipline": 0, "disciplineName": "Meteorological products", "gribEdition": 2, "gribLength": 133963, "center": 7, "centerName": "US National Weather Service - NCEP(WMC)", "subcenter": 0, "refTime": "2014-11-30T06:00:00.000Z", "significanceOfRT": 1, "significanceOfRTName": "Start of forecast", "productStatus": 0, "productStatusName": "Operational products", "productType": 1, "productTypeName": "Forecast products", "productDefinitionTemplate": 0, "productDefinitionTemplateName": "Analysis/forecast at horizontal level/layer at a point in time", "parameterCategory": 2, "parameterCategoryName": "Momentum", "parameterNumber": 3, "parameterNumberName": "V-component_of_wind", "parameterUnit": "m.s-1", "genProcessType": 2, "genProcessTypeName": "Forecast", "forecastTime": 6, "surface1Type": 100, "surface1TypeName": "Isobaric surface", "surface1Value": 85000, "surface2Type": 255, "surface2TypeName": "Missing", "surface2Value": 0, "gridDefinitionTemplate": 0, "gridDefinitionTemplateName": "Latitude_Longitude", "numberPoints": 65160, "shape": 6, "shapeName": "Earth spherical with radius of 6,371,229.0 m", "gridUnits": "degrees", "resolution": 48, "winds": "true", "scanMode": 0, "nx": 360, "ny": 181, "basicAngle": 0, "subDivisions": 0, "lo1": 0, "la1": 90, "lo2": 359, "la2": -90, "dx": 1, "dy": 1}, "data":
[rows 133 to 151 of 181, columns 215 to 257 of 360]
17.182664130031252,17.608318491915725,18.02860918941195,18.443408197902013,18.852589165589713,19.25602745198842,19.653600165887934,20.04518620278821,20.43066628178904,20.809922981924135,21.18284077792868,21.54930607542947,21.909207245546877,22.262434658898048,22.60888071899106,22.948439894999925,23.281008753910257,23.60648599202593,23.924772465827274,24.235771222171053,24.539387527823365,24.83552889831632,25.124105126119694,25.405028308118954,25.678212872391544,25.94357560427276,26.20103567170387,26.450514649854235,26.691936545010357,26.925227817724284,27.150317405214388,27.367136743011848,27.575619785845962,27.775703027762294,27.967325521467078,28.150428896892468,28.324957378976542,28.490857804652943,28.648079639044912,28.796574990858662,28.936298626971496,29.06720798621034,29.18926319231622
17.207293090531376,17.63355756877419,18.054450694561446,18.469844259769737,18.87961173149513,19.28362829059618,19.68177086971523,20.073918190765745,20.459950801874953,20.83975111376992,21.213203435596423,21.580194010159527,21.940611048575104,22.294344764321824,22.641287406683155,22.98133329356934,23.314378843709136,23.64032260820166,23.959065301418786,24.27050983124842,24.57456132866975,24.871127176651243,25.160117038362728,25.44144288469278,25.715019021063362,25.98076211353315,26.23859121418188,26.48842778576781,26.730195725651033,26.963821388975006,27.189233611099493,27.406363729278027,27.615145603573207,27.815515637003625,28.007412794916057,28.19077862357725,28.365557267979504,28.531695488854606,28.68914267889106,28.83785087814957,28.977774788672058,29.1088717882799,29.231101943557057
17.136491718541194,17.561002282921354,17.98016359588888,18.393847976847336,18.801929413526864,19.20428360036863,19.60078797638966,19.991321762515973,20.375765998373144,20.754003578522745,21.12591928813377,21.491399838078248,21.850333899440187,22.20261213742743,22.548127244676067,22.88677397393738,23.21844917013707,23.543051801797358,23.86048299181215,24.170646047565956,24.47344649038736,24.7687920843282,25.056592864259482,25.336761163275632,25.609211639398744,25.873861301574475,26.130629534952046,26.37943812544017,26.620211283531916,26.852875667390933,27.07736040519201,27.293597116709396,27.501519934146014,27.701065522197478,27.892173097344642,28.074784446368803,28.24884394408406,28.414298570281247,28.57109792587844,28.719194248272974,28.8585424258904,28.989100011925913,29.11082723727408
17.01539921890477,17.43691004178549,17.853109412952335,18.26387055404504,18.66906834324092,19.068579353368097,19.46228188950278,19.850056026038544,20.23178364321697,20.60734846310799,20.976636085029273,21.33953402039382,21.695931726975047,22.045720642579035,22.388794218113595,22.725047950044207,23.05437941222676,23.376688287107537,23.69187639628101,23.99984773039581,24.300508478400182,24.593767056117734,24.879534134144823,25.157722665061172,25.42824790994543,25.69102746418734,25.9459812825891,26.193031703747813,26.43210347371196,26.663123768904487,26.88602221830552,27.10073092488813,27.30718448630032,27.505320014787358,27.695077156347864,27.87639810911832,28.049227640980003,28.213513106383274,28.369204462383905,28.516254283886646,28.654617778091346,28.784252798137327,28.90511985594167
16.838946022913763,17.25608569170722,17.667968989635526,18.074470453056122,18.475466257685422,18.870834256316737,19.260454016027722,19.644206854865203,20.021975877996987,20.39364601331911,20.759104046507883,21.118238655506122,21.470940444432934,21.817101976906706,22.15661780877129,22.48938452021536,22.815300747275014,23.134267212710256,23.44618675624582,23.750964364167128,24.048507198262353,24.338724624101864,24.621528238646366,24.89683189717526,25.164551739527255,25.424606215644907,25.676916110415586,25.921404567801154,26.15799711424908,26.386621681377804,26.607208627929435,26.81969076098319,27.02400335642296,27.22008417865297,27.40787349955529,27.5873141166836,27.75835137068767,27.920933161963035,28.075009966521105,28.220534851074664,28.357463487334112,28.4857541655104,28.60536780702017
16.572879695209743,16.98342828522283,17.388803558458065,17.788882033680267,18.18354184311026,18.5726627695469,18.956126282986517,19.333815576728213,19.705615602954353,20.071413107775264,20.431096665727395,20.78455671371466,21.13168558438241,21.472377538913932,21.8065287992395,22.13403757964824,22.45480411779299,22.768730705078866,23.07572171642634,23.375683639399448,23.668525102690666,23.954156903953454,24.232492036974175,24.503445718175005,24.76693541243987,25.022880858255412,25.271204092159458,25.511829472489364,25.744683702423313,25.969695852307147,26.186797381260277,26.39592215805389,26.5970064812551,26.789989098631136,26.974811225807283,27.15141656417318,27.31975131803196,27.479764210986882,27.631406501560686,27.774631998042686,27.909397072559162,28.03566067436294,28.153384342337766
16.26122250028898,16.664050620215075,17.06180270889396,17.454357607186324,17.841595739067394,18.223399148050905,18.599651533119903,18.970238284153034,19.335046516835984,19.693965107047116,20.046884724706906,20.393697867081016,20.73429889152663,21.068584047672225,21.39645150902094,21.717801403967933,22.032535846222217,22.340558964623753,22.641776932346826,22.936097995480477,23.22343250097774,23.503692923964756,23.776793894401763,24.04265222308755,24.30118692699978,24.552319253963162,24.795972706638146,25.03207306582269,25.260548413060253,25.481329152546767,25.694348032330232,25.89954016479633,26.096843046433737,26.286196576873408,26.46754307719566,26.640827307499748,26.805996483730492,26.963000293756757,27.1117909126971,27.252323017487637,27.38455380068785,27.508442983520247,27.623952828139586
15.900588320961837,16.29448269753396,16.6834136168282,17.067262606718906,17.445912743085337,17.81924868542785,18.187156712001855,18.54952475445843,18.906242431981514,19.25720108491095,19.602293807841214,19.94141548218592,20.27446280819793,20.601334336435436,20.92193049866445,21.236153638188288,21.5439080395947,21.845099957911714,22.139637647163312,22.4274313883161,22.708393516608602,22.982438448254797,23.249482706513778,23.50944494711755,23.762245983049333,24.00780880866462,24.246058623147942,24.476922853297793,24.700331175633256,24.91621553781514,25.12451017937541,25.32515165174845,25.518078837598104,25.70323296943465,25.880557647515904,26.049998857027123,26.2115049845345,26.36502683370702,26.51051764030225,26.6479330864111,26.777231313957497,26.898372937448798,27.01132105597296
15.459830286867565,15.842806066746641,16.220955974425067,16.594164821777756,16.96231892577447,17.32530614310869,17.683015904357728,18.03533924766307,18.382168851921314,18.723399069475207,19.058925958294886,19.388647313639705,19.712462699190755,20.03027347764472,20.341982840759766,20.647495838844318,20.946719409679577,21.239562406867208,21.525935627593444,21.8057518398011,22.078925808761287,22.345374323036776,22.605016219828965,22.857772409700885,23.103565900668592,23.342321821653684,23.573967445289764,23.798432210075852,24.015647741870154,24.225547874717485,24.428068671004024,24.62314844093337,24.8107277613178,24.99074949367922,25.16315880165404,25.32790316769688,25.48493240907794,25.634198693169104,25.775656552014272,25.909262896179307,26.034977027877492,26.152760653366506,26.262577894613017
14.979887597931441,15.35097408651935,15.71738451969227,16.079007285282767,16.43573222949335,16.787450690450296,17.134055531303257,17.475441172860045,17.81150362574718,18.142140522086017,18.46725114667495,18.786736467668327,19.100499166742452,19.408443668739707,19.71047617078164,20.00650467084229,20.296438995772842,20.580190828769247,20.85767373627443,21.128803194306723,21.39349661420671,21.651673367794565,21.90325481193012,22.14816431246836,22.38632726760294,22.617671130590587,22.842125431849563,23.059621800425347,23.270093984817155,23.47347787315872,23.669711512747437,23.85873512891574,24.040491143239002,24.214924191074573,24.381981138426305,24.541611098129714,24.69376544535272,24.838397832407175,24.97546420286693,25.104922804987737,25.226734204425284,25.34086129624732,25.447269316236063
14.458851210349478,14.817030421614355,15.170696221877009,15.519740881108639,15.864058076924797,16.203542926972126,16.53809202087666,16.867603451743534,17.191976847198866,17.511113399964128,17.824915897953783,18.13328875388709,18.436138034404852,18.733371488682454,19.02489857653036,19.310630495973527,19.59048021030135,19.86436247457986,20.13219386161821,20.39389278738137,20.64937953584142,20.89857628325982,21.141407121893298,21.377798083116023,21.60767715995126,21.830974329005294,22.04762157179734,22.25755289547849,22.46070435293393,22.657014062261723,22.84642222562274,23.028871147455575,23.204305252051203,23.372671100481906,23.53391740687925,23.687995054056284,23.834857108469098,23.97445883451321,24.106757708150546,24.23171342986258,24.349287936925986,24.459445415006954,24.562152309070548
13.870214358263691,14.213811672230213,14.553079321469083,14.887913961767783,15.218213599251293,15.543877621450303,15.864806827948906,16.180903460601872,16.492071233312803,16.798215361363802,17.099242590287748,17.395061224274613,17.68558115410282,17.970713884587425,18.25037256153656,18.524471998208135,18.79292870125847,19.0556608961752,19.312588552186625,19.563633406639806,19.808718988840152,20.047770643345128,20.280715552705036,20.507482759643878,20.728003188673686,20.942209667135543,21.150036945661064,21.351421718047927,21.546302640543598,21.734620350531234,21.91631748461211,22.091338696079053,22.25963067177554,22.421142148335534,22.575823927798666,22.723628892596466,22.86451201990485,22.99843039535847,23.125343226122858,23.245211853320356,23.357999763805896,23.463672601289357,23.562198176800766
13.250074523296993,13.57830953816168,13.902408468405001,14.222272590353187,14.537804470296125,14.848907994166513,15.155488396817292,15.457452290887876,15.754707695250952,16.04716406303078,16.334732309184638,16.617324837639007,16.894855567972197,17.167239961635243,17.434395047703184,17.696239448148827,17.95269340263124,18.20367879279156,18.4491191660486,18.688939758887027,18.923067519631076,19.151431130696775,19.373961030315993,19.59058943372559,19.801250353815377,20.005879621228367,20.204414903907438,20.396795726082203,20.582963486690613,20.762861477229325,20.936434899027724,21.103630879940088,21.264398490450944,21.418688759188758,21.566454687843034,21.70765126548045,21.842235482255656,21.97016634251249,22.091404877271607,22.205914156100874,22.31365929836466,22.4146074838489,22.508727962758375
12.597672212480456,12.909745712041051,13.217886777998238,13.5220015475983,13.821997384536417,14.117782907174483,14.409268016377007,14.696363922956012,14.978983174717214,15.257039683098743,15.530448749394521,15.799127090554402,16.06299286455292,16.321965695319196,16.575966697220238,16.824918499090316,17.068745267798935,17.30737273135032,17.540728201507456,17.76874059593356,17.991340459844487,18.20845998716532,18.42003304118476,18.625995174700975,18.826283649652908,19.02083745623085,19.209597331460653,19.39250577725573,19.569507077931632,19.74054731717753,19.905574394479636,20.06453804099156,20.21738983484665,20.364083215907794,20.504573499950062,20.638817892271987,20.766775500731214,20.888407348200637,21.003676384441253,21.112547497388,21.214987523845185,21.310965259588414,21.400451468869612
11.89251201163885,12.187117060844827,12.47800979613481,12.765101608763695,13.048305047784249,13.327533846685464,13.602702949670267,13.873728537564249,14.140528053347866,14.403020227304065,14.661125101773834,14.914764055512094,15.163859827636482,15.408336541161766,15.648119726112702,15.88313634220833,16.11331480111073,16.33858498823151,16.55887828408946,16.77412758521261,16.98426732457868,17.1892334915874,17.388963651558743,17.583396964751138,17.772474204893882,17.95613777722799,18.13433173605015,18.30700180175429,18.4740953773657,18.635561564562583,18.791351179180165,18.941416766192674,19.08571261416856,19.22419476919473,19.35682104826524,19.483551052130714,19.604346177604317,19.719169629320653,19.82798643094401,19.93076343582249,20.027469337084774,20.11807467717653,20.202551856833452
11.164368338065504,11.440935583099229,11.714017808323502,11.983531830247125,12.249395552288188,12.511527989781449,12.76984929464714,13.024280779713362,13.274744942685043,13.521165489751846,13.763467358827995,14.001576742416942,14.235421110093833,14.464929230598969,14.690031193535548,14.91065843066505,15.126743736793788,15.338221290244228,15.545026672904974,15.747096889853102,15.944370388543025,16.136787077556015,16.324288344904623,16.506817075886435,16.684317670481803,16.85673606029012,17.024019724999626,17.1861177083855,17.34298063383174,17.494560719371684,17.640811792242896,17.78168930295182,17.91715033884396,18.04715363717556,18.17165959768257,18.290630294643307,18.404029488430993,18.51182263655265,18.613976904171167,18.71046117410704,18.80124605631696,18.886303896846364,18.965608786253057
10.413225285723144,10.671184978737625,10.92589412543349,11.17727513893723,11.42525144615697,11.669747511107294,11.910688857918368,12.148002093521875,12.381614930007363,12.611456206641773,12.837455911545717,13.059545203019772,13.27765643051434,13.491723155236627,13.70168017038857,13.907463521029458,14.109010523557222,14.306259784802448,14.499151220729374,14.687626074738033,14.871626935562096,15.051097754756906,15.225983863772365,15.39623199060549,15.561790276027633,15.722608289381249,15.878637043941602,16.02982901183855,16.176138138534053,16.317519856850787,16.45393110054776,16.585330317438707,16.711677482049254,16.83293410780911,16.949063258775436,17.06002956088387,17.165799212723854,17.2663399958348,17.36162128452023,17.451614055176595,17.53629089513417,17.615626011007215,17.68959523655091
9.625743598401655,9.864195547298232,10.099642766674489,10.33201353702658,10.561237075966844,10.787243559784748,11.009964144715983,11.229330987912807,11.445277268109741,11.65773720597793,11.866646084162133,12.071940266994316,12.273557219877665,12.471435528335226,12.665514916717337,12.855736266562229,13.042041634604013,13.224374270422794,13.402678633731414,13.57690041129354,13.746986533467993,13.912885190374308,14.074545847674493,14.231919261966283,14.384957495783183,14.533613932196651,14.677843289016105,14.817601632582251,14.952846391149786,15.083536367855098,15.209631753265269,15.331094137504389,15.447886521953567,15.55997333052113,15.667320420479369,15.769895092864786,15.867666102438521,15.960603667203912,16.048679477478434,16.13186670451707,16.210140008684608,16.283475547174344,16.351850981270843
8.82421639845603,9.04281266337694,9.25865439996089,9.47167586072401,9.68181215726578,9.888999280034616,10.093174117825875,10.294274477006063,10.492239100457677,10.687007686238697,10.878520905951117,11.066720422812981,11.25154890942833,11.432950065249674,11.61086863372766,11.78525041914281,11.956042303114007,12.12319226077888,12.286649376641128,12.446363860079803,12.60228706051606,12.754371482232594,12.902570798841271,13.046839867394604,13.187134742136758,13.32341268788981,13.455632193071342,13.58375298233922,13.707736028859909,13.827543566196388,13.94313909981218,14.054487418187955,14.161554603547264,14.264308042188276,14.362716434418182,14.456749804087405,14.54637950772063,14.631578243241853,14.712320058290903,14.788580358128762,14.860335913129333,14.927564865855457,14.990246737716875
