hough_viz/data/file_5_0_1.json
{"header": {"discipline": 0, "disciplineName": "Meteorological products", "gribEdition": 2, "gribLength": 133963, "center": 7, "centerName": "US National Weather Service - NCEP(WMC)", "subcenter": 0, "refTime": "2014-11-30T06:00:00.000Z", "significanceOfRT": 1, "significanceOfRTName": "Start of forecast", "productStatus": 0, "productStatusName": "Operational products", "productType": 1, "productTypeName": "Forecast products", "productDefinitionTemplate": 0, "productDefinitionTemplateName": "Analysis/forecast at horizontal level/layer at a point in time", "parameterCategory": 2, "parameterCategoryName": "Momentum", "parameterNumber": 3, "parameterNumberName": "V-component_of_wind", "parameterUnit": "m.s-1", "genProcessType": 2, "genProcessTypeName": "Forecast", "forecastTime": 6, "surface1Type": 100, "surface1TypeName": "Isobaric surface", "surface1Value": 85000, "surface2Type": 255, "surface2TypeName": "Missing", "surface2Value": 0, "gridDefinitionTemplate": 0, "gridDefinitionTemplateName": "Latitude_Longitude", "numberPoints": 65160, "shape": 6, "shapeName": "Earth spherical with radius of 6,371,229.0 m", "gridUnits": "degrees", "resolution": 48, "winds": "true", "scanMode": 0, "nx": 360, "ny": 181, "basicAngle": 0, "subDivisions": 0, "lo1": 0, "la1": 90, "lo2": 359, "la2": -90, "dx": 1, "dy": 1}, "data":
[rows 76 to 94 of 181, columns 215 to 257 of 360]
2.2721118378249465,1.9155601697206107e-14,-2.2721118378250003,-4.526931532625442,-6.747298545026611,-8.916314541369964,-11.01747200023557,-13.0347798446479,-14.95288514382712,-16.757189958262913,-18.433962438848457,-19.97044133454345,-21.354933113200467,-22.576900956404856,-23.62704495102544,-24.49737286716893,-25.18126098387513,-25.673504499632926,-25.970357144062664,-26.0695596892957,-25.97035714406267,-25.673504499632934,-25.18126098387514,-24.497372867168977,-23.627044951025457,-22.57690095640483,-21.35493311320049,-19.970441334543477,-18.43396243884849,-16.757189958262945,-14.952885143827157,-13.034779844647856,-11.017472000235522,-8.916314541370003,-6.747298545026738,-4.526931532625482,-2.272111837825041,-2.2348201980073793e-14,2.2721118378249967,4.526931532625438,6.747298545026698,8.91631454136996,11.017472000235484
2.316666431049062,1.953123023246308e-14,-2.316666431049117,-4.6157016317164405,-6.879608555929556,-9.091157505010917,-11.233517256088156,-13.290383157863388,-15.246101218854442,-17.0857872437224,-18.795440110985297,-20.362048330006502,-21.77368906629548,-23.019618881477026,-24.09035549734457,-24.977749961722978,-25.675048666914922,-26.176944748733362,-26.479618474942573,-26.580766315726674,-26.479618474942576,-26.176944748733373,-25.67504866691493,-24.977749961723024,-24.090355497344586,-23.019618881476998,-21.773689066295503,-20.36204833000653,-18.79544011098533,-17.085787243722436,-15.246101218854474,-13.290383157863346,-11.233517256088108,-9.091157505010958,-6.8796085559296865,-4.615701631716481,-2.3166664310491596,-2.2786435271206922e-14,2.3166664310491134,4.615701631716436,6.879608555929644,9.091157505010916,11.233517256088069
2.3584684655510393,1.9883652639548142e-14,-2.358468465551095,-4.698987561997076,-7.003744525769996,-9.255198764725328,-11.436215352639291,-13.530195436344036,-15.521202563022747,-17.39408396623851,-19.13458588763622,-20.7294620566501,-22.166574502621522,-23.43498593208436,-24.52504296817259,-25.42844961864721,-26.138330413406283,-26.649282730963893,-26.957417915662017,-27.06039087268797,-26.95741791566202,-26.6492827309639,-26.138330413406294,-25.42844961864726,-24.525042968172606,-23.434985932084334,-22.166574502621547,-20.729462056650128,-19.134585887636256,-17.394083966238547,-15.521202563022781,-13.530195436343991,-11.436215352639243,-9.25519876472537,-7.003744525770128,-4.698987561997119,-2.3584684655511388,-2.3197594746139505e-14,2.358468465551092,4.698987561997073,7.0037445257700846,9.255198764725325,11.436215352639202
2.3982029547782058,2.0218644094020803e-14,-2.398202954778263,-4.778154136996051,-7.121740681102951,-9.411126478402156,-11.628887920607182,-13.758146504021875,-15.782697285144888,-17.687132210074775,-19.45695737910365,-21.07870335404539,-22.54002766879384,-23.829808762941944,-24.93823062357208,-25.856857491041477,-26.578698060206666,-27.09825868847698,-27.411585205752043,-27.516293008043647,-27.411585205752054,-27.098258688476992,-26.578698060206676,-25.85685749104153,-24.938230623572093,-23.829808762941916,-22.54002766879386,-21.07870335404542,-19.45695737910368,-17.68713221007481,-15.782697285144922,-13.758146504021827,-11.62888792060713,-9.411126478402194,-7.121740681103086,-4.778154136996093,-2.3982029547783066,-2.358841810969094e-14,2.398202954778259,4.778154136996047,7.121740681103042,9.411126478402151,11.628887920607088
2.4345230222605125,2.0524849420151554e-14,-2.4345230222605707,-4.85051785431647,-7.229597316678262,-9.553655178110017,-11.805003954981634,-13.96650952369956,-16.021721521733028,-17.954998544806156,-19.75162718742885,-21.39793402079656,-22.881389655840252,-24.190704099442176,-25.31591267810079,-26.248451875113062,-26.981224504107175,-27.50865372291623,-27.826725476714643,-27.933019047399018,-27.826725476714646,-27.508653722916236,-26.98122450410719,-26.248451875113116,-25.315912678100812,-24.190704099442144,-22.881389655840277,-21.39793402079658,-19.751627187428873,-17.954998544806188,-16.021721521733063,-13.966509523699514,-11.805003954981585,-9.553655178110057,-7.229597316678401,-4.8505178543165135,-2.4345230222606156,-2.394565765684348e-14,2.434523022260567,4.8505178543164655,7.2295973166783565,9.553655178110013,11.80500395498154
2.467586721416049,2.0803601126434633e-14,-2.467586721416107,-4.91639361791256,-7.327783790377067,-9.683405103560078,-11.965329856905127,-14.156191225175423,-16.239315430480083,-18.19884863979204,-20.01987762219001,-21.688543247550427,-23.192145962896575,-24.519242443664474,-25.659732684312655,-26.60493686546302,-27.34766141256715,-27.88225374335217,-28.204645287385183,-28.312382450350732,-28.20464528738519,-27.882253743352177,-27.34766141256716,-26.604936865463074,-25.65973268431268,-24.519242443664446,-23.1921459628966,-21.688543247550452,-20.019877622190045,-18.19884863979208,-16.239315430480122,-14.156191225175375,-11.965329856905075,-9.683405103560117,-7.327783790377207,-4.916393617912604,-2.4675867214161524,-2.4270867980840407e-14,2.4675867214161036,4.916393617912556,7.327783790377162,9.683405103560075,11.965329856905031
2.4982687570686912,2.1062273628569972e-14,-2.4982687570687507,-4.977524180400209,-7.41889763920755,-9.803808807327744,-12.114107070722568,-14.332209664611346,-16.44123548892754,-18.425133583683582,-20.268805286468037,-21.95821914238315,-23.480517691889567,-24.824115323836477,-25.978786448958285,-26.935743322783395,-27.68770292567566,-28.22894239101139,-28.555342559650082,-28.664419329222582,-28.55534255965009,-28.228942391011394,-27.687702925675673,-26.93574332278345,-25.978786448958306,-24.824115323836452,-23.48051769188959,-21.95821914238318,-20.268805286468073,-18.42513358368362,-16.44123548892758,-14.332209664611296,-12.114107070722515,-9.803808807327789,-7.41889763920769,-4.977524180400254,-2.498268757068796,-2.4572652566664968e-14,2.498268757068747,4.977524180400205,7.418897639207646,9.803808807327743,12.114107070722472
2.5251397438482828,2.1288816139106547e-14,-2.5251397438483427,-5.031061649524854,-7.498694138210402,-9.90925703666895,-12.244404505705456,-14.486364663079955,-16.618074838262192,-18.623311429657324,-20.48681337600995,-22.194398302294935,-23.73307045615542,-25.091119613424812,-26.258210200003735,-27.22545995181983,-27.985507514220423,-28.53256846632633,-28.862479343967625,-28.972729326159797,-28.862479343967625,-28.532568466326335,-27.98550751422043,-27.22545995181988,-26.258210200003752,-25.091119613424784,-23.733070456155446,-22.194398302294967,-20.486813376009984,-18.62331142965736,-16.618074838262228,-14.486364663079906,-12.244404505705402,-9.90925703666899,-7.498694138210542,-5.0310616495249,-2.5251397438483885,-2.4836952162290976e-14,2.5251397438483383,5.03106164952485,7.4986941382104995,9.909257036668947,12.244404505705358
2.548336564013464,2.1484382677834375e-14,-2.5483365640135247,-5.077278748047138,-7.567579775063384,-10.000286950561899,-12.356885904028278,-14.61944149447329,-16.770734307685146,-18.79439170636928,-20.67501243580404,-22.398283836688428,-23.95109077312212,-25.321615446708346,-26.49942733713562,-27.475562584735602,-28.2425922108675,-28.794678656931236,-29.1276202117134,-29.23888298894647,-29.1276202117134,-28.794678656931243,-28.242592210867514,-27.475562584735652,-26.49942733713564,-25.321615446708314,-23.95109077312215,-22.398283836688453,-20.675012435804074,-18.794391706369318,-16.770734307685185,-14.619441494473243,-12.356885904028225,-10.000286950561943,-7.567579775063527,-5.077278748047183,-2.5483365640135713,-2.5065113124140103e-14,2.548336564013521,5.077278748047133,7.567579775063483,10.000286950561895,12.356885904028179
2.568914062980296,2.165786638034025e-14,-2.5689140629803573,-5.11827713878863,-7.628687035070491,-10.081038016688389,-12.456666211902109,-14.737491655702541,-16.906155889262227,-18.946154068288603,-20.841960574854774,-22.579147176726362,-24.144492834921294,-25.526084323799108,-26.713406897901624,-27.69742431551503,-28.470647609925344,-29.027192084977052,-29.362822101164305,-29.47498331140497,-29.362822101164312,-29.027192084977052,-28.470647609925347,-27.69742431551508,-26.713406897901642,-25.526084323799076,-24.144492834921323,-22.579147176726387,-20.84196057485481,-18.94615406828864,-16.90615588926227,-14.737491655702492,-12.456666211902053,-10.081038016688433,-7.628687035070634,-5.1182771387886765,-2.568914062980404,-2.5267510777063622e-14,2.568914062980353,5.118277138788627,7.628687035070588,10.081038016688387,12.45666621190201
2.585418315060822,2.179700956594483e-14,-2.585418315060883,-5.15116003562581,-7.677698317964156,-10.145804680181898,-12.536695342579097,-14.832174183555644,-17.014771223083613,-19.067875579804156,-20.975861889864408,-22.724209225371013,-24.299611607419934,-25.690079272629735,-26.88502992248079,-27.875369260996866,-28.653560207828633,-29.213680259986113,-29.55146656566268,-29.664348367111174,-29.551466565662686,-29.21368025998612,-28.653560207828647,-27.875369260996916,-26.88502992248081,-25.69007927262971,-24.299611607419962,-22.724209225371045,-20.975861889864444,-19.06787557980419,-17.01477122308365,-14.832174183555598,-12.536695342579044,-10.145804680181946,-7.6776983179643015,-5.151160035625858,-2.585418315060931,-2.5429844493602305e-14,2.5854183150608803,5.151160035625806,7.677698317964256,10.145804680181897,12.536695342579
2.597941533760814,2.1902589663451687e-14,-2.597941533760875,-5.17611116376976,-7.714887462400987,-10.194948809067027,-12.597420439417668,-14.904018093693901,-17.097187170984864,-19.160236330340762,-21.077464521955843,-22.83428048163772,-24.41731377913887,-25.814516575203612,-27.01525531289972,-28.010391645407523,-28.792351984356902,-29.355185139407848,-29.694607610402507,-29.808036187387696,-29.694607610402514,-29.35518513940786,-28.792351984356912,-28.010391645407566,-27.015255312899736,-25.81451657520358,-24.417313779138897,-22.834280481637748,-21.077464521955882,-19.1602363303408,-17.097187170984906,-14.904018093693855,-12.597420439417615,-10.194948809067071,-7.714887462401133,-5.176111163769806,-2.597941533760923,-2.555302127402697e-14,2.5979415337608716,5.1761111637697566,7.714887462401086,10.194948809067023,12.597420439417569
2.6076973082532584,2.1984838137014472e-14,-2.60769730825332,-5.195548465420066,-7.743858361607027,-10.23323281979274,-12.644726197224914,-14.95998557320177,-17.161390425880207,-19.23218673508685,-21.156614490527705,-22.920027634982468,-24.50900552964401,-25.91145509328281,-27.116702837897307,-28.115576100402574,-28.900472852134808,-29.465419554879652,-29.806116623105094,-29.91997114640343,-29.8061166231051,-29.465419554879652,-28.900472852134822,-28.115576100402624,-27.116702837897325,-25.911455093282775,-24.509005529644043,-22.9200276349825,-21.156614490527744,-19.232186735086888,-17.16139042588025,-14.95998557320172,-12.644726197224859,-10.233232819792788,-7.743858361607176,-5.19554846542011,-2.6076973082533685,-2.5648977826516882e-14,2.6076973082533166,5.19554846542006,7.743858361607127,10.233232819792736,12.644726197224813
2.613263401469977,2.203176446471278e-14,-2.613263401470039,-5.206638290523225,-7.760387518331374,-10.255075511275022,-12.671716187393972,-14.991917451935418,-17.198021172300287,-19.27323756709486,-21.20177298650489,-22.96895011150699,-24.561319657129328,-25.966762729630616,-27.17458305859934,-28.175588402030254,-28.96216050483634,-29.52831307836993,-29.86973735969424,-29.98383490387073,-29.86973735969424,-29.528313078369937,-28.962160504836348,-28.17558840203031,-27.174583058599357,-25.96676272963058,-24.561319657129356,-22.968950111507024,-21.20177298650492,-19.273237567094895,-17.19802117230033,-14.99191745193537,-12.671716187393917,-10.255075511275068,-7.760387518331519,-5.20663829052327,-2.6132634014700873,-2.5703725208831577e-14,2.6132634014700353,5.2066382905232205,7.7603875183314734,10.255075511275017,12.671716187393873
2.6146722824297113,2.2043642384652355e-14,-2.6146722824297735,-5.209445330007883,-7.764571353075542,-10.26060429977003,-12.678547852220998,-15.000000000000057,-17.20729309053139,-19.283628290596145,-21.213203435596427,-22.981333293569307,-24.574561328669752,-25.980762113533185,-27.189233611099496,-28.19077862357723,-28.97777478867205,-29.544232590366228,-29.885840942752363,-30.0,-29.88584094275237,-29.544232590366235,-28.977774788672058,-28.190778623577284,-27.189233611099514,-25.980762113533153,-24.574561328669777,-22.981333293569335,-21.213203435596462,-19.28362829059618,-17.207293090531433,-15.000000000000007,-12.678547852220943,-10.260604299770074,-7.764571353075689,-5.20944533000793,-2.614672282429821,-2.5717582782094416e-14,2.6146722824297695,5.209445330007879,7.764571353075642,10.260604299770026,12.678547852220898
2.613263401469977,2.203176446471278e-14,-2.613263401470039,-5.206638290523224,-7.760387518331374,-10.255075511275022,-12.671716187393972,-14.991917451935418,-17.198021172300287,-19.273237567094856,-21.20177298650489,-22.96895011150699,-24.561319657129328,-25.966762729630616,-27.17458305859934,-28.175588402030254,-28.96216050483634,-29.52831307836993,-29.86973735969424,-29.98383490387073,-29.86973735969424,-29.528313078369937,-28.962160504836348,-28.17558840203031,-27.174583058599357,-25.96676272963058,-24.561319657129353,-22.968950111507024,-21.20177298650492,-19.273237567094892,-17.198021172300326,-14.99191745193537,-12.671716187393917,-10.255075511275068,-7.760387518331519,-5.20663829052327,-2.6132634014700873,-2.5703725208831577e-14,2.6132634014700353,5.20663829052322,7.7603875183314734,10.255075511275017,12.671716187393873
2.607697308253259,2.1984838137014472e-14,-2.6076973082533206,-5.195548465420066,-7.743858361607027,-10.23323281979274,-12.644726197224914,-14.95998557320177,-17.161390425880207,-19.23218673508685,-21.156614490527705,-22.92002763498247,-24.50900552964401,-25.91145509328281,-27.116702837897307,-28.11557610040258,-28.900472852134808,-29.465419554879652,-29.8061166231051,-29.91997114640343,-29.8061166231051,-29.465419554879656,-28.900472852134822,-28.11557610040263,-27.116702837897325,-25.911455093282775,-24.509005529644043,-22.9200276349825,-21.156614490527744,-19.232186735086888,-17.16139042588025,-14.95998557320172,-12.644726197224859,-10.233232819792788,-7.743858361607176,-5.195548465420111,-2.6076973082533685,-2.5648977826516888e-14,2.6076973082533166,5.19554846542006,7.743858361607129,10.233232819792738,12.644726197224813
2.597941533760814,2.1902589663451687e-14,-2.597941533760875,-5.17611116376976,-7.714887462400987,-10.194948809067027,-12.597420439417668,-14.904018093693901,-17.097187170984864,-19.160236330340762,-21.077464521955843,-22.83428048163772,-24.41731377913887,-25.814516575203612,-27.01525531289972,-28.010391645407523,-28.792351984356902,-29.355185139407848,-29.694607610402507,-29.808036187387696,-29.694607610402514,-29.35518513940786,-28.792351984356912,-28.010391645407566,-27.015255312899736,-25.81451657520358,-24.417313779138897,-22.834280481637748,-21.077464521955882,-19.1602363303408,-17.097187170984906,-14.904018093693855,-12.597420439417615,-10.194948809067071,-7.714887462401133,-5.176111163769806,-2.597941533760923,-2.555302127402697e-14,2.5979415337608716,5.1761111637697566,7.714887462401086,10.194948809067023,12.597420439417569
2.585418315060822,2.179700956594483e-14,-2.585418315060883,-5.15116003562581,-7.677698317964156,-10.145804680181898,-12.536695342579097,-14.832174183555644,-17.014771223083613,-19.067875579804156,-20.975861889864408,-22.724209225371013,-24.299611607419934,-25.690079272629735,-26.88502992248079,-27.875369260996866,-28.653560207828633,-29.213680259986113,-29.55146656566268,-29.664348367111174,-29.551466565662686,-29.21368025998612,-28.653560207828647,-27.875369260996916,-26.88502992248081,-25.69007927262971,-24.299611607419962,-22.724209225371045,-20.975861889864444,-19.06787557980419,-17.01477122308365,-14.832174183555598,-12.536695342579044,-10.145804680181946,-7.6776983179643015,-5.151160035625858,-2.585418315060931,-2.5429844493602305e-14,2.5854183150608803,5.151160035625806,7.677698317964256,10.145804680181897,12.536695342579
