hough_viz/data/file_5_0_2.json
{"header": {"discipline": 0, "disciplineName": "Meteorological products", "gribEdition": 2, "gribLength": 133963, "center": 7, "centerName": "US National Weather Service - NCEP(WMC)", "subcenter": 0, "refTime": "2014-11-30T06:00:00.000Z", "significanceOfRT": 1, "significanceOfRTName": "Start of forecast", "productStatus": 0, "productStatusName": "Operational products", "productType": 1, "productTypeName": "Forecast products", "productDefinitionTemplate": 0, "productDefinitionTemplateName": "Analysis/forecast at horizontal level/layer at a point in time", "parameterCategory": 2, "parameterCategoryName": "Momentum", "parameterNumber": 2, "parameterNumberName": "U-component_of_wind", "parameterUnit": "m.s-1", "genProcessType": 2, "genProcessTypeName": "Forecast", "forecastTime": 6, "surface1Type": 100, "surface1TypeName": "Isobaric surface", "surface1Value": 85000, "surface2Type": 255, "surface2TypeName": "Missing", "surface2Value": 0, "gridDefinitionTemplate": 0, "gridDefinitionTemplateName": "Latitude_Longitude", "numberPoints": 65160, "shape": 6, "shapeName": "Earth spherical with radius of 6,371,229.0 m", "gridUnits": "degrees", "resolution": 48, "winds": "true", "scanMode": 0, "nx": 360, "ny": 181, "basicAngle": 0, "subDivisions": 0, "lo1": 0, "la1": 90, "lo2": 359, "la2": -90, "dx": 1, "dy": 1}, "data":
[rows 76 to 94 of 181, columns 215 to 257 of 360]
25.386537182759447,25.48350963058573,25.386537182759444,25.096357858162104,24.615180096668972,23.946665951588052,23.09590321922331,22.06936671767261,20.87486900955251,19.521500943679186,18.01956246821986,16.380484241868142,14.616740639628931,12.741754815292833,10.769796543130523,8.715873616294044,6.595617628449103,4.425165007908943,2.221034209670817,-2.4982412599123698e-14,-2.2210342096707767,-4.425165007908901,-6.595617628449066,-8.715873616293921,-10.769796543130488,-12.741754815292875,-14.616740639628896,-16.38048424186811,-18.019562468219835,-19.521500943679165,-20.874869009552487,-22.06936671767264,-23.09590321922333,-23.946665951588038,-24.615180096668936,-25.096357858162097,-25.386537182759444,-25.48350963058573,-25.386537182759444,-25.096357858162104,-24.61518009666895,-23.946665951588052,-23.095903219223345
25.965069970892785,26.064252319983236,25.965069970892777,25.668277761185927,25.176134458786592,24.49238557139025,23.622234840888872,22.572304639752947,21.350585570778367,19.966375653774115,18.430209562017346,16.753778447028896,14.949840961850473,13.032126159991583,11.015229009042313,8.914499314157114,6.7459248967692345,4.526009917616212,2.2716492701105295,-2.5551735808162377e-14,-2.2716492701104887,-4.52600991761617,-6.745924896769197,-8.914499314156988,-11.01522900904228,-13.032126159991627,-14.949840961850438,-16.753778447028868,-18.430209562017318,-19.966375653774094,-21.350585570778335,-22.57230463975297,-23.622234840888893,-24.49238557139024,-25.176134458786553,-25.668277761185923,-25.96506997089277,-26.064252319983236,-25.965069970892777,-25.668277761185927,-25.17613445878657,-24.49238557139025,-23.62223484088891
26.509746883314257,26.611009809723775,26.509746883314254,26.2067287760999,25.704261638843956,25.00616954985886,24.117765411461328,23.04581051557766,21.798463086229642,20.385216190523536,18.816825490677417,17.10522738693743,15.263448174364092,13.30550490486185,11.246298708950167,9.101501389162555,6.887436148166532,4.6209533593354015,2.3193023252317113,-2.6087742088237906e-14,-2.3193023252316696,-4.62095335933536,-6.8874361481664925,-9.101501389162427,-11.24629870895013,-13.305504904861895,-15.263448174364058,-17.105227386937397,-18.816825490677385,-20.385216190523508,-21.798463086229614,-23.04581051557768,-24.11776541146135,-25.006169549858843,-25.704261638843917,-26.20672877609989,-26.509746883314246,-26.611009809723775,-26.509746883314254,-26.2067287760999,-25.70426163884393,-25.00616954985886,-24.117765411461367
27.028775362954153,27.13202089383626,27.02877536295414,26.719824531139174,26.207519700771073,25.495759820947026,24.589961814124884,23.497019350072346,22.225250380877608,20.784333836311305,19.185235961326715,17.440126856314286,15.562287855288726,13.566010446918096,11.466487507665425,9.279697674824973,7.022283739444356,4.711425984635809,2.3647114332472983,-2.659850822919334e-14,-2.3647114332472556,-4.711425984635767,-7.022283739444315,-9.279697674824842,-11.466487507665386,-13.56601044691814,-15.562287855288693,-17.440126856314258,-19.18523596132668,-20.784333836311273,-22.225250380877583,-23.49701935007237,-24.589961814124912,-25.49575982094702,-26.20751970077104,-26.719824531139164,-27.028775362954136,-27.13202089383626,-27.02877536295414,-26.719824531139174,-26.207519700771048,-25.495759820947026,-24.589961814124926
27.50495218549733,27.610016634483465,27.504952185497327,27.190558442435353,26.669228131518377,25.944928891200306,25.023173076043797,23.910975804373578,22.616801568990198,21.15049981726863,19.52322999091663,17.747376595885253,15.83645494880013,13.805008317241693,11.668497236697206,9.443181846550189,7.145998140601738,4.794429073931752,2.406371507053623,-2.7067104862332907e-14,-2.4063715070535787,-4.794429073931708,-7.145998140601696,-9.443181846550056,-11.668497236697165,-13.80500831724174,-15.836454948800094,-17.74737659588522,-19.523229990916604,-21.150499817268603,-22.616801568990166,-23.91097580437361,-25.023173076043822,-25.944928891200288,-26.669228131518345,-27.190558442435343,-27.504952185497324,-27.610016634483465,-27.504952185497327,-27.190558442435353,-26.669228131518352,-25.944928891200306,-25.023173076043836
27.939595982972566,28.046320700654277,27.93959598297256,27.62023406947112,27.090665497147704,26.354920602599897,25.41859884873016,24.28882620945195,22.97420093672562,21.484728122669,19.83174355476528,18.02782744367571,16.086708680239855,14.0231603503271,11.852887302732713,9.592406625795503,7.258921942382414,4.870192479930986,2.4443979120045642,-2.749482962857438e-14,-2.444397912004519,-4.870192479930943,-7.258921942382373,-9.592406625795368,-11.852887302732674,-14.023160350327148,-16.08670868023982,-18.027827443675672,-19.831743554765247,-21.484728122668972,-22.974200936725587,-24.288826209451972,-25.418598848730184,-26.35492060259989,-27.09066549714767,-27.620234069471113,-27.939595982972556,-28.046320700654277,-27.93959598297256,-27.62023406947112,-27.090665497147675,-26.354920602599897,-25.418598848730202
28.34368959357822,28.45195788320475,28.343689593578215,28.01970871175686,27.48248092787634,26.73609486975897,25.78623098598726,24.64011831426021,23.306479464051467,21.795464232284232,20.11857235724813,18.28856599864731,16.31937260985864,14.225978941602337,12.024316983719588,9.731142713109639,7.3639085706282055,4.940630637474825,2.479751521935818,-2.7892490531916332e-14,-2.4797515219357726,-4.940630637474781,-7.363908570628163,-9.731142713109499,-12.02431698371955,-14.225978941602389,-16.3193726098586,-18.288565998647275,-20.118572357248095,-21.7954642322842,-23.30647946405144,-24.64011831426023,-25.786230985987288,-26.736094869758958,-27.482480927876303,-28.019708711756845,-28.343689593578212,-28.45195788320475,-28.343689593578215,-28.01970871175686,-27.482480927876313,-26.73609486975897,-25.786230985987306
28.698544700183184,28.808168478668374,28.698544700183177,28.370507667874527,27.826553941632458,27.070823337761887,26.1090674224809,24.94860573902888,23.59827010152289,22.06833737951924,20.370451284830953,18.51753375585039,16.523686613795146,14.404084239334146,12.174858086388044,9.852973912024227,7.4561026568015,5.002485958242736,2.510797320958036,-2.8241696751822982e-14,-2.51079732095799,-5.002485958242691,-7.456102656801457,-9.852973912024087,-12.174858086388005,-14.404084239334196,-16.523686613795107,-18.517533755850355,-20.37045128483092,-22.06833737951921,-23.59827010152286,-24.94860573902891,-26.109067422480926,-27.070823337761873,-27.82655394163242,-28.370507667874516,-28.69854470018317,-28.808168478668374,-28.698544700183177,-28.370507667874527,-27.82655394163243,-27.070823337761887,-26.109067422480948
29.00544467536809,29.116240761900546,29.005444675368086,28.673899640889744,28.12412891637026,27.36031658898383,26.388275731744383,25.21540416250982,23.8506281421213,22.30433444016822,20.588291285400043,18.715558802399876,16.700389616149984,14.558120380950234,12.305055059218114,9.95834083848996,7.535837630970207,5.055982148815694,2.5376475896231026,-2.854371123105401e-14,-2.537647589623057,-5.055982148815648,-7.535837630970161,-9.958340838489821,-12.305055059218073,-14.558120380950285,-16.700389616149945,-18.71555880239984,-20.58829128540001,-22.304334440168194,-23.850628142121273,-25.21540416250985,-26.388275731744407,-27.360316588983817,-28.124128916370218,-28.673899640889736,-29.005444675368082,-29.116240761900546,-29.005444675368086,-28.673899640889744,-28.12412891637023,-27.36031658898383,-26.388275731744425
29.27803434465313,29.38987167943824,29.27803434465312,28.94337348994471,28.388436086491094,27.61744554301288,26.63626956308278,25.45237548835831,24.07477346760298,22.513947884013522,20.781777562733243,18.89144536582027,16.857337862706725,14.69493583971908,12.42069648194641,10.05192812412454,7.606658523757838,5.103497658999445,2.5614960954798245,-2.881196158514178e-14,-2.5614960954797774,-5.1034976589994,-7.606658523757794,-10.0519281241244,-12.420696481946367,-14.694935839719133,-16.857337862706682,-18.891445365820232,-20.78177756273321,-22.513947884013493,-24.074773467602945,-25.45237548835834,-26.63626956308281,-27.617445543012863,-28.38843608649105,-28.9433734899447,-29.27803434465312,-29.38987167943824,-29.27803434465312,-28.94337348994471,-28.388436086491062,-27.61744554301288,-26.636269563082827
29.497044058078842,29.609717974389664,29.497044058078842,29.15987982568388,28.600791300598633,27.824033484085852,26.835517972148406,25.64276796471413,24.254861009541795,22.682359916601353,20.93723236871213,19.03275984025053,16.98343651710994,14.804858987194791,12.513607540968911,10.127119985433442,7.6635589318864925,5.141673567484586,2.580656962606636,-2.902748491487471e-14,-2.5806569626065894,-5.14167356748454,-7.663558931886448,-10.127119985433302,-12.513607540968867,-14.80485898719484,-16.9834365171099,-19.032759840250492,-20.937232368712102,-22.68235991660132,-24.254861009541763,-25.642767964714153,-26.83551797214843,-27.824033484085838,-28.600791300598594,-29.159879825683866,-29.49704405807884,-29.609717974389664,-29.497044058078842,-29.15987982568388,-28.600791300598612,-27.824033484085852,-26.835517972148452
29.663389332839717,29.776698661076225,29.66338933283971,29.32432370053611,28.76208225836067,27.98094400317898,26.986853868777164,25.78737748132606,24.391643580397872,22.810274543745784,21.055305544595388,19.140092956709605,17.07921270431907,14.88834933053807,12.584176628520654,10.184230743826598,7.706776713765272,5.170669459433281,2.595210288379318,-2.919118216346255e-14,-2.5952102883792705,-5.170669459433233,-7.706776713765227,-10.184230743826458,-12.584176628520613,-14.888349330538123,-17.07921270431903,-19.14009295670957,-21.055305544595353,-22.810274543745756,-24.39164358039784,-25.787377481326086,-26.98685386877719,-27.98094400317896,-28.76208225836063,-29.324323700536098,-29.66338933283971,-29.776698661076225,-29.66338933283971,-29.32432370053611,-28.76208225836064,-27.98094400317898,-26.986853868777207
29.79305952403491,29.906864171336,29.793059524034902,29.452511704214718,28.887812486412678,28.103259572650913,27.10482388432919,25.900104119907585,24.498268924223083,22.90998710956603,21.14734645957668,19.22376173391311,17.15387257382968,14.953432085667957,12.63918695020523,10.228749970301706,7.740466026835988,5.193272463084976,2.6065549601061364,-2.931878815379216e-14,-2.6065549601060884,-5.19327246308493,-7.740466026835943,-10.22874997030156,-12.639186950205188,-14.95343208566801,-17.153872573829645,-19.223761733913072,-21.147346459576646,-22.909987109565996,-24.498268924223055,-25.90010411990761,-27.104823884329218,-28.103259572650902,-28.887812486412635,-29.452511704214714,-29.7930595240349,-29.906864171336,-29.793059524034902,-29.452511704214718,-28.88781248641265,-28.103259572650913,-27.10482388432924
29.867099945159943,29.98118741484137,29.867099945159932,29.525705810647825,28.959603226808078,28.173100576125794,27.172183618675934,25.96446993687489,24.5591509610787,22.9669220172479,21.19990092905911,19.271535793950083,17.19650263497755,14.99059370742064,12.670597310182398,10.254170016697843,7.759702297748972,5.206178558877981,2.6130326575972616,-2.939164993624963e-14,-2.613032657597214,-5.206178558877934,-7.759702297748926,-10.254170016697696,-12.670597310182357,-14.990593707420693,-17.196502634977506,-19.271535793950047,-21.199900929059073,-22.96692201724787,-24.55915096107867,-25.964469936874924,-27.17218361867596,-28.173100576125776,-28.959603226808046,-29.525705810647814,-29.86709994515993,-29.98118741484137,-29.867099945159932,-29.525705810647825,-28.959603226808056,-28.173100576125794,-27.172183618675984
29.885840942752374,30.0,29.885840942752363,29.544232590366246,28.97777478867207,28.19077862357726,27.189233611099493,25.980762113533128,24.574561328669752,22.98133329356937,21.213203435596427,19.28362829059622,17.207293090531383,14.99999999999996,12.67854785222099,10.260604299770122,7.764571353075637,5.209445330007981,2.614672282429766,-2.941009259863412e-14,-2.614672282429718,-5.209445330007934,-7.764571353075592,-10.260604299769977,-12.678547852220948,-15.00000000000001,-17.207293090531344,-19.283628290596184,-21.213203435596387,-22.981333293569335,-24.57456132866972,-25.980762113533153,-27.189233611099517,-28.190778623577245,-28.977774788672033,-29.54423259036624,-29.88584094275236,-30.0,-29.885840942752363,-29.544232590366246,-28.977774788672043,-28.19077862357726,-27.18923361109954
29.867099945159943,29.98118741484137,29.867099945159932,29.52570581064782,28.959603226808078,28.173100576125787,27.17218361867593,25.96446993687489,24.559150961078693,22.9669220172479,21.19990092905911,19.271535793950083,17.19650263497755,14.99059370742064,12.670597310182398,10.254170016697843,7.75970229774897,5.206178558877981,2.6130326575972616,-2.939164993624962e-14,-2.613032657597214,-5.206178558877933,-7.759702297748926,-10.254170016697696,-12.670597310182357,-14.990593707420693,-17.196502634977506,-19.27153579395004,-21.199900929059073,-22.966922017247867,-24.559150961078668,-25.964469936874924,-27.17218361867596,-28.173100576125776,-28.959603226808046,-29.525705810647814,-29.86709994515993,-29.98118741484137,-29.867099945159932,-29.52570581064782,-28.959603226808056,-28.173100576125787,-27.17218361867598
29.79305952403491,29.906864171336,29.793059524034902,29.452511704214718,28.887812486412678,28.10325957265092,27.10482388432919,25.90010411990759,24.498268924223083,22.909987109566032,21.14734645957668,19.22376173391311,17.153872573829684,14.95343208566796,12.63918695020523,10.228749970301706,7.740466026835988,5.193272463084976,2.6065549601061364,-2.931878815379216e-14,-2.6065549601060884,-5.19327246308493,-7.740466026835943,-10.22874997030156,-12.639186950205188,-14.95343208566801,-17.153872573829645,-19.223761733913072,-21.147346459576646,-22.909987109565996,-24.498268924223055,-25.900104119907613,-27.104823884329218,-28.103259572650902,-28.887812486412635,-29.452511704214714,-29.793059524034902,-29.906864171336,-29.793059524034902,-29.452511704214718,-28.88781248641265,-28.10325957265092,-27.10482388432924
29.663389332839717,29.776698661076225,29.66338933283971,29.32432370053611,28.76208225836067,27.98094400317898,26.986853868777164,25.78737748132606,24.391643580397872,22.810274543745784,21.055305544595388,19.140092956709605,17.07921270431907,14.88834933053807,12.584176628520654,10.184230743826598,7.706776713765272,5.170669459433281,2.595210288379318,-2.919118216346255e-14,-2.5952102883792705,-5.170669459433233,-7.706776713765227,-10.184230743826458,-12.584176628520613,-14.888349330538123,-17.07921270431903,-19.14009295670957,-21.055305544595353,-22.810274543745756,-24.39164358039784,-25.787377481326086,-26.98685386877719,-27.98094400317896,-28.76208225836063,-29.324323700536098,-29.66338933283971,-29.776698661076225,-29.66338933283971,-29.32432370053611,-28.76208225836064,-27.98094400317898,-26.986853868777207
29.497044058078842,29.609717974389664,29.497044058078842,29.15987982568388,28.600791300598633,27.824033484085852,26.835517972148406,25.64276796471413,24.254861009541795,22.682359916601353,20.93723236871213,19.03275984025053,16.98343651710994,14.804858987194791,12.513607540968911,10.127119985433442,7.6635589318864925,5.141673567484586,2.580656962606636,-2.902748491487471e-14,-2.5806569626065894,-5.14167356748454,-7.663558931886448,-10.127119985433302,-12.513607540968867,-14.80485898719484,-16.9834365171099,-19.032759840250492,-20.937232368712102,-22.68235991660132,-24.254861009541763,-25.642767964714153,-26.83551797214843,-27.824033484085838,-28.600791300598594,-29.159879825683866,-29.49704405807884,-29.609717974389664,-29.497044058078842,-29.15987982568388,-28.600791300598612,-27.824033484085852,-26.835517972148452
