hough_viz/data/file_3_3_2.json
{"header": {"discipline": 0, "disciplineName": "Meteorological products", "gribEdition": 2, "gribLength": 133963, "center": 7, "centerName": "US National Weather Service - NCEP(WMC)", "subcenter": 0, "refTime": "2014-11-30T06:00:00.000Z", "significanceOfRT": 1, "significanceOfRTName": "Start of forecast", "productStatus": 0, "productStatusName": "Operational products", "productType": 1, "productTypeName": "Forecast products", "productDefinitionTemplate": 0, "productDefinitionTemplateName": "Analysis/forecast at horizontal level/layer at a point in time", "parameterCategory": 2, "parameterCategoryName": "Momentum", "parameterNumber": 3, "parameterNumberName": "V-component_of_wind", "parameterUnit": "m.s-1", "genProcessType": 2, "genProcessTypeName": "Forecast", "forecastTime": 6, "surface1Type": 100, "surface1TypeName": "Isobaric surface", "surface1Value": 85000, "surface2Type": 255, "surface2TypeName": "Missing", "surface2Value": 0, "gridDefinitionTemplate": 0, "gridDefinitionTemplateName": "Latitude_Longitude", "numberPoints": 65160, "shape": 6, "shapeName": "Earth spherical with radius of 6,371,229.0 m", "gridUnits": "degrees", "resolution": 48, "winds": "true", "scanMode": 0, "nx": 360, "ny": 181, "basicAngle": 0, "subDivisions": 0, "lo1": 0, "la1": 90, "lo2": 359, "la2": -90, "dx": 1, "dy": 1}, "data":
[rows 133 to 151 of 181, columns 215 to 257 of 360]
20.737751223015724,20.418517547800352,20.043318135260215,19.61318138090528,19.129286259680814,18.59295909447896,18.005669920779866,17.369028457386687,16.68477969429817,15.9547991098124,15.181087529971128,14.36576564443468,13.511068193818941,12.619337844426779,11.693018767162462,10.734649938229119,9.746858179971497,8.73235096093834,7.693908974899525,6.634378519157567,5.5566636930445945,4.463718437987943,3.3585384409620693,2.2441529235186253,1.123616338900975,1.0516923749455701e-14,-1.123616338900954,-2.244152923518605,-3.3585384409620107,-4.4637184379879224,-5.556663693044572,-6.634378519157547,-7.693908974899505,-8.732350960938286,-9.746858179971444,-10.734649938229103,-11.693018767162446,-12.619337844426765,-13.511068193818925,-14.365765644434639,-15.181087529971112,-15.954799109812386,-16.684779694298157
19.24370894026618,18.947474316573807,18.599305982802495,18.20015824415423,17.751125136836222,17.253437429383748,16.708459249209046,16.117684343623022,15.482731985577638,14.805342535351283,14.08737267034227,13.330790296045144,12.537669152158411,11.710183128608302,10.850600307067529,9.961276744301063,9.044650014378355,8.103232527452125,7.139604643416929,6.156407599321963,5.1563362699239015,4.142131781222516,3.116573997224887,2.082473900531231,1.042665887627205,9.759236544263416e-15,-1.0426658876271853,-2.0824739005312107,-3.1165739972248323,-4.142131781222497,-5.156336269923882,-6.156407599321944,-7.139604643416911,-8.103232527452073,-9.044650014378307,-9.961276744301047,-10.850600307067515,-11.71018312860829,-12.537669152158392,-13.330790296045107,-14.087372670342258,-14.80534253535127,-15.482731985577624
17.651868695589968,17.380138609839,17.06077077223708,16.6946405478281,16.282751474107748,15.826232510397068,15.326334943443308,14.784428957730045,14.201999879896707,13.580644107561474,12.922064733706415,12.228066878617996,11.50055274217777,10.741516390064852,9.953038288160418,9.137279600135345,8.296476263850847,7.4329328628081015,6.549016309445226,5.647149357594702,4.72980396188355,3.799494502277518,2.8587708923404005,1.9102115900980738,0.9564165306644683,8.95195217217613e-15,-0.9564165306644502,-1.9102115900980563,-2.8587708923403508,-3.7994945022775006,-4.729803961883532,-5.647149357594684,-6.549016309445207,-7.432932862808055,-8.296476263850803,-9.137279600135333,-9.953038288160405,-10.741516390064842,-11.500552742177758,-12.22806687861796,-12.922064733706405,-13.58064410756146,-14.201999879896693
16.023580102509865,15.776915634833399,15.487007738041815,15.154651029528964,14.780756475931053,14.366348896230415,13.912564152797863,13.420646038072968,12.891942865415388,12.327903773471657,11.730074754186933,11.100094415348497,10.439689489275676,9.75067009996667,9.03492480167442,8.294415402510703,7.53117158726648,6.747285354186852,5.944905280949449,5.126230635562265,4.2935053483229275,3.4490118613617327,2.5950648726264496,1.7340049914560167,0.8681923231332125,8.126183418786596e-15,-0.8681923231331962,-1.7340049914560012,-2.5950648726264047,-3.4490118613617162,-4.29350534832291,-5.12623063556225,-5.944905280949434,-6.7472853541868085,-7.53117158726644,-8.294415402510694,-9.034924801674407,-9.750670099966657,-10.439689489275665,-11.100094415348465,-11.730074754186921,-12.327903773471649,-12.891942865415372
14.357737163343545,14.136716419428769,13.876947918439447,13.579143667780503,13.24411992820288,12.872794976489553,12.466186588522667,12.025409249630638,11.551671099861325,11.046270622554104,10.510593085287319,9.946106742956145,9.354358813387917,8.736971236525697,8.095636228803587,7.432111644899099,6.748216159575715,6.0458242828216635,5.326861221948491,4.593297604731541,3.8471440780562243,3.09044579687466,2.3252768185781427,1.5537344181498862,0.777933339680237,7.281369389465164e-15,-0.7779333396802225,-1.553734418149872,-2.325276818578102,-3.090445796874645,-3.847144078056209,-4.593297604731527,-5.3268612219484766,-6.045824282821625,-6.748216159575677,-7.432111644899088,-8.095636228803574,-8.736971236525687,-9.354358813387904,-9.946106742956117,-10.510593085287306,-11.046270622554092,-11.551671099861315
12.66356468443014,12.468623764748767,12.239507214011626,11.976843024758594,11.681351141274849,11.353841486273645,10.9952117409544,10.606444884520993,10.188606499904063,9.742841853072246,9.270372753937794,8.772494207460522,8.250570864129184,7.7060332795494135,7.140373993390204,6.555143438436423,5.951945690960344,5.332434074059995,4.698306626015592,4.0513014460845715,3.3931919304923435,2.725781911676515,2.050900714107582,1.370398140237617,0.6861394003204687,6.4221883438663554e-15,-0.6861394003204557,-1.3703981402376046,-2.050900714107545,-2.725781911676502,-3.3931919304923297,-4.051301446084559,-4.6983066260155795,-5.33243407405996,-5.9519456909603115,-6.5551434384364144,-7.140373993390195,-7.706033279549404,-8.250570864129173,-8.772494207460497,-9.270372753937785,-9.742841853072235,-10.188606499904052
10.970497147356221,10.80161904260765,10.603134450874624,10.375587404626588,10.119601594500708,9.835878659809193,9.525196265394678,9.188405970104986,8.826430892729507,8.440263181794743,8.030961296154182,7.5996471038261495,7.147502807031514,6.675767701859629,6.1857347814438715,5.678747191957328,5.1561945511425264,4.6195091394657135,4.070161974335768,3.5096587781476587,2.939535851202036,2.3613558608129015,1.7767035581451316,1.187181434521616,0.5944053291060468,5.563567657438051e-15,-0.5944053291060357,-1.1871814345216052,-1.7767035581451003,-2.3613558608128904,-2.939535851202025,-3.509658778147648,-4.070161974335757,-4.619509139465684,-5.156194551142498,-5.678747191957319,-6.185734781443862,-6.675767701859621,-7.147502807031503,-7.599647103826129,-8.030961296154175,-8.440263181794736,-8.826430892729498
9.280696154676466,9.137830580190917,8.969918847247879,8.77742119023595,8.560865231852649,8.320844536927295,8.058016985501025,7.773102969623393,7.466883418807786,7.140197659557929,6.793941114832276,6.429062849751938,6.046562970279097,5.64748988199616,5.23293741649888,4.804041833279996,4.361978705320961,3.907959696928047,3.443229242644802,2.9690611363433983,2.486755039844186,1.9976329206329844,1.5030354284401057,1.004318220612568,0.5028482463516347,4.706603563277065e-15,-0.5028482463516254,-1.0043182206125585,-1.503035428440079,-1.9976329206329748,-2.4867550398441765,-2.9690611363433894,-3.4432292426447932,-3.907959696928023,-4.3619787053209365,-4.804041833279989,-5.232937416498872,-5.647489881996154,-6.04656297027909,-6.4290628497519196,-6.793941114832268,-7.140197659557921,-7.466883418807781
7.629076421341366,7.511635620827725,7.373605949204782,7.215365736208135,7.037348707262463,6.840042794670302,6.623988800223491,6.389778912903083,6.138055085730492,5.869507276218892,5.5848715552476245,5.2849280895430955,4.970499003295967,4.642446124775953,4.301668624120402,3.9491005487714563,3.585708263316955,3.212487800752214,2.8304621324229005,2.4406783641316263,2.0442048660937404,1.642128344608829,1.235550863474301,0.8255868233050634,0.4133599070389831,3.869002677251217e-15,-0.41335990703897535,-0.8255868233050556,-1.2355508634742791,-1.6421283446088215,-2.044204866093733,-2.4406783641316188,-2.8304621324228925,-3.2124878007521938,-3.5857082633169344,-3.94910054877145,-4.301668624120396,-4.642446124775948,-4.970499003295961,-5.28492808954308,-5.584871555247619,-5.8695072762188865,-6.138055085730487
6.012075357071612,5.919526416192253,5.810752464867345,5.686051644936691,5.545765752679865,5.390279301976402,5.220018470379937,5.035449930995195,4.8370795733594285,4.625451116834361,4.401144620309217,4.164774892299625,3.916989805800185,3.6584685225096694,3.3899196312959843,3.11207920600334,2.825708787925026,2.531593298471608,2.230538887755972,1.923370724991854,1.6109307367623928,1.2940752993578888,0.9736728915079269,0.6506017139415035,0.3257472822999375,3.0489582706600234e-15,-0.3257472822999313,-0.6506017139414976,-0.9736728915079098,-1.2940752993578828,-1.6109307367623866,-1.9233707249918481,-2.230538887755966,-2.5315932984715923,-2.8257087879250102,-3.112079206003336,-3.3899196312959794,-3.658468522509666,-3.9169898058001804,-4.164774892299613,-4.401144620309214,-4.625451116834357,-4.837079573359423
4.432977287993935,4.3647367340122685,4.284532740031803,4.192585139625132,4.089145954773766,3.9744987050934206,3.848957630726429,3.7128668310313784,3.5665993214306817,3.410556011001222,3.2451646036104496,3.070878425609812,2.8881751832987153,2.6975556535647915,2.4995423112892423,2.2946778972795037,2.083523930654435,1.8666591697594073,1.6446780258299576,1.4181889337518756,1.1878126843834838,0.9541807230110442,0.7179334186011285,0.4797183085937588,0.2401883240473446,2.248135953582019e-15,-0.24018832404734008,-0.4797183085937543,-0.7179334186011157,-0.9541807230110401,-1.1878126843834795,-1.4181889337518714,-1.6446780258299536,-1.8666591697593957,-2.0835239306544233,-2.2946778972795006,-2.4995423112892383,-2.6975556535647884,-2.888175183298712,-3.0708784256098034,-3.2451646036104465,-3.4105560110012183,-3.5665993214306786
2.9497002333239206,2.904293012640197,2.8509253266837584,2.789743452572269,2.720915085569969,2.644628879446613,2.561093929390591,2.470539198893565,2.373212892177447,2.2693817738838744,2.159330437890881,2.0433605272608495,1.921789907457842,1.7949517951004703,1.6631938446382983,1.526877195455159,1.3863754820112149,1.2420738097368509,1.0943676994854905,0.9436620034384064,0.7903697954330391,0.6349112387563208,0.477712434506316,0.319204253678708,0.15982115617938245,1.4959082160841988e-15,-0.15982115617937945,-0.31920425367870503,-0.47771243450630757,-0.6349112387563179,-0.7903697954330363,-0.9436620034384036,-1.0943676994854876,-1.2420738097368431,-1.386375482011207,-1.5268771954551565,-1.6631938446382957,-1.7949517951004683,-1.9217899074578395,-2.0433605272608437,-2.1593304378908784,-2.2693817738838726,-2.373212892177444
1.5277624766580307,1.5042443417824232,1.4766031777247317,1.4449147469943253,1.4092659053772,1.3697543638703094,1.3264884208625074,1.2795866652962005,1.2291776516232955,1.175399547446382,1.1183997548109388,1.0583345061865745,0.9953684362446806,0.9296741306062514,0.861431652796687,0.7908280507041869,0.7180568438944932,0.6433174931872012,0.5668148539475338,0.4887586145920137,0.40936272184709155,0.32884479433604036,0.2474255261014384,0.16532808169812696,0.08277748451469506,7.747880327766589e-16,-0.08277748451469351,-0.1653280816981254,-0.24742552610143398,-0.32884479433603886,-0.40936272184709,-0.4887586145920122,-0.5668148539475324,-0.6433174931871971,-0.7180568438944893,-0.7908280507041858,-0.8614316527966859,-0.9296741306062504,-0.9953684362446793,-1.0583345061865717,-1.1183997548109377,-1.175399547446381,-1.2291776516232946
0.16978589795795254,0.16717224059356559,0.16410037573771163,0.16057872315843788,0.156616935460677,0.15222587162912832,0.14741756726453467,0.1422052015949383,0.13660306135233263,0.13062650161372255,0.12429190371392605,0.11761663034547423,0.11061897796867701,0.10331812666229846,0.09573408755229354,0.08788764796270258,0.07980031443904165,0.07149425380035487,0.06299223238150597,0.05431755363223574,0.04549399424402641,0.03654573897984298,0.027497314385379272,0.018373521563499823,0.009199368196142647,8.61050614096905e-17,-0.009199368196142475,-0.018373521563499653,-0.027497314385378793,-0.036545738979842805,-0.04549399424402625,-0.054317553632235574,-0.0629922323815058,-0.07149425380035442,-0.0798003144390412,-0.08788764796270244,-0.09573408755229339,-0.10331812666229835,-0.11061897796867685,-0.11761663034547393,-0.12429190371392596,-0.13062650161372247,-0.1366030613523325
-1.0482916803882498,-1.0321544434125924,-1.0131881428517164,-0.9914447640171279,-0.9669839039988494,-0.9398726083139378,-0.9101851871393811,-0.8780030116330715,-0.8434142909011171,-0.806513830222811,-0.7674027711959532,-0.7261883145147615,-0.6829834261402142,-0.6379065276682123,-0.5910811717442109,-0.5426357034140072,-0.4927029083388929,-0.44141964883937895,-0.3889264887650998,-0.33536730821906446,-0.28088890919229637,-0.22564061318978082,-0.1697738519506007,-0.1134417523840579,-0.056798716859469925,-5.316296618312293e-16,0.05679871685946886,0.11344175238405685,0.16977385195059774,0.2256406131897798,0.2808889091922952,0.3353673082190634,0.38892648876509883,0.44141964883937607,0.49270290833888997,0.5426357034140065,0.59108117174421,0.6379065276682117,0.6829834261402133,0.7261883145147594,0.7674027711959526,0.8065138302228104,0.8434142909011164
-2.186962869737384,-2.1532971078638896,-2.1137293082915862,-2.0683679236087786,-2.0173372862178507,-1.9607772675487973,-1.8988428946813476,-1.8317039254265277,-1.7595443830322919,-1.6825620517885955,-1.6009679349144004,-1.5149856762125251,-1.424850947077511,-1.3308108005367327,-1.2331229940952078,-1.132055283240196,-1.0278846875420247,-0.9208967313626856,-0.8113846612534282,-0.6996486421863315,-0.5859949348229831,-0.47073505607529303,-0.3541849252592974,-0.23666399818225425,-0.11849439153650639,-1.1090943032623655e-15,0.11849439153650415,0.23666399818225206,0.35418492525929113,0.4707350560752909,0.5859949348229807,0.6996486421863295,0.8113846612534261,0.9208967313626796,1.0278846875420191,1.1320552832401942,1.2331229940952058,1.3308108005367314,1.4248509470775095,1.5149856762125204,1.6009679349143988,1.682562051788594,1.7595443830322903
-3.245462797862878,-3.1955026548563072,-3.136783861189442,-3.0694673609942305,-2.993737664118592,-2.909802340397762,-2.8178914507197796,-2.718256916444608,-2.6111718289051824,-2.496929700883056,-2.3758436621102654,-2.2482456010025027,-2.1144852549760236,-1.974929251841723,-1.8299601049037733,-1.6799751645172492,-1.5253855289784315,-1.3666149177329263,-1.204098509990153,-1.0382817519273584,-0.8696191357526103,-0.6985729539732494,-0.5256120322842642,-0.3512104445496265,-0.17584621339881698,-1.6459009662984787e-15,0.17584621339881365,0.35121044454962325,0.525612032284255,0.6985729539732461,0.869619135752607,1.0382817519273553,1.20409850999015,1.3666149177329177,1.525385528978423,1.6799751645172467,1.8299601049037701,1.9749292518417205,2.114485254976021,2.2482456010024965,2.3758436621102637,2.496929700883054,2.61117182890518
-4.1366593603372195,-4.07298027785074,-3.9981374395320586,-3.9123359843987457,-3.815811088275335,-3.7088273191927428,-3.5916779122256663,-3.4646839657556487,-3.3281935613627245,-3.1825808097580035,-3.028244825372216,-2.8656086324108045,-2.695118005373964,-2.517240247219749,-2.332462908519129,-2.1412924511137668,-1.9442528599393218,-1.7418842068191354,-1.5347411701649447,-1.3233915146418826,-1.1084145349650036,-0.8903994680927346,-0.6699438781693395,-0.4476520186431027,-0.2241331760496755,-2.097861557035892e-15,0.22413317604967126,0.4476520186430985,0.6699438781693278,0.8903994680927305,1.1084145349649992,1.3233915146418789,1.5347411701649407,1.7418842068191243,1.944252859939311,2.141292451113763,2.3324629085191253,2.5172402472197457,2.6951180053739607,2.8656086324107966,3.0282448253722123,3.1825808097580013,3.3281935613627223
-4.939911391642284,-4.863867173933566,-4.774491434384357,-4.672029145684331,-4.556761149844748,-4.429003388430029,-4.2891060365838705,-4.1374525432235405,-3.9744585800330348,-3.800570902135886,-3.6162661235704285,-3.4220494109238464,-3.2184530987056545,-3.0060352302558413,-2.785378028186844,-2.5570862985518397,-2.321785773113403,-2.080121394256203,-1.832755547244813,-1.5803662446717008,-1.3236452680718545,-1.0632962717976775,-0.8000328543513295,-0.5345766024607976,-0.2676551132608847,-2.5052220405320517e-15,0.2676551132608797,0.5345766024607926,0.8000328543513154,1.0632962717976724,1.3236452680718493,1.5803662446716962,1.8327555472448083,2.08012139425619,2.32178577311339,2.557086298551836,2.78537802818684,3.006035230255838,3.2184530987056506,3.422049410923837,3.6162661235704254,3.8005709021358838,3.9744585800330317
