hough_viz/data/file_5_1_1.json
{"header": {"discipline": 0, "disciplineName": "Meteorological products", "gribEdition": 2, "gribLength": 133963, "center": 7, "centerName": "US National Weather Service - NCEP(WMC)", "subcenter": 0, "refTime": "2014-11-30T06:00:00.000Z", "significanceOfRT": 1, "significanceOfRTName": "Start of forecast", "productStatus": 0, "productStatusName": "Operational products", "productType": 1, "productTypeName": "Forecast products", "productDefinitionTemplate": 0, "productDefinitionTemplateName": "Analysis/forecast at horizontal level/layer at a point in time", "parameterCategory": 2, "parameterCategoryName": "Momentum", "parameterNumber": 2, "parameterNumberName": "U-component_of_wind", "parameterUnit": "m.s-1", "genProcessType": 2, "genProcessTypeName": "Forecast", "forecastTime": 6, "surface1Type": 100, "surface1TypeName": "Isobaric surface", "surface1Value": 85000, "surface2Type": 255, "surface2TypeName": "Missing", "surface2Value": 0, "gridDefinitionTemplate": 0, "gridDefinitionTemplateName": "Latitude_Longitude", "numberPoints": 65160, "shape": 6, "shapeName": "Earth spherical with radius of 6,371,229.0 m", "gridUnits": "degrees", "resolution": 48, "winds": "true", "scanMode": 0, "nx": 360, "ny": 181, "basicAngle": 0, "subDivisions": 0, "lo1": 0, "la1": 90, "lo2": 359, "la2": -90, "dx": 1, "dy": 1}, "data":
[rows 95 to 113 of 181, columns 172 to 214 of 360]
-15.965882635105821,-17.07275017383526,-18.04968377493338,-18.8892483838072,-19.585054406840257,-20.13180634005807,-20.525343071111017,-20.762669547851814,-20.841979572490818,-20.762669547851825,-20.525343071111028,-20.13180634005808,-19.58505440684027,-18.889248383807214,-18.049683774933392,-17.072750173835257,-15.965882635105867,-14.737505089059807,-13.39696623053708,-11.95446836969058,-10.420989786245443,-8.808201178161237,-7.128376840574009,-5.394301250998326,-3.619171771734464,-1.8164982099719684,2.29845579959944e-14,1.81649820997194,3.619171771734364,5.3943012509982955,7.128376840573914,8.808201178161212,10.420989786245418,11.95446836969056,13.396966230537059,14.737505089059734,15.965882635105848,17.07275017383524,18.04968377493338,18.8892483838072,19.585054406840257,20.131806340058066,20.52534307111102
-15.478920345485117,-16.55202822536667,-17.49916517606526,-18.31312291348916,-18.987706727775485,-19.51778262877264,-19.89931641880546,-20.12940439535541,-20.206295449990012,-20.129404395355415,-19.89931641880547,-19.51778262877265,-18.987706727775496,-18.31312291348917,-17.499165176065276,-16.552028225366662,-15.478920345485157,-14.288008535346867,-12.9883563529191,-11.589854936061625,-10.103147724995038,-8.539549459293786,-6.910960065886431,-5.229774093425832,-3.508786382290396,-1.761094688122517,2.2283524846531125e-14,1.7610946881224894,3.5087863822902996,5.229774093425805,6.910960065886338,8.539549459293761,10.103147724995015,11.589854936061604,12.988356352919082,14.288008535346792,15.47892034548514,16.552028225366648,17.49916517606526,18.31312291348916,18.987706727775485,19.517782628772633,19.899316418805462
-14.933720305798744,-15.969031075439995,-16.88280787623253,-17.66809631496881,-18.31891987245997,-18.83032538845545,-19.19842075818344,-19.420404553618265,-19.494587344039175,-19.420404553618276,-19.198420758183453,-18.830325388455456,-18.31891987245998,-17.668096314968825,-16.882807876232548,-15.969031075439991,-14.933720305798785,-13.784754907403592,-12.530879200700427,-11.181635936928194,-9.747293672019618,-8.238768616690079,-6.667541557483084,-5.045570481051912,-3.3851995666612487,-1.6990652395288421,2.149865236450271e-14,1.6990652395288155,3.385199566661156,5.045570481051886,6.667541557482993,8.238768616690052,9.747293672019595,11.18163593692817,12.530879200700408,13.784754907403524,14.933720305798767,15.969031075439975,16.88280787623253,17.66809631496881,18.31891987245997,18.830325388455442,19.19842075818345
-14.30849559511336,-15.300461380171829,-16.175981415455997,-16.928392464843903,-17.55196822593153,-18.041962910651634,-18.394647363586607,-18.607337443092945,-18.678414449239806,-18.607337443092952,-18.394647363586614,-18.041962910651637,-17.551968225931542,-16.928392464843906,-16.175981415456008,-15.300461380171825,-14.3084955951134,-13.207633518870303,-12.006253376561396,-10.713498396482855,-9.339207224619933,-7.893839046610093,-6.388393987025276,-4.834329391781378,-3.243472630818194,-1.6279310846720967,2.059857599843453e-14,1.6279310846720711,3.2434726308181037,4.834329391781354,6.388393987025189,7.89383904661007,9.33920722461991,10.713498396482832,12.006253376561377,13.207633518870235,14.308495595113381,15.30046138017181,16.175981415455997,16.928392464843903,17.55196822593153,18.041962910651623,18.394647363586614
-13.605120840694113,-14.548323729204876,-15.380805089618331,-16.09622923611574,-16.68915135895739,-17.155058962772255,-17.490406209372598,-17.692640903723607,-17.760223917688617,-17.692640903723614,-17.490406209372605,-17.15505896277226,-16.689151358957396,-16.096229236115747,-15.38080508961834,-14.548323729204872,-13.605120840694148,-12.558374767589177,-11.416051879548796,-10.186845943504451,-8.880111958844337,-7.50579496021916,-6.074354329823865,-4.5966841951831245,-3.084030518263298,-1.5479055069108851,1.9585994470350395e-14,1.547905506910861,3.0840305182632126,4.5966841951831015,6.074354329823783,7.5057949602191405,8.880111958844317,10.186845943504432,11.416051879548776,12.558374767589113,13.605120840694132,14.548323729204863,15.380805089618331,16.09622923611574,16.68915135895739,17.155058962772245,17.490406209372605
-12.855035053441995,-13.746236707310953,-14.532821199632597,-15.208802147467665,-15.769034927634706,-16.209255830398817,-16.526114508877328,-16.717199477202513,-16.78105646338516,-16.717199477202517,-16.526114508877335,-16.209255830398828,-15.769034927634717,-15.208802147467672,-14.532821199632606,-13.746236707310949,-12.855035053442027,-11.86599882073403,-10.786655172114221,-9.625218564474148,-8.390528231692606,-7.091980912728369,-5.739459336763165,-4.343257009664837,-2.9139998741927333,-1.4625654401567332,1.8506167524788408e-14,1.4625654401567103,2.913999874192652,4.343257009664815,5.739459336763087,7.091980912728348,8.390528231692588,9.62521856447413,10.786655172114203,11.86599882073397,12.855035053442014,13.746236707310935,14.532821199632597,15.208802147467665,15.769034927634706,16.209255830398813,16.52611450887733
-12.043369337555124,-12.878300602010134,-13.615220222753319,-14.2485197965066,-14.773379531117005,-15.185804927085147,-15.482657178118451,-15.66167705934227,-15.721502121365333,-15.661677059342278,-15.482657178118458,-15.185804927085155,-14.773379531117014,-14.248519796506608,-13.615220222753333,-12.87830060201013,-12.043369337555154,-11.116780760456153,-10.105586769274298,-9.017483160858136,-7.8607510606826905,-6.644193898484137,-5.377070408844205,-4.0690241666290365,-2.730010193561904,-1.370219194496488,1.7337689831037746e-14,1.370219194496467,2.7300101935618284,4.069024166629014,5.3770704088441335,6.644193898484118,7.860751060682674,9.01748316085812,10.105586769274284,11.116780760456098,12.043369337555138,12.878300602010118,13.615220222753319,14.2485197965066,14.773379531117005,15.185804927085142,15.482657178118455
-11.173846421285473,-11.948496227320891,-12.632210762367102,-13.219786545974287,-13.706751771641269,-14.089400339963044,-14.364820064285174,-14.5309148342026,-14.586420568225469,-14.530914834202603,-14.36482006428518,-14.089400339963053,-13.706751771641276,-13.219786545974298,-12.632210762367112,-11.94849622732089,-11.173846421285502,-10.314156897031198,-9.37597041093224,-8.366427128640362,-7.293210284112757,-6.164487705562236,-4.988849653352984,-3.7752434429318895,-2.5329053503558154,-1.2712903186534172,1.608592064579386e-14,1.2712903186533977,2.5329053503557453,3.7752434429318704,4.9888496533529185,6.164487705562219,7.293210284112742,8.36642712864035,9.375970410932227,10.314156897031145,11.17384642128549,11.948496227320877,12.632210762367102,13.219786545974287,13.706751771641269,14.089400339963039,14.364820064285178
-10.27216922881195,-10.984308415323763,-11.612850382288189,-12.153011545812616,-12.60068095328442,-12.952451570202538,-13.205646209767325,-13.358337907888593,-13.40936458854587,-13.358337907888599,-13.20564620976733,-12.952451570202545,-12.600680953284428,-12.153011545812623,-11.612850382288196,-10.984308415323762,-10.272169228811979,-9.481852631963577,-8.619373411286743,-7.6912955544300505,-6.704682294272956,-5.667042353458546,-4.58627279848063,-3.4705989382390032,-2.328511724472487,-1.1687031304888686,1.478786201679557e-14,1.1687031304888504,2.328511724472423,3.4705989382389855,4.58627279848057,5.66704235345853,6.704682294272941,7.691295554430037,8.619373411286729,9.481852631963527,10.272169228811965,10.984308415323753,11.612850382288189,12.153011545812616,12.60068095328442,12.952451570202534,13.205646209767329
-9.330474924396542,-9.977329223076852,-10.548250021893436,-11.038892268835898,-11.445521880147144,-11.765044158955398,-11.995027347786106,-12.13372113570463,-12.180069979239303,-12.133721135704633,-11.99502734778611,-11.765044158955401,-11.44552188014715,-11.038892268835903,-10.548250021893445,-9.977329223076849,-9.330474924396567,-8.612610077646831,-7.829198067770024,-6.986201133198439,-6.090034989619671,-5.147520002506193,-4.1658292800161245,-3.1524340813086003,-2.1150469557506177,-1.061563045759062,1.3432194569589e-14,1.0615630457590455,2.115046955750559,3.1524340813085847,4.165829280016069,5.147520002506179,6.090034989619657,6.986201133198426,7.829198067770013,8.612610077646789,9.330474924396555,9.97732922307684,10.548250021893436,11.038892268835898,11.445521880147144,11.765044158955392,11.995027347786108
-8.355161342498462,-8.934400028026811,-9.445642534603632,-9.884997998057212,-10.249122658020609,-10.535245305966999,-10.741188375779936,-10.865384516346326,-10.906888520044774,-10.86538451634633,-10.741188375779945,-10.535245305967003,-10.249122658020616,-9.884997998057216,-9.445642534603639,-8.93440002802681,-8.355161342498484,-7.7123348341693925,-7.01081280091715,-6.255934249005415,-5.453444260022404,-4.609450267340913,-3.730375574862825,-2.822910471797638,-1.8939613155221617,-0.9505979700304147,1.2028128656056195e-14,0.9505979700303999,1.8939613155221093,2.8229104717976234,3.7303755748627747,4.6094502673409,5.453444260022391,6.255934249005403,7.010812800917138,7.712334834169354,8.355161342498473,8.934400028026802,9.445642534603632,9.884997998057212,10.249122658020609,10.535245305966995,10.741188375779942
-7.363925194686065,-7.87444440254418,-8.325034333779396,-8.712265726941373,-9.033191517311463,-9.285369265844643,-9.466879747605487,-9.57634155822878,-9.612921627240821,-9.576341558228783,-9.466879747605493,-9.285369265844647,-9.033191517311469,-8.712265726941377,-8.325034333779401,-7.874444402544178,-7.363925194686085,-6.797362069636828,-6.179066914878177,-5.513745329874689,-4.806460813620426,-4.062596228354092,-3.2878128327273446,-2.488007196207843,-1.6692663226254125,-0.837821324397206,1.0601140543477655e-14,0.837821324397193,1.6692663226253663,2.48800719620783,3.2878128327273,4.0625962283540815,4.806460813620414,5.513745329874678,6.179066914878168,6.797362069636794,7.363925194686076,7.874444402544169,8.325034333779396,8.712265726941373,9.033191517311463,9.28536926584464,9.466879747605491
-6.3553355196836465,-6.795932181029792,-7.184807694982245,-7.519002484070379,-7.7959731241569195,-8.01361170143134,-8.17026185490683,-8.26473138232749,-8.296301313547389,-8.264731382327495,-8.170261854906835,-8.013611701431344,-7.795973124156921,-7.519002484070384,-7.184807694982251,-6.795932181029789,-6.355335519683663,-5.86637091757624,-5.332759690574432,-4.7585629423190134,-4.148150656773706,-3.5061684400084796,-2.8375021643324274,-2.1472407838551266,-1.4406376044732827,-0.7230703030405995,9.1491702134264e-15,0.7230703030405883,1.440637604473243,2.1472407838551155,2.837502164332389,3.50616844000847,4.148150656773699,4.758562942319004,5.332759690574425,5.86637091757621,6.355335519683656,6.795932181029782,7.184807694982245,7.519002484070379,7.7959731241569195,8.013611701431339,8.170261854906833
-5.339194969767767,-5.709345604721639,-6.036044672226443,-6.316805795112176,-6.549492211705492,-6.732333037876201,-6.86393674453484,-6.943301748009251,-6.969824032701086,-6.943301748009253,-6.863936744534844,-6.732333037876205,-6.549492211705495,-6.316805795112179,-6.0360446722264465,-5.709345604721638,-5.33919496976778,-4.928409837199925,-4.480116529915736,-3.9977268306705653,-3.484912016350554,-2.945574917338685,-2.3838202146191296,-1.803923200676298,-1.2102972419377345,-0.6074601903905453,7.686329609157583e-15,0.6074601903905359,1.210297241937701,1.8039232006762889,2.3838202146190977,2.9455749173386776,3.4849120163505463,3.9977268306705587,4.480116529915729,4.928409837199899,5.339194969767774,5.709345604721632,6.036044672226443,6.316805795112176,6.549492211705492,6.732333037876198,6.8639367445348425
-4.3235827346945195,-4.623323969765468,-4.887878917787154,-5.115234155862494,-5.303659373348896,-5.451720540567022,-5.558290822632568,-5.622559155350122,-5.64403641790142,-5.622559155350124,-5.55829082263257,-5.451720540567024,-5.303659373348897,-5.115234155862495,-4.887878917787158,-4.623323969765465,-4.323582734694531,-3.9909364243619385,-3.627916678046639,-3.2372862952154193,-2.822018208950719,-2.3852728601347026,-1.9303741445859488,-1.4607841162050996,-0.9800766386543834,-0.4919101860970336,6.224249569363542e-15,0.49191018609702597,0.9800766386543563,1.460784116205092,1.9303741445859226,2.385272860134696,2.8220182089507126,3.2372862952154144,3.6279166780466334,3.9909364243619185,4.323582734694526,4.623323969765462,4.887878917787154,5.115234155862494,5.303659373348896,5.4517205405670195,5.55829082263257
-3.3124097262475924,-3.542049319920506,-3.7447317795209645,-3.918914569148395,-4.0632720525993,-4.176705582259174,-4.258351860474272,-4.307589509768008,-4.324043801898751,-4.30758950976801,-4.258351860474274,-4.176705582259176,-4.063272052599301,-3.9189145691483978,-3.7447317795209676,-3.5420493199205048,-3.3124097262476013,-3.057560694470277,-2.779441779602399,-2.4801696345189135,-2.162021900949382,-1.8274198752490958,-1.4789100808718887,-1.1191448877889096,-0.7508623263517127,-0.37686524922789577,4.768560260616566e-15,0.37686524922788994,0.7508623263516919,1.1191448877889039,1.4789100808718687,1.8274198752490904,2.162021900949377,2.480169634518909,2.7794417796023945,3.057560694470262,3.3124097262475973,3.542049319920501,3.7447317795209645,3.918914569148395,4.0632720525993,4.1767055822591725,4.258351860474273
-2.319349246376473,-2.4801428868198707,-2.6220611423433464,-2.744023929329783,-2.845103037327074,-2.9245291932901205,-2.981697916213221,-3.0161741175955132,-3.0276954127271782,-3.016174117595515,-2.9816979162132227,-2.924529193290122,-2.845103037327075,-2.744023929329785,-2.6220611423433486,-2.48014288681987,-2.3193492463764787,-2.140903957706797,-1.9461650972058067,-1.7366147451884641,-1.5138477063635936,-1.2795593724070498,-1.035532819007425,-0.7836252355833317,-0.5257537909506057,-0.26388104250991634,3.338945831224482e-15,0.26388104250991223,0.5257537909505912,0.7836252355833278,1.0355328190074111,1.2795593724070462,1.5138477063635902,1.736614745188461,1.9461650972058036,2.140903957706787,2.3193492463764755,2.480142886819867,2.6220611423433464,2.744023929329783,2.845103037327074,2.9245291932901196,2.9816979162132218
-1.3420893516614152,-1.435132446827485,-1.5172533175165324,-1.5878269743166757,-1.6463163090861321,-1.6922761826704749,-1.7253568126803984,-1.7453064355468975,-1.7519732225940456,-1.7453064355468981,-1.7253568126803995,-1.6922761826704753,-1.6463163090861328,-1.5878269743166773,-1.5172533175165335,-1.4351324468274849,-1.3420893516614187,-1.2388321461535028,-1.1261466799860518,-1.0048905575979505,-0.8759866112970255,-0.7404158779489473,-0.5992101326943525,-0.4534440365169775,-0.30422695742471917,-0.1526945274891933,1.932077996818111e-15,0.15269452748919093,0.30422695742471073,0.4534440365169752,0.5992101326943445,0.7404158779489453,0.8759866112970234,1.0048905575979485,1.1261466799860502,1.2388321461534963,1.342089351661417,1.4351324468274838,1.5172533175165324,1.5878269743166757,1.6463163090861321,1.6922761826704742,1.725356812680399
-0.3884665085034344,-0.41539774543991115,-0.43916755470957314,-0.45959503371127525,-0.47652471699536647,-0.48982775944963153,-0.4994029168883971,-0.5051773165819163,-0.5071070118618435,-0.5051773165819166,-0.4994029168883974,-0.48982775944963175,-0.4765247169953667,-0.4595950337112755,-0.43916755470957347,-0.4153977454399111,-0.38846650850343545,-0.3585788068747578,-0.3259621040099586,-0.2908646327123438,-0.2535535059309225,-0.21431268386957264,-0.1734408128784403,-0.1312489525748752,-0.08805820849193269,-0.04419728827136477,5.592381704326275e-16,0.04419728827136408,0.08805820849193025,0.1312489525748745,0.17344081287843796,0.214312683869572,0.25355350593092196,0.2908646327123433,0.3259621040099581,0.35857880687475596,0.38846650850343495,0.41539774543991065,0.43916755470957314,0.45959503371127525,0.47652471699536647,0.48982775944963125,0.4994029168883973
