hough_viz/data/file_2_2_2.json
{"header": {"discipline": 0, "disciplineName": "Meteorological products", "gribEdition": 2, "gribLength": 133963, "center": 7, "centerName": "US National Weather Service - NCEP(WMC)", "subcenter": 0, "refTime": "2014-11-30T06:00:00.000Z", "significanceOfRT": 1, "significanceOfRTName": "Start of forecast", "productStatus": 0, "productStatusName": "Operational products", "productType": 1, "productTypeName": "Forecast products", "productDefinitionTemplate": 0, "productDefinitionTemplateName": "Analysis/forecast at horizontal level/layer at a point in time", "parameterCategory": 2, "parameterCategoryName": "Momentum", "parameterNumber": 3, "parameterNumberName": "V-component_of_wind", "parameterUnit": "m.s-1", "genProcessType": 2, "genProcessTypeName": "Forecast", "forecastTime": 6, "surface1Type": 100, "surface1TypeName": "Isobaric surface", "surface1Value": 85000, "surface2Type": 255, "surface2TypeName": "Missing", "surface2Value": 0, "gridDefinitionTemplate": 0, "gridDefinitionTemplateName": "Latitude_Longitude", "numberPoints": 65160, "shape": 6, "shapeName": "Earth spherical with radius of 6,371,229.0 m", "gridUnits": "degrees", "resolution": 48, "winds": "true", "scanMode": 0, "nx": 360, "ny": 181, "basicAngle": 0, "subDivisions": 0, "lo1": 0, "la1": 90, "lo2": 359, "la2": -90, "dx": 1, "dy": 1}, "data":
[rows 0 to 19 of 181, columns 270 to 314 of 360]
-2.573375028673534e-18,0.00024445005528674166,0.000488602285835761,0.0007321592297628971,0.0009748241504490713,0.0012163013980680567,0.0014562967697903445,0.0016945178682240076,0.0019306744576556539,0.0021644788176582407,0.0023956460936339972,0.0026238946438656664,0.002848946382653675,0.003070527119120969,0.003288366891272136,0.003502200294900308,0.0037117668069418437,0.003916811102882759,0.004117083367833409,0.004312339600888537,0.004502341912404941,0.004686858813833565,0.004865665499753005,0.005038544121759147,0.0052052840538810334,0.005365682149196023,0.0055195429873321974,0.005666679112558592,0.0058069112621713034,0.005940068584897335,0.0060659888490502,0.006184518640184211,0.0062955135480072255,0.0063988383423214034,0.006494367137781269,0.0065819835472640375,0.006661580823671506,0.0067330619899830255,0.006796339957408531,0.006851337631491848,0.006897988006038852,0.006936234244754289,0.006966029750487084,0.006987338222003814,0.007000133698213979
-2.0806336770302142e-16,0.019764356602296237,0.039504633380539535,0.05919677984822993,0.07881680415824016,0.09834080233318156,0.1177449873887193,0.13700571831434974,0.1560995288763263,0.17500315620765616,0.19369356915031663,0.2121479963151746,0.23034395382541617,0.24825927270968845,0.2658721259115725,0.28316105488249554,0.3001049957256602,0.3166833048591639,0.3328757841670203,0.348662705607453,0.3640248352484755,0.37894345670147517,0.39340039392424947,0.40737803336571166,0.4208593454252936,0.4338279052008868,0.4462679125000586,0.4581642110901514,0.4695023071638171,0.4802683869974902,0.4904493337812809,0.5000327435997873,0.5090069405443565,0.5173609909383812,0.5250847166582987,0.5321687075340686,0.5386043328140131,0.5443837516800613,0.5494999228005759,0.5539466129091322,0.5577184043987932,0.5608107019226285,0.5632197379924374,0.5649425775688525,0.5659771216372327
-4.1355336037736924e-16,0.039284263149305734,0.07852066447524331,0.11766140046669693,0.15665878416603124,0.19546530326829506,0.23403367800764824,0.27231691876047553,0.31026838329499684,0.347841833597654,0.3849914922069993,0.42167209798648353,0.4578389612681787,0.493448018300256,0.5284558849318727,0.5628199094700906,0.5964982246443786,0.629449798615445,0.661634484966207,0.6930130716140174,0.7235473285845462,0.7532000545891168,0.7819351223487458,0.8097175226096639,0.8365134067967062,0.8622901282525776,0.8870162820127853,0.9106617430677441,0.9331977030654628,0.9545967054100827,0.9748326787135116,0.9938809685593901,1.0117183675407058,1.0283231435344404,1.043675066178816,1.057755431520873,1.0705470848043548,1.0820344413701395,1.0922035056437431,1.1010418881867725,1.1085388207915472,1.1146851696005027,1.1194734462343874,1.122897816915701,1.1249541095762514
-6.170486884332665e-16,0.05861469250359138,0.117157972033272,0.17555851262082914,0.23374516220347366,0.29164702931165526,0.3491935694394016,0.4063146709919348,0.4629407407058384,0.5190027884377466,0.5744325112181943,0.6291623764682677,0.6831257042776492,0.736256748643819,0.7884907775734216,0.839764151948247,0.8900144030596723,0.9391803087171783,0.9872019678381485,1.0340208734281138,1.0795799838625124,1.1238237923831227,1.1666983947245002,1.2081515547880153,1.248132768283503,1.2865933242609504,1.323486364457294,1.358766940385993,1.3923920680998334,1.42432078056025,1.4545141775493526,1.4829354730638438,1.5095500401331046,1.534325453006821,1.5572315266607668,1.578240353572606,1.5973263377229052,1.6144662257799496,1.6296391354303394,1.6428265808208715,1.6540124950807091,1.663183249896384,1.6703276721158002,1.6754370573609974,1.678505180633094
-8.172238366713602e-16,0.077629731317835,0.15516488276600746,0.23251098970584344,0.3095738178202952,0.38625947792392407,0.4624745403524139,0.5381261487922302,0.6131221334117175,0.6873711231558679,0.7607826570678572,0.833267294501794,0.9047367240923675,0.9751038713486467,1.0442830047409208,1.112189840151387,1.1787416435613367,1.243857331849838,1.307457571581014,1.3694648756596188,1.4298036977371247,1.4884005242533138,1.5451839640012275,1.600084835106347,1.653036249314066,1.7039736934827068,1.7528351081828653,1.7995609633072536,1.8440943305989677,1.886380953009803,1.9263693108041076,1.9640106843276408,1.999259213364974,2.0320719530130957,2.0624089260031604,2.0902331714066316,2.11551078966648,2.138210983898577,2.158306097412946,2.175771647409185,2.190586354804985,2.202732170161416,2.2121942956733847,2.218961203198485,2.2230246483022578
-1.0100403664810249e-15,0.09594576020868216,0.19177462528786735,0.2873698425267508,0.3826149438784462,0.47739388785833986,0.571591200922769,0.6650921181557535,0.7577827230923474,0.8495500865083336,0.9402824040070681,1.0298691322359212,1.1182011235663234,1.2051707590733434,1.2906720796527518,1.3746009151159007,1.456855011105016,1.5373341536744105,1.6159402913857255,1.6925776547685074,1.7671528730005541,1.8395750876658825,1.9097560634517132,1.9776102956495947,2.0430551143297437,2.1060107850615934,2.166400606057938,2.224151001624233,2.279191611799246,2.3314553780778358,2.3808786251114102,2.427401138286522,2.4709662370871124,2.5115208441509824,2.549015549936383,2.5834046729199343,2.6146463152525126,2.6427024138053476,2.6675387865440614,2.68912517417422,2.707435277007627,2.722446787004433,2.7341414149520533,2.742504912747753,2.747527090757768
-1.1974779269967173e-15,0.1137508300179162,0.2273630721714347,0.3406983074441029,0.45361845430970166,0.5659859369632904,0.6776638529361394,0.7885161398903057,0.8984077413896101,1.007204771445135,1.1147746776346554,1.2209864025973534,1.3257105437070238,1.428819510729247,1.5301876812704145,1.6296915538293024,1.7272098982645838,1.8226239034951186,1.9158173222529342,2.0066766127126208,2.095091076824553,2.1809529951834152,2.264157758267705,2.344603993890308,2.4221936907049186,2.496832317617737,2.5684289389590726,2.6368963252744355,2.702151059600192,2.7641136390942886,2.8227085718982177,2.8778644691122093,2.929514131771626,2.977594632718537,3.0220473932687733,3.0628182545810283,3.0998575436410594,3.133120133780613,3.1625654996573163,3.188157766628555,3.2098657544592135,3.2276630153099792,3.241527865959963,3.2514434142243656,3.2573975795349983
-1.3780895344139591e-15,0.13090748885179349,0.261655487093182,0.3920846984284786,0.5220362149547582,0.6513517107666298,0.7798736348519717,0.9074454030435773,1.0339115887928163,1.1591181125329832,1.282912429401486,1.4051437150922734,1.5256630496120178,1.644323598716193,1.7609807928039598,1.8754925030539968,1.9877192145865308,2.0975241964407636,2.204773668160467,2.3093369627848657,2.4110866860462,2.50989887158002,2.6056531319591065,2.698232805366993,2.7875250977324457,2.8734212201516316,2.955816521430671,3.034610615586978,3.109707504154123,3.181015693141177,3.248448304504046,3.311923181992976,3.3713629912473038,3.426695314015455,3.4778527363854277,3.5247729309182634,3.5673987325844188,3.6056782084105703,3.6395647207519244,3.669016984113008,3.693999115447691,3.714480677877145,3.7304367177724904,3.741847795156956,3.74870000739049
-1.5459901701072737e-15,0.14685670698773884,0.29353449169956375,0.43985464984876743,0.5856389128615451,0.7307096650697602,0.8748901601082829,1.018004736253219,1.1598790304386317,1.3003401906911232,1.4392170867233085,1.576340518429719,1.7115434220310657,1.8446610736157274,1.9755312898304371,2.1039946254757624,2.2298945677654656,2.3530777270132734,2.4733940235145524,2.5906968703953215,2.7048433522057747,2.815694399040743,2.923114955974958,3.026974147606654,3.1271454375091197,3.223506782395803,3.3159407808112915,3.404334816166883,3.4885811939465534,3.568577272916138,3.6442255901758673,3.715433979903882,3.782115685646116,3.8441894660156493,3.901579693672836,3.9542164474655643,4.002035597617404,4.044978883859873,4.082993986413591,4.116034589731872,4.14406043892909,4.167037388825047,4.184937445545625,4.197738800629001,4.205425857595904
-1.7056101705477821e-15,0.16201933097288881,0.32384126634816185,0.48526865102430433,0.6461048105990791,0.8061537909869555,0.9652205971589862,1.1231114307142218,1.2796339259931775,1.4345973844458069,1.5878130069682754,1.7390941239255966,1.888256422579829,2.035118171646759,2.1795004427074525,2.321227328205021,2.4601261557608245,2.596027698549217,2.728766381474338,2.8581804828978723,2.9841123316719473,3.1064084992371463,3.224919986551578,3.339502405623234,3.4500161554245543,3.5563265919747336,3.6583041923827078,3.7558247126508255,3.8487693390470237,3.937024832861063,4.020483668368449,4.099044163833957,4.172610605395184,4.241093363675128,4.304409002981785,4.362480382961691,4.415236752583542,4.4626138363374555,4.504553912544758,4.54100588368296,4.57192533864023,4.597274606823476,4.617022804054175,4.631145870195976,4.639626598468277
-1.855230971283651e-15,0.17623211092310903,0.3522495101655448,0.5278377476397123,0.7027828961255528,0.8768718119078708,1.049892394459127,1.2216338448512691,1.3918869225817194,1.5604442005007484,1.7271003175294697,1.89165222886069,2.0538994533377326,2.2136443177098486,2.370692197466594,2.5248517539578725,2.6759351675105445,2.8237583662578176,2.9681412504024376,3.108907911640553,3.2458868474788862,3.378911170184106,3.5078188101098284,3.632452713153491,3.7526610321026297,3.8682973116372623,3.9792206667631884,4.085295954458618,4.186393938325141,4.282391446042365,4.3731715194344245,4.45862355696548,4.538643448490683,4.613133702098328,4.68200356288874,4.745169123545136,4.802553426561758,4.854086558004759,4.899705732691549,4.939355370684862,4.972987165008363,5.000560140501252,5.022040703740178,5.037402683967667,5.046627364977139
-1.9870054785468547e-15,0.18874963566278002,0.3772693089691691,0.5653293377364516,0.7527005997880111,0.939154812103368,1.1244648089458857,1.3084048186292376,1.4907507385853926,1.6712804083991288,1.8497738804762425,2.026013688015819,2.1997851099600325,2.370876432598689,2.5390792075097326,2.7041885055216026,2.866003166387794,3.024326043869686,3.1789642459288365,3.3297293697362265,3.476437731212083,3.618910588816638,3.75697436131917,3.890460839279963,4.019207389987651,4.143057155602071,4.26185924426142,4.37546891392073,4.483747748697743,4.5865638275113625,4.683791884807162,4.775313463174149,4.861017057666909,4.940798251657179,5.014559844049431,5.082211967705441,5.1436721989335386,5.1988656579092,5.247725099904564,5.290190997215777,5.3262116116883345,5.355743057752054,5.378749355888878,5.395202476468374,5.405082373897526
-2.1078387528072067e-15,0.20022783073512668,0.4002117147012479,0.599708002340884,0.798473638157604,0.9962664568416639,1.192845478311146,1.3879712013090755,1.5814058951987735,1.7729138896020766,1.9622618615273482,2.149219119637617,2.3335578853124344,2.5150535701610433,2.693485049648706,2.8686349325029457,3.040289825571259,3.2082405938078606,3.3722826150724843,3.5322160294309595,3.6878459826537413,3.8389828636157852,3.985442535308498,4.12704655918229,4.263622412546512,4.3950036987617285,4.521030349968422,4.64154882210502,4.756412281977667,4.865480786153872,4.968621451462013,5.0657086168890055,5.156623996678912,5.241256824445901,5.319503988126025,5.391270155603395,5.456467890857661,5.515017760491364,5.566848430507273,5.61189675321787,5.650107844181099,5.681435149068586,5.705840500384928,5.7232941639689034,5.733774875219965
-2.215918020579106e-15,0.21049449715094598,0.4207325391813182,0.6304579834215666,0.8394153117236234,1.0473499417703618,1.2540085372449434,1.4591393164821096,1.6624923592253136,1.8638199111161184,2.062876685544676,2.259420162493691,2.4532108840117037,2.6440127459557248,2.831593285647732,3.0157239650946948,3.196180449426846,3.3727428802152275,3.545196143335279,3.7133301310502795,3.876939997995252,4.035826410749494,4.189795790693646,4.338660549855398,4.482239319456581,4.620357170883039,4.752845828808237,4.8795438762108105,5.000296951036333,5.114957934263717,5.223387129147076,5.3254524314146705,5.421029490217647,5.510001859632373,5.592261140531859,5.667707112653402,5.736247856701526,5.797799866337507,5.852288149918962,5.899646321865622,5.939816683539937,5.97275029354398,5.998407027346992,6.016755626170952,6.027773735074578
-2.301409642951989e-15,0.2186155178271963,0.4369646863210727,0.6547814806539056,0.8718005246139168,1.0877574139252624,1.3023890383839243,1.5154339024169787,1.7266324436746245,1.935727349266992,2.1424638692602174,2.3465901270500096,2.5478574262344904,2.746020553612465,2.940838077937892,3.1320726440667404,3.319491262137589,3.502865591433954,3.6819722185822377,3.8565929297465202,4.0265149764885075,4.191531334968727,4.351440958173202,4.506049020858231,4.6551671569149935,4.798613688864577,4.936213849204053,5.067799993333729,5.193211803806272,5.312296485648833,5.4249089525201795,5.530912003476038,5.630176490127343,5.722581473987632,5.808014373817968,5.886371102789842,5.95755619529892,6.021482923275209,6.078073401847829,6.127258684235729,6.168978845748735,6.20318305679654,6.229829644816737,6.24888614504642,6.260329340075481
-2.373633236025627e-15,0.22547618178916762,0.45067765558278233,0.6753300480746287,0.8991596549295157,1.121893774249798,1.343261038820645,1.5629917467292014,1.7808181899547788,1.9964749805299096,2.20969937387466,2.4202315889104398,2.627815124563229,2.8321970722706378,3.033128424111989,3.2303643761861864,3.4236646268674775,3.612793669576039,3.7975210797064234,3.9776217953644664,4.1528763915705245,4.323071347595023,4.4879993071005755,4.647459330773717,4.801257141138547,4.949205359253859,5.091123733005563,5.226839356716093,5.356186881803345,5.4790087182324605,5.59515522651501,5.704484900021637,5.806864537386124,5.90216940479072,5.990283387935078,6.07109913350366,6.144518179959194,6.210451077502918,6.268817497055357,6.319546328124942,6.362575765445194,6.3978533842749155,6.425336204269663,6.444990741846678,6.456793050979468
-2.43084855630647e-15,0.23091117981707254,0.46154102993069274,0.691608563394276,0.9208334783574958,1.1489364995708606,1.375639718639599,1.6006669326122407,1.8237439804913222,2.0445990772564,2.2629631449921845,2.4785701407185465,2.691157380522905,2.9004658596001227,3.106240567809922,3.3082308003675354,3.5061904632887795,3.6998783732177447,3.889058551271517,4.073500510544111,4.252979536919259,4.427276962849946,4.596180433771146,4.759484166821109,4.916989201556141,5.0685036423531935,5.213842892205173,5.352829877623932,5.485295264377037,5.611077663795464,5.730023829400816,5.841988843612545,5.946836294307729,6.0444384410182055,6.134676370562667,6.217440141924057,6.292628920195742,6.360151099433349,6.41992441426247,6.471876040106356,6.515942681911453,6.552070651262668,6.580215931794433,6.600344232817869,6.612431031098702
-2.4613199624819082e-15,0.23380571980493042,0.46732658335530325,0.7002780814499874,0.9323763985719937,1.1633387586739148,1.3928837696969896,1.6207317664039973,1.84660515110822,2.0702287318835357,2.2913300578433407,2.5096397510800017,2.724891834860341,2.9368240576773235,3.145178212763082,3.3497004526741625,3.5501415985654496,3.7462574437762757,3.9378090513585806,4.12456304518479,4.306291894280676,4.482774190036795,4.653794915960792,4.819145709641834,4.978625116608175,5.132038835768329,5.279199956137082,5.419929184557695,5.554055064143013,5.681414183169271,5.801851374168109,5.9152199029742105,6.021381647498314,6.120207266007679,6.211576354709074,6.295377594442247,6.371508886305166,6.4398774760458295,6.500400067069013,6.553002921920342,6.597621952124027,6.634202796264804,6.662700886218933,6.683081501453598,6.695319811328532
-2.4766259165546383e-15,0.23525966308082505,0.4702326985011736,0.704632827812181,0.9381744705628657,1.1705730922358684,1.4015455509089434,1.6308104422197898,1.8580884422138706,2.083102647657697,2.3055789134027176,2.525246186388962,2.741836835881449,2.9550869795370107,3.1647368049042512,3.37053088596506,3.5722184943317914,3.7695539047212563,3.9622966943330833,4.150212035767884,4.333070983128257,4.510650750954106,4.68273498565241,4.849114029090716,5.009585174033338,5.163952911108834,5.3120291670081095,5.453633533622754,5.5885934878445225,5.716744601758188,5.837930742971617,5.952004264839023,6.058826186345694,6.158266361434931,6.250203637570974,6.334526003344704,6.411130724942284,6.479924471310506,6.540823427866282,6.593753398611815,6.6386498965309855,6.675458222156856,6.704133530214543,6.724640884258267,6.736955299236042
-2.4752459318924624e-15,0.2351285755699862,0.46997068318943536,0.7042402039248403,0.9376517164516504,1.1699208447961387,1.4007646048037339,1.6299017489116339,1.8570531088055908,2.081941935543571,2.304294236731661,2.5238391103416102,2.740309074763222,2.953440394689499,3.1629734024374514,3.3686528143132484,3.570228041635982,3.7674534960414516,3.9600888886937167,4.147899523040041,4.330656580752483,4.508137400507783,4.680125749265906,4.846412085716646,5.006793815573501,5.161075538403536,5.309069285692768,5.4505947498568155,5.585479503917919,5.7135592115806615,5.834677827450426,5.948687787150657,6.055450187107352,6.154834953781654,6.246721002144415,6.330996383199677,6.407558420377236,6.476313834628279,6.537178858071498,6.590079336051363,6.634950817484154,6.671738633381664,6.70039796345695,6.7208938907309514,6.733201444073433
