hough_viz/data/file_2_0_0.json
{"header": {"discipline": 0, "disciplineName": "Meteorological products", "gribEdition": 2, "gribLength": 133963, "center": 7, "centerName": "US National Weather Service - NCEP(WMC)", "subcenter": 0, "refTime": "2014-11-30T06:00:00.000Z", "significanceOfRT": 1, "significanceOfRTName": "Start of forecast", "productStatus": 0, "productStatusName": "Operational products", "productType": 1, "productTypeName": "Forecast products", "productDefinitionTemplate": 0, "productDefinitionTemplateName": "Analysis/forecast at horizontal level/layer at a point in time", "parameterCategory": 2, "parameterCategoryName": "Momentum", "parameterNumber": 3, "parameterNumberName": "V-component_of_wind", "parameterUnit": "m.s-1", "genProcessType": 2, "genProcessTypeName": "Forecast", "forecastTime": 6, "surface1Type": 100, "surface1TypeName": "Isobaric surface", "surface1Value": 85000, "surface2Type": 255, "surface2TypeName": "Missing", "surface2Value": 0, "gridDefinitionTemplate": 0, "gridDefinitionTemplateName": "Latitude_Longitude", "numberPoints": 65160, "shape": 6, "shapeName": "Earth spherical with radius of 6,371,229.0 m", "gridUnits": "degrees", "resolution": 48, "winds": "true", "scanMode": 0, "nx": 360, "ny": 181, "basicAngle": 0, "subDivisions": 0, "lo1": 0, "la1": 90, "lo2": 359, "la2": -90, "dx": 1, "dy": 1}, "data":
[rows 60 to 79 of 181, columns 315 to 359 of 360]
-28.887802949646286,-28.87020528061168,-28.817433713556845,-28.72955254250742,-28.606668837133267,-28.4489323123006,-28.25653514566747,-28.029711743544933,-27.768738455308963,-27.473933236711463,-27.145655262500025,-26.78430448881887,-26.39032116592389,-25.964185301805628,-25.506416077373206,-25.01757121391274,-24.49824629358952,-23.94907403382313,-23.370723516418586,-22.76389937239324,-22.12934092349258,-21.467821281440244,-20.780146406020904,-20.06715412314192,-19.329713104072056,-18.56872180709889,-17.78510738289618,-16.979824544933102,-16.153854406303488,-15.3082032843904,-14.44390147482314,-13.562001996221316,-12.663579307253354,-11.74972799757436,-10.821561454237122,-9.88021050520175,-8.92682204159545,-7.962557620403038,-6.988592049288138,-6.006111955271212,-5.016314339007462,-4.020405116425569,-3.0195976495053443,-2.0151112679824577,-1.0081697837837327
-28.54770256444555,-28.530312075376404,-28.478161795801075,-28.391315262802106,-28.269878285502273,-28.113998816152474,-27.923866769874735,-27.699713793279834,-27.441812982241625,-27.150478549171815,-26.826065440200445,-26.4689689027288,-26.07962400388126,-25.65850510044315,-25.206125260929824,-24.72303564049203,-24.209824809417963,-23.667118036051278,-23.09557652499773,-22.49589661154927,-21.868808913306935,-21.215077440035447,-20.535498662835508,-19.830900543765896,-19.102141527099803,-18.350109493442236,-17.57572067798467,-16.779918554213122,-15.963672684431572,-15.127977538499394,-14.27385128222277,-13.402334536877042,-12.5144891113695,-11.611396708589027,-10.694157607517635,-9.763889322710279,-8.821725242774956,-7.868813249513963,-6.906314319406198,-5.935401109136356,-4.9572565268935325,-3.9730722911794696,-2.9840474788835736,-1.991387064391836,-0.9963004515118996
-28.14341936783226,-28.126275157163118,-28.074863412735528,-27.98924677184071,-27.869529545167357,-27.715857589715142,-27.528418131090444,-27.307439535400757,-27.053191031025765,-26.765982380604104,-26.446163503635198,-26.094124050156303,-25.710292926013956,-25.295137770308326,-24.8491643856468,-24.372916121901735,-23.866973214222025,-23.331952076106205,-22.768504548397342,-22.177317105115492,-21.55911001709494,-20.91463647444482,-20.244681668903425,-19.55006183720255,-18.831623266609256,-18.090241263854743,-17.32681908870835,-16.54228685349417,-15.737600389892947,-14.91374008440823,-14.071709683916124,-13.212535072754925,-12.337263022842576,-11.446959918346579,-10.542710456459034,-9.625616325860438,-8.69679486448122,-7.7573776981982325,-6.808509362122416,-5.851345906159278,-4.887053486540272,-3.9168069450407503,-2.941788377616651,-1.9631856942020895,-0.9821911714248165
-27.692078915096793,-27.675209648836645,-27.624622402658634,-27.540378809329855,-27.422581506692058,-27.271374012613215,-27.086940550133136,-26.86950582301606,-26.619334741983703,-26.336732101962433,-26.022042210737503,-25.67564846946711,-25.297972905567114,-24.889475658535716,-24.450654419344165,-23.982043824077248,-23.484214802561336,-22.957773882774497,-22.40336245188547,-21.82165597482222,-21.213363171322133,-20.579225152465828,-19.920014517747934,-19.236534413783104,-18.52961755579609,-17.80012521308607,-17.048946159703082,-16.27699559161325,-15.485214011674,-14.674566083775968,-13.84603945754839,-13.00064356506071,-12.139408390984627,-11.263383217716644,-10.373635346989007,-9.471248799527181,-8.557322994337078,-7.632971409232978,-6.69932022423584,-5.757506949496594,-4.808679039415391,-3.853992494644836,-2.8946104536816857,-1.9317017757611865,-0.9664396167828689
-27.203191065225518,-27.186619616234207,-27.136925459018233,-27.054169138253357,-26.938451479768815,-26.789913467706516,-26.608736072753643,-26.3951400316577,-26.149385578292808,-25.871772126604835,-25.56263790582158,-25.2223595483726,-24.851351631020563,-24.450066169763417,-24.018992069122348,-23.558654526487178,-23.069614392243995,-22.552467486465567,-22.00784387299618,-21.43640709181599,-20.83885335061986,-20.215910676595225,-19.568338029433544,-18.896924376654326,-18.202487732370244,-17.48587416066253,-16.747956744782545,-15.989634523433944,-15.211831395432915,-14.415494994079632,-13.601595532612755,-12.771124622154613,-11.92509406358531,-11.064534614819456,-10.1904947349863,-9.30403930704403,-8.406248340383426,-7.498215655003404,-6.581047548859336,-5.655861450009598,-4.723784555201742,-3.785952456556552,-2.8435077580244137,-1.8975986832978196,-0.9493776768783926
-26.65054393893592,-26.634309147641922,-26.58562455335233,-26.504549470746003,-26.391182677322437,-26.24566229305661,-26.068165612121042,-25.858908886880197,-25.61814706442023,-25.346173475935323,-25.04331947934871,-24.70995405560415,-24.34648335911946,-23.95335022294998,-23.531033619264548,-23.08004807579192,-22.600943048947784,-22.09430225440692,-21.56074295593542,-21.00091521334994,-20.415501090520046,-19.80521382437816,-19.170796955950657,-18.51302342446715,-17.832694625653605,-17.130639435354702,-16.40771319967661,-15.664796692879099,-14.902795044288272,-14.122636635535653,-13.325271969467956,-12.511672512106305,-11.682829509064053,-10.839752777866938,-9.983469477645858,-9.115022857701943,-8.235470986467464,-7.345885462413076,-6.447350108469646,-5.540959651557153,-4.627818388828688,-3.709038842254161,-2.7857404031840765,-1.8590479685430332,-0.9300905703168014
-26.05015295798798,-26.034283908657553,-25.986696094658434,-25.907447494411638,-25.796634660129264,-25.65439260018047,-25.4808946146046,-25.27635208397176,-25.041014211848143,-24.775167721179944,-24.47913650496552,-24.15328123164171,-23.797998905664883,-23.413722383822257,-23.000919847862356,-22.560094234087945,-22.091782620605393,-21.5965555729779,-21.07501644907909,-20.527800663994473,-19.955574915866123,-19.359036373623404,-18.738911827590435,-18.09595680400357,-17.430954644519524,-16.74471555183382,-16.038075602573976,-15.311895728668492,-14.567060668434342,-13.804477888659465,-13.025076478993988,-12.229806019998119,-11.419635426224085,-10.595551765743185,-9.758559057555313,-8.909677048346689,-8.049939970085104,-7.18039527996821,-6.3021023842577755,-5.416131347556534,-4.523561589099416,-3.6254805676471813,-2.7229824565858287,-1.8171668108443289,-0.9091372272569963
-25.412552376381782,-25.397071736098273,-25.35064867602333,-25.273339755504725,-25.16523916355359,-25.02647860408959,-24.85722713548001,-24.657690964568168,-24.428113195442105,-24.168773533249784,-23.879987943421366,-23.56210826671404,-23.21552179054826,-22.840650777157713,-22.4379519491277,-22.00791593294924,-21.551066661266024,-21.06796073454341,-20.559186742936323,-20.025364549182882,-19.46714453339726,-18.885206800681377,-18.280260352522024,-17.653042222981295,-17.0043165807346,-16.33487379804842,-15.645529487833803,-14.93712350994726,-14.210518947951334,-13.466601057580043,-12.706276188190884,-11.93047067851826,-11.140129728071988,-10.3362162455575,-9.519709675719811,-8.691604806041205,-7.852910554745437,-7.0046487415868945,-6.147852842920152,-5.283566732568401,-4.412843410024124,-3.536743717531105,-2.65633504761197,-1.7726900426142769,-0.8868852878617167
-24.713268379236027,-24.698213723869568,-24.65306809954874,-24.57788650926263,-24.47276055019818,-24.33781830214309,-24.173224171440353,-23.97917869068445,-23.755918274403253,-23.5037149310234,-23.22287593146983,-22.91374343480358,-22.576694071353597,-22.212138483850833,-21.82052082712309,-21.402318226961096,-20.958040198813915,-20.48822802702311,-19.993454105350963,-19.474321239606944,-18.931461913221728,-18.365537516663363,-17.77723754163518,-17.167278741035975,-16.536404255707417,-15.885382709031056,-15.21500727047943,-14.526094689260857,-13.819484299236773,-13.096036996322514,-12.356634189618012,-11.602176727547082,-10.833583800311958,-10.051791820001807,-9.257753279718779,-8.45243559311207,-7.636819915732958,-6.811899949648498,-5.978680732768139,-5.138177414360028,-4.291414018248117,-3.4394221951965824,-2.5832399660026613,-1.7239104568276924,-0.8624806283092157
-23.966889525465398,-23.952289543930167,-23.908507387153023,-23.835596396947864,-23.733645404125195,-23.602778620265408,-23.44315548638616,-23.254970478688033,-23.038452871615203,-22.793866458519933,-22.521509230270922,-22.221713012197384,-21.894843059810945,-21.54129761379819,-21.16150741482551,-20.75593517874822,-20.325075032862316,-19.869451913886692,-19.38962092840843,-18.886166676571026,-18.359702539829225,-17.810869933637967,-17.240337525986824,-16.648800422730613,-16.036979320710444,-15.405619629695256,-14.755490564215128,-14.08738420639152,-13.402114540907608,-12.700516463293157,-11.983444762732695,-11.251773080637044,-10.50639284624541,-9.74821219055638,-8.97815483991009,-8.197158990570188,-7.406176165675738,-6.6061700559574374,-5.798115345628441,-4.982996524881954,-4.161806690441715,-3.3355463356263053,-2.5052221314025447,-1.6718456999114715,-0.8364323819632296
-23.184690697825506,-23.170567210681767,-23.12821395654408,-23.0576825363286,-22.959058881706312,-22.832463150408575,-22.678049579833402,-22.496006299130944,-22.286555099997113,-22.04995116645458,-21.78648276395032,-21.4964708881486,-21.18026887384715,-20.83826196449326,-20.47086684282379,-20.078531123201664,-19.661732806266514,-19.220979696564715,-18.756808783867598,-18.26978558893222,-17.760503474501505,-17.229582922382896,-16.677670777487215,-16.105439459747345,-15.513586144878573,-14.902831914976993,-14.27392087999235,-13.627619271144328,-12.96471450738824,-12.286014236066146,-11.59234534891275,-10.88455297461565,-10.163499449155836,-9.430063265184302,-8.685138001713991,-7.929631235431618,-7.164463434954851,-6.390566839383619,-5.608884322509957,-4.820368244071674,-4.025979289448837,-3.2266852992163346,-2.423460089979585,-1.617282267928524,-0.8091340365573094
-22.344574021467185,-22.33096231070349,-22.290143762185252,-22.222168107026228,-22.127118163091374,-22.00510973409606,-21.856291468517053,-21.680844678487272,-21.478983118894853,-21.250952726955774,-20.997031322577236,-20.71752826987686,-20.412784100270212,-20.083170097585764,-19.72908784571257,-19.350968739332412,-18.94927345833158,-18.524491406533603,-18.07714011543592,-17.607764613677524,-17.116936763005636,-16.605254561549945,-16.073341415254454,-15.52184537835285,-14.951438363814743,-14.36281532472283,-13.756693407579899,-13.133811078575942,-12.494927223881241,-11.8408202250603,-11.172287010733589,-10.49014208564322,-9.795216538304011,-9.08835702845032,-8.370424755511502,-7.642294409373259,-6.904853104702332,-6.158999300134447,-5.40564170364046,-4.645698165405821,-3.8800945595716168,-3.1097636561992847,-2.335643984834321,-1.5586786910521333,-0.7798143873810247
-21.459481646138414,-21.446409109735374,-21.407207427398195,-21.341924360338247,-21.250639445916665,-21.13346390074029,-20.990540485161432,-20.822043329346293,-20.62817772112424,-20.409179855876193,-20.165316548766913,-19.896884909671854,-19.60421198119451,-19.28765434021547,-18.94759766345824,-18.58445625760178,-18.198672554511447,-17.790716572204058,-17.361085342203253,-16.910302303983137,-16.438916667238047,-15.947502742754873,-15.436659242704188,-14.90700855120128,-14.359195966027402,-13.793888912433466,-13.211776129985493,-12.61356683344117,-11.999989848681324,-11.371792724747655,-10.729740823069204,-10.074616384987745,-9.407217578716867,-8.728357526897106,-8.038863315931192,-7.339574988306855,-6.631344519134051,-5.915034778145036,-5.191518478420109,-4.461677113121308,-3.7263998815288804,-2.98658260568867,-2.243126638991286,-1.4969377680113867,-0.7489251089468277
-20.541049198915456,-20.52853614674405,-20.491012235456417,-20.428523182158347,-20.341145120135586,-20.228984506097145,-20.092177990474216,-19.93089225093265,-19.745323789301917,-19.535698692167887,-19.302272355421152,-19.045329173096462,-18.7651821908824,-18.4621727247235,-18.136669944979197,-17.789070426646784,-17.41979766619573,-17.029301565602555,-16.618057884214508,-16.186567659110107,-15.735356594662735,-15.264974422050592,-14.775994229494282,-14.26901176403671,-13.744644705717448,-13.203531915024463,-12.646332654541249,-12.073725785736631,-11.486408941876975,-10.885097678067362,-10.270524599457724,-9.643438468676713,-9.004603293579441,-8.354797396421747,-7.694812465594362,-7.025452591072712,-6.347533284756786,-5.661880486895964,-4.969329559807687,-4.270724270117291,-3.5669157607584348,-2.8587615139863103,-2.147124306667919,-1.4328711591209258,-0.7168722787834986
-19.57011110432725,-19.558189521409204,-19.522439297267457,-19.462903988043237,-19.379656128340113,-19.27279714285179,-19.142457222791716,-18.988795167275164,-18.811998189846946,-18.612281690390585,-18.38988899269669,-18.145091048010443,-17.878186104919187,-17.589499345982574,-17.279382491547512,-16.948213371231347,-16.596395463594458,-16.224357404563932,-15.832552465206625,-15.421457999488188,-14.991574862690914,-14.54342680119849,-14.077559814392018,-13.594541489433507,-13.094960309748732,-12.579424938050513,-12.048563474777193,-11.503022692848734,-10.943467249673846,-10.370578877367194,-9.785055552163623,-9.187610644042037,-8.57897204759361,-7.9598812951945295,-7.33109265356294,-6.693372204801303,-6.047496913043001,-5.394253677841677,-4.734438375454981,-4.068854889192085,-3.3983141300057915,-2.723633048522214,-2.04563363971259,-1.3651419414186132,-0.6829870279530833
-18.55786006009076,-18.54655511315875,-18.51265404569916,-18.456198160940637,-18.377256241682396,-18.275924466492985,-18.152326292531498,-18.006612305134077,-17.838960034348837,-17.64957373864289,-17.438684156044825,-17.206548223025994,-16.95344876146296,-16.679694134062693,-16.38561786866996,-16.071578251915216,-15.737957892697342,-15.385163256033803,-15.01362416784551,-14.623793291280194,-14.216145575212163,-13.79117767559005,-13.349407350338343,-12.891372828548764,-12.417632154731379,-11.92876250892303,-11.425359503482612,-10.908036457428864,-10.377423649205944,-9.834167548786095,-9.278930030045377,-8.712387564372676,-8.135230396493213,-7.548161703511802,-6.951896738199805,-6.347161957569977,-5.734694137800136,-5.11523947658533,-4.489552684010542,-3.858396063052833,-3.2225385808326763,-2.5827549317457574,-1.9398245936174703,-1.294530878028867,-0.6476599759726467
-17.51582594840267,-17.50515578049668,-17.473158276734694,-17.419872421146206,-17.345363134338193,-17.249721194399363,-17.133063126301007,-16.995531059929316,-16.837292556921962,-16.6585404065201,-16.45949239068433,-16.240391018760945,-16.001503232021655,-15.743120078436792,-15.465556358078073,-15.169150239583375,-14.854262848150205,-14.521277825560361,-14.170600862771444,-13.80265920564495,-13.417901134413082,-13.01679541751811,-12.599830740490566,-12.167515110560826,-11.720375237730911,-11.258955893059207,-10.783819244941059,-10.295544174192916,-9.79472556877552,-9.281973599014439,-8.75791297420133,-8.223182181482262,-7.678432707959166,-7.124328246953313,-6.561543889397155,-5.990765301340179,-5.412687888570114,-4.828015949368509,-4.237461816431443,-3.64174498900198,-3.04159125627126,-2.4377318131159607,-1.8309023692502386,-1.221842252876414,-0.6112935099278927
-16.42821887809827,-16.41821125103335,-16.38820056259062,-16.338223376171143,-16.268340581278185,-16.178637319332697,-16.069222879941638,-15.940230567745406,-15.791817540006654,-15.624164615138422,-15.437476052404708,-15.231979303062028,-15.007924733245101,-14.765585318934326,-14.505256313376458,-14.227254887364204,-13.931919742812294,-13.619610700101504,-13.29070825969284,-12.945613138546387,-12.584745781909486,-12.208545851068772,-11.817471687690896,-11.411999755403489,-10.992624059297949,-10.559855544060067,-10.114221471462837,-9.656264777978969,-9.186543413296695,-8.7056296605439,-8.214109439049132,-7.712581590489474,-7.20165714929392,-6.681958598192196,-6.154119109815365,-5.618781775272656,-5.0765988206437065,-4.528230812341931,-3.9743458523158006,-3.4156187640696434,-2.8527302704952326,-2.2863661645156066,-1.7172164735522844,-1.1459746188328008,-0.5733365705641856
-15.304506547119566,-15.295183455244986,-15.267225538372593,-15.220666858917498,-15.155564141458811,-15.071996703629445,-14.970066359479826,-14.849897295433127,-14.711635918983259,-14.555450680319904,-14.381531867097882,-14.19009137260096,-13.981362437582526,-13.7555993660977,-13.513077215672913,-13.254091462190814,-12.9789576398983,-12.688010956976747,-12.381605887142378,-12.060115737774689,-11.723932195098971,-11.373464846976804,-11.00914068388659,-10.631403578701137,-10.240713745897242,-9.837547180854973,-9.422395079930851,-8.995763242010486,-8.558171452270832,-8.110152848901883,-7.65225327355978,-7.185030606343122,-6.709054086101756,-6.224903616907033,-5.733169061527978,-5.234449522774496,-4.729352613582599,-4.218493716732002,-3.7024952350967095,-3.181985833343095,-2.6575996719989217,-2.1299756348262373,-1.599756550440166,-1.067588409120935,-0.5341195757746323
-14.155577243466878,-14.146954048281057,-14.121094968758616,-14.078031510204676,-14.017816138810067,-13.940522217729363,-13.846243917699185,-13.735096102305667,-13.607214188040844,-13.462753979318563,-13.30189147865076,-13.124822672215524,-12.931763291078136,-12.722948548356015,-12.498632852647688,-12.25908949807522,-12.004610331317313,-11.73550539603917,-11.45210255515198,-11.154747091362488,-10.843801286499271,-10.519643980127963,-10.18267010799384,-9.83329022085317,-9.471929984280656,-9.099029660061241,-8.715043569799155,-8.320439541396777,-7.915698339078664,-7.501313077654283,-7.077788621733436,-6.645640970626791,-6.205396629679951,-5.7575919688079225,-5.30277256901093,-4.841492557668142,-4.374313933418545,-3.9018058814525087,-3.4245440800470432,-2.943109999190594,-2.4580901921514964,-1.9700755808530057,-1.4796607359261742,-0.9874431523168306,-0.4940225213303966
