hough_viz/data/file_3_2_0.json
{"header": {"discipline": 0, "disciplineName": "Meteorological products", "gribEdition": 2, "gribLength": 133963, "center": 7, "centerName": "US National Weather Service - NCEP(WMC)", "subcenter": 0, "refTime": "2014-11-30T06:00:00.000Z", "significanceOfRT": 1, "significanceOfRTName": "Start of forecast", "productStatus": 0, "productStatusName": "Operational products", "productType": 1, "productTypeName": "Forecast products", "productDefinitionTemplate": 0, "productDefinitionTemplateName": "Analysis/forecast at horizontal level/layer at a point in time", "parameterCategory": 2, "parameterCategoryName": "Momentum", "parameterNumber": 2, "parameterNumberName": "U-component_of_wind", "parameterUnit": "m.s-1", "genProcessType": 2, "genProcessTypeName": "Forecast", "forecastTime": 6, "surface1Type": 100, "surface1TypeName": "Isobaric surface", "surface1Value": 85000, "surface2Type": 255, "surface2TypeName": "Missing", "surface2Value": 0, "gridDefinitionTemplate": 0, "gridDefinitionTemplateName": "Latitude_Longitude", "numberPoints": 65160, "shape": 6, "shapeName": "Earth spherical with radius of 6,371,229.0 m", "gridUnits": "degrees", "resolution": 48, "winds": "true", "scanMode": 0, "nx": 360, "ny": 181, "basicAngle": 0, "subDivisions": 0, "lo1": 0, "la1": 90, "lo2": 359, "la2": -90, "dx": 1, "dy": 1}, "data":
[rows 38 to 56 of 181, columns 215 to 257 of 360]
7.756867168039527,9.26131141965929,10.740371060423628,12.189992090665388,13.606201199902593,14.985116657406268,16.32295895175472,17.61606115021139,18.86087894953272,20.054000390657,21.192155210646973,22.272223806253166,23.291245784529757,24.24642807706559,25.135152595590732,25.954983407974407,26.703673414945566,27.37917050923597,27.97962320026337,28.503385688938604,28.949022378686504,29.315311810316302,29.601250009956352,29.806053240876775,29.92916015165732,29.970233314812585,29.92916015165732,29.806053240876775,29.60125000995636,29.31531181031631,28.949022378686514,28.503385688938614,27.97962320026338,27.37917050923601,26.703673414945605,25.954983407974417,25.135152595590753,24.2464280770656,23.29124578452977,22.27222380625322,21.192155210646987,20.05400039065702,18.86087894953274
7.764571353075599,9.27050983124841,10.751038486359002,12.202099292274008,13.619714992186417,14.999999999999975,16.339171050450794,17.633557568774183,18.879611731495118,20.073918190765745,21.213203435596434,22.294344764321803,23.314378843709115,24.270509831248418,25.160117038362714,25.980762113533153,26.730195725651015,27.406363729278013,28.007412794916043,28.531695488854602,28.977774788672043,29.34442802201417,29.630650217854125,29.8356568610482,29.958886042637214,30.0,29.958886042637214,29.8356568610482,29.630650217854136,29.344428022014174,28.977774788672054,28.531695488854613,28.007412794916053,27.406363729278045,26.73019572565105,25.98076211353317,25.160117038362735,24.270509831248425,23.31437884370913,22.29434476432186,21.21320343559645,20.073918190765774,18.879611731495142
7.752584060284389,9.25619760322993,10.734440551935423,12.183261145229874,13.598688266573355,14.976842328611335,16.313945906854187,17.60633409333483,18.850464541866916,20.042927177369474,21.180453542645644,22.25992575699666,23.278385062116257,24.233039931841297,25.12127372353111,25.940651850103055,26.688928453066445,27.36405255826467,27.964173697452665,28.48764698030183,28.933037602930042,29.29912478059941,29.58490509380234,29.7895952385647,29.912634173427545,29.953684657222723,29.912634173427545,29.78959523856471,29.58490509380236,29.299124780599417,28.933037602930053,28.48764698030184,27.964173697452676,27.364052558264707,26.688928453066485,25.94065185010307,25.12127372353113,24.23303993184131,23.278385062116275,22.259925756996715,21.180453542645665,20.042927177369496,18.850464541866938
7.703240041079076,9.197283312362481,10.666117469382021,12.105716539810723,13.512134682661841,14.881517003564703,16.2101101207624,17.494272452870035,18.730484200196315,19.915356992269857,21.045643175127076,22.118244712905952,23.13022167934713,24.078800315927214,24.96138063453823,25.775543543874264,26.519057479992593,27.189884522875357,27.78618598222663,28.306327437194717,28.74888321620616,29.112640304632343,29.396601669578338,29.599988992680757,29.72224480342425,29.76303400712946,29.72224480342425,29.599988992680764,29.396601669578356,29.112640304632354,28.748883216206163,28.306327437194728,27.78618598222664,27.189884522875396,26.519057479992625,25.775543543874278,24.961380634538248,24.078800315927225,23.130221679347144,22.118244712906,21.045643175127086,19.915356992269874,18.73048420019634
7.632847967396479,9.113238697219883,10.568650673227658,11.995094712358018,13.388661030650617,14.745529959692576,16.061982416064282,17.334410095088263,18.55932536094168,19.733370806023643,20.853328453376086,21.916128576934874,22.91885811543574,23.85876865691249,24.733283971903315,25.540007074716645,26.276726793402283,26.941423830420103,27.53227629739416,28.04766470878212,28.486176420772573,28.846609503243535,29.127976034169343,29.329504807446284,29.450643446714903,29.491059919385204,29.450643446714903,29.329504807446288,29.127976034169354,28.846609503243542,28.48617642077258,28.047664708782122,27.53227629739417,26.941423830420142,26.27672679340231,25.54000707471666,24.73328397190333,23.8587686569125,22.918858115435757,21.916128576934923,20.8533284533761,19.73337080602366,18.5593253609417
7.543035286509333,9.006006848444963,10.444293571608865,11.853953212066934,13.23112199072891,14.572025183698267,15.872987468528203,17.130442998024737,18.340945173986178,19.50117609408919,20.60795564602843,21.658250223983305,22.649181043520795,23.578032032143263,24.44225727385454,25.239487987338652,25.967539018624738,26.624414830442305,27.208314971850026,27.717639013146684,28.150990932537773,28.50718294253416,28.78523874559504,28.98439621009167,29.10410945925712,29.144050367396588,29.10410945925712,28.98439621009167,28.785238745595063,28.507182942534165,28.150990932537784,27.717639013146695,27.208314971850044,26.624414830442348,25.967539018624777,25.239487987338666,24.44225727385455,23.57803203214328,22.649181043520812,21.658250223983355,20.607955646028447,19.501176094089207,18.340945173986196
7.417763682054523,8.856438818496398,10.270839071740289,11.65708766900581,13.011384999244816,14.330019027611126,15.609375469890212,16.84594769900071,18.03634635641572,19.177308642158856,20.265707257912215,21.29855897872364,22.2730328298191,23.186457846107558,24.036330393110752,24.820321029251275,25.536280890689955,26.1822475812124,26.756450551020464,27.257315949686248,27.683470939966742,28.033747460655263,28.307185428156014,28.503035368006525,28.620760469135032,28.660038055222305,28.620760469135032,28.503035368006525,28.30718542815603,28.03374746065527,27.683470939966753,27.25731594968626,26.756450551020478,26.182247581212444,25.536280890689994,24.82032102925129,24.03633039311077,23.18645784610757,22.273032829819115,21.29855897872369,20.265707257912233,19.177308642158877,18.03634635641574
7.272372450634391,8.682848960284362,10.069526384471622,11.428603936763244,12.756356480056716,14.049144736921777,15.303425264607055,16.515760167370097,17.682826519510783,18.8014254732797,19.868491026697413,20.881098427252795,21.836472188446464,22.731993697206175,23.56520839132334,24.33383248723745,25.035759239727977,25.66906471635672,26.23201307083274,26.72306130084648,27.14086347733181,27.48427443356407,27.752352903982413,27.944364104133335,28.059781744663777,28.098289473843604,28.059781744663777,27.944364104133346,27.752352903982427,27.484274433564078,27.14086347733182,26.72306130084649,26.23201307083275,25.66906471635675,25.03575923972801,24.333832487237466,23.565208391323363,22.731993697206182,21.836472188446475,20.88109842725284,19.868491026697427,18.801425473279718,17.682826519510808
7.1089122389317785,8.487685643379974,9.843194891451459,11.171724626517566,12.469633440919445,13.733363856813313,14.959452076970114,16.14453747880271,17.285371825598943,18.378828169712676,19.42190942330991,20.411756573178184,21.345656517083217,22.22104950019332,23.035536131189602,23.786883958830774,24.473033590946805,25.092104339089776,25.642399373370097,26.122410373349325,26.530821662241696,26.866513813092663,27.12856671705041,27.316262105320277,27.429085517889565,27.466727713626675,27.429085517889565,27.316262105320284,27.128566717050422,26.86651381309267,26.530821662241706,26.122410373349336,25.642399373370104,25.09210433908981,24.473033590946837,23.786883958830792,23.035536131189616,22.22104950019333,21.345656517083235,20.411756573178234,19.421909423309923,18.378828169712694,17.28537182559896
6.913720830904285,8.254636865178286,9.572927513577604,10.86497943306824,12.127251199148299,13.35628301264634,14.548706182790612,15.701252360556024,16.810762496981823,17.874195501905163,18.88863657937788,19.851305216919524,20.759562806708924,21.610919877824657,22.403042919711893,23.13376077817262,23.801070606348347,24.403143354384227,24.938328782727442,25.40515998531918,25.802357410282173,26.128832367083454,26.383690010559427,26.56623179362427,26.675957381938915,26.712566025292734,26.675957381938915,26.566231793624272,26.383690010559445,26.12883236708346,25.80235741028218,25.405159985319187,24.938328782727453,24.403143354384262,23.80107060634838,23.13376077817263,22.403042919711904,21.61091987782467,20.759562806708942,19.85130521691957,18.8886365793779,17.874195501905184,16.81076249698184
6.700470187870323,8.000026263656375,9.277654823528746,10.529853976411712,11.753191531466506,12.944314405487836,14.099957813472026,15.216954217165542,16.292242007067323,17.322873894087593,18.306024987862365,19.239000539581575,20.11924332810835,20.94434066914424,21.71203102822927,22.4202102194507,23.066937172870297,23.65043925486222,24.16911712677845,24.621549128624906,25.0064951757327,25.322900157743977,25.56989683059608,25.74680819357725,25.853149344938537,25.888628810975717,25.853149344938537,25.746808193577262,25.56989683059609,25.322900157743984,25.006495175732706,24.621549128624913,24.169117126778456,23.650439254862253,23.066937172870325,22.42021021945071,21.712031028229283,20.94434066914425,20.11924332810836,19.239000539581617,18.306024987862383,17.322873894087607,16.292242007067344
6.471459216675278,7.726598618602091,8.960559950784598,10.169961010982892,11.351486914955402,12.501899182326163,13.61804461303456,14.696863930037312,15.735400164574312,16.73080676101447,17.680355379066807,18.581443371971524,19.431600920173988,20.228497800928277,20.969949775275865,21.653924574892756,22.27854747239569,22.842106419839652,23.343056741322187,23.780025366832735,24.15181459574209,24.457405379616574,24.69596011535891,24.866824941020205,24.96953152798997,25.00379836465237,24.96953152798997,24.86682494102021,24.695960115358922,24.457405379616578,24.151814595742103,23.780025366832746,23.343056741322197,22.84210641983968,22.27854747239572,21.65392457489277,20.96994977527588,20.228497800928288,19.431600920174006,18.58144337197157,17.68035537906682,16.730806761014488,15.73540016457433
6.2159275389646975,7.421506576467275,8.60674378030635,9.76839049769103,10.903262735714037,12.008249888454916,13.08032326293479,14.116544380553085,15.114073031253252,16.07017505834109,16.982229852618186,17.847737535289546,18.664325809957738,19.429756464922217,20.141931507962152,20.798898916787255,21.39885798939516,21.94016427967054,22.42133410469746,22.841048611431233,23.19815739158289,23.491681634808373,23.720816811559605,23.884934878244117,23.983585998648827,24.016499776909875,23.983585998648827,23.88493487824412,23.720816811559615,23.491681634808376,23.1981573915829,22.841048611431244,22.421334104697472,21.94016427967057,21.398857989395193,20.798898916787262,20.141931507962163,19.429756464922225,18.664325809957756,17.847737535289593,16.9822298526182,16.070175058341107,15.11407303125327
5.9453895938426236,7.098497801618873,8.232149520331417,9.34323748941843,10.42871629398742,11.48561071208574,12.511023869577278,13.502145180272914,14.456258049552021,15.370747320359488,16.243106441169395,17.07094433626851,17.851991959528736,18.58410851370464,19.26528731821002,19.89366130928989,20.467508157512423,20.98525498855428,21.4454826943397,21.846929822717158,22.188496035012022,22.469245121978368,22.688407569883445,22.845382669691347,22.939740163564704,22.97122142417152,22.939740163564704,22.845382669691347,22.688407569883456,22.46924512197837,22.18849603501203,21.84692982271717,21.44548269433971,20.98525498855431,20.467508157512448,19.8936613092899,19.26528731821003,18.58410851370465,17.851991959528746,17.07094433626855,16.243106441169406,15.370747320359502,14.45625804955204
5.662164607068319,6.760341333611615,7.839988434465043,8.898146671970519,9.931915707950715,10.93846205333438,11.915026834553062,12.8589333554216,13.76759443377642,14.638519492762018,15.469321387328968,16.257722947232566,17.001563218598296,17.698803386946018,18.347532365438855,18.945972033039368,19.492482108215665,19.985564644839187,20.423868137950763,20.806191228141888,21.131485994397295,21.398860826373642,21.607582868241465,21.75708002739212,21.846942542503783,21.8769241066688,21.846942542503783,21.757080027392124,21.607582868241476,21.398860826373646,21.131485994397302,20.806191228141895,20.423868137950773,19.985564644839208,19.492482108215693,18.945972033039375,18.347532365438866,17.69880338694603,17.00156321859831,16.257722947232605,15.469321387328982,14.638519492762036,13.767594433776438
5.358673232616273,6.397987812390856,7.419765952290351,8.42120702945623,9.39956616350529,10.352161740055983,11.276382760847154,12.169696000302604,13.029652948926417,13.853896524497294,14.640167532667066,15.386310859255337,16.090281377267775,16.750149552446864,17.364106731991313,17.930470101947638,18.447687299686198,18.91434066881936,19.32915114489899,19.690981761243275,19.998840765283347,20.25188433688816,20.44941890121677,20.590903029758834,20.675948924352454,20.704323480112006,20.675948924352454,20.590903029758838,20.44941890121678,20.25188433688816,19.998840765283354,19.690981761243275,19.329151144899,18.91434066881938,18.447687299686223,17.93047010194765,17.364106731991324,16.75014955244687,16.090281377267786,15.386310859255374,14.640167532667078,13.853896524497308,13.029652948926431
5.044004249858689,6.022288785929126,6.984066647041493,7.926701666930836,8.847610148529403,9.744267945700662,10.614217381748542,11.455073985738258,12.264533028165493,13.040375838059763,13.780475884207323,14.482804603825382,15.145436962711784,15.766556731629809,16.344461464466356,16.877567164518386,17.364412626117762,17.803663439694496,18.194115649300493,18.534699052569238,18.824480134066018,19.062664623988898,19.248599675206986,19.3817756526691,19.46182753027795,19.48853589140136,19.46182753027795,19.381775652669102,19.248599675206993,19.0626646239889,18.82448013406603,18.534699052569245,18.194115649300503,17.80366343969452,17.36441262611779,16.877567164518396,16.344461464466363,15.766556731629816,15.145436962711795,14.482804603825416,13.780475884207336,13.040375838059779,12.264533028165506
4.720242625985421,5.635733600766306,6.535777421482527,7.417907130582784,8.279704871850516,9.118808517579708,9.93291814300285,10.719802330224697,11.47730428438372,12.20334774527689,12.895942678244552,13.553190728717109,14.173290425473013,14.75454211834603,15.295352636848316,15.794239656939922,16.249835763975973,16.660892200695226,17.026282289976784,17.345004522983892,17.616185304229976,17.839081346043198,18.01308170586625,18.137709460807482,18.21262301485337,18.237617035159445,18.21262301485337,18.137709460807486,18.013081705866256,17.8390813460432,17.616185304229987,17.3450045229839,17.026282289976795,16.660892200695248,16.249835763975998,15.794239656939926,15.295352636848326,14.754542118346043,14.173290425473024,13.553190728717142,12.895942678244559,12.2033477452769,11.477304284383731
4.383023234639042,5.233110514364259,6.068854201918653,6.887963581946473,7.688193532572657,8.467350679125811,9.223299406025838,9.95396771035763,10.657352881087142,11.331526988353112,11.974642167788788,12.584935685389706,13.160734769045145,13.70046119349009,14.202635606111057,14.66588158174877,15.088929395383827,15.470619502364775,15.809905716639316,16.10585807827762,16.357665402427834,16.564637502717375,16.7262070830058,16.841931292304103,16.9114929385985,16.934701358251655,16.9114929385985,16.841931292304107,16.726207083005807,16.56463750271738,16.35766540242784,16.105858078277627,15.809905716639324,15.470619502364794,15.08892939538385,14.665881581748778,14.202635606111066,13.700461193490096,13.160734769045156,12.584935685389738,11.974642167788797,11.331526988353124,10.657352881087155
