hough_viz/data/file_5_3_2.json
{"header": {"discipline": 0, "disciplineName": "Meteorological products", "gribEdition": 2, "gribLength": 133963, "center": 7, "centerName": "US National Weather Service - NCEP(WMC)", "subcenter": 0, "refTime": "2014-11-30T06:00:00.000Z", "significanceOfRT": 1, "significanceOfRTName": "Start of forecast", "productStatus": 0, "productStatusName": "Operational products", "productType": 1, "productTypeName": "Forecast products", "productDefinitionTemplate": 0, "productDefinitionTemplateName": "Analysis/forecast at horizontal level/layer at a point in time", "parameterCategory": 2, "parameterCategoryName": "Momentum", "parameterNumber": 2, "parameterNumberName": "U-component_of_wind", "parameterUnit": "m.s-1", "genProcessType": 2, "genProcessTypeName": "Forecast", "forecastTime": 6, "surface1Type": 100, "surface1TypeName": "Isobaric surface", "surface1Value": 85000, "surface2Type": 255, "surface2TypeName": "Missing", "surface2Value": 0, "gridDefinitionTemplate": 0, "gridDefinitionTemplateName": "Latitude_Longitude", "numberPoints": 65160, "shape": 6, "shapeName": "Earth spherical with radius of 6,371,229.0 m", "gridUnits": "degrees", "resolution": 48, "winds": "true", "scanMode": 0, "nx": 360, "ny": 181, "basicAngle": 0, "subDivisions": 0, "lo1": 0, "la1": 90, "lo2": 359, "la2": -90, "dx": 1, "dy": 1}, "data":
[rows 100 to 119 of 181, columns 90 to 134 of 360]
5.005576645924779e-15,-1.4249488122114817,-2.8390529035544225,-4.2315500880343,-5.591842621264436,-6.90957785569986,-8.17472703053623,-9.37766159663508,-10.509226495596652,-11.5608098352823,-12.52440843151357,-13.392688717136474,-14.159042554895434,-14.817637529347971,-15.363461335068017,-15.792359923316603,-16.10106911686111,-16.287239452334966,-16.349454061072485,-16.287239452334966,-16.101069116861115,-15.792359923316596,-15.36346133506802,-14.817637529347982,-14.159042554895422,-13.392688717136494,-12.5244084315136,-11.56080983528229,-10.50922649559666,-9.377661596635116,-8.17472703053624,-6.909577855699872,-5.5918426212644485,-4.2315500880343135,-2.8390529035544336,-1.424948812211494,-7.00780730429469e-15,1.42494881221148,2.8390529035544207,4.231550088034298,5.591842621264435,6.909577855699859,8.17472703053623,9.377661596635104,10.509226495596652
5.172023376256856e-15,-1.472331578965493,-2.9334578255969506,-4.372258686905351,-5.777784019564426,-7.139336927113238,-8.446555169797222,-9.689490027469592,-10.858682015358879,-11.945232876459835,-12.94087330264208,-13.838025869078303,-14.629862703022381,-15.310357448043817,-15.874331128239055,-16.31749156336519,-16.636466034923327,-16.82882695458286,-16.893110339594468,-16.82882695458286,-16.636466034923327,-16.317491563365184,-15.874331128239062,-15.310357448043824,-14.62986270302237,-13.838025869078324,-12.940873302642109,-11.945232876459828,-10.858682015358887,-9.689490027469628,-8.446555169797232,-7.13933692711325,-5.7777840195644385,-4.372258686905363,-2.933457825596962,-1.4723315789655056,-7.2408327267596e-15,1.472331578965491,2.9334578255969483,4.372258686905348,5.7777840195644234,7.139336927113237,8.44655516979722,9.689490027469615,10.858682015358875
5.23967216132683e-15,-1.4915893114410286,-2.971826727575746,-4.429446747875571,-5.853356003850992,-7.2327176862841185,-8.55703401989028,-9.81622615772667,-11.000710887303345,-12.101473564616825,-13.11013672103401,-14.019023820887156,-14.821217684545346,-15.510613132328206,-16.081963448609777,-16.530920312492402,-16.854066891154364,-17.048943844010815,-17.11406803978059,-17.048943844010815,-16.854066891154364,-16.530920312492395,-16.081963448609784,-15.51061313232821,-14.821217684545335,-14.019023820887178,-13.110136721034033,-12.101473564616814,-11.000710887303358,-9.816226157726703,-8.557034019890292,-7.232717686284131,-5.853356003851005,-4.429446747875583,-2.9718267275757575,-1.4915893114410412,-7.33554102585756e-15,1.4915893114410266,2.9718267275757446,4.429446747875568,5.85335600385099,7.232717686284116,8.55703401989028,9.81622615772669,11.000710887303345
5.243823437597839e-15,-1.4927710646355086,-2.974181240109334,-4.4329561004861935,-5.857993488246276,-7.2384480084076275,-8.563813568530591,-9.824003336425026,-11.009426507033865,-12.111061294250721,-13.120523592159536,-14.03013078314329,-14.832960207242746,-15.522901847778819,-16.094704832268896,-16.54401739473692,-16.867419995280166,-17.062451344832677,-17.127627137061207,-17.062451344832677,-16.86741999528017,-16.544017394736915,-16.0947048322689,-15.522901847778826,-14.832960207242735,-14.030130783143314,-13.12052359215956,-12.111061294250709,-11.009426507033874,-9.82400333642506,-8.563813568530602,-7.238448008407639,-5.857993488246288,-4.432956100486207,-2.9741812401093464,-1.4927710646355212,-7.341352812636974e-15,1.4927710646355066,2.974181240109332,4.432956100486191,5.857993488246275,7.238448008407626,8.563813568530591,9.824003336425047,11.009426507033863
5.159881713446288e-15,-1.4688751843832075,-2.9265713416821777,-4.361994523958855,-5.764220294063903,-7.122576867199747,-8.426726329646703,-9.666743316528576,-10.833190549832462,-11.917190661792848,-12.910493757020484,-13.805540199187952,-14.59551814442652,-15.274415383571176,-15.837065098702686,-16.279185185751707,-16.59741084389639,-16.78932018372835,-16.85345265929344,-16.78932018372835,-16.597410843896395,-16.2791851857517,-15.83706509870269,-15.274415383571187,-14.595518144426512,-13.805540199187972,-12.910493757020513,-11.917190661792835,-10.833190549832473,-9.66674331652861,-8.426726329646716,-7.12257686719976,-5.764220294063914,-4.361994523958868,-2.92657134168219,-1.4688751843832197,-7.223834398824803e-15,1.4688751843832053,2.926571341682176,4.3619945239588525,5.7642202940639,7.122576867199745,8.426726329646701,9.6667433165286,10.833190549832462
4.9750180120587476e-15,-1.4162496168718886,-2.821720719004488,-4.205716822663909,-5.557704881821609,-6.867395450994686,-8.124820994138947,-9.320411743616765,-10.445068531907175,-11.490232041764978,-12.44794794779311,-13.310927453662083,-14.07260276425096,-14.727177070533996,-15.26966866679762,-15.695948864428889,-16.002773413728807,-16.187807194611477,-16.249641988277926,-16.187807194611477,-16.00277341372881,-15.695948864428885,-15.269668666797623,-14.727177070534001,-14.072602764250949,-13.310927453662107,-12.447947947793136,-11.490232041764967,-10.445068531907184,-9.320411743616798,-8.12482099413896,-6.867395450994697,-5.5577048818216195,-4.205716822663922,-2.821720719004499,-1.4162496168719008,-6.965025216882247e-15,1.4162496168718868,2.8217207190044857,4.205716822663907,5.557704881821606,6.867395450994684,8.124820994138947,9.320411743616786,10.445068531907175
4.728793090373153e-15,-1.3461562121532935,-2.6820673627007614,-3.9975663611415237,-5.282641465777436,-6.527512479112653,-7.722705181062026,-8.859123433486635,-9.928118407297427,-10.921554405266908,-11.83187077959742,-12.652139473016303,-13.376117745474861,-13.998295685169616,-14.5139381422982,-14.919120766408438,-15.210759873074887,-15.386635912599312,-15.445410362124079,-15.386635912599312,-15.210759873074887,-14.919120766408433,-14.513938142298205,-13.998295685169623,-13.37611774547485,-12.652139473016323,-11.831870779597445,-10.921554405266898,-9.928118407297438,-8.859123433486669,-7.722705181062036,-6.527512479112664,-5.282641465777446,-3.9975663611415353,-2.6820673627007716,-1.346156212153305,-6.620310326522415e-15,1.3461562121532917,2.6820673627007596,3.997566361141522,5.282641465777433,6.527512479112651,7.722705181062026,8.859123433486655,9.928118407297426
4.401047060633294e-15,-1.2528560094353791,-2.496177028143818,-3.7205006324351815,-4.9165089804140125,-6.075099726382604,-7.187455295187914,-8.245109989292681,-9.240014417845403,-10.164596757405088,-11.011820378089558,-11.775237396577847,-12.449037748395453,-13.028093406013241,-13.507997406233397,-13.885097389840276,-14.156523398259436,-14.320209715675311,-14.374910590375851,-14.320209715675311,-14.156523398259436,-13.88509738984027,-13.507997406233397,-13.02809340601325,-12.449037748395444,-11.775237396577863,-11.011820378089581,-10.164596757405079,-9.240014417845408,-8.245109989292711,-7.187455295187923,-6.075099726382614,-4.916508980414022,-3.7205006324351935,-2.496177028143827,-1.2528560094353896,-6.161465884886612e-15,1.2528560094353771,2.496177028143816,3.7205006324351806,4.916508980414011,6.075099726382602,7.187455295187914,8.2451099892927,9.2400144178454
3.9830540387812225e-15,-1.1338649915901697,-2.2591005859479414,-3.36714306076442,-4.4495595437519135,-5.498112191893945,-6.5048208864047545,-7.462023966251785,-8.362436538022381,-9.199205918361402,-9.965963787029262,-10.656874653664381,-11.266680269388276,-11.790739645254568,-12.225064372977219,-12.566348979125824,-12.811996081774312,-12.960136158145753,-13.00964177280953,-12.960136158145753,-12.811996081774316,-12.566348979125818,-12.225064372977222,-11.79073964525457,-11.266680269388269,-10.656874653664396,-9.965963787029281,-9.199205918361393,-8.362436538022385,-7.462023966251811,-6.5048208864047625,-5.498112191893954,-4.449559543751922,-3.36714306076443,-2.2591005859479507,-1.133864991590179,-5.5762756542937115e-15,1.133864991590168,2.25910058594794,3.367143060764419,4.449559543751913,5.498112191893944,6.5048208864047545,7.462023966251803,8.362436538022378
3.513568111330984e-15,-1.0002153719774374,-1.9928185010275765,-2.9702550779881842,-3.9250862203162513,-4.850045086475852,-5.738092180990081,-6.582468929252187,-7.376749114359272,-8.114887784503203,-8.791267258703822,-9.400739880753415,-9.938667195988547,-10.400955252730867,-10.784085759731413,-11.08514286249139,-11.30183533467554,-11.432514015728058,-11.476184361980179,-11.432514015728058,-11.301835334675541,-11.085142862491384,-10.784085759731418,-10.40095525273087,-9.93866719598854,-9.400739880753429,-8.79126725870384,-8.114887784503194,-7.376749114359279,-6.58246892925221,-5.738092180990088,-4.850045086475861,-3.9250862203162598,-2.9702550779881935,-1.9928185010275843,-1.0002153719774458,-4.918995355863379e-15,1.000215371977436,1.9928185010275747,2.970255077988183,3.925086220316251,4.850045086475852,5.73809218099008,6.582468929252201,7.376749114359272
2.9786873675397313e-15,-0.8479496622593261,-1.6894459155828572,-2.5180844653734673,-3.3275588719216147,-4.111708546219457,-4.8645656357630696,-5.5804004435134855,-6.25376503435085,-6.879534697150246,-7.452946946927682,-7.9696377702266,-8.425674837895249,-8.817587432485938,-9.142392862510551,-9.397619162523714,-9.581323906272479,-9.692108989732958,-9.729131271526155,-9.692108989732958,-9.58132390627248,-9.397619162523712,-9.142392862510555,-8.817587432485944,-8.425674837895244,-7.9696377702266155,-7.452946946927696,-6.87953469715024,-6.253765034350856,-5.580400443513507,-4.864565635763076,-4.1117085462194645,-3.3275588719216223,-2.518084465373475,-1.6894459155828638,-0.8479496622593332,-4.170162314555623e-15,0.8479496622593249,1.6894459155828558,2.518084465373466,3.3275588719216143,4.1117085462194565,4.864565635763069,5.5804004435135,6.25376503435085
2.375357185774827e-15,-0.6761982963947833,-1.3472503154543105,-2.008048946121247,-2.6535651118150976,-3.2788860447416126,-3.8792526750221206,-4.450095850088902,-4.987071108695166,-5.4860917448884035,-5.943359910310256,-6.355395518115825,-6.719062728535803,-7.031593814510618,-7.290610225764576,-7.494140691009651,-7.6406362205102765,-7.728981894830526,-7.7585053500442545,-7.728981894830526,-7.6406362205102765,-7.494140691009649,-7.290610225764578,-7.031593814510619,-6.719062728535799,-6.355395518115834,-5.943359910310267,-5.486091744888398,-4.9870711086951705,-4.4500958500889185,-3.8792526750221255,-3.2788860447416193,-2.6535651118151034,-2.0080489461212534,-1.3472503154543158,-0.676198296394789,-3.325500060084759e-15,0.6761982963947823,1.3472503154543096,2.0080489461212463,2.653565111815097,3.2788860447416117,3.8792526750221197,4.450095850088912,4.987071108695165
1.7364135572368095e-15,-0.49430877018073893,-0.9848555521486084,-1.4679069886925853,-1.9397867667061388,-2.3969035961497847,-2.8357785419367696,-3.2530715007297157,-3.6456066211438323,-4.010396473893588,-4.344664787933403,-4.645867579556725,-4.911712513648085,-5.140176349737472,-5.32952034008202,-5.478303462586176,-5.58539338784998,-5.64997509687951,-5.671557083873548,-5.64997509687951,-5.58539338784998,-5.478303462586173,-5.329520340082021,-5.140176349737474,-4.91171251364808,-4.645867579556733,-4.344664787933412,-4.010396473893586,-3.645606621143836,-3.253071500729728,-2.835778541936773,-2.396903596149789,-1.9397867667061428,-1.4679069886925897,-0.9848555521486125,-0.4943087701807431,-2.430978980131533e-15,0.4943087701807383,0.984855552148608,1.467906988692585,1.9397867667061384,2.396903596149784,2.8357785419367696,3.2530715007297237,3.6456066211438323
1.054830210373926e-15,-0.30028089902105976,-0.5982764790860062,-0.891718813895893,-1.1783746300974913,-1.456062303841992,-1.7226684642597982,-1.9761640774889293,-2.214619888847875,-2.4362211056286434,-2.639281208765046,-2.8222547882611853,-2.9837493046946264,-3.1225356872822494,-3.2375576878510572,-3.327939919524537,-3.3929945189453714,-3.4322263813309264,-3.445336928519602,-3.4322263813309264,-3.3929945189453723,-3.327939919524536,-3.2375576878510577,-3.1225356872822507,-2.9837493046946246,-2.8222547882611897,-2.6392812087650515,-2.4362211056286407,-2.214619888847877,-1.9761640774889364,-1.7226684642598002,-1.4560623038419942,-1.1783746300974935,-0.8917188138958958,-0.5982764790860087,-0.30028089902106236,-1.4767622945234966e-15,0.3002808990210593,0.598276479086006,0.8917188138958927,1.1783746300974909,1.4560623038419918,1.7226684642597978,1.9761640774889335,2.2146198888478748
3.3451757909372327e-16,-0.09522787497051637,-0.18973100831234443,-0.2827901741182004,-0.3736971359456413,-0.4617600369240357,-0.5463086652031048,-0.6266995546697874,-0.7023208821138957,-0.7725971235721751,-0.8369934344131699,-0.895019719827828,-0.9462343647469149,-0.9902475947983459,-1.0267244427255158,-1.0553872976903758,-1.0760180180595385,-1.088459591593825,-1.0926173304062117,-1.088459591593825,-1.076018018059539,-1.0553872976903753,-1.0267244427255162,-0.9902475947983463,-0.9462343647469142,-0.8950197198278296,-0.8369934344131716,-0.7725971235721744,-0.7023208821138962,-0.6266995546697897,-0.5463086652031056,-0.4617600369240365,-0.3736971359456421,-0.2827901741182013,-0.18973100831234516,-0.09522787497051717,-4.683246107312127e-16,0.09522787497051621,0.18973100831234435,0.28279017411820034,0.37369713594564113,0.4617600369240357,0.5463086652031048,0.6266995546697889,0.7023208821138955
-4.019866314051685e-16,0.11443444251563609,0.22799796982632303,0.3398262949176934,0.44906833671201324,0.5548926973090792,0.6564939894262518,0.7530989658819818,0.8439724044737615,0.9284227034630267,1.005807145081979,1.0755367870039008,1.1370809445498555,1.1899712295195384,1.2338051149083042,1.2682489983807201,1.2930407411857767,1.3079916631910633,1.3129879788525058,1.3079916631910633,1.293040741185777,1.26824899838072,1.2338051149083045,1.189971229519539,1.1370809445498546,1.0755367870039025,1.0058071450819812,0.9284227034630257,0.8439724044737621,0.7530989658819846,0.6564939894262527,0.5548926973090802,0.4490683367120141,0.33982629491769445,0.22799796982632398,0.11443444251563707,5.627812839672358e-16,-0.11443444251563593,-0.2279979698263229,-0.33982629491769323,-0.44906833671201307,-0.554892697309079,-0.6564939894262517,-0.7530989658819837,-0.8439724044737614
-1.1553194897674198e-15,0.3288874092077182,0.6552717866437197,0.9766691501194396,1.2906334716337944,1.5947752931232186,1.8867799116803254,2.164424995840685,2.4255974988671527,2.668309740311432,2.8907145334624604,3.0911192435526855,3.2679986697306487,3.4200066527604087,3.5459863201061848,3.6449788904308726,3.716230970500952,3.7592002889639096,3.7735598233606567,3.7592002889639096,3.716230970500953,3.6449788904308713,3.545986320106186,3.4200066527604096,3.2679986697306465,3.091119243552691,2.8907145334624658,2.6683097403114293,2.425597498867155,2.164424995840693,1.8867799116803277,1.594775293123221,1.290633471633797,0.9766691501194426,0.6552717866437224,0.328887409207721,1.6174472856743877e-15,-0.3288874092077178,-0.6552717866437193,-0.976669150119439,-1.2906334716337937,-1.594775293123218,-1.886779911680325,-2.1644249958406903,-2.4255974988671523
-1.913910375998415e-15,0.5448371905719405,1.0855278411419402,1.617956969381218,2.138072468134376,2.641915944401578,3.1256528450994217,3.5856016403252693,4.018261842022777,4.420340644809662,4.788777986214875,5.120769835601792,5.413789534534422,5.665607026173742,5.874305827356824,6.038297614190883,6.156334310157163,6.227517584726858,6.251305690198853,6.227517584726858,6.156334310157163,6.03829761419088,5.8743058273568245,5.665607026173743,5.413789534534419,5.120769835601802,4.7887779862148845,4.4203406448096585,4.018261842022781,3.585601640325283,3.1256528450994256,2.6419159444015827,2.138072468134381,1.6179569693812226,1.0855278411419447,0.544837190571945,2.6794745263977816e-15,-0.5448371905719397,-1.0855278411419396,-1.6179569693812172,-2.138072468134375,-2.6419159444015774,-3.125652845099421,-3.585601640325278,-4.018261842022777
-2.6685151566856813e-15,0.7596522382657649,1.513523064307768,2.255875065940175,2.9810584961861712,3.6835542712638567,4.358015974146343,4.999310544023586,5.602557341994569,6.163165295676368,6.6768678400370955,7.139755388532125,7.548305087418255,7.8994076267979,8.190390904344875,8.419040361616544,8.583615838180751,8.682864815287456,8.716031948292702,8.682864815287456,8.583615838180753,8.419040361616542,8.190390904344877,7.899407626797902,7.54830508741825,7.139755388532135,6.67686784003711,6.163165295676362,5.602557341994573,4.999310544023603,4.3580159741463484,3.683554271263863,2.9810584961861775,2.255875065940182,1.5135230643077737,0.7596522382657714,3.735921219359953e-15,-0.7596522382657639,-1.5135230643077668,-2.255875065940174,-2.98105849618617,-3.6835542712638554,-4.358015974146343,-4.999310544023597,-5.602557341994567
-3.4147003792255646e-15,0.9720704713206154,1.9367428994022864,2.8866755445821695,3.8146388458454332,4.713570442149901,5.576628921257959,6.397245887014641,7.169175948808459,7.886544252765068,8.543891192932488,9.136213962179152,9.659004626576825,10.108284433499783,10.480634092334789,10.77321979734724,10.983814794653908,11.11081632916456,11.15325784251594,11.11081632916456,10.98381479465391,10.773219797347235,10.480634092334792,10.108284433499787,9.65900462657682,9.136213962179166,8.543891192932506,7.886544252765061,7.169175948808466,6.397245887014663,5.576628921257967,4.713570442149909,3.8146388458454403,2.8866755445821783,1.9367428994022946,0.972070471320624,4.78058053091579e-15,-0.9720704713206143,-1.936742899402285,-2.886675544582168,-3.8146388458454314,-4.7135704421499,-5.576628921257959,-6.397245887014656,-7.169175948808458
