hough_viz/data/file_2_2_1.json
{"header": {"discipline": 0, "disciplineName": "Meteorological products", "gribEdition": 2, "gribLength": 133963, "center": 7, "centerName": "US National Weather Service - NCEP(WMC)", "subcenter": 0, "refTime": "2014-11-30T06:00:00.000Z", "significanceOfRT": 1, "significanceOfRTName": "Start of forecast", "productStatus": 0, "productStatusName": "Operational products", "productType": 1, "productTypeName": "Forecast products", "productDefinitionTemplate": 0, "productDefinitionTemplateName": "Analysis/forecast at horizontal level/layer at a point in time", "parameterCategory": 2, "parameterCategoryName": "Momentum", "parameterNumber": 3, "parameterNumberName": "V-component_of_wind", "parameterUnit": "m.s-1", "genProcessType": 2, "genProcessTypeName": "Forecast", "forecastTime": 6, "surface1Type": 100, "surface1TypeName": "Isobaric surface", "surface1Value": 85000, "surface2Type": 255, "surface2TypeName": "Missing", "surface2Value": 0, "gridDefinitionTemplate": 0, "gridDefinitionTemplateName": "Latitude_Longitude", "numberPoints": 65160, "shape": 6, "shapeName": "Earth spherical with radius of 6,371,229.0 m", "gridUnits": "degrees", "resolution": 48, "winds": "true", "scanMode": 0, "nx": 360, "ny": 181, "basicAngle": 0, "subDivisions": 0, "lo1": 0, "la1": 90, "lo2": 359, "la2": -90, "dx": 1, "dy": 1}, "data":
[rows 0 to 18 of 181, columns 86 to 128 of 360]
-0.00045038488499835023,-0.0003382696769928989,-0.00022574233949239144,-0.00011293996972423477,-3.9631394572134744e-19,0.00011293996972423477,0.0002257423394924249,0.0003382696769928989,0.00045038488499835023,0.0005619513683980027,0.0006728332006171662,0.0007828952892233798,0.0008920035405155303,0.0010000250228961785,0.00110682812882833,0.0012122827351793587,0.0013162603617553916,0.0014186343278351499,0.0015192799065100351,0.001618074476646271,0.0017148976722778369,0.001809631529255227,0.0019021606289673335,0.0019923722389576107,0.002080156450276692,0.0021654063113841996,0.002248017958456619,0.002327890741927766,0.002404927349113367,0.0024790339227750277,0.0025501201754679036,0.002618099499542316,0.0026828890726642296,0.0027444099587184217,0.002802587203981715,0.00285734992844269,0.0029086314121565876,0.0029563691765350807,0.0030005050604657857,0.0030409852911729637,0.0030777605497308677,0.0031107860311508115,0.003140021498972149
-0.15201789985900976,-0.11417578074945599,-0.07619455603848974,-0.038120499997861705,-1.3376739699782809e-16,0.03812049999786192,0.07619455603848899,0.11417578074945524,0.15201789985900951,0.1896748085741475,0.2271006277522019,0.2642497597975107,0.3010769442150613,0.3375373127534343,0.3735864440698536,0.40918041785075426,0.44427586832191496,0.4788300370829772,0.512800825201967,0.5461468445063595,0.5788274680081931,0.610802879401795,0.6420341215738171,0.6724831440664758,0.7021128494361776,0.7308871384510347,0.7587709540722222,0.7857303241655776,0.8117324028914159,0.8367455107221223,0.8607391730387791,0.8836841572597933,0.9055525084562959,0.9263175834109153,0.9459540830784334,0.9644380834087777,0.9817470644947854,0.9978599380092491,1.0127570728977884,1.0264203192962698,1.0388330306436184,1.0499800839630888,1.0598478982872837
-0.30358541483302115,-0.22801329182191907,-0.15216336973748704,-0.07612806002599919,-2.6713848004993476e-16,0.0761280600259996,0.15216336973748554,0.22801329182191757,0.3035854148330207,0.37878766577989703,0.4535284223037866,0.5277166243057979,0.601261884889607,0.6740746004839725,0.7460660600108785,0.817148552966329,0.8872354762820743,0.956241439838119,1.0240823704974238,1.0906756145360728,1.155940038344108,1.219796127274335,1.282166082518667,1.342973915893994,1.4021455424220788,1.4596088705906851,1.5152938901859878,1.5691327575892275,1.621059878433718,1.6710119875214695,1.7189282259020904,1.7647502150200443,1.808422127839927,1.849890756863112,1.8891055789528854,1.9260188168891126,1.9605854975774142,1.9927635068419631,2.0225136407351108,2.049799653301366,2.074588300737506,2.096849381895027,2.1165557750755952
-0.45480271577271014,-0.3415877683383512,-0.22795664882583397,-0.11404779925075087,-4.0020139399954187e-16,0.1140477992507515,0.2279566488258317,0.341587768338349,0.4548027157727094,0.5674635561548872,0.6794330296049488,0.7905747185670732,0.9007532140133236,1.009834280418696,1.1176850193064218,1.224174031164303,1.3291715755347633,1.4325497290836213,1.534182541454961,1.6339461887222413,1.7317191242486785,1.8273822267731012,1.9208189455408544,2.0119154423029415,2.100560730010401,2.1866468080349173,2.2700687937509625,2.3507250503191126,2.4285173105148856,2.503350796452211,2.575134335055689,2.643780469140936,2.709205563967697,2.771329909135889,2.830077815700446,2.885377708386642,2.93716221279353,2.9853682374792867,3.029937050828398,3.0708143526070977,3.107950340119836,3.1412997688861886,3.170822007764287
-0.6054370748193546,-0.4547244158502275,-0.30345774522531355,-0.1518213580819228,-5.327513511216578e-16,0.15182135808192362,0.3034577452253105,0.4547244158502245,0.6054370748193536,0.7554121019732453,0.9044667758431949,1.0524194962692075,1.1990900056518123,1.344299608568188,1.487871389485,1.6296304283027443,1.7694040134689246,1.907021852400488,2.0423162789591007,2.175122457726506,2.3052785848310995,2.432626085081022,2.557009805163596,2.6782782026757426,2.7962835307550624,2.9108820180866126,3.021934044066127,3.1293043089061996,3.2328619984782483,3.332480943689367,3.4280397741999376,3.519422066294692,3.606516484727075,3.689216918364098,3.767422609466394,3.8410382764460227,3.9099742299523883,3.974146482144919,4.033476849019291,4.087893045662611,4.137328774321445,4.181723805175411,4.22102404971794
-0.7547719692649448,-0.5668850770768097,-0.3783075227442082,-0.18926905896894702,-6.641578508132012e-16,0.1892690589689481,0.3783075227442044,0.5668850770768059,0.7547719692649437,0.9417392880722388,1.1275592426208325,1.3120054399194816,1.4948531606885338,1.6758796331457666,1.8548643044194748,2.0315891092581926,2.2058387357095897,2.3774008874449355,2.5460665424094655,2.711630207483553,2.8738901688444334,3.0326487377234224,3.1877124912592216,3.3388925081538874,3.486004598844335,3.628869529908932,3.7673132424358347,3.901167064086946,4.030267914599189,4.1544585044726725,4.273587526603732,4.387509840629317,4.496086649758174,4.5991856698733615,4.696681290700048,4.788454728842311,4.874394172502384,4.954394917706127,5.028359495868674,5.09619779254491,5.157827157220024,5.213172504006431,5.26216640312437
-0.9031504381256704,-0.6783273976475742,-0.4526779197237701,-0.2264769234844676,-7.947227485550519e-16,0.22647692348446885,0.4526779197237656,0.6783273976475698,0.9031504381256689,1.126873128914569,1.3492228983773826,1.5699288475703816,1.7887220802916166,2.0053360306895325,2.2195067880323838,2.430973418242832,2.6394782818058977,2.8447673476630455,3.0465905027098863,3.244701856520464,3.438860040926875,3.6288285040891997,3.8143757986974727,3.9952758639545785,4.171308300996529,4.342258641414501,4.507918608551577,4.668086371255759,4.822566789780152,4.971171653530664,5.113719910371641,5.250037887209993,5.379959501589122,5.503326464034799,5.6199884709065016,5.729803387519269,5.832637421312891,5.928365284857567,6.016870348497308,6.098044782445232,6.171789688157538,6.2380152188261455,6.296640688843195
-1.050313405420729,-0.7888567938825145,-0.5264390818550282,-0.26337998489802206,-9.242180717228768e-16,0.2633799848980235,0.526439081855023,0.7888567938825095,1.0503134054207275,1.310490371862814,1.5690707076523494,1.8257393724814284,2.080183655118729,2.332093554399999,2.5811621569166996,2.8270860109427516,3.069565496143682,3.308305188617882,3.543014220825102,3.773406635963748,3.9992017363652015,4.2201244254807,4.435905543044085,4.646282193002135,4.8509980638129235,5.049803740721923,5.242457009635486,5.428723152221404,5.608375231877038,5.781194370216607,5.946970013740795,6.105500190363744,6.256591755484937,6.400060627306157,6.535732011106766,6.663440612204182,6.7830308373399655,6.894356984246257,6.997283419161521,7.091684742079421,7.177445939529392,7.254462524702835,7.322640664754215
-1.19518802730132,-0.8976674870925901,-0.5990532773259141,-0.299709213417896,-1.0516997766930475e-15,0.2997092134178977,0.5990532773259081,0.8976674870925844,1.195188027301318,1.4912524150033835,1.7854999413475885,2.0775721110484473,2.367113079157444,2.653770084605309,2.937193879987019,3.217039157066002,3.4929649674789904,3.7646351381291154,4.0317186807610215,4.2938901952190704,4.550830265897323,4.802225850898245,5.047770663426035,5.287165544949898,5.520118829682666,5.746346699930585,5.965573531881489,6.177532231409952,6.381964559490338,6.578621446821264,6.767263297278188,6.947660279824375,7.11959260852462,7.282850810320551,7.4372359802412715,7.582560023738452,7.718645885850534,7.845327766916965,7.962451324579503,8.069873861824647,8.16746450083793,8.255104342458406,8.332686611038934
-1.3385549927104192,-1.0053458277646146,-0.6709118037893318,-0.33566037712716823,-1.1778548268288505e-15,0.33566037712717006,0.670911803789325,1.005345827764608,1.338554992710417,1.6701333345861942,1.9996768762580925,2.326784119682884,2.6510565350714597,2.972099046436009,3.289520512929229,3.6029342053892406,3.9119582775094495,4.216216231059496,4.515337374590324,4.8089572750646115,5.09671820186231,5.378269562620298,5.65326833037515,5.921379461488666,6.1822763038469475,6.43564099483565,6.6811648486066435,6.918548732164157,7.147503429812267,7.367749995519652,7.5790200927723825,7.781056321500614,7.973612531680941,8.15645412323227,8.329358331839883,8.492114500359445,8.64452433547027,8.786402149265228,8.917575085482797,9.037883330105846,9.147180306070364,9.245332851847047,9.332221383678105
-1.4800972401965167,-1.1116536811867856,-0.7418557434036512,-0.3711539686712914,-1.3024042254786006e-15,0.3711539686712934,0.7418557434036438,1.1116536811867785,1.4800972401965142,1.846737528710568,2.211127852013992,2.572824256627878,2.931386071198257,3.2863764433862954,3.637362872105542,3.983917734457931,4.325618806726361,4.662049778789298,4.9928007613305,5.317468785226015,5.635658292500007,5.9469816182512,6.251059462962847,6.547521354620764,6.836006100076431,7.116162225105169,7.387648402623376,7.650133868542979,7.903298824756555,8.146834828762021,8.380445169452345,8.603845228612306,8.81676282768196,9.01893855936429,9.210126103673014,9.390092528035584,9.558618571085612,9.71549890979909,9.860542409648858,9.993572357472587,10.114426676770552,10.222958125170866,10.319034473821631
-1.6183295636007564,-1.2154755565325719,-0.8111406797284095,-0.4058175529526357,-1.4240410728491847e-15,0.40581755295263794,0.8111406797284014,1.2154755565325641,1.6183295636007538,2.01921188538025,2.4176341085131514,2.813110816892822,3.20516018306861,3.593304555278412,3.9770710393937323,4.355992075068387,4.729606005388707,5.09745763933142,5.4590988063437695,5.81408890237029,6.161995426661011,6.5023945087069785,6.834871424661178,7.159021102615654,7.4744486161192665,7.780769665334681,8.077611045248572,8.36461110036442,8.641420165324044,8.907700990920956,9.163129154986583,9.407393457648697,9.640196300480541,9.861254049078656,10.070297378627707,10.267071602031296,10.451336980208948,10.622869014181267,10.781458718587334,10.926912876301204,11.059054273837203,11.177721917257248,11.282771228317182
-1.7544998263329854,-1.3177486840835402,-0.8793920680461632,-0.4399640482338301,-1.5438634201589056e-15,0.43996404823383256,0.8793920680461546,1.3177486840835317,1.7544998263329827,2.189113380804021,2.621059837827611,3.0498129371821308,3.474850309260362,3.895654111496423,4.311711659277129,4.722516050569277,5.127566783501633,5.52637036614941,5.9184409177781365,6.30330076081448,6.680481002822817,7.049522107778431,7.409974455941352,7.761398891648768,8.103367258358569,8.435462920292089,8.75728127004069,9.068430221517506,9.368530687654001,9.657217042259115,9.934137565478483,10.198954872310896,10.451346323659964,10.691004419420139,10.917637173118235,11.130968467653975,11.330738391706126,11.516703556394436,11.688637391811463,11.846330423063135,11.989590525481619,12.118243158699645,12.232131579301052
-1.8882594724114208,-1.4182112745938718,-0.9464352047969296,-0.47350604949010366,-1.661564557300372e-15,0.4735060494901062,0.9464352047969202,1.4182112745938622,1.8882594724114175,2.3560071169259076,2.820884329683493,3.2823247294092854,3.7397661220556575,4.192651185749121,4.640428149801143,5.082551466955798,5.518482478054999,5.947690068311753,6.369651314391699,6.783852121514621,7.189787849799784,7.58696392909189,7.974896461518598,8.35311281104557,8.721152179310682,9.07856616703581,9.424919320332314,9.75978966123452,10.08276920181486,10.393464441254327,10.69149684526259,10.976503307263734,11.248136590785695,11.506065752514408,11.749976545497235,11.979571802004516,12.194571795582624,12.394714581857603,12.579756317674002,12.74947155818023,12.90365353149836,13.042114390643814,13.164685442387974
-2.0176563414784647,-1.515397122878627,-1.011291626313594,-0.5059540266794242,-1.7754266904493018e-15,0.505954026679427,1.0112916263135838,1.5153971228786172,2.017656341478461,2.517457356622341,3.014191237761749,3.5072527911785167,3.9960412973201116,4.479961242683902,4.958423045358597,5.430843773339048,5.896647854739031,6.355267779036993,6.806144788500157,7.248729558944764,7.682482869002982,8.106876257081094,8.521392665208507,8.925527068993274,9.318787092916532,9.700693610216176,10.070781326629069,10.428599347280404,10.773711726029664,11.105697996603828,11.424153684870767,11.728690801628659,12.018938315311084,12.294542604031829,12.555167886418664,12.800496630711258,13.030229941624675,13.244087924507284,13.441810026349227,13.62315535322617,13.78790296379142,13.935852138458932,14.066822623949182
-2.144435397353526,-1.6106168154321954,-1.074835945017762,-0.5377455525701023,-1.886985291863858e-15,0.5377455525701053,1.0748359450177514,1.610616815432185,2.1444353973535235,2.675641315068129,3.2035873759912676,3.727630359171572,4.247131798956666,4.761458762865239,5.269984622717742,5.772089818086372,6.267162611133934,6.75459983192223,7.233807613281677,7.704202114346975,8.165210231877298,8.6162702984943,9.056832766987279,9.48636087985182,9.904331323246147,10.310234864568375,10.70357697287806,11.083878421405927,11.450675871417902,11.803522436721959,12.141988228130119,12.465660877212205,12.774146038703265,13.067067870952522,13.344069493828522,13.604813423522632,13.848981983721025,14.076277692644402,14.28642362548364,14.479163751790084,14.654263247409178,14.811508780577508,14.950708771834728
-2.268243690609175,-1.7036052632323018,-1.1368912552624535,-0.5687921204227333,-1.995929785445943e-15,0.5687921204227363,1.1368912552624422,1.7036052632322907,2.2682436906091716,2.830118612445194,3.388545470698297,3.942843908260778,4.492338597869587,5.036360064888613,5.574245502960354,6.105339581533441,6.62899524428189,7.144574497443625,7.651449187117568,8.149001764572395,8.636626038634581,9.11372791423895,9.579726116241984,10.034052897616059,10.476154731161756,10.905492983895464,11.321544573290705,11.72380260457364,12.111776988296253,12.484995037434855,12.843002043286399,13.185361829461,13.511657283295694,13.821490864041946,14.114485087207814,14.390282984464687,14.648548538558146,14.888967092693301,15.111245733895567,15.315113649880045,15.50032245899456,15.666646512834427,15.813883171160295
-2.3866108617940425,-1.7925070583345304,-1.1962193611389826,-0.5984742549153458,-2.10008639064889e-15,0.5984742549153492,1.1962193611389706,1.7925070583345184,2.386610861794039,2.9778069475476765,3.5653750342317165,4.1485992606404745,4.726769057892869,5.299180015151188,5.865134737837135,6.423943697299781,6.974926070899929,7.517410571487693,8.050736265262433,8.574253377018797,9.087324081797743,9.58932328197799,10.07963936886116,10.55767496782279,11.022847666121296,11.474590722478148,11.912353757564864,12.335603424555407,12.743824058927178,13.136518306718758,13.513207730479126,13.873433392169977,14.216756412311057,14.542758504687189,14.851042485965573,15.141232759602543,15.412975773450036,15.665940450504502,15.899818592273157,16.11432525426643,16.309199093158902,16.484202685195893,16.639122815457736
-2.501807604167682,-1.8790276457949724,-1.2539583816778817,-0.6273613624301897,-2.201453192744189e-15,0.6273613624301934,1.2539583816778694,1.8790276457949604,2.501807604167678,3.121539495348628,3.737468271490787,4.348843518256996,4.954920369084197,5.554960412688652,6.148232592706284,6.7340140983723416,7.311591245154876,7.880260344269491,8.43932856001567,8.988114753890372,9.525950314450396,10.052179971912425,10.566162596498302,11.067271979552917,11.554897596483016,12.02844535058733,12.487338296871917,12.931017344968764,13.3589419403013,13.770590722666837,14.165462161433696,14.543075166579015,14.902969674822856,15.24470721014442,15.567871417997555,15.872068572574623,16.156928056500735,16.42210281237399,16.66726976560137,16.892130218015467,17.096410211792097,17.27986086322577,17.442258665956114
