hough_viz/data/file_4_1_0.json
{"header": {"discipline": 0, "disciplineName": "Meteorological products", "gribEdition": 2, "gribLength": 133963, "center": 7, "centerName": "US National Weather Service - NCEP(WMC)", "subcenter": 0, "refTime": "2014-11-30T06:00:00.000Z", "significanceOfRT": 1, "significanceOfRTName": "Start of forecast", "productStatus": 0, "productStatusName": "Operational products", "productType": 1, "productTypeName": "Forecast products", "productDefinitionTemplate": 0, "productDefinitionTemplateName": "Analysis/forecast at horizontal level/layer at a point in time", "parameterCategory": 2, "parameterCategoryName": "Momentum", "parameterNumber": 2, "parameterNumberName": "U-component_of_wind", "parameterUnit": "m.s-1", "genProcessType": 2, "genProcessTypeName": "Forecast", "forecastTime": 6, "surface1Type": 100, "surface1TypeName": "Isobaric surface", "surface1Value": 85000, "surface2Type": 255, "surface2TypeName": "Missing", "surface2Value": 0, "gridDefinitionTemplate": 0, "gridDefinitionTemplateName": "Latitude_Longitude", "numberPoints": 65160, "shape": 6, "shapeName": "Earth spherical with radius of 6,371,229.0 m", "gridUnits": "degrees", "resolution": 48, "winds": "true", "scanMode": 0, "nx": 360, "ny": 181, "basicAngle": 0, "subDivisions": 0, "lo1": 0, "la1": 90, "lo2": 359, "la2": -90, "dx": 1, "dy": 1}, "data":
[rows 0 to 19 of 181, columns 180 to 224 of 360]
-0.006741112889701317,-0.006724691877509155,-0.006675508842453429,-0.006593803399337077,-0.0064799736088659516,-0.006334574038337102,-0.006158313059842631,-0.005952049399152059,-0.0057167879520867455,-0.005453674888768379,-0.005163992069593408,-0.004849150800138055,-0.004510684955419362,-0.004150243507010325,-0.003769582489416161,-0.0033705564448506683,-0.0029551093880930026,-0.0025252653354431148,-0.0020831184439177087,-0.0016308228087278936,-0.001170581968743691,-0.0007046381710742451,-0.00023526144706531888,0.00023526144706531154,0.0007046381710742377,0.0011705819687436835,0.0016308228087278862,0.002083118443917702,0.0025252653354431082,0.0029551093880929957,0.0033705564448506618,0.0037695824894161552,0.004150243507010319,0.004510684955419358,0.0048491508001380496,0.005163992069593402,0.005453674888768373,0.005716787952086739,0.005952049399152056,0.006158313059842626,0.006334574038337098,0.006479973608865951,0.006593803399337075,0.006675508842453429,0.006724691877509155
-6.446646515774154e-05,-6.430942808869047e-05,-6.383908195035243e-05,-6.305771822183457e-05,-6.196914362867922e-05,-6.057866159688172e-05,-5.8893046415129986e-05,-5.6920510231151767e-05,-5.467066304295752e-05,-5.215446587989335e-05,-4.938417740161116e-05,-4.637329417510839e-05,-4.313648492081191e-05,-3.968951904804521e-05,-3.6049189828053294e-05,-3.223323257887085e-05,-2.8260238260637264e-05,-2.414956290230725e-05,-1.9921233301022498e-05,-1.559584945357075e-05,-1.1194484195270495e-05,-6.738580535236388e-06,-2.249847188194504e-06,2.2498471881944314e-06,6.738580535236326e-06,1.1194484195270455e-05,1.5595849453570664e-05,1.9921233301022376e-05,2.414956290230721e-05,2.8260238260637264e-05,3.223323257887077e-05,3.6049189828053294e-05,3.968951904804529e-05,4.313648492081183e-05,4.637329417510831e-05,4.938417740161116e-05,5.215446587989335e-05,5.4670663042957185e-05,5.6920510231151767e-05,5.8893046415129823e-05,6.057866159688172e-05,6.196914362867922e-05,6.305771822183441e-05,6.383908195035243e-05,6.430942808869047e-05
0.006612179959385834,0.006596073021331772,0.0065478306785527254,0.006467687962893407,0.006356035321608593,0.006213416715143337,0.006040526967012371,0.005838208378689756,0.00560744662600083,0.005349365957008591,0.005065223714790185,0.004756404211787838,0.004424411985577739,0.004070864468914234,0.003697484109760054,0.0033060899796929265,0.0028985889115717275,0.0024769662096385003,0.002043275977315664,0.0015996311098207521,0.0011481930003531498,0.0006911610100037724,0.0002307617526889299,-0.0002307617526889226,-0.0006911610100037651,-0.0011481930003531427,-0.001599631109820745,-0.0020432759773156574,-0.0024769662096384933,-0.0028985889115717206,-0.003306089979692921,-0.003697484109760049,-0.004070864468914229,-0.004424411985577734,-0.0047564042117878335,-0.005065223714790181,-0.005349365957008587,-0.005607446626000825,-0.005838208378689753,-0.006040526967012367,-0.006213416715143336,-0.006356035321608592,-0.006467687962893405,-0.006547830678552724,-0.006596073021331772
0.01849475604355144,0.018449703747372537,0.01831476634909417,0.0180906012501569,0.01777830056038974,0.017379385777360874,0.01689580037379447,0.016329900329166827,0.015684442651611348,0.014962571946051882,0.014167805094003711,0.013304014119680355,0.012375407325880747,0.011386508791561015,0.010342136330976687,0.009247378021775747,0.008107567416395877,0.006928257557533181,0.005715193924276138,0.004474286440709367,0.003211580683357161,0.0019332284277425677,0.0006454576775554862,-0.0006454576775554657,-0.0019332284277425464,-0.0032115806833571407,-0.004474286440709347,-0.005715193924276118,-0.006928257557533164,-0.008107567416395858,-0.009247378021775731,-0.010342136330976668,-0.011386508791560999,-0.012375407325880735,-0.013304014119680345,-0.014167805094003696,-0.014962571946051871,-0.015684442651611338,-0.016329900329166817,-0.016895800373794463,-0.017379385777360867,-0.017778300560389735,-0.018090601250156893,-0.01831476634909417,-0.018449703747372537
0.03904276010438067,0.03894765390304866,0.03866279864690547,0.03818958212212551,0.037530309792049917,0.036688193565200984,0.03566733614718674,0.03447271105273144,0.03311013837521208,0.03158625643174816,0.029908489421988125,0.028085011258155046,0.026124705742567703,0.02403712328664876,0.021832434382280493,0.019521380052190392,0.017115219520768218,0.014625675360256775,0.012064876379557775,0.009445298533894836,0.006779704143212847,0.004081079715438537,0.0013625726775193755,-0.0013625726775193326,-0.004081079715438493,-0.006779704143212805,-0.00944529853389479,-0.012064876379557735,-0.014625675360256732,-0.01711521952076818,-0.019521380052190354,-0.021832434382280462,-0.024037123286648723,-0.026124705742567676,-0.028085011258155025,-0.0299084894219881,-0.031586256431748144,-0.03311013837521206,-0.03447271105273141,-0.03566733614718672,-0.03668819356520097,-0.0375303097920499,-0.0381895821221255,-0.03866279864690547,-0.03894765390304866
0.07866805971704828,0.07847642827742041,0.07790246756764793,0.07694897386661453,0.07562059249978681,0.07392379520765546,0.0718668486160664,0.06945977396205005,0.06671429827136281,0.06364379722559531,0.06026322999719673,0.05658906636989061,0.05263920649954345,0.048432893706404946,0.043990620723586386,0.03933402985852426,0.03448580755383413,0.029469573861243107,0.024309767367071043,0.01903152612989615,0.013660565210458716,0.008223051390471003,0.0027454756906872876,-0.0027454756906872017,-0.008223051390470913,-0.01366056521045863,-0.019031526129896063,-0.024309767367070956,-0.029469573861243024,-0.034485807553834055,-0.03933402985852419,-0.04399062072358632,-0.04843289370640487,-0.05263920649954339,-0.05658906636989056,-0.060263229997196695,-0.06364379722559524,-0.06671429827136277,-0.06945977396205001,-0.07186684861606635,-0.07392379520765545,-0.0756205924997868,-0.07694897386661452,-0.07790246756764793,-0.07847642827742041
0.1321271588186594,0.13180530370046495,0.13084130639166458,0.12923986339024623,0.1270087767655362,0.12415891614730207,0.12070416577000893,0.1166613568302244,0.11205018548672183,0.1068931169027732,0.10121527579813266,0.09504432404392774,0.08841032589680284,0.08134560152888343,0.07388456956714674,0.0660635794093299,0.05792073413331838,0.049495704862781376,0.040829537493443306,0.03196445272160838,0.02294364034916934,0.013811048867235573,0.004611171343502646,-0.0046111713435025015,-0.013811048867235427,-0.022943640349169195,-0.03196445272160824,-0.04082953749344316,-0.04949570486278122,-0.05792073413331825,-0.06606357940932978,-0.07388456956714663,-0.08134560152888332,-0.08841032589680274,-0.09504432404392765,-0.10121527579813258,-0.1068931169027731,-0.11205018548672176,-0.11666135683022433,-0.12070416577000888,-0.12415891614730201,-0.12700877676553618,-0.1292398633902462,-0.13084130639166458,-0.13180530370046495
0.20311104802001945,0.20261627971536825,0.201134385262861,0.19867258430331083,0.1952428704835333,0.1908619530245046,0.1855511753157171,0.17933641093233,0.17224793758171386,0.1643202895935018,0.15559208967180774,0.146105860729295,0.13590781871981897,0.1250476474789458,0.1135782566693011,0.10155552401001,0.08903802304606742,0.0760867377839155,0.06276476558349178,0.04913700975423815,0.035269863352696836,0.021230885722215077,0.007088473350616216,-0.0070884733506159925,-0.02123088572221485,-0.03526986335269661,-0.04913700975423793,-0.06276476558349157,-0.07608673778391528,-0.08903802304606723,-0.10155552401000986,-0.11357825666930092,-0.12504764747894564,-0.13590781871981877,-0.14610586072929488,-0.15559208967180757,-0.16432028959350164,-0.17224793758171372,-0.17933641093232988,-0.18555117531571697,-0.19086195302450454,-0.19524287048353325,-0.1986725843033108,-0.20113438526286095,-0.20261627971536825
0.3063115347869982,0.305565375283421,0.30333053198678706,0.299617892828992,0.2944455454148194,0.2878386889009484,0.279829511228196,0.2704570323051034,0.2597669139068666,0.24781123721575452,0.23464824908682538,0.2203420782751051,0.20496242300673684,0.18858421141623008,0.17128723650412242,0.15315576739349954,0.13427813877929898,0.11474632057055746,0.09465546982225496,0.07410346713971402,0.053190439814122886,0.03201827401244111,0.010690118398236902,-0.010690118398236565,-0.03201827401244077,-0.053190439814122546,-0.0741034671397137,-0.09465546982225465,-0.11474632057055714,-0.13427813877929867,-0.1531557673934993,-0.17128723650412214,-0.18858421141622975,-0.20496242300673662,-0.2203420782751049,-0.23464824908682516,-0.24781123721575432,-0.2597669139068664,-0.27045703230510315,-0.27982951122819577,-0.28783868890094827,-0.2944455454148193,-0.2996178928289919,-0.303330531986787,-0.305565375283421
0.4302211974246851,0.42917320021060035,0.42603431430542876,0.4208198320457808,0.41355515786506725,0.40427568452565404,0.39302662068888206,0.3798627706630106,0.364848267402142,0.3480562600569097,0.3295685575991726,0.3094752302569284,0.28787417070121396,0.264870617122853,0.24057664052257136,0.21511059871234317,0.18859655968802955,0.16116369718257642,0.13294566134456653,0.10407992760813851,0.07470712692648138,0.044970360631971816,0.015014503260868882,-0.01501450326086841,-0.04497036063197134,-0.07470712692648092,-0.10407992760813804,-0.1329456613445661,-0.16116369718257598,-0.18859655968802913,-0.21511059871234278,-0.240576640522571,-0.26487061712285254,-0.28787417070121357,-0.30947523025692814,-0.32956855759917236,-0.3480562600569094,-0.3648482674021417,-0.3798627706630104,-0.3930266206888818,-0.404275684525654,-0.41355515786506714,-0.42081983204578066,-0.42603431430542876,-0.42917320021060035
0.5790694325972042,0.5776588485633254,0.5734339686853104,0.5664153761532417,0.5566372648444288,0.5441472727342759,0.5290062498088546,0.5112879616098858,0.4910787298564408,0.4684770118941965,0.44359292102114767,0.41654769002668895,0.3874730805576476,0.3565107411887866,0.3238115173251889,0.28953471629860295,0.25384733123813713,0.2169232274965246,0.17894229559559355,0.14008957481773943,0.10055435171312804,0.060529237914657426,0.02020923175344532,-0.020209231753444686,-0.06052923791465679,-0.10055435171312743,-0.1400895748177388,-0.1789422955955929,-0.21692322749652393,-0.2538473312381366,-0.2895347162986024,-0.3238115173251885,-0.3565107411887862,-0.38747308055764723,-0.41654769002668857,-0.4435929210211473,-0.46847701189419605,-0.4910787298564403,-0.5112879616098854,-0.5290062498088542,-0.5441472727342757,-0.5566372648444287,-0.5664153761532417,-0.5734339686853103,-0.5776588485633254
0.7715681538405537,0.7696886525966781,0.7640593056061841,0.7547075384817498,0.7416789120927689,0.7250369005973752,0.704862582202726,0.6812542441601228,0.65432690391941,0.6242117487755121,0.5910554967371248,0.5550196817313259,0.5162798666265151,0.47502478790776986,0.4314554361716637,0.38578407692027805,0.3382332164250154,0.2890345176984153,0.23842767185523409,0.1866592303614425,0.1339814038602502,0.08065083342721305,0.02692734024071329,-0.02692734024071244,-0.08065083342721219,-0.13398140386024937,-0.18665923036144166,-0.23842767185523325,-0.2890345176984145,-0.33823321642501464,-0.3857840769202774,-0.431455436171663,-0.47502478790776925,-0.5162798666265146,-0.5550196817313252,-0.5910554967371242,-0.6242117487755116,-0.6543269039194095,-0.6812542441601224,-0.7048625822027256,-0.7250369005973749,-0.7416789120927687,-0.7547075384817495,-0.7640593056061841,-0.7696886525966781
0.9903111521231316,0.9878988039294241,0.9806735120662129,0.9686704774291722,0.9519481775965123,0.930588081932098,0.9046942546748983,0.874392847948469,0.8398314871604982,0.8011785517866474,0.7586223550426775,0.7123702264413931,0.6626475017040913,0.6096964249475796,0.553774968495195,0.4951555760615671,0.4341238354342303,0.37097708711863475,0.3060229757250802,0.23957795115511843,0.17196572688942038,0.10351570288824971,0.03456136078797131,-0.03456136078797023,-0.10351570288824861,-0.17196572688941927,-0.23957795115511735,-0.3060229757250792,-0.37097708711863364,-0.43412383543422933,-0.4951555760615663,-0.5537749684951943,-0.6096964249475788,-0.6626475017040904,-0.7123702264413925,-0.7586223550426767,-0.8011785517866468,-0.8398314871604975,-0.8743928479484685,-0.9046942546748977,-0.9305880819320977,-0.9519481775965121,-0.9686704774291718,-0.9806735120662127,-0.9878988039294241
1.2395377821953961,1.2365183304569192,1.2274746857068444,1.2124509076733299,1.1915201906927695,1.1647845071143446,1.1323741105009886,1.0944469010471172,1.0511876563047642,1.0028071309659081,0.9495410300868051,0.8916488607566508,0.8294126678051208,0.7631356597083124,0.6931407313875347,0.6197688910976998,0.5433775990693864,0.4643390259985339,0.38303823986820806,0.2998713299361178,0.21524347702753935,0.12956697953507934,0.04325924474235379,-0.04325924474235243,-0.12956697953507795,-0.21524347702753804,-0.2998713299361164,-0.3830382398682068,-0.46433902599853255,-0.543377599069385,-0.6197688910976987,-0.6931407313875336,-0.7631356597083111,-0.8294126678051198,-0.8916488607566501,-0.9495410300868043,-1.0028071309659072,-1.0511876563047633,-1.0944469010471165,-1.1323741105009881,-1.1647845071143441,-1.1915201906927693,-1.2124509076733296,-1.2274746857068441,-1.2365183304569192
1.541318181817702,1.5375636081931754,1.526318179224884,1.5076366815123774,1.481610129434651,1.4483653217372483,1.4080642237815155,1.3609031784656374,1.307111949661786,1.2469526028296165,1.1807182282596969,1.108731513167079,1.0313431695916133,0.948930225764148,0.8618941892628944,0.7706590909088534,0.6756694189302829,0.577387953460739,0.47629351192076314,0.37287861626757113,0.26764709347755095,0.16111162095189718,0.053791228803851926,-0.05379122880385024,-0.16111162095189546,-0.2676470934775492,-0.3728786162675695,-0.4762935119207617,-0.5773879534607372,-0.6756694189302813,-0.7706590909088521,-0.8618941892628931,-0.9489302257641465,-1.031343169591612,-1.1087315131670779,-1.180718228259696,-1.2469526028296156,-1.3071119496617851,-1.3609031784656365,-1.4080642237815146,-1.4483653217372479,-1.4816101294346509,-1.5076366815123772,-1.526318179224884,-1.5375636081931754
1.873150159839587,1.8685872601944156,1.8549207912473118,1.8322173346612374,1.8005874993945357,1.7601853828252052,1.711207820003968,1.6538934246936765,1.5885214268670667,1.5154103123263756,1.4349162710725403,1.3474314619833212,1.2533821022546567,1.1532263909133331,1.0474522765173937,0.9365750799197964,0.8211349836770248,0.7016944003339814,0.5788352324065794,0.45315603741121263,0.3252691117526642,0.19579750767759035,0.06537199782661113,-0.06537199782660906,-0.19579750767758827,-0.32526911175266227,-0.45315603741121063,-0.5788352324065774,-0.7016944003339796,-0.8211349836770228,-0.9365750799197947,-1.047452276517392,-1.1532263909133313,-1.2533821022546552,-1.34743146198332,-1.4349162710725392,-1.5154103123263742,-1.5885214268670653,-1.6538934246936758,-1.7112078200039669,-1.7601853828252048,-1.8005874993945352,-1.832217334661237,-1.8549207912473118,-1.8685872601944156
2.2388327680256257,2.2333790839260566,2.2170446014280802,2.1899089004884917,2.1521041835145946,2.1038146312873702,2.045275505651223,1.9767720033419136,1.898637866536753,1.8112537568962361,1.7150454010187097,1.6104815163431836,1.4980715276050696,1.378363084970084,1.2519393959377003,1.1194163840128162,0.9814396879883593,0.8386815164579995,0.6918373728834201,0.5416226671714096,0.38876923026866006,0.23402174875498416,0.07813413680516179,-0.07813413680515932,-0.23402174875498166,-0.3887692302686576,-0.5416226671714071,-0.6918373728834177,-0.8386815164579973,-0.9814396879883573,-1.119416384012814,-1.2519393959376983,-1.3783630849700825,-1.4980715276050678,-1.6104815163431823,-1.7150454010187082,-1.8112537568962344,-1.898637866536751,-1.9767720033419123,-2.0452755056512215,-2.10381463128737,-2.152104183514594,-2.1899089004884904,-2.2170446014280802,-2.2333790839260566
2.6627213103721186,2.6562350550879574,2.636807889619222,2.6045344611632637,2.5595720026194066,2.502139566566065,2.4325169580586046,2.3510433714472287,2.258115737856219,2.1541867913753734,2.039762863385044,1.9154014157605517,1.7817083249739512,1.6393349303247688,1.4889748606804187,1.331360655186063,1.1672601944075425,0.9974729592944566,0.8228261361893104,0.6441705868588531,0.46237670318102014,0.2783301666832284,0.09292763359101122,-0.09292763359100831,-0.2783301666832255,-0.4623767031810173,-0.6441705868588501,-0.8228261361893077,-0.9974729592944537,-1.1672601944075396,-1.3313606551860608,-1.488974860680416,-1.6393349303247666,-1.7817083249739494,-1.9154014157605503,-2.039762863385042,-2.1541867913753716,-2.258115737856217,-2.351043371447227,-2.4325169580586037,-2.5021395665660644,-2.559572002619406,-2.6045344611632624,-2.636807889619221,-2.6562350550879574
3.118443534632171,3.1108471629142307,3.0880950565198364,3.050298061424307,2.9976403207884075,2.930378377831377,2.8488399259781585,2.7534222123699577,2.644590102516128,2.522873815516107,2.3888663408852775,2.2432205495696635,2.0866460132242883,1.919905547251403,1.7438114944405443,1.55922176731609,1.3670356684736908,1.1681895092684376,0.9636520482000168,0.7544197712187415,0.5415120369460985,0.3259661104620484,0.10883210985383138,-0.10883210985382796,-0.3259661104620449,-0.5415120369460952,-0.7544197712187382,-0.9636520482000137,-1.1681895092684342,-1.3670356684736877,-1.5592217673160873,-1.7438114944405414,-1.9199055472514006,-2.0866460132242857,-2.2432205495696618,-2.3888663408852753,-2.522873815516105,-2.644590102516125,-2.7534222123699554,-2.848839925978157,-2.9303783778313757,-2.9976403207884066,-3.0502980614243063,-3.088095056519836,-3.1108471629142307
3.6090280680667393,3.6002366570820445,3.573905254998571,3.5301621457604435,3.4692204413988295,3.3913770437715387,3.2970111980870236,3.186582645259829,3.0606293820991017,2.919765040242177,2.764675896602945,2.5961175298997166,2.4149111395516383,2.2219395448776793,2.018142884089663,1.8045140340333745,1.5820937729923872,1.3519657101208966,1.1152510062088026,0.8731029114991105,0.6267011471685927,0.3772461578448423,0.12595326316072916,-0.1259532631607252,-0.37724615784483817,-0.6267011471685888,-0.8731029114991067,-1.115251006208799,-1.3519657101208928,-1.5820937729923839,-1.8045140340333716,-2.0181428840896594,-2.221939544877676,-2.4149111395516356,-2.596117529899714,-2.7646758966029426,-2.919765040242175,-3.0606293820990986,-3.186582645259826,-3.2970111980870214,-3.391377043771537,-3.4692204413988295,-3.5301621457604417,-3.57390525499857,-3.6002366570820445
