hough_viz/data/file_4_0_1.json
{"header": {"discipline": 0, "disciplineName": "Meteorological products", "gribEdition": 2, "gribLength": 133963, "center": 7, "centerName": "US National Weather Service - NCEP(WMC)", "subcenter": 0, "refTime": "2014-11-30T06:00:00.000Z", "significanceOfRT": 1, "significanceOfRTName": "Start of forecast", "productStatus": 0, "productStatusName": "Operational products", "productType": 1, "productTypeName": "Forecast products", "productDefinitionTemplate": 0, "productDefinitionTemplateName": "Analysis/forecast at horizontal level/layer at a point in time", "parameterCategory": 2, "parameterCategoryName": "Momentum", "parameterNumber": 2, "parameterNumberName": "U-component_of_wind", "parameterUnit": "m.s-1", "genProcessType": 2, "genProcessTypeName": "Forecast", "forecastTime": 6, "surface1Type": 100, "surface1TypeName": "Isobaric surface", "surface1Value": 85000, "surface2Type": 255, "surface2TypeName": "Missing", "surface2Value": 0, "gridDefinitionTemplate": 0, "gridDefinitionTemplateName": "Latitude_Longitude", "numberPoints": 65160, "shape": 6, "shapeName": "Earth spherical with radius of 6,371,229.0 m", "gridUnits": "degrees", "resolution": 48, "winds": "true", "scanMode": 0, "nx": 360, "ny": 181, "basicAngle": 0, "subDivisions": 0, "lo1": 0, "la1": 90, "lo2": 359, "la2": -90, "dx": 1, "dy": 1}, "data":
[rows 0 to 19 of 181, columns 44 to 87 of 360]
-0.001181577832235589,-0.0011844631248768805,-0.001181577832235589,-0.001172936011167434,-0.0011585797637559867,-0.0011385790321955512,-0.0011130312580398228,-0.0010820609074764353,-0.001045818864940204,-0.0010044816980193298,-0.0009582507972358518,-0.0009073513948912747,-0.00085203146775743,-0.0007925605289585754,-0.0007292283149305397,-0.0006623433738539372,-0.0005922315624384408,-0.0005192344583816527,-0.0004437076962368946,-0.00036601923479741174,-0.000286547564438121,-0.00020567986314854809,-0.0001238101102405829,-4.133716692087548e-05,4.133716692087506e-05,0.0001238101102405825,0.00020567986314854763,0.0002865475644381206,0.00036601923479741153,0.00044370769623689415,0.0005192344583816522,0.0005922315624384403,0.0006623433738539359,0.0007292283149305399,0.0007925605289585747,0.0008520314677574299,0.0009073513948912743,0.0009582507972358516,0.0010044816980193285,0.001045818864940204,0.0010820609074764353,0.0011130312580398228,0.001138579032195551,0.001158579763755987
-1.1503236022819832e-05,-1.1531325752791214e-05,-1.1503236022819832e-05,-1.1419103683246513e-05,-1.1279338618372686e-05,-1.1084621749545304e-05,-1.083590171777644e-05,-1.0534390262059562e-05,-1.0181556315899151e-05,-9.779118850814194e-06,-9.32903850168156e-06,-8.833508014720497e-06,-8.294941564652801e-06,-7.715962993086718e-06,-7.099393025424208e-06,-6.4482355285703256e-06,-5.765662876395607e-06,-5.055000494249518e-06,-4.319710657822306e-06,-3.563375625285967e-06,-2.7896801848925163e-06,-2.002393703055938e-06,-1.205351760377979e-06,-4.0243746508500903e-07,4.024374650850059e-07,1.205351760377979e-06,2.0023937030559315e-06,2.7896801848925227e-06,3.563375625285973e-06,4.319710657822293e-06,5.055000494249506e-06,5.765662876395607e-06,6.448235528570313e-06,7.0993930254241955e-06,7.715962993086718e-06,8.294941564652776e-06,8.833508014720497e-06,9.32903850168156e-06,9.779118850814145e-06,1.0181556315899151e-05,1.0534390262059562e-05,1.083590171777644e-05,1.108462174954528e-05,1.127933861837271e-05
0.0011585713601899492,0.001161400473371298,0.0011585713601899492,0.0011500978038009408,0.0011360210865192415,0.0011164097886964604,0.0010913594546042699,0.001060992126952316,0.0010254557523084057,0.0009849234603177015,0.0009395927202324887,0.0008896843788618337,0.0008354415846281245,0.000777128602972402,0.0007150295288796913,0.0006494469027967967,0.0005807002366856496,0.0005091244573931537,0.00043506827492125,0.00035889248354683986,0.000280968204068336,0.0002016750757424362,0.00012139940671982695,4.053229199070547e-05,-4.053229199070505e-05,-0.00012139940671982654,-0.00020167507574243574,-0.0002809682040683355,-0.00035889248354683954,-0.0004350682749212495,-0.0005091244573931533,-0.000580700236685649,-0.0006494469027967952,-0.0007150295288796916,-0.0007771286029724012,-0.0008354415846281243,-0.0008896843788618335,-0.0009395927202324887,-0.0009849234603177006,-0.0010254557523084059,-0.0010609921269523158,-0.0010913594546042699,-0.00111640978869646,-0.0011360210865192415
0.0032447943840204644,0.0032527178412006023,0.0032447943840204644,0.0032210626147669706,0.003181638152234413,0.0031267130684413183,0.003056554952874876,0.0029715056088218577,0.002871979388137357,0.002758461172564211,0.0026315040114378786,0.0024917264272856805,0.0023398094024472092,0.0021764930613968362,0.002002573064931653,0.0018188967337920664,0.0016263589206003026,0.0014258976502284013,0.0012184895498353182,0.0010051450908375784,0.0007869036659941091,0.0005648285255891964,0.0003400015973839779,0.00011351821557314868,-0.00011351821557314753,-0.0003400015973839767,-0.0005648285255891952,-0.0007869036659941078,-0.001005145090837577,-0.001218489549835317,-0.0014258976502284004,-0.0016263589206003011,-0.0018188967337920627,-0.0020025730649316544,-0.0021764930613968345,-0.002339809402447209,-0.00249172642728568,-0.0026315040114378786,-0.002758461172564209,-0.0028719793881373575,-0.0029715056088218577,-0.003056554952874876,-0.003126713068441318,-0.003181638152234413
0.006855974280977767,0.006872715871419052,0.006855974280977767,0.006805831072999683,0.006722530540153693,0.006606478514262479,0.006458240389130678,0.006278538366003086,0.006068247935072794,0.00582839361018098,0.005560143937488439,0.00526480580243617,0.00494381806273086,0.00459874453837478,0.0042312663928919195,0.003843173942868307,0.003436357935709529,0.0030128003381094657,0.002574564680107764,0.002123786001778914,0.0016626604515316199,0.0011934345866945076,0.0007183944285146444,0.00023985432489181992,-0.00023985432489181743,-0.0007183944285146422,-0.0011934345866945052,-0.0016626604515316173,-0.002123786001778912,-0.0025745646801077614,-0.0030128003381094635,-0.003436357935709526,-0.0038431739428683004,-0.004231266392891922,-0.004598744538374776,-0.004943818062730859,-0.005264805802436169,-0.0055601439374884385,-0.005828393610180975,-0.006068247935072794,-0.006278538366003085,-0.006458240389130678,-0.006606478514262477,-0.006722530540153692
0.013848854429530167,0.013882671920588069,0.013848854429530167,0.013747566711773575,0.013579302230897794,0.013344880754539767,0.013045444360568346,0.012682451872995718,0.012257671754733452,0.011773173491818988,0.01123131751108764,0.010634743680410364,0.009986358447522818,0.009289320680104194,0.00854702627609134,0.007763091619205461,0.00694133596029404,0.006085762810324721,0.005200540435682237,0.004289981550793606,0.003358522307016947,0.0024107006801579824,0.0014511343619080725,0.00048449826291447555,-0.00048449826291447045,-0.0014511343619080677,-0.0024107006801579772,-0.0033585223070169415,-0.004289981550793602,-0.0052005404356822325,-0.006085762810324716,-0.006941335960294034,-0.0077630916192054445,-0.008547026276091345,-0.009289320680104182,-0.009986358447522818,-0.01063474368041036,-0.011231317511087637,-0.011773173491818981,-0.012257671754733454,-0.012682451872995715,-0.013045444360568346,-0.013344880754539764,-0.013579302230897794
0.023315270422376393,0.0233722039364828,0.023315270422376393,0.023144747254414948,0.022861465204331858,0.022466804393799708,0.021962687570616247,0.021351570741270386,0.020636431205525423,0.019820753051313963,0.01890851018061163,0.017904146948986153,0.016812556513143773,0.015639056991961636,0.014389365557147156,0.013069570579752249,0.011686101968241411,0.010245699842624162,0.008755381697267797,0.007222408212370233,0.005654247880655937,0.004058540621630094,0.0024430605606587455,0.0008156781542114774,-0.0008156781542114689,-0.0024430605606587373,-0.004058540621630085,-0.005654247880655928,-0.007222408212370226,-0.008755381697267786,-0.010245699842624153,-0.0116861019682414,-0.013069570579752221,-0.014389365557147166,-0.01563905699196162,-0.016812556513143766,-0.01790414694898615,-0.01890851018061163,-0.01982075305131395,-0.020636431205525427,-0.02135157074127038,-0.021962687570616247,-0.022466804393799705,-0.022861465204331858
0.035921058576543194,0.036008774140554936,0.035921058576543194,0.03565833922591872,0.035221896030949315,0.03461385529900971,0.033837179343425915,0.03289565205138232,0.03179386044920375,0.03053717235482436,0.02913171022631808,0.02758432133389846,0.025902544400706363,0.024094572874908706,0.02216921501204246,0.020135850962079274,0.01800438707027748,0.015785207614463954,0.013489124213876276,0.011127323156040618,0.008711310898303348,0.006252858009527449,0.003763941825064222,0.001256688094379423,-0.0012566880943794103,-0.0037639418250642086,-0.006252858009527436,-0.008711310898303334,-0.011127323156040609,-0.013489124213876266,-0.01578520761446394,-0.018004387070277468,-0.020135850962079236,-0.02216921501204247,-0.02409457287490868,-0.025902544400706357,-0.027584321333898452,-0.029131710226318077,-0.03053717235482433,-0.03179386044920375,-0.03289565205138231,-0.033837179343425915,-0.034613855299009705,-0.03522189603094931
0.05437859323891381,0.05451138022140076,0.05437859323891381,0.05398087921628396,0.05332017577625137,0.052399701799562215,0.051223941742905205,0.04979862379108939,0.04813069194990351,0.04622827221561797,0.044100632985947595,0.041758139905349816,0.03921220536464671,0.03647523290100416,0.03356055676914549,0.03048237697820295,0.027255690110700406,0.0238962162607109,0.020420322447138477,0.01684494287524722,0.013187496434915512,0.00946580183755539,0.005697990805141773,0.0019024197342855887,-0.0019024197342855692,-0.0056979908051417545,-0.00946580183755537,-0.013187496434915489,-0.016844942875247206,-0.02042032244713846,-0.02389621626071088,-0.02725569011070038,-0.0304823769782029,-0.03356055676914551,-0.036475232901004136,-0.039212205364646695,-0.0417581399053498,-0.04410063298594759,-0.04622827221561794,-0.04813069194990352,-0.049798623791089375,-0.051223941742905205,-0.05239970179956221,-0.05332017577625137
0.07665192165773177,0.07683909783814595,0.07665192165773177,0.07609130502002534,0.0751599791929326,0.07386248150226657,0.07220513322635219,0.07019600879939365,0.06784489647364254,0.06516325063201701,0.06216413598349935,0.05886216391318719,0.05527342129709397,0.051415392128506245,0.04730687233772553,0.04296787822018566,0.03841954891907301,0.033684043437546184,0.02878443268229984,0.023744587064426392,0.018589060205172606,0.013342969313165007,0.00803187281589426,0.0026816458416255755,-0.0026816458416255473,-0.008031872815894233,-0.01334296931316498,-0.018589060205172578,-0.023744587064426365,-0.028784432682299816,-0.033684043437546156,-0.038419548919072975,-0.042967878220185565,-0.04730687233772554,-0.051415392128506196,-0.05527342129709396,-0.05886216391318716,-0.06216413598349933,-0.06516325063201697,-0.06784489647364256,-0.07019600879939364,-0.07220513322635219,-0.07386248150226656,-0.07515997919293259
0.10353387075031951,0.10378668991064102,0.10353387075031951,0.10277664497889072,0.10151870172419701,0.09976616955932723,0.09752758664482468,0.09481385913162729,0.09163820802739639,0.0880161047850965,0.0839651959276315,0.07950521707575908,0.07465789679813002,0.06944685075188607,0.06389746662955187,0.05803678047274948,0.05189334495532056,0.04549709027757012,0.03887917834933887,0.03207185097231099,0.025108272761197196,0.0180223695690656,0.01084866320399577,0.003622103242299977,-0.00362210324229994,-0.010848663203995731,-0.018022369569065562,-0.02510827276119716,-0.032071850972310946,-0.038879178349338836,-0.04549709027757008,-0.05189334495532051,-0.058036780472749364,-0.0638974666295519,-0.06944685075188599,-0.07465789679813,-0.07950521707575905,-0.08396519592763149,-0.08801610478509642,-0.09163820802739639,-0.09481385913162729,-0.09752758664482468,-0.0997661695593272,-0.101518701724197
0.13865161941275345,0.13899019253614883,0.13865161941275345,0.1376375495367911,0.1359529233547637,0.1336059481960919,0.1306080582878317,0.12697385904826933,0.12272105593079141,0.11787036816469613,0.1124454278131904,0.10647266464035368,0.099981177347984,0.09300259180964775,0.08557090699260268,0.07772232931824727,0.06949509626807447,0.06092929009450628,0.05206664254418847,0.04295033154511598,0.03362477084810793,0.024135393647478028,0.014528431235078902,0.004850687766095396,-0.0048506877660953445,-0.014528431235078852,-0.024135393647477976,-0.033624770848107874,-0.04295033154511593,-0.05206664254418842,-0.06092929009450623,-0.06949509626807442,-0.07772232931824712,-0.08557090699260274,-0.09300259180964765,-0.09998117734798394,-0.10647266464035365,-0.11244542781319038,-0.11787036816469602,-0.12272105593079144,-0.1269738590482693,-0.1306080582878317,-0.13360594819609187,-0.13595292335476367
0.17882432257963357,0.1792609933498077,0.17882432257963363,0.17751643768520953,0.17534371055027312,0.17231672648302385,0.1684502326455661,0.16376306620721737,0.1582780625717128,0.1520219441254142,0.14502519004852887,0.1373218878236083,0.12894956716475892,0.11994901717664812,0.1103640876340856,0.1002414753503293,0.08963049667490394,0.07858284722930443,0.06715235005112398,0.05539469337362504,0.04336715931826493,0.031128344821957823,0.018737876158688428,0.006256118446298782,-0.006256118446298718,-0.01873787615868836,-0.03112834482195776,-0.043367159318264854,-0.05539469337362497,-0.06715235005112391,-0.07858284722930438,-0.08963049667490385,-0.10024147535032911,-0.11036408763408569,-0.11994901717664799,-0.1289495671647589,-0.13732188782360827,-0.14502519004852885,-0.15202194412541406,-0.1582780625717128,-0.16376306620721734,-0.1684502326455661,-0.17231672648302382,-0.17534371055027306
0.22489070717347184,0.22543986735979218,0.22489070717347187,0.22324590206773715,0.2205134653677281,0.2167067092303835,0.2118441797889507,0.20594956679808865,0.19905158821976426,0.19118385031222898,0.18238468390370588,0.17269695764844828,0.16216786917496492,0.15084871514391837,0.13879464133595035,0.12606437398698234,0.11271993367989619,0.09882633318648967,0.08445126073178687,0.06966475022380983,0.0545388400554186,0.039147222140502404,0.02356488289438268,0.007867737907535474,-0.007867737907535392,-0.0235648828943826,-0.03914722214050232,-0.054538840055418515,-0.06966475022380975,-0.08445126073178678,-0.09882633318648959,-0.11271993367989609,-0.12606437398698211,-0.1387946413359504,-0.1508487151439182,-0.16216786917496487,-0.17269695764844822,-0.18238468390370585,-0.1911838503122288,-0.1990515882197643,-0.20594956679808862,-0.2118441797889507,-0.21670670923038346,-0.22051346536772806
0.281409015525869,0.28209618766090616,0.28140901552586906,0.2793508469543251,0.2759317091366688,0.271168259768657,0.26508370589679037,0.2577076908559156,0.24907614984987717,0.23923113487881736,0.22822060986605744,0.21609821698268558,0.20292301530829088,0.18875919310106445,0.17367575507905725,0.15774618623613093,0.1410480938304532,0.12366282928973829,0.10567509187526798,0.08717251603560439,0.06824524446036603,0.04898548891410475,0.029487080989858076,0.00984501497106008,-0.009845014971059978,-0.02948708098985798,-0.04898548891410466,-0.06824524446036592,-0.0871725160356043,-0.10567509187526788,-0.12366282928973824,-0.14104809383045308,-0.15774618623613063,-0.17367575507905733,-0.1887591931010643,-0.20292301530829082,-0.21609821698268553,-0.2282206098660574,-0.23923113487881717,-0.24907614984987722,-0.2577076908559156,-0.26508370589679037,-0.2711682597686569,-0.27593170913666876
0.3440736184853233,0.34491381119408465,0.34407361848532336,0.34155713369346075,0.33737661687944676,0.3315524351009749,0.32411296318622534,0.31509444549455373,0.3045408193376154,0.2925035009212004,0.2790411348506464,0.26421930842021696,0.248110232078396,0.23079238762584267,0.21235014585994563,0.19287335552878132,0.17245690559704246,0.1512002629565423,0.1292069878335152,0.10658422925360417,0.08344220302257889,0.05989365476600847,0.0360533106439072,0.012037318416415229,-0.012037318416415107,-0.03605331064390707,-0.05989365476600835,-0.08344220302257874,-0.10658422925360404,-0.12920698783351509,-0.15120026295654218,-0.17245690559704233,-0.19287335552878096,-0.21235014585994574,-0.23079238762584242,-0.24811023207839591,-0.26421930842021685,-0.27904113485064636,-0.29250350092120025,-0.30454081933761545,-0.3150944454945537,-0.32411296318622534,-0.33155243510097476,-0.3373766168794467
0.4136918543841489,0.41470204772956615,0.41369185438414896,0.410666195908332,0.4056398130060713,0.3986371937096164,0.3896924540762789,0.3788491719784303,0.3661601747964882,0.3516872820492299,0.3355010042153096,0.31768019921329543,0.2983116882138158,0.27748983265554494,0.2553160745257563,0.23189844214516056,0.20735102386478327,0.1817934122389888,0.15535012138257584,0.1281499803505266,0.10032550549580056,0.07201225486298352,0.04334816776312058,0.014472892747258673,-0.014472892747258522,-0.043348167763120435,-0.07201225486298338,-0.1003255054958004,-0.12814998035052647,-0.1553501213825757,-0.18179341223898862,-0.20735102386478307,-0.2318984421451601,-0.25531607452575633,-0.2774898326555446,-0.2983116882138157,-0.3176801992132953,-0.33550100421530954,-0.3516872820492296,-0.36616017479648827,-0.3788491719784303,-0.3896924540762789,-0.3986371937096163,-0.40563981300607127
0.495715007683142,0.49692549320921153,0.495715007683142,0.4920894484687383,0.48606647892605337,0.47767544235727233,0.46695721904909415,0.45396402710808453,0.4387591680593084,0.42141671844766493,0.40202116894440476,0.38066701271707404,0.35745828506829996,0.3325080565862546,0.3059378822761136,0.27787720935629223,0.24846274660460607,0.21783779832685016,0.18615156619262482,0.153558422339799,0.12021715728897234,0.08629020633202017,0.0519428581636796,0.01734244961164388,-0.017342449611643707,-0.05194285816367943,-0.08629020633201999,-0.12021715728897214,-0.15355842233979883,-0.18615156619262466,-0.21783779832685002,-0.24846274660460577,-0.2778772093562916,-0.30593788227611374,-0.33250805658625426,-0.35745828506829985,-0.3806670127170739,-0.40202116894440476,-0.4214167184476646,-0.4387591680593085,-0.45396402710808437,-0.46695721904909415,-0.4776754423572722,-0.48606647892605337
0.5847779000366927,0.5862058680687042,0.5847779000366928,0.5805009528573715,0.5733958633874809,0.563497246908717,0.5508533284855592,0.5355257080176027,0.51758906013104,0.49713077037138964,0.47425050946990005,0.4490597477577677,0.4216812120938873,0.39224828795193306,0.3609043695797366,0.3278021613969286,0.2931029340343524,0.25697573863976464,0.21959658327763498,0.18114757543554805,0.1418160348148297,0.10179358072779146,0.06127519854770239,0.020458289759650854,-0.020458289759650646,-0.061275198547702185,-0.10179358072779127,-0.1418160348148295,-0.18114757543554785,-0.2195965832776348,-0.25697573863976453,-0.2931029340343521,-0.3278021613969279,-0.36090436957973676,-0.3922482879519326,-0.4216812120938872,-0.4490597477577676,-0.47425050946990005,-0.49713077037138925,-0.5175890601310401,-0.5355257080176025,-0.5508533284855592,-0.563497246908717,-0.5733958633874808
0.6815870834068266,0.6832514495979494,0.6815870834068267,0.6766020934582397,0.6683207661221291,0.6567834471928397,0.6420463453284682,0.6241812582079294,0.603275222739882,0.5794300910276593,0.552762034156059,0.5234009762174957,0.4914899613348829,0.4571844567650448,0.4206515954778681,0.38206936190127433,0.3416257247989751,0.2995177215055529,0.2559504979803718,0.2111363093570843,0.1652934858579568,0.11864536911097243,0.07141922405187016,0.023845131712223102,-0.023845131712222856,-0.07141922405186993,-0.11864536911097219,-0.16529348585795656,-0.2111363093570841,-0.2559504979803715,-0.29951772150555267,-0.3416257247989747,-0.3820693619012736,-0.42065159547786835,-0.4571844567650445,-0.4914899613348828,-0.5234009762174955,-0.5527620341560588,-0.5794300910276589,-0.603275222739882,-0.6241812582079292,-0.6420463453284682,-0.6567834471928395,-0.6683207661221291
