hough_viz/data/file_1_3_0.json
{"header": {"discipline": 0, "disciplineName": "Meteorological products", "gribEdition": 2, "gribLength": 133963, "center": 7, "centerName": "US National Weather Service - NCEP(WMC)", "subcenter": 0, "refTime": "2014-11-30T06:00:00.000Z", "significanceOfRT": 1, "significanceOfRTName": "Start of forecast", "productStatus": 0, "productStatusName": "Operational products", "productType": 1, "productTypeName": "Forecast products", "productDefinitionTemplate": 0, "productDefinitionTemplateName": "Analysis/forecast at horizontal level/layer at a point in time", "parameterCategory": 2, "parameterCategoryName": "Momentum", "parameterNumber": 3, "parameterNumberName": "V-component_of_wind", "parameterUnit": "m.s-1", "genProcessType": 2, "genProcessTypeName": "Forecast", "forecastTime": 6, "surface1Type": 100, "surface1TypeName": "Isobaric surface", "surface1Value": 85000, "surface2Type": 255, "surface2TypeName": "Missing", "surface2Value": 0, "gridDefinitionTemplate": 0, "gridDefinitionTemplateName": "Latitude_Longitude", "numberPoints": 65160, "shape": 6, "shapeName": "Earth spherical with radius of 6,371,229.0 m", "gridUnits": "degrees", "resolution": 48, "winds": "true", "scanMode": 0, "nx": 360, "ny": 181, "basicAngle": 0, "subDivisions": 0, "lo1": 0, "la1": 90, "lo2": 359, "la2": -90, "dx": 1, "dy": 1}, "data":
[rows 152 to 170 of 181, columns 43 to 85 of 360]
3.1440053358595392,3.2023678519145364,3.2597548956998064,3.3161489865658917,3.371532946326412,3.4258899044907087,3.4792033034027576,3.5314569032847896,3.5826347871840905,3.6327213658214523,3.6817013823398232,3.7295599169516906,3.7762823914837975,3.821854573817788,3.866262582225457,3.909492889597255,3.951532327562772,3.9923680905019623,4.031987739445846,4.070379205865552,4.107530795348504,4.143431191160648,4.178069457693645,4.211435043795961,4.243517785986848,4.2743079115522455,4.303796041521633,4.331973193524964,4.358830784528782,4.384360633450688,4.408554963651393,4.431406405303537,4.452907997636628,4.473053191057352,4.491835849144639,4.509250250518886,4.525291090584737,4.539953483146916,4.553232961898614,4.565125481781956,4.575627420220186,4.584735578221117,4.592447181351594
4.094066633883415,4.170065242068005,4.244793607983532,4.318228968645828,4.390348954932651,4.461131598397537,4.530555337961598,4.598599026481242,4.665241937189791,4.730463770011056,4.794244657742947,4.856565172109198,4.917406329677419,4.976749597641638,5.034576899467559,5.09087062039886,5.1456136128228165,5.19878920149363,5.250381188611865,5.300373858758467,5.348751983681813,5.3955008269364075,5.440606148371727,5.484054208469916,5.52583177253098,5.565926114704198,5.604325021864538,5.641016797332903,5.6759902644390445,5.709234769926085,5.740740187195606,5.770496919392311,5.798495902327308,5.824728607239166,5.849187043391845,5.871863760508759,5.892751851042204,5.911844952277448,5.929137248270904,5.944623471621693,5.958298905076164,5.970159382964813,5.980201292471178
5.043581252249985,5.1372058044896995,5.229265514076136,5.319732338729953,5.408578721379989,5.495777598557414,5.581302408639524,5.6651270999406735,5.747226138647862,5.827574516598588,5.9061477588985785,5.982921931377067,6.057873647877393,6.130980077380637,6.202218950960172,6.271568568565002,6.339007805629796,6.404516119509649,6.4680735557375595,6.529660754102754,6.589258954548008,6.64685000288412,6.702416356319873,6.7559410888057245,6.8074078961896545,6.8568011011835655,6.9041056581387314,6.949307157628854,6.992391830839315,7.03334655376128,7.072158851189412,7.108816900521932,7.143309535361894,7.175626248918595,7.205757197208021,7.23369320205144,7.259425753871156,7.282947014282604,7.3042498184820115,7.323327677428852,7.340174779822481,7.354785993872303,7.367156868860983
5.992386305325819,6.103623629882302,6.213001731553993,6.320487292711555,6.426047572211821,6.52965041537107,6.631264263759654,6.730858164814998,6.828401781270052,6.923865400394316,7.017219943044632,7.108436972522958,7.197488703238478,7.284348009171357,7.368988432135575,7.4513841898383735,7.531510183733764,7.6093420066678155,7.684855950313284,7.758029012391415,7.828838903678656,7.897264054796173,7.963283622780084,8.026877497430435,8.08802630743696,8.146711426279769,8.202914977903172,8.256619842160879,8.307809660030992,8.3564688385991,8.402582555808044,8.44613676497284,8.487118199059461,8.52551437472609,8.561313596125665,8.59450495846855,8.625078351344248,8.653024461801117,8.678334777183194,8.70100158772322,8.721017988891132,8.738377883497229,8.753075983549445
6.932407626140231,7.0610946696276375,7.187630835276314,7.311977578944424,7.434097023409269,7.5539519699050715,7.67150590945406,7.786723033987487,7.89956824725308,8.010007175505724,8.118006177978026,8.223532357127624,8.326553568658095,8.427038431310418,8.524956336422008,8.620277457250419,8.712972758058845,8.803014002960708,8.89037376452056,8.975025432108747,9.056943220007296,9.136102175264451,9.212478185295609,9.286047985228246,9.356789164988617,9.42468017612808,9.48970033838697,9.551829845993993,9.611049773699273,9.667342082539156,9.72068962533105,9.771076151896635,9.81848631401181,9.862905670081924,9.904320689540821,9.942718756972374,9.978088175953276,10.01041817261587,10.039698898929984,10.065921435702741,10.08907779529541,10.109160924056543,10.126164704470566
7.863623904610184,8.00959721806126,8.153130730609,8.294180720555046,8.43270422270608,8.568659041461437,8.7020037636663,8.832697771226547,8.960701253481416,9.08597521933021,9.20848150910938,9.32818280621631,9.445042648476331,9.559025439249444,9.670096458273402,9.778221872239845,9.883368745100235,9.98550504809853,10.084599669527416,10.180622424205248,10.273544062670766,10.36333628009274,10.449971724891903,10.533424007072515,10.613667706261001,10.690678379449256,10.764432568440203,10.8349078069934,10.90208262766848,10.965936568364327,11.026450178552038,11.083605025199741,11.137383698387474,11.187769816610421,11.234748031768866,11.278304033843389,11.318424555253818,11.355097374900675,11.388311321887839,11.418056278925304,11.444323185411019,11.467104040190808,11.486391903995624
8.786143351048562,8.949241494215958,9.109613611730968,9.267210852693037,9.421985211455887,9.573889542250505,9.722877573546208,9.868903922145376,10.01192410700764,10.151894562799223,10.288772653163369,10.422516683707778,10.553085914705145,10.680440573502855,10.804541866638123,10.925351991654871,11.042834148618695,11.156952551326514,11.267672438207374,11.37496008291116,11.47878280458198,11.579108977813059,11.675908042280145,11.769150512050496,11.858807984564553,11.944853149287663,12.027259796029103,12.106002822925994,12.181058244089538,12.252403196911374,12.320015949027734,12.383875904939348,12.443963612285016,12.500260767767001,12.552750222726376,12.601415988366687,12.646243240624285,12.687218324683881,12.724328759137933,12.757563239788608,12.786911643091159,12.812365029237629,12.833915644880022
9.685404380215346,9.865195604547008,10.041981794731225,10.215709099981908,10.38632460127894,10.553776327487837,10.718013271190653,10.87898540422334,11.036643692914799,11.190940113023032,11.341827664363766,11.489260385127183,11.633193365878325,11.773582763236949,11.91038581323263,12.043560844331104,12.173067290127799,12.298865701704774,12.42091775964722,12.539186285715944,12.653635254172215,12.76422980275155,12.870936243283095,12.973722071951379,13.072555979197274,13.167407859255215,13.258248819323683,13.34505118836624,13.427788525540414,13.506435628251797,13.580968539831035,13.651364556831247,13.717602235943705,13.779661400529701,13.837523146766515,13.891169849405728,13.94058516714203,13.985754047590941,14.026662731873913,14.063298758809422,14.095650968708762,14.1237095067754,14.147465826106826
10.567807794357785,10.763979170096151,10.9568717335063,11.146426727644823,11.332586412224245,11.515294081201272,11.694494080050006,11.870131822714852,12.042153808237948,12.210507637056091,12.375142026962147,12.536006828726093,12.693053041370984,12.846232827099112,12.99549952586385,13.140807669582783,13.282112995987692,13.419372462107313,13.552544257378589,13.681587816382631,13.806463831201281,13.92713426339073,14.043562355568367,14.155712642609462,14.263550962450141,14.367044466493548,14.46616162961577,14.560872259768756,14.651147507177079,14.736959873125866,14.818283218337161,14.895092770932218,14.96736513397725,15.035078292610343,15.098211620747438,15.156745887365188,15.21066326235896,15.25994732197401,15.304583053808358,15.344556861385689,15.379856568296983,15.410471421909557,15.436392096642425
11.434109662330986,11.646362294707627,11.855067332308455,12.060161201557245,12.261581428874637,12.459266659708186,12.653156677221563,12.843192420637177,13.029316003226667,13.211470729943755,13.389601114694113,13.563652897236953,13.73357305971324,13.899309842795429,14.060812761453866,14.218032620335013,14.370921528746827,14.51943291524675,14.663521541827775,14.803143517698441,14.938256312652344,15.068818770023277,15.194791119221927,15.316134987850425,15.432813413390889,15.544790854464615,15.652033201658298,15.754507787914108,15.852183398480372,15.945030280419918,16.033020151673064,16.11612620967266,16.194323139508366,16.267587121637845,16.335895839142427,16.399228484525025,16.457565766048344,16.5108899136113,16.559184684162,16.60243536664547,16.64062878648486,16.673753309594492,16.70179884592375
12.264299788070268,12.491963330851396,12.715821700589578,12.93580670785683,13.151851343088898,13.363889796997018,13.57185748061406,13.775691044968978,13.975328400383477,14.170708735385176,14.36177253523134,14.548461600037653,14.730719062506482,14.908489405249197,15.081718477697292,15.250353512597192,15.41434314208366,15.57363741332696,15.728187803748945,15.877947235803532,16.022870091316964,16.162912225383554,16.298030979812644,16.428185196122712,16.553335228078637,16.673442953768337,16.78847178721504,16.898386689521786,17.003154179544552,17.10274234409098,17.197120847641404,17.286260941589394,17.370135472998808,17.44871889287486,17.52198726394661,17.589918267958453,17.652491212468522,17.70968703715175,17.761488319605867,17.807879280658426,17.8488457891733,17.884375366355147,17.91445718955056
13.070021884660497,13.312642135136032,13.551207225854746,13.785644487578969,14.015882508447744,14.241851155729542,14.463481597185394,14.68070632203585,14.89345916152542,15.101675309078214,15.305291340038643,15.504245230991208,15.698476378653424,15.887925618336144,16.072535241965728,16.25224901566246,16.427012196869953,16.59677155103024,16.761475367799548,16.921073476799762,17.07551726290083,17.224759681029365,17.368755270499065,17.507460168858458,17.640832125251844,17.7688305132893,17.89141634342188,18.008552274818214,18.120202626738873,18.226333389405085,18.326912234358424,18.4219085243084,18.51129332246483,18.595039401352313,18.673121251103957,18.745515087231922,18.81219885787244,18.873152250502983,18.92835669812969,18.97779538494304,19.021453251440107,19.05931699901183,19.091375093993904
13.853004270454807,14.110159108877923,14.363015856148287,14.611497489651212,14.855528319474042,15.095034011462015,15.329941609861226,15.560179559541593,15.78567772779328,16.00636742568979,16.222181429011265,16.433053998721665,16.638920900993487,16.83971942677402,17.035388410887137,17.22586825066478,17.411100924102534,17.59103000753369,17.765600692816417,17.93475980402887,18.098455813667098,18.25663885834081,18.409260753962236,18.556275010423487,18.697636845757895,18.833303199781014,18.96323274720717,19.087385910237565,19.20572487061604,19.318213581148896,19.4248177766852,19.525504984554285,19.62024453445726,19.709007567809465,19.791767046531074,19.86849776128315,19.939176339146687,20.00378125074218,20.062292816787718,20.11469321409346,20.16096648099079,20.201098522194336,20.235077113095592
14.588888615838279,14.859703756116549,15.125992486681522,15.387673693406276,15.644667665660275,15.89689612059001,16.144282226964727,16.386750628579936,16.62422746721166,16.856640405114366,17.083918647055736,17.305992961881568,17.5227957036043,17.734260832008577,17.940323932767782,18.140922237065247,18.335994640714237,18.525481722770905,18.709325763634443,18.887470762629068,19.05986245506235,19.226448328754806,19.387177640035524,19.54200142919928,19.690872535420084,19.83374561111684,19.970577135766636,20.101325429161548,20.225950664104836,20.344414878542644,20.456681987127684,20.562717792211114,20.662489994259516,20.75596820169363,20.84312394014593,20.923930661134186,20.998363750148393,21.066400534148585,21.12802028847128,21.183204243142367,21.23193558859469,21.27419948078835,21.309983045732363
15.29333950354643,15.577231442955703,15.856378406767416,16.130695364112242,16.400098755387607,16.664506517710755,16.923838109915906,17.178014537087883,17.426958374624693,17.67059379182186,17.90884657497115,18.14164414996681,18.368915604412337,18.590591709221084,18.806604939704094,19.0168894961388,19.221381323812224,19.420018132532732,19.612739415604114,19.799486468256642,19.980202405529003,20.15483217959607,20.32332259653699,20.485622332538558,20.641681949528955,20.791453910237067,20.93489259267278,21.071954304023908,21.20259729396542,21.326781767377025,21.44446989646511,21.55562583228549,21.660215715663316,21.75820768750693,21.84957189851244,21.934280518256102,22.012307743671766,22.08362980691069,22.148224982581507,22.20607359436795,22.257158021022484,22.301462701733886,22.33897414086722
15.969315782155494,16.265755943402414,16.557241397819052,16.84368335611232,17.12499456528689,17.40108933522333,17.67188356478012,17.9372947674117,18.197242096294648,18.451646368954425,18.7004300913851,18.94351748165481,19.180834492989632,19.412308836328975,19.63787000234551,19.857449282923017,20.07097979208551,20.278396486371392,20.479636184646285,20.674637587348645,20.86334129516219,21.0456898271095,21.221627638061296,21.391101135656015,21.554058696624566,21.710450682515273,21.860229454814224,22.003349389456435,22.139766890723386,22.269440404522697,22.392330431045867,22.50839953680037,22.6176123660122,22.71993565139561,22.81533822428665,22.903791024137423,22.98526710736824,23.05974165557487,23.12719198308848,23.187597543885904,23.240939937848154,23.287202916365295,23.326372387285915
16.58923019804044,16.897177898615347,17.199978555115695,17.49753993152823,17.78977138777514,18.076583907323943,18.35789012430278,18.63360435011288,18.90364259953016,19.16792261628792,19.42636389813293,19.678887721347145,19.92541716472778,20.16587713301819,20.400194379782633,20.628297529717887,20.850117100394773,21.06558552342327,21.274637165034413,21.47720834607305,21.67323736139509,21.86266449866348,22.04543205653719,22.221484362247587,22.390767788556886,22.55323077009356,22.708823819059603,22.85749954030505,22.999212645764942,23.133919968254567,23.261580474618544,23.382155278229966,23.49560765083561,23.601903033743746,23.701009048351036,23.79289550600537,23.87753441720162,23.95490000010752,24.02496868841706,24.08771913852901,24.143132236048395,24.191191101608894,24.23188109601453
17.17156015140932,17.490317706810224,17.80374754200512,18.11175418322994,18.41424380867806,18.711124277079254,19.00230515576693,19.287697748224694,19.567215121104223,19.840772130706,20.108285448914884,20.369673588582693,20.62485692834996,20.87375773689938,21.116300196633503,21.352410426769552,21.58201650584414,21.805048493621378,22.021438452397206,22.231120467693966,22.43403066833857,22.630107245918268,22.81929047360808,23.0015227243642,23.176748488477728,23.34491439048346,23.50596920541859,23.65986387442631,23.80655151969963,23.94598745876081,24.07812921807206,24.202936545973415,24.32037142494375,24.430398083181323,24.532983005500174,24.62809494353921,24.71570492528073,24.7957862638756,24.86831456577232,24.933267738147528,24.990625995635714,25.04037186635599,25.08249019723426
17.720679108362155,18.049630019218196,18.373082837919686,18.690939037604696,19.00310179619567,19.309476025892327,19.60996840213641,19.904487392039172,20.192943282263222,20.47524820635006,20.751316171485062,21.02106308469171,21.284406778447153,21.5412670357112,21.79156561436124,22.035226271025504,22.27217478430758,22.502338977394956,22.725648740044765,22.942036049940054,23.151434993410042,23.35378178550805,23.549014789441024,23.737074535344703,23.917903738398717,24.091447316276078,24.25765240592181,24.41646837965554,24.567846860593185,24.711741737383022,24.848109178251633,24.976907644355514,25.098097902434183,25.211643036761032,25.31750846038822,25.41566192568216,25.506073534146495,25.588715745529438,25.66356338621285,25.730593656880288,25.789786139461985,25.84112280335434,25.88458801091221
