hough_viz/data/file_2_3_0.json
{"header": {"discipline": 0, "disciplineName": "Meteorological products", "gribEdition": 2, "gribLength": 133963, "center": 7, "centerName": "US National Weather Service - NCEP(WMC)", "subcenter": 0, "refTime": "2014-11-30T06:00:00.000Z", "significanceOfRT": 1, "significanceOfRTName": "Start of forecast", "productStatus": 0, "productStatusName": "Operational products", "productType": 1, "productTypeName": "Forecast products", "productDefinitionTemplate": 0, "productDefinitionTemplateName": "Analysis/forecast at horizontal level/layer at a point in time", "parameterCategory": 2, "parameterCategoryName": "Momentum", "parameterNumber": 3, "parameterNumberName": "V-component_of_wind", "parameterUnit": "m.s-1", "genProcessType": 2, "genProcessTypeName": "Forecast", "forecastTime": 6, "surface1Type": 100, "surface1TypeName": "Isobaric surface", "surface1Value": 85000, "surface2Type": 255, "surface2TypeName": "Missing", "surface2Value": 0, "gridDefinitionTemplate": 0, "gridDefinitionTemplateName": "Latitude_Longitude", "numberPoints": 65160, "shape": 6, "shapeName": "Earth spherical with radius of 6,371,229.0 m", "gridUnits": "degrees", "resolution": 48, "winds": "true", "scanMode": 0, "nx": 360, "ny": 181, "basicAngle": 0, "subDivisions": 0, "lo1": 0, "la1": 90, "lo2": 359, "la2": -90, "dx": 1, "dy": 1}, "data":
[rows 152 to 170 of 181, columns 129 to 171 of 360]
-20.494069267341516,-20.633612238179694,-20.748016330869945,-20.83714216164796,-20.90088114441769,-20.939155623046876,-20.95191896597905,-20.93915562304688,-20.90088114441769,-20.83714216164796,-20.748016330869945,-20.633612238179694,-20.494069267341523,-20.329557429970464,-20.140277158399243,-19.92645906148239,-19.688363643634837,-19.426280987447434,-19.140530400266012,-18.831460025164567,-18.499446416786498,-18.14489408257084,-17.76823498992225,-17.369928039925217,-16.950458508243827,-16.510337453888116,-16.050101096567374,-15.570310163389014,-15.071549205698977,-14.55442588689597,-14.01957024208722,-13.467633910487745,-12.899289341498314,-12.31522897542945,-11.71616439986964,-11.102825482725367,-10.475959482989534,-9.836330140321529,-9.184716744548046,-8.521913186218507,-7.848726989371656,-7.165978327691947,-6.474499025254306
-21.67637954012899,-21.823972795455084,-21.944976901655206,-22.039244433865225,-22.106660541617924,-22.147143088770676,-22.160642753575626,-22.147143088770676,-22.106660541617927,-22.039244433865225,-21.944976901655206,-21.823972795455084,-21.67637954012899,-21.502376955323562,-21.30217703638532,-21.076023696077076,-20.82419246740773,-20.546990167937796,-20.24475452596943,-19.91785376907655,-19.56668617547622,-19.191679588788023,-18.79329089677251,-18.372005474683817,-17.928336593914715,-17.462824796654463,-16.976037237321457,-16.468566991572846,-15.941032333733277,-15.394075983522837,-14.828364323002093,-14.244586584688209,-13.64345401183124,-13.025698991873817,-12.39207416414993,-11.74335150290972,-11.080321376787822,-10.403791585860974,-9.714586377467995,-9.013545441991406,-8.301522889823987,-7.579386210766872,-6.848015217126902
-22.74750302464806,-22.90238949984252,-23.02937294127408,-23.128298639179658,-23.199046067834683,-23.241529032395153,-23.255695773912752,-23.241529032395157,-23.199046067834686,-23.128298639179658,-23.02937294127408,-22.90238949984252,-22.74750302464807,-22.5649022210023,-22.354809559856967,-22.11748100675739,-21.85320570998785,-21.562305648288977,-21.24513523857622,-20.90208090413748,-20.533560603835788,-20.140023322890855,-19.721948525859755,-19.27984557248318,-18.814253097109066,-18.325738352449644,-17.814896518471368,-17.282349977259774,-16.728747554742828,-16.15476373019643,-15.561097814495374,-14.948473098110737,-14.317635969891816,-13.669355007706312,-13.00442004204666,-12.32364119374312,-11.627847886956388,-10.917887838652055,-10.194626025788025,-9.458943631473346,-8.711736971382283,-7.953916401731782,-7.1864052101526905
-23.709134353641815,-23.870568522744612,-24.00292008108165,-24.106027778666288,-24.17976599465154,-24.224044890379737,-24.23881051883707,-24.22404489037974,-24.17976599465154,-24.106027778666288,-24.00292008108165,-23.870568522744612,-23.709134353641822,-23.518814256441285,-23.299840106864885,-23.052478691183516,-22.77703138117906,-22.473833766969346,-22.143255248143298,-21.785698583704384,-21.401599401370838,-20.991425666830374,-20.55567711359614,-20.094884634158305,-19.60960963317343,-19.100443343479338,-18.568006105768973,-18.012946612800818,-17.435941119066673,-16.83769261687977,-16.21892997988692,-15.580407075048235,-14.922901844166331,-14.247215356084103,-13.554170830705795,-12.844612636030233,-12.119405259418548,-11.37943225434953,-10.62559516394575,-9.858812422582185,-9.080018236915338,-8.290161447696377,-7.490204373754897
-24.446605728425812,-24.613061298852234,-24.749529645437455,-24.855844502522494,-24.93187634183054,-24.97753253027721,-24.992757442829678,-24.977532530277216,-24.931876341830545,-24.855844502522494,-24.749529645437455,-24.613061298852237,-24.446605728425816,-24.250365734630243,-24.024580405669493,-23.769524826187368,-23.48550974211914,-23.17288118209558,-22.83202003586035,-22.463341590214508,-22.067295023053497,-21.644362856113105,-21.19506036709106,-20.71993496186047,-20.219565507540164,-19.69456162723422,-19.145562957300157,-18.573238368050518,-17.978285148837454,-17.36142815851305,-16.723418942300487,-16.06503481615196,-15.38707791970886,-14.690374239018231,-13.97577260019606,-13.24414363526328,-12.496378721414848,-11.733388895013954,-10.956103741634484,-10.165470263504265,-9.362451725728613,-8.548026482700276,-7.7231867861253285
-25.057815462829865,-25.228432726135882,-25.368313030307267,-25.477285952740267,-25.55521872671491,-25.602016403150724,-25.617621966287608,-25.602016403150724,-25.55521872671491,-25.477285952740267,-25.368313030307267,-25.228432726135885,-25.057815462829865,-24.856669111242958,-24.625238737220354,-24.363806303023704,-24.072690323803464,-23.75224547953735,-23.40286218290736,-23.024966103642065,-22.619017649903622,-22.18551140735133,-21.724975536565253,-21.2379711295638,-20.725091526199638,-20.186961591266407,-19.624236953197297,-19.03760320528268,-18.427775070380388,-17.795495530135973,-17.14153491977403,-16.466689989563402,-15.771782934099633,-15.057660390587568,-14.325192407344364,-13.575271383779542,-12.808810983143818,-12.02674501937121,-11.230026319370547,-10.419625562152703,-9.596530096207646,-8.761742736572483,-7.916280543055834
-25.54775662787775,-25.72170987316055,-25.86432517708858,-25.975428784882194,-26.0548853339095,-26.102598018604855,-26.118508708411532,-26.102598018604862,-26.054885333909503,-25.975428784882194,-25.86432517708858,-25.721709873160556,-25.547756627877757,-25.342677376474114,-25.106721976427423,-24.840177903046506,-24.54336989922681,-24.216659579801213,-23.860444990968066,-23.475160125333236,-23.061274393156893,-22.619292050449477,-22.149751584613444,-21.653225058379228,-21.130317412834994,-20.581665730399102,-20.007938458633298,-19.409834595842305,-18.78808283945209,-18.143440698204294,-17.476693569248532,-16.788653781256922,-16.080159604726717,-15.352074230676834,-14.605284718982645,-13.840700917630022,-13.059254354205779,-12.261897100974862,-11.449600614926858,-10.623354554205362,-9.784165572361886,-8.933056091903635,-8.071063058629226
-25.8007385427643,-25.97641432774925,-26.120441853235725,-26.23264564386965,-26.31288899661581,-26.36107414730943,-26.377142389766743,-26.361074147309434,-26.31288899661581,-26.23264564386965,-26.120441853235725,-25.976414327749254,-25.800738542764304,-25.5936285321641,-25.355336627593697,-25.086153151032782,-24.786406061082992,-24.45646055340093,-24.096718615763503,-23.70761853830773,-23.289634379541717,-22.843275388777375,-22.36908538568865,-21.867642097750924,-21.339556456369113,-20.785471852551897,-20.206063353038857,-19.602036877835594,-18.974128340158995,-18.323102749840317,-17.64975328127856,-16.954900307079665,-16.23939039855877,-15.504095294323538,-14.749910838194992,-13.977755887759697,-13.188571194883384,-12.383318259549759,-11.56297815842082,-10.728550349546113,-9.881051454676975,-9.021514020669589,-8.150985261485742
-25.91956311198573,-26.09604796681335,-26.24073880698144,-26.353459348989173,-26.434072260219367,-26.482479326257174,-26.49862157054916,-26.48247932625718,-26.43407226021937,-26.353459348989173,-26.24073880698144,-26.096047966813355,-25.919563111985738,-25.711499262108788,-25.472109910933803,-25.201686717510107,-24.900559150843357,-24.56909408848839,-24.207695369565428,-23.816803302744272,-23.39689412979603,-22.948479445365873,-22.472105573673826,-21.968352902902755,-21.43783517808484,-20.88119875334778,-20.299121804431877,-19.692313502437283,-19.061513149808327,-18.407489279607326,-17.73103871917548,-17.032985619321472,-16.314180450220626,-15.575498965248016,-14.817841134007962,-14.04213004585957,-13.249310785274593,-12.440349280397633,-11.61623112621141,-10.777960383741155,-9.926558356760834,-9.063062347491877,-8.188524392810258
-25.912806596438276,-26.089245446529617,-26.233898569784536,-26.346589728654468,-26.427181626321065,-26.475576073971247,-26.491714110425168,-26.475576073971254,-26.42718162632107,-26.346589728654468,-26.233898569784536,-26.089245446529617,-25.91280659643828,-25.704796983071052,-25.465470034100385,-25.195117332548122,-24.89406826153646,-24.562689602985355,-24.20138509074531,-23.81059491870977,-23.390795204506777,-22.942497409422867,-22.466247715266395,-21.962626358929032,-21.432246925456557,-20.87575560048996,-20.29383038298782,-19.687180259188946,-19.056544338821883,-18.40269095461358,-17.72641672619431,-17.028545589539362,-16.309927793129933,-15.571438862056329,-14.813978531325615,-14.038469649672939,-13.245857055212593,-12.437106424298339,-11.613203094995452,-10.775150866598139,-9.923970776654627,-9.06069985699025,-8.186389870243975
-25.670473993038826,-25.845262813994015,-25.988563163367896,-26.10020045175848,-26.180038666326258,-26.227980536504944,-26.24396765251058,-26.227980536504944,-26.18003866632627,-26.10020045175848,-25.988563163367896,-25.84526281399402,-25.67047399303883,-25.464409653756512,-25.227320853802695,-24.95949644935941,-24.661262743208272,-24.33298308718084,-23.975057439470383,-23.58792187734443,-23.172048065851765,-22.727942683171214,-22.25614680330243,-21.757235236850413,-21.231815830707454,-20.680528727485292,-20.104045585599938,-19.503068760959366,-18.878330451250996,-18.230591803871643,-17.560641988586664,-16.869297236048137,-16.15739984334353,-15.425817147786436,-14.675440470199765,-13.907184028978458,-13.121983826255303,-12.320796507526508,-11.504598196126503,-10.67438330397204,-9.831163320024384,-8.975965577945876,-8.109832004452167
-25.293759404076546,-25.465983196475616,-25.607180611083773,-25.717179620601108,-25.79584620817858,-25.843084530696892,-25.858837035536546,-25.843084530696892,-25.795846208178588,-25.717179620601108,-25.607180611083773,-25.46598319647562,-25.29375940407655,-25.09071906204857,-24.857109543772467,-24.593215466461487,-24.29935834439905,-23.97589619722317,-23.623223113734664,-23.241768771760654,-22.831997914658267,-22.394409785096535,-21.92953751680605,-21.437947485037636,-20.920238616521356,-20.37704165976656,-19.809018416591996,-19.216860935822197,-18.60129067013259,-17.963057597070595,-17.302939305323466,-16.6217400473463,-15.92028975950422,-15.1994430509228,-14.460078162278576,-13.703095895797897,-12.929418517768285,-12.139988634899016,-11.33576804590001,-10.517736569678311,-9.686890851579573,-8.844243149129316,-7.990820098753083
-24.79455197920925,-24.963376696186952,-25.101787383973747,-25.209615410467094,-25.286729403826357,-25.333035412529124,-25.34847701983668,-25.333035412529124,-25.286729403826364,-25.209615410467094,-25.101787383973747,-24.963376696186955,-24.79455197920926,-24.595518919952845,-24.36652000954171,-24.107834247873633,-23.819776803701703,-23.502698630649803,-23.15698603962965,-22.78306022818046,-22.381376767304623,-21.952425046424622,-21.496727677137418,-21.01483985649267,-20.507348690570705,-19.974872479184175,-19.418059962575004,-18.837589531024282,-18.234168398338216,-17.608531740217096,-16.961441798556898,-16.293686952774998,-15.606080759291212,-14.899460960334665,-14.174688463283992,-13.43264629178418,-12.674238509918352,-11.900389120744967,-11.112040940542368,-10.310154450132433,-9.495706624682555,-8.669689743411958,-7.83311018065236
-24.07435884650633,-24.238279808743883,-24.372670160655268,-24.477366168297923,-24.552240275713718,-24.597201260336256,-24.612194344131463,-24.597201260336256,-24.552240275713725,-24.477366168297923,-24.372670160655268,-24.238279808743883,-24.07435884650634,-23.881106986385017,-23.658759676003307,-23.407587811308954,-23.127897406529012,-22.820029221338693,-22.484358345698208,-22.12129374286339,-21.731277751126978,-21.314785544897532,-20.872324555772646,-20.404433854311687,-19.91168349326132,-19.39467381303413,-18.85403471028625,-18.290424870485296,-17.70453096540362,-17.09706681651452,-16.468772525310747,-15.820413571604831,-15.152779880909815,-14.466684862036695,-13.76296441608118,-13.042475918006817,-12.306097172065744,-11.55472534232946,-10.789275859632545,-10.010681306261226,-9.219890279745472,-8.417866237139052,-7.605586321195592
-23.22730818161047,-23.38546162326984,-23.515123482195477,-23.616135785385147,-23.688375464907168,-23.73175450783972,-23.74622006350101,-23.73175450783972,-23.68837546490717,-23.616135785385147,-23.515123482195477,-23.385461623269848,-23.22730818161048,-23.040855842824353,-22.826331770365513,-22.583997328771353,-22.31414776523019,-22.01711184986805,-21.69325147519294,-21.342961215184534,-20.96666784456658,-20.564829818847603,-20.137936715763562,-19.686508638802717,-19.211095583539663,-18.71227676755049,-18.190659924725338,-17.646880564838266,-17.081601199276502,-16.495510533872366,-15.889322629821315,-15.263776033708364,-14.619632877702793,-13.957677951017532,-13.278717743764446,-12.583579464370247,-11.873110031750517,-11.148175043469495,-10.409657721142725,-9.658457834367615,-8.895490604492702,-8.121685589561482,-7.33798555178916
-22.26780828040865,-22.41942854093225,-22.543734181226952,-22.64057375401786,-22.70982927520254,-22.751416367596416,-22.765284363733404,-22.751416367596416,-22.709829275202544,-22.64057375401786,-22.543734181226952,-22.419428540932255,-22.267808280408655,-22.089058125588295,-21.88339585600047,-21.651072039440827,-21.392369726693108,-21.107604106675353,-20.797122122430775,-20.461302048431108,-20.100553029707385,-19.71531458336979,-19.306056063123773,-18.873276087434796,-18.41750193203859,-17.939288887536883,-17.439219582861337,-16.917903275429925,-16.37597510886062,-15.814095339146744,-15.232948530236767,-14.63324271999855,-14.015708557584263,-13.381098413246937,-12.73018546169329,-12.063762740089313,-11.382642181866714,-10.687653627507125,-9.979643813509254,-9.25947534077093,-8.528025623642707,-7.7861858209337,-7.034859750171889
-21.11354309390332,-21.257304027362153,-21.37516621030031,-21.466986045803164,-21.53265166554491,-21.57208306608291,-21.585232206329554,-21.572083066082918,-21.532651665544915,-21.466986045803164,-21.37516621030031,-21.25730402736216,-21.113543093903324,-20.944058560476567,-20.749056917878768,-20.52877574557374,-20.283483422238216,-20.013478798783797,-19.719090834253137,-19.400678195034036,-19.05862881787967,-18.693359437267418,-18.30531507767215,-17.89496851137237,-17.462819682450053,-17.009395097685832,-16.535247185091556,-16.040953620861814,-15.527116625564535,-14.994362230427962,-14.443339514618048,-13.874719814435487,-13.28919590539578,-12.687481158189037,-12.070308669547709,-11.438430369081056,-10.792616103164786,-10.133652697001878,-9.462342995997204,-8.77950488761413,-8.08597030490455,-7.382584212926671,-6.670203579285278
-19.847375959889053,-19.982515632184313,-20.093309687252333,-20.179623139603518,-20.24135082959174,-20.27841755153519,-20.290778145342856,-20.278417551535192,-20.241350829591745,-20.179623139603518,-20.093309687252333,-19.98251563218432,-19.847375959889057,-19.688055317240565,-19.50474781190045,-19.297676775827615,-19.067094493182665,-18.81328189295852,-18.53654820671172,-18.237230591811414,-17.915693720665,-17.572329336421006,-17.20755577569043,-16.82181745886794,-16.41558434867415,-15.989351377578428,-15.543637844799902,-15.078986783621353,-14.595964299786809,-14.095158881788908,-13.577180683886334,-13.042660782724813,-12.49225040846742,-11.926620151370955,-11.346459144775057,-10.752474225499299,-10.145389072671437,-9.52594332603591,-8.894891684816688,-8.253002988232565,-7.601059278784931,-6.939854849459508,-6.270195276002724
-18.48498996488035,-18.610853227171724,-18.714042031587972,-18.794430658465917,-18.851921166646626,-18.886443512801623,-18.89795563676987,-18.886443512801627,-18.85192116664663,-18.794430658465917,-18.714042031587972,-18.610853227171727,-18.48498996488035,-18.336605589711183,-18.165880885168516,-17.973023853006715,-17.758269459812112,-17.521879350732437,-17.2641415307025,-16.985370013554544,-16.685904439440748,-16.366109661034038,-16.02637529901129,-15.667115267360566,-15.28876726909066,-14.891792262957422,-14.476673901856527,-14.043917943566896,-13.594051634562737,-13.127623067644985,-12.645200514174626,-12.14737173172157,-11.634743247972589,-11.107939621770745,-10.56760268218672,-10.014390746548852,-9.448977818384943,-8.872052766252784,-8.284318484459908,-7.686491036695172,-7.079298783615398,-6.463481495450157,-5.839789450705725
