hough_viz/data/file_1_2_1.json
{"header": {"discipline": 0, "disciplineName": "Meteorological products", "gribEdition": 2, "gribLength": 133963, "center": 7, "centerName": "US National Weather Service - NCEP(WMC)", "subcenter": 0, "refTime": "2014-11-30T06:00:00.000Z", "significanceOfRT": 1, "significanceOfRTName": "Start of forecast", "productStatus": 0, "productStatusName": "Operational products", "productType": 1, "productTypeName": "Forecast products", "productDefinitionTemplate": 0, "productDefinitionTemplateName": "Analysis/forecast at horizontal level/layer at a point in time", "parameterCategory": 2, "parameterCategoryName": "Momentum", "parameterNumber": 2, "parameterNumberName": "U-component_of_wind", "parameterUnit": "m.s-1", "genProcessType": 2, "genProcessTypeName": "Forecast", "forecastTime": 6, "surface1Type": 100, "surface1TypeName": "Isobaric surface", "surface1Value": 85000, "surface2Type": 255, "surface2TypeName": "Missing", "surface2Value": 0, "gridDefinitionTemplate": 0, "gridDefinitionTemplateName": "Latitude_Longitude", "numberPoints": 65160, "shape": 6, "shapeName": "Earth spherical with radius of 6,371,229.0 m", "gridUnits": "degrees", "resolution": 48, "winds": "true", "scanMode": 0, "nx": 360, "ny": 181, "basicAngle": 0, "subDivisions": 0, "lo1": 0, "la1": 90, "lo2": 359, "la2": -90, "dx": 1, "dy": 1}, "data":
[rows 120 to 139 of 181, columns 180 to 224 of 360]
28.965460521929476,28.961048941994633,28.947815546000072,28.925764364966405,28.89490211589701,28.855238199731904,28.8067846984842,28.74955637155974,28.683570651261295,28.6088476374785,28.52541009156518,28.433283429406135,28.33249571367509,28.223077645286597,28.105062554044267,27.978486388488122,27.843387704944355,27.69980765578071,27.547789976871044,27.387380974272997,27.21862951012268,27.041586987750783,26.856307336024685,26.66284699292114,26.461264888334753,26.25162242612736,26.03398346542378,25.80841430115978,25.57498364388791,25.33376259884769,25.084824644306188,24.828245609175887,24.56410364991641,24.292479226727355,24.013455079039307,23.727116200310622,23.433549812137578,23.13284533768588,22.825094374451403,22.510390666358813,22.18883007520621,21.860510551464667,21.525532104441638,21.18399677181708,20.83600858856183
28.481203703537393,28.47686587826154,28.46385372377757,28.44217120371379,28.411824922775867,28.372824124734937,28.325180689611898,28.268909130058606,28.204026586937232,28.13055282409894,28.04851022236364,27.95792377270259,27.858821068625883,27.75123229777721,27.635190232738417,27.510730221046632,27.377890174427087,27.23671055724483,27.087234374178895,26.929507157122657,26.763576951314374,26.589494300702118,26.407312232547664,26.217086241273794,26.018874271560215,25.812736700693016,25.5987363201732,25.37693831658973,25.147410251763095,24.910222042165348,24.66544593762282,24.41315649930815,24.153430577028235,23.88634728581502,23.61198798182631,23.330436237563866,23.04177781641644,22.74610064653544,22.44349479405107,22.134052435637408,21.81786783043448,21.49503729133596,21.16565915565141,20.829833755151707,20.487663385507037
27.914333581624476,27.91008209341388,27.8973289238266,27.876077957601623,27.846335667989138,27.808111114778665,27.76141594153942,27.706264372073488,27.642673206083227,27.570661814053803,27.490252131352815,27.401468651548576,27.30433841894908,27.19889102036411,27.08515857609276,26.963175730139312,26.83297963966031,26.694609963646162,26.54810885084058,26.393520926901743,26.230893280808793,26.060275450518134,25.8817194078737,25.695279542775776,25.50101264661336,25.29897789496492,25.089236829572982,24.871853339597866,24.64689364215644,24.414426262151807,24.17452201139985,23.92725396705938,23.672697449372027,23.410929998719016,23.142031352001645,22.86608341835255,22.583170254185493,22.293378037590944,21.996795042085335,21.693511609722155,21.38362012357291,21.067214979586232,20.744392557834086,20.41525119315338,20.079891145192256
27.23775983515375,27.233611392401805,27.22116732780182,27.200431431936412,27.17141002116034,27.13411193567646,27.08854853684294,27.034733703712423,26.972683828804417,26.9024178131119,26.823957060343936,26.737325470405885,26.64254943211926,26.53965781518344,26.428681961381677,26.309655675034087,26.182615212700522,26.04759927213648,25.90464898050538,25.753807881850854,25.595121923832778,25.428639443731182,25.254411153722277,25.07249012543097,24.88293177376479,24.685793840033945,24.481136374362773,24.26902171739788,24.049514481318568,23.822681530155375,23.588591959422587,23.347317075071157,23.098930371768105,22.843507510509458,22.581126295573085,22.311866650818793,22.035810595342745,21.753042218493686,21.46364765425842,21.167715055024626,20.865334564728826,20.556598291397567,20.241600279090513,19.920436479253667,19.59320472149163
26.502085521349198,26.498049125358563,26.485941166911974,26.465765334210875,26.43752777300935,26.401237084742082,26.35690432390428,26.304542994684347,26.244169046850402,26.175800870891816,26.09945929241728,26.01516756581113,25.92295136714985,25.822838786380867,25.714860318766092,25.599048855592784,25.475439674154497,25.344070427005345,25.204981130490598,25.058214152557373,24.90381419984891,24.7418283040865,24.572305807743195,24.39529834901359,24.210859846084304,24.01904648071004,23.81991668110002,23.613531104120227,23.399952616816694,23.179246277265662,22.95147931475616,22.716721109311425,22.475043170554972,22.22651911592813,21.971224648265462,21.709237532734893,21.440637573149743,21.1655065876597,20.883928383828184,20.59598873310379,20.301775344693482,20.001377838845453,19.694887719550024,19.382398346666562,19.064004907485188
25.69656849594213,25.692654784096074,25.680914840712447,25.66135224189173,25.633972946591037,25.598785294808934,25.555800005045032,25.505030171034996,25.446491257762094,25.38020109674638,25.30617988061307,25.22445015694165,25.135036821397698,25.037967110149374,24.93327059157106,24.820979157236554,24.70112701220451,24.573750664599373,24.438888914490512,24.296582842073484,24.146875795156472,23.989813375956217,23.8254434272071,23.653816017587808,23.474983426469905,23.289000127993017,23.095922774471532,22.895810179137726,22.68872329822664,22.474725212408334,22.253881107572766,22.02625825497366,21.791925990736924,21.55095569474028,21.303420768870225,21.049396614663106,20.788960610337067,20.522192087221946,20.249172305594115,19.969984429923855,19.684713503542667,19.393446422738194,19.096271910284823,18.793280488417842,18.484564451259484
24.79743878546721,24.793662015431096,24.782332855763485,24.763454757436143,24.73703347090073,24.70307704433705,24.66159582120159,24.612602437076745,24.556111815821925,24.492141165027622,24.420709970773746,24.34183999169404,24.255555252348174,24.16188203590359,24.060848876129473,23.952486548705014,23.836828061844855,23.71390864624454,23.58376574434877,23.446438998946213,23.301970241093823,23.15040347737473,22.991784876493448,22.82616275521236,22.65358756363403,22.474111869833585,22.287790343845984,22.09467974101297,21.89483888469487,21.68832864835243,21.47521193700414,21.2555536680648,21.029420751570985,20.796882069799675,20.558008456285986,20.312872674246606,20.061549394415437,19.80411517229814,19.540648424852577,19.2712294066023,18.995940185190182,18.714864616379842,18.428088318512398,18.13569864642624,17.83778466484791
23.84974086217965,23.84610843112753,23.835212244444847,23.817055621215616,23.791644092123168,23.758985397765425,23.719089486297065,23.6719685103992,23.61763682357756,23.556110975790272,23.487409708406584,23.41155394849807,23.32856680246403,23.238473548993056,23.141301631362914,23.03708064908104,22.925842348868237,22.80762061498835,22.682451458926753,22.550373008420927,22.411425495846373,22.265651245961422,22.113094663014746,21.953802217219362,21.787822430597352,21.61520586219961,21.436005092705038,21.25027470840399,21.058071284570715,20.859453368230053,20.654481460323357,20.4432179972794,20.22572733199557,20.002075714235396,19.77233127044821,19.536563983017167,19.29484566894195,19.047249957962617,18.79385227013123,18.53472979283821,18.269961457300347,17.999627914517497,17.723811510705577,17.44259626221308,17.15606782992888
22.846051698447283,22.842572134116274,22.83213450103225,22.814741978599354,22.790399864748412,22.759115574323104,22.72089863682136,22.67576069349254,22.623715493791465,22.564778891190127,22.49896883834861,22.426305381646525,22.346810655076695,22.26050887350291,22.167426325283877,22.06759136426547,21.961034401143948,21.847787894202522,21.72788633942425,21.601366259984225,21.46826619512428,21.328626688413532,21.182490275398454,21.02990147064609,20.870906754184546,20.70555455734466,20.533895248007397,20.35598111526128,20.171866353474634,19.981607045787463,19.785261147027967,19.58288846605897,19.374550647559506,19.160311153247303,18.94023524254773,18.71438995271509,18.482844078412484,18.24566815075627,18.002934415831582,17.754716812685476,17.501090950804436,17.242134087082896,16.977925102290136,16.708544477042363,16.434074267287567
21.767093285167125,21.76377805142851,21.753833360064984,21.737262240325855,21.714069739934743,21.684262923551927,21.647850870622428,21.60484467261029,21.555257429620053,21.499104246406286,21.43640222777256,21.367170473361167,21.291430071835155,21.209204094454552,21.120517588048607,21.025397567386293,20.923873006947346,20.815974832096376,20.701735909662673,20.581191037928676,20.454376936030048,20.3213322327707,20.182097454856095,20.036715014548367,19.885229196747193,19.727686145500147,19.56413384994679,19.39462212970073,19.21920261967403,19.037928754348783,18.850855751500404,18.658040595377784,18.459542019345314,18.25542048799214,18.045738178714107,17.830558962773846,17.609948385845012,17.383973648046453,17.15270358347237,16.916208639224777,16.674560853954702,16.427833835918403,16.176102740555688,15.919444247596772,15.657936537704911
20.650850134091574,20.647704909591514,20.638270194157183,20.622548861694295,20.600545701073024,20.572267414669238,20.53772261632292,20.49692182871427,20.44987748015846,20.396603900819787,20.33711731834658,20.27143585292813,20.199579511775063,20.12157018302499,20.037431629075144,19.947189479344125,19.850871222464924,19.748506197911663,19.640125587062435,19.525762403701226,19.40545148396154,19.27922947571501,19.147134827408085,19.00920777635027,18.86549033645746,18.716026285454042,18.560861151537864,18.400042199511827,18.233618416386605,18.06164049645873,17.88416082586858,17.70123346664313,17.512914140228037,17.319260210514418,17.120330666365238,16.916186103646723,16.706888706770247,16.492502229750436,16.273091976784986,16.048724782362413,15.819468990903655,15.585394435943625,15.346572418859308,15.103075687150621,14.85497841228084
19.492717676628335,19.489748841311087,19.48084323969534,19.466003584513615,19.44523439606863,19.41854200085639,19.38593452963906,19.347421914968223,19.303015888159408,19.25272997571855,19.196579495221695,19.134581550649166,19.06675502717545,18.99312058541665,18.913700655137045,18.82851942841675,18.7376028522826,18.640978620804407,18.5386761666591,18.430726652165244,18.317162959790682,18.19801968213622,18.07333311139841,17.94314122831456,17.80748369059345,17.666401820835215,17.51993859394408,17.368138624037776,17.21104815085764,17.0487150256836,16.88118869675812,16.708520194223862,16.53076211457937,16.34796860465769,16.16019534513271,15.967499533558271,15.769939866945263,15.567576523881952,15.360471146202968,15.148686820212617,14.932288057468215,14.711340775129173,14.485912275878082,14.256071227419573,14.021887641563522
18.278861254591916,18.276077295487188,18.267726266193918,18.253810710516525,18.234334867268085,18.209304668979097,18.178727740090444,18.14261339463087,18.100972633379847,18.053818140516643,18.00116427975657,17.943027089975693,17.879424280325203,17.810375224837053,17.735900956522432,17.65602416096493,17.57076916941025,17.480161951354706,17.384230106634643,17.283002857019284,17.176511037309474,17.064787085945092,16.947865035124032,16.82578050043562,16.69857067001178,16.56627429319916,16.428931668755737,16.286584632575376,16.13927654494423,15.987052277332827,15.829958198727692,15.668042161506975,15.501353486864135,15.329942949784206,15.153862763577287,14.973166563973816,14.787909392786629,14.598147681144715,14.403939232303689,14.205343204038405,14.002420090622929,13.795231704403353,13.58384115696921,13.368312839929036,13.148712405296054
17.039138034503274,17.0365428912497,17.028758251994756,17.015786488014967,16.997631550635305,16.974298970025565,16.945795853515833,16.9121308834315,16.873314314448592,16.829357970470035,16.780275241024015,16.726081077185412,16.666791987021508,16.60242603056352,16.533002814305306,16.45854348523107,16.37907072437373,16.294608739906128,16.20518325976693,16.110821523823677,16.011552275575234,15.907405753396255,15.798413681326297,15.684609259406336,15.56602715356574,15.442703485062674,15.314675819481232,15.181983155288584,15.044665911955653,14.902765917644993,14.75632639646948,14.605391955325866,14.450008570307048,14.290223572697338,14.126085634554878,13.957644753885672,13.784952239413686,13.608060694951751,13.427024003377888,13.241897310222084,13.052737006868458,12.859600713377832,12.662547260936163,12.461636673933969,12.256930151682297
15.771162624440692,15.76876059998365,15.761555258292434,15.749548794183934,15.732744864943417,15.711148589210516,15.68476654542003,15.653606769798063,15.61767875391412,15.576993441789888,15.531563226565558,15.481401946724784,15.426524881879333,15.366948748114757,15.30269169289853,15.233773289552149,15.16021453128889,15.082037824819105,14.999266983524896,14.911927220206344,14.820045139401442,14.723648729282067,14.622767353128573,14.517431740385383,14.407673977300558,14.293527497151969,14.175027070063244,14.052208792412404,13.925110075836585,13.793769635836107,13.658227479981297,13.51852489572587,13.374704437830314,13.22680991539932,13.074886378537116,12.91898010462474,12.75913858422352,12.595410506608998,12.427845744939683,12.256495341065204,12.081411489978512,11.902647523916706,11.720257896115582,11.534298164222614,11.344824973373564
14.467217663300866,14.465014235977204,14.458404625191521,14.447390844295295,14.431976248192885,14.412165532319575,14.387964731211342,14.359381216666634,14.32642369550088,14.289102206894299,14.247428119333854,14.201414127150326,14.151074246651476,14.096423811852565,14.037479469805437,13.974259175527694,13.906782186533391,13.835069056967052,13.759141631342633,13.67902303788951,13.594737681507379,13.50631123633227,13.413770637916008,13.31714407502132,13.216460981035313,13.111752025003742,13.00304910228897,12.89038532485427,12.773795011177647,12.653313675798099,12.528978018497494,12.400825913121526,12.268896396042917,12.133229654270608,11.993867013208376,11.85085092406672,11.704224950931819,11.554033757495496,11.400323093450197,11.243139780553223,11.082531698364356,10.918547769661266,10.751237945537197,10.580653190185336,10.40684546537465
13.148422098123314,13.14641952975196,13.140412434639615,13.130402642605642,13.116393202729668,13.09838838242279,13.07639366612769,13.050415753648014,13.02046255810756,12.986543203539854,12.948668022108883,12.906848550961815,12.86109752871467,12.811428891572032,12.757857769081923,12.70040047952721,12.639074524954886,12.5738985858448,12.504892515419371,12.432077333596137,12.355475220584852,12.275109510131193,12.191004682409101,12.10318635656383,12.011681282908153,11.916517334773928,11.81772350002164,11.715329872210386,11.609367641431101,11.499869084805773,11.386867556655478,11.270397478340366,11.150494327774558,11.027194628619243,10.900535939157223,10.77055684085227,10.637296926596864,10.500796788651812,10.361098006281434,10.218243133088126,10.07227568405014,9.923240122266462,9.771181845412965,9.61614717191379,9.458183326832332
11.813977543454735,11.812178217452583,11.806780787538253,11.797786897821183,11.785199287927314,11.769021792164551,11.749259338354822,11.725917946332999,11.699004726113202,11.668527875723031,11.634496678706347,11.596921501295423,11.555813789253309,11.511186064387303,11.463051920734724,11.411426020422013,11.356324089198512,11.297762911646265,11.235760326067235,11.170335219049635,11.101507519714849,11.029298193646834,10.953729236505831,10.874823667328222,10.792605521514767,10.707099843509141,10.618332679169177,10.526331067833038,10.431123034082775,10.332737579207782,10.231204672370676,10.126555241478467,10.01882116376156,9.908035256063668,9.79423126484549,9.67744385590519,9.557708603818876,9.435061981104239,9.30954134711066,9.181184936639193,9.050031848295895,8.916122032581978,8.779496279724524,8.640196207251376,8.498264247314035
10.462652255551069,10.461058742935553,10.456278690488391,10.448313554259855,10.437165760507611,10.422838704957616,10.40533675176979,10.38466523220861,10.360830443019191,10.33383964450921,10.303701058337356,10.270423865008944,10.234018201079417,10.194495156066681,10.151866769073116,10.106146025118349,10.057346851183896,10.005484111970869,9.950573605372027,9.892632057659624,9.83167711839038,9.767727355029274,9.700802247293732,9.63092218121988,9.558108442952793,9.482383212262505,9.403769555787852,9.322291420010146,9.237973623958837,9.150841851651414,9.060922644269782,8.968243392075577,8.87283232606682,8.774718509378486,8.67393182842959,8.570502983819491,8.464463480976189,8.355845620559489,8.24468248862187,8.131007946530179,8.014856620651138,7.896263891803784,7.775265884482164,7.6518994558514395,7.526202184520843
9.106659862289428,9.105272873883305,9.101112331155038,9.094179501446243,9.084476496564017,9.072006272137635,9.05677262671826,9.038780200621863,9.018034474515726,8.994541767748991,8.968309236427716,8.939344871235063,8.907657494997254,8.873256759996051,8.836153145028588,8.796357952215411,8.753883303557753,8.708742137245062,8.660948203713886,8.610516061459371,8.557461072600592,8.501799398201113,8.443547993346161,8.38272460197795,8.319347751490703,8.253436747087017,8.185011665897333,8.114093350864225,8.040703404393458,7.96486418177367,7.886598784366742,7.8059310525709,7.722885558558692,7.637487598792071,7.549763186316859,7.459739042838896,7.367442590584367,7.27290194394673,7.1761459009227835,7.077203934340523,6.976106182881455,6.8728834419000195,6.767567154043067,6.6601893996721,6.5507828870912865
