hough_viz/data/file_5_1_0.json
{"header": {"discipline": 0, "disciplineName": "Meteorological products", "gribEdition": 2, "gribLength": 133963, "center": 7, "centerName": "US National Weather Service - NCEP(WMC)", "subcenter": 0, "refTime": "2014-11-30T06:00:00.000Z", "significanceOfRT": 1, "significanceOfRTName": "Start of forecast", "productStatus": 0, "productStatusName": "Operational products", "productType": 1, "productTypeName": "Forecast products", "productDefinitionTemplate": 0, "productDefinitionTemplateName": "Analysis/forecast at horizontal level/layer at a point in time", "parameterCategory": 2, "parameterCategoryName": "Momentum", "parameterNumber": 2, "parameterNumberName": "U-component_of_wind", "parameterUnit": "m.s-1", "genProcessType": 2, "genProcessTypeName": "Forecast", "forecastTime": 6, "surface1Type": 100, "surface1TypeName": "Isobaric surface", "surface1Value": 85000, "surface2Type": 255, "surface2TypeName": "Missing", "surface2Value": 0, "gridDefinitionTemplate": 0, "gridDefinitionTemplateName": "Latitude_Longitude", "numberPoints": 65160, "shape": 6, "shapeName": "Earth spherical with radius of 6,371,229.0 m", "gridUnits": "degrees", "resolution": 48, "winds": "true", "scanMode": 0, "nx": 360, "ny": 181, "basicAngle": 0, "subDivisions": 0, "lo1": 0, "la1": 90, "lo2": 359, "la2": -90, "dx": 1, "dy": 1}, "data":
[rows 20 to 39 of 181, columns 225 to 269 of 360]
1.1229019438882948,1.0207616100260626,0.9108526639588164,0.7940115791309672,0.6711275867486366,0.5431359081932327,0.41101063742204497,0.2757573275250727,0.1384053378588023,-1.5567969377753013e-15,-0.13840533785879977,-0.27575732752507015,-0.4110106374220426,-0.5431359081932251,-0.6711275867486345,-0.79401157913097,-0.9108526639588141,-1.020761610026061,-1.122901943888293,-1.2164963159308078,-1.3008324164685265,-1.3752683968528348,-1.4392377543273307,-1.4922536434558764,-1.5339125813103385,-1.5638975182192898,-1.5819802507074525,-1.5880231582619388,-1.5819802507074525,-1.5638975182192902,-1.5339125813103387,-1.492253643455877,-1.4392377543273318,-1.375268396852836,-1.300832416468528,-1.2164963159308093,-1.1229019438882948,-1.0207616100260626,-0.9108526639588211,-0.7940115791309722,-0.6711275867486369,-0.5431359081932275,-0.41101063742204524,-0.27575732752507287,-0.1384053378588081
1.3410146663391511,1.2190345713900448,1.0877768872794553,0.9482405642390267,0.8014875579414377,0.6486347473764953,0.49084543472764297,0.32932049193994284,0.16528922135942348,-1.8591895200033947e-15,-0.16528922135942045,-0.3293204919399399,-0.4908454347276402,-0.6486347473764863,-0.801487557941435,-0.94824056423903,-1.0877768872794529,-1.2190345713900421,-1.341014666339149,-1.4527888299506255,-1.553506393348294,-1.642400835059778,-1.718795614707719,-1.7821093218905635,-1.831860101066792,-1.8676693187665334,-1.889264445220892,-1.8964811284780587,-1.889264445220892,-1.8676693187665336,-1.8318601010667928,-1.7821093218905648,-1.7187956147077204,-1.6424008350597799,-1.5535063933482953,-1.4527888299506277,-1.3410146663391511,-1.2190345713900448,-1.087776887279461,-0.9482405642390327,-0.8014875579414378,-0.6486347473764894,-0.4908454347276433,-0.32932049193994317,-0.16528922135943042
1.5803565568910352,1.4366056735474084,1.2819213535818574,1.1174808380702719,0.9445356186275995,0.764401912800972,0.5784506468594274,0.3880970222172398,0.1947897448965822,-2.19101432832307e-15,-0.19478974489657871,-0.3880970222172363,-0.578450646859424,-0.7644019128009615,-0.9445356186275966,-1.1174808380702754,-1.2819213535818546,-1.436605673547406,-1.5803565568910325,-1.7120799725913451,-1.8307734259180801,-1.935533588022365,-2.0255631708146646,-2.1001769948085793,-2.15880720375046,-2.2010075863483727,-2.2264569722094567,-2.23496167614055,-2.2264569722094567,-2.2010075863483736,-2.1588072037504604,-2.1001769948085807,-2.0255631708146664,-1.9355335880223672,-1.8307734259180826,-1.7120799725913474,-1.5803565568910352,-1.4366056735474084,-1.281921353581864,-1.117480838070279,-0.9445356186276002,-0.764401912800965,-0.5784506468594277,-0.38809702221724013,-0.1947897448965904
1.8600933158627917,1.6908972846944352,1.5088325041978516,1.3152845972863474,1.1117265803989476,0.8997076529558496,0.6808414070154151,0.4567935468643205,0.22926921200209455,-2.5788427866499178e-15,-0.22926921200209038,-0.45679354686431634,-0.6808414070154111,-0.899707652955837,-1.111726580398944,-1.3152845972863516,-1.5088325041978485,-1.6908972846944321,-1.8600933158627886,-2.015132913742384,-2.1548361333778723,-2.2781397489127286,-2.3841053453799694,-2.4719264606066975,-2.5409347228782035,-2.590604937650276,-2.620559084596798,-2.6305691945727014,-2.620559084596798,-2.590604937650277,-2.540934722878205,-2.471926460606699,-2.3841053453799717,-2.2781397489127313,-2.1548361333778745,-2.015132913742387,-1.8600933158627917,-1.6908972846944352,-1.5088325041978599,-1.3152845972863554,-1.1117265803989478,-0.8997076529558411,-0.6808414070154155,-0.45679354686432083,-0.22926921200210418
2.1619387514053505,1.9652865440954252,1.7536773195124649,1.5287215516286972,1.2921312896697341,1.0457071283861803,0.7913245044403703,0.5309194232009795,0.266473724573106,-2.9973228260618496e-15,-0.26647372457310115,-0.5309194232009747,-0.7913245044403656,-1.0457071283861659,-1.29213128966973,-1.5287215516287025,-1.7536773195124606,-1.9652865440954215,-2.161938751405348,-2.342137299402777,-2.504510768330577,-2.6478233980464387,-2.7709844929036866,-2.873056722603749,-2.953263255845718,-3.010993672481595,-3.045808609182197,-3.0574431032574028,-3.045808609182198,-3.0109936724815958,-2.9532632558457195,-2.8730567226037507,-2.7709844929036884,-2.647823398046442,-2.50451076833058,-2.34213729940278,-2.1619387514053505,-1.9652865440954252,-1.7536773195124742,-1.5287215516287067,-1.2921312896697348,-1.0457071283861705,-0.7913245044403707,-0.5309194232009798,-0.2664737245731172
2.486915058679513,2.2607026669715093,2.017284962918251,1.75851450222722,1.4863606843541632,1.202894764184052,0.9102740885307717,0.6107256774252616,0.30652927514828676,-3.4478716231029117e-15,-0.3065292751482812,-0.6107256774252562,-0.9102740885307664,-1.202894764184035,-1.4863606843541581,-1.7585145022272264,-2.017284962918246,-2.2607026669715053,-2.48691505867951,-2.694200525150603,-2.880981498822536,-3.045836463704247,-3.187510773970827,-3.3049262025758552,-3.397189147210282,-3.463597431155549,-3.5036456472724122,-3.51702900445445,-3.5036456472724122,-3.4635974311555504,-3.397189147210283,-3.3049262025758575,-3.1875107739708293,-3.045836463704249,-2.8809814988225395,-2.6942005251506065,-2.486915058679513,-2.2607026669715093,-2.0172849629182616,-1.758514502227231,-1.486360684354164,-1.2028947641840408,-0.9102740885307721,-0.6107256774252621,-0.30652927514829964
2.8559723506212475,2.5961901221003423,2.316649319127787,2.0194774160055626,1.7069360703537466,1.3814039105303597,1.0453584328333367,0.7013571462577863,0.35201810830817637,-3.959534520371609e-15,-0.35201810830816993,-0.7013571462577798,-1.0453584328333305,-1.3814039105303402,-1.7069360703537406,-2.0194774160055697,-2.316649319127781,-2.596190122100338,-2.855972350621243,-3.094018905070677,-3.30851810743282,-3.497837489259554,-3.660536215741001,-3.7953760513284527,-3.90133078345458,-3.977594032630688,-4.023585389481531,-4.038954832011137,-4.023585389481531,-3.9775940326306896,-3.9013307834545814,-3.7953760513284553,-3.6605362157410033,-3.497837489259558,-3.3085181074328243,-3.094018905070682,-2.8559723506212475,-2.5961901221003423,-2.316649319127799,-2.019477416005576,-1.706936070353747,-1.3814039105303466,-1.0453584328333372,-0.7013571462577867,-0.3520181083081912
3.2480787590874383,2.952630122036171,2.6347101869093836,2.296738516378708,1.9412872789297717,1.5710616731068725,1.1888793393186405,0.7976489158932367,0.4003479025842859,-4.503152829436503e-15,-0.4003479025842785,-0.7976489158932296,-1.1888793393186337,-1.5710616731068505,-1.9412872789297655,-2.2967385163787157,-2.6347101869093774,-2.952630122036166,-3.248078759087433,-3.51880755553848,-3.762756101777775,-3.9780678020682974,-4.163104004362064,-4.316456471431705,-4.436958098406074,-4.523691795143028,-4.575997465839153,-4.593477032757429,-4.575997465839154,-4.523691795143029,-4.436958098406077,-4.316456471431708,-4.163104004362069,-3.9780678020683014,-3.762756101777779,-3.5188075555384852,-3.2480787590874383,-2.952630122036171,-2.6347101869093974,-2.296738516378723,-1.9412872789297726,-1.5710616731068576,-1.188879339318641,-0.7976489158932374,-0.40034790258430264
3.6636647019805433,3.3304139334194076,2.971816703866021,2.590602154764227,2.1896715590163436,1.7720762405445096,1.340994351873226,0.8997066864696766,0.45157170992432455,-5.079323283855814e-15,-0.45157170992431633,-0.8997066864696686,-1.340994351873218,-1.7720762405444843,-2.189671559016336,-2.5906021547642357,-2.971816703866015,-3.3304139334194014,-3.663664701980537,-3.969032769978384,-4.244194102029173,-4.487054554249063,-4.695765811953503,-4.868739456448048,-5.0046590538537625,-5.102490173963899,-5.1614882628823615,-5.181204309528468,-5.161488262882362,-5.102490173963901,-5.004659053853765,-4.868739456448051,-4.695765811953507,-4.4870545542490685,-4.244194102029178,-3.96903276997839,-3.6636647019805433,-3.3304139334194076,-2.9718167038660375,-2.5906021547642433,-2.189671559016344,-1.772076240544493,-1.340994351873227,-0.8997066864696773,-0.4515717099243435
4.124017222095685,3.7488923073948954,3.345236058591748,2.916120543473959,2.464811590218625,1.9947439324677985,1.509495068931555,1.0127580364627196,0.5083133038163605,-5.71755834748991e-15,-0.5083133038163513,-1.0127580364627105,-1.5094950689315465,-1.9947439324677705,-2.4648115902186167,-2.9161205434739697,-3.3452360585917407,-3.748892307394888,-4.124017222095678,-4.467755875586653,-4.777492209159647,-5.0508689422922775,-5.285805512976013,-5.480513912049359,-5.633512291027234,-5.743636239862673,-5.810047648810371,-5.832241086947935,-5.810047648810371,-5.743636239862675,-5.633512291027237,-5.4805139120493624,-5.285805512976016,-5.050868942292283,-4.777492209159651,-4.4677558755866595,-4.124017222095685,-3.7488923073948954,-3.3452360585917655,-2.916120543473978,-2.464811590218626,-1.9947439324677798,-1.5094950689315558,-1.0127580364627202,-0.508313303816382
4.606621300090302,4.187598214299919,3.7367049775577605,3.257373159652233,2.753250765146082,2.228174469858906,1.6861404214475517,1.1312738263095807,0.5677975542715591,-6.386643083578524e-15,-0.5677975542715488,-1.1312738263095705,-1.686140421447542,-2.2281744698588746,-2.7532507651460736,-3.2573731596522446,-3.736704977557752,-4.1875982142999115,-4.606621300090295,-4.990585216233016,-5.336567765482447,-5.6419358117288505,-5.904365319754013,-6.121859042542581,-6.292761721537848,-6.415772684158801,-6.48995574270384,-6.514746319304485,-6.48995574270384,-6.415772684158805,-6.292761721537849,-6.121859042542585,-5.9043653197540165,-5.641935811728857,-5.336567765482453,-4.990585216233024,-4.606621300090302,-4.187598214299919,-3.7367049775577805,-3.257373159652254,-2.7532507651460834,-2.228174469858885,-1.6861404214475528,-1.1312738263095818,-0.567797554271583
5.111457896480081,4.64651434650155,4.14620801670405,3.614346540350581,3.0549777044229574,2.4723586435187035,1.8709234404862831,1.2552493803773261,0.630022114543374,-7.086551095684253e-15,-0.6300221145433625,-1.2552493803773148,-1.870923440486272,-2.4723586435186684,-3.0549777044229476,-3.614346540350594,-4.1462080167040405,-4.646514346501541,-5.111457896480074,-5.537500165483748,-5.921398714594058,-6.260231844048021,-6.551420829137439,-6.792749545861055,-6.982381336966358,-7.118872990020228,-7.201185721127004,-7.228693080701183,-7.201185721127005,-7.11887299002023,-6.982381336966361,-6.792749545861059,-6.5514208291374425,-6.260231844048026,-5.921398714594065,-5.537500165483756,-5.111457896480081,-4.64651434650155,-4.146208016704072,-3.6143465403506045,-3.0549777044229587,-2.4723586435186804,-1.8709234404862842,-1.255249380377327,-0.6300221145434004
5.657907327241311,5.143258166189111,4.589465704907997,4.000744638417374,3.3815754895127594,2.736670509281846,2.070937814028439,1.3894440315438612,0.6973757410099624,-7.844151351956287e-15,-0.6973757410099497,-1.3894440315438485,-2.0709378140284267,-2.7366705092818076,-3.3815754895127483,-4.000744638417388,-4.589465704907987,-5.143258166189101,-5.657907327241302,-6.129496397195366,-6.554436298475642,-6.929492981847687,-7.251812039485612,-7.518940428739208,-7.728845141269742,-7.879928675470929,-7.971041194420753,-8.001489276834771,-7.971041194420755,-7.879928675470932,-7.728845141269746,-7.518940428739214,-7.251812039485617,-6.929492981847695,-6.5544362984756495,-6.129496397195376,-5.657907327241311,-5.143258166189111,-4.589465704908022,-4.0007446384174,-3.3815754895127608,-2.7366705092818204,-2.07093781402844,-1.389444031543862,-0.6973757410099917
6.2240501832241515,5.657904076567271,5.048697903551802,4.401068091003159,3.7199434928444397,3.010507878541882,2.278160481489234,1.5284749075815738,0.7671567167088048,-8.629054672619813e-15,-0.767156716708791,-1.5284749075815602,-2.2781604814892207,-3.0105078785418398,-3.7199434928444277,-4.401068091003174,-5.0486979035517905,-5.6579040765672595,-6.224050183224142,-6.7428275098024555,-7.210287847600587,-7.6228735411876585,-7.977444564309403,-8.271302417384009,-8.502210664713377,-8.668411955109121,-8.768641396396237,-8.802136182006343,-8.768641396396239,-8.668411955109123,-8.50221066471338,-8.271302417384016,-7.977444564309407,-7.622873541187668,-7.210287847600595,-6.742827509802465,-6.2240501832241515,-5.657904076567271,-5.048697903551828,-4.401068091003188,-3.719943492844441,-3.010507878541854,-2.2781604814892353,-1.5284749075815751,-0.7671567167088372
6.809693814512927,6.190276951357937,5.523748342811671,4.815180674046165,4.069966572865614,3.2937775685525477,2.492520928105493,1.672294698370303,0.8393412962213348,-9.440993966856774e-15,-0.8393412962213196,-1.672294698370288,-2.492520928105479,-3.2937775685525015,-4.0699665728656,-4.815180674046181,-5.523748342811658,-6.190276951357926,-6.809693814512917,-7.377284795933941,-7.888730185531536,-8.340137575071735,-8.72807148175288,-9.049579494304218,-9.30221474261841,-9.484054519910453,-9.593714915677278,-9.630361348092357,-9.593714915677278,-9.484054519910456,-9.302214742618416,-9.049579494304226,-8.728071481752886,-8.340137575071742,-7.888730185531545,-7.377284795933951,-6.809693814512927,-6.190276951357937,-5.5237483428117,-4.815180674046196,-4.069966572865615,-3.293777568552517,-2.492520928105494,-1.6722946983703042,-0.8393412962213699
7.429406932028532,6.7536203163173525,6.026434572051527,5.253384021831703,4.440352047125773,3.593526312183346,2.719351672174656,1.8244811239513192,0.9157251727228536,-1.0300167369217053e-14,-0.9157251727228369,-1.8244811239513028,-2.71935167217464,-3.593526312183296,-4.440352047125759,-5.253384021831722,-6.026434572051514,-6.75362031631734,-7.42940693202852,-8.048651274988432,-8.606640521837145,-9.099128037483062,-9.52236569456001,-9.873132398939726,-10.148758604203177,-10.347146628500662,-10.466786619177295,-10.506768043663437,-10.466786619177297,-10.347146628500665,-10.148758604203179,-9.873132398939731,-9.522365694560015,-9.099128037483073,-8.606640521837154,-8.048651274988444,-7.429406932028532,-6.7536203163173525,-6.026434572051559,-5.253384021831737,-4.440352047125775,-3.5935263121833123,-2.719351672174658,-1.8244811239513206,-0.915725172722892
8.064629758255343,7.331062610681293,6.541701650023295,5.702554389821166,4.820007247416049,3.9007769394581477,2.951859363637418,1.980476355678031,0.9940207268075753,-1.1180843510225899e-14,-0.9940207268075572,-1.9804763556780132,-2.951859363637401,-3.900776939458092,-4.820007247416032,-5.702554389821186,-6.541701650023281,-7.331062610681281,-8.06462975825533,-8.736820203812503,-9.342518172182357,-9.877113936095224,-10.336538898989945,-10.717296559490505,-11.01648912189275,-11.231839550139401,-11.361708897439337,-11.405108779642363,-11.361708897439339,-11.231839550139405,-11.016489121892755,-10.71729655949051,-10.336538898989952,-9.877113936095231,-9.34251817218237,-8.736820203812513,-8.064629758255343,-7.331062610681293,-6.541701650023331,-5.702554389821202,-4.820007247416051,-3.900776939458111,-2.9518593636374195,-1.9804763556780323,-0.9940207268076171
8.714727665497914,7.92202693315246,7.069034792395033,6.16224302846757,5.208552874229432,4.215222487608199,3.189811712635299,2.1401245444683132,1.0741497362753503,-1.2082142538834624e-14,-1.074149736275331,-2.140124544468294,-3.1898117126352803,-4.2152224876081394,-5.208552874229416,-6.16224302846759,-7.069034792395018,-7.922026933152443,-8.714727665497902,-9.441104058212515,-10.095627948349609,-10.673318013892967,-11.169777684624972,-11.581228602680795,-11.904539378133201,-12.137249420760616,-12.277587666624457,-12.324486056935172,-12.277587666624461,-12.137249420760618,-11.904539378133205,-11.581228602680804,-11.169777684624979,-10.673318013892976,-10.095627948349623,-9.441104058212526,-8.714727665497914,-7.92202693315246,-7.06903479239507,-6.162243028467609,-5.208552874229435,-4.21522248760816,-3.1898117126353003,-2.140124544468315,-1.0741497362753956
9.388099946197496,8.534148567757274,7.615247165656587,6.638389134413293,5.611008953488204,4.5409256064072325,3.4362830735756114,2.3054883516696765,1.1571474713155607,-1.301570927659081e-14,-1.1571474713155396,-2.3054883516696556,-3.4362830735755923,-4.540925606407169,-5.611008953488185,-6.638389134413316,-7.6152471656565695,-8.534148567757258,-9.388099946197482,-10.17060221535744,-10.875700060480977,-11.498027261217034,-12.032847531796552,-12.476090567027082,-12.824383019773094,-13.07507417416446,-13.226256119144782,-13.276778268826625,-13.226256119144782,-13.075074174164461,-12.824383019773101,-12.47609056702709,-12.032847531796559,-11.498027261217047,-10.87570006048099,-10.170602215357455,-9.388099946197496,-8.534148567757274,-7.615247165656625,-6.638389134413336,-5.611008953488206,-4.54092560640719,-3.4362830735756136,-2.3054883516696782,-1.1571474713156096
10.070795888065465,9.154745773570582,8.169022515952154,7.121128064396671,6.019037528416485,4.871138482450825,3.6861671313598334,2.473141822630674,1.2412944113073836,-1.3962202385375924e-14,-1.2412944113073612,-2.473141822630651,-3.686167131359813,-4.871138482450757,-6.019037528416465,-7.121128064396695,-8.169022515952134,-9.154745773570564,-10.070795888065451,-10.910201164939375,-11.666573223188507,-12.334155614739682,-12.907867634495902,-13.383342987570016,-13.756963019425283,-14.025884256021358,-14.188060044368632,-14.242256128793382,-14.188060044368635,-14.02588425602136,-13.756963019425289,-13.383342987570025,-12.907867634495913,-12.334155614739693,-11.66657322318852,-10.910201164939394,-10.070795888065465,-9.154745773570582,-8.169022515952197,-7.121128064396716,-6.019037528416488,-4.871138482450779,-3.6861671313598356,-2.473141822630676,-1.2412944113074356
