hough_viz/data/file_2_0_0.json
{"header": {"discipline": 0, "disciplineName": "Meteorological products", "gribEdition": 2, "gribLength": 133963, "center": 7, "centerName": "US National Weather Service - NCEP(WMC)", "subcenter": 0, "refTime": "2014-11-30T06:00:00.000Z", "significanceOfRT": 1, "significanceOfRTName": "Start of forecast", "productStatus": 0, "productStatusName": "Operational products", "productType": 1, "productTypeName": "Forecast products", "productDefinitionTemplate": 0, "productDefinitionTemplateName": "Analysis/forecast at horizontal level/layer at a point in time", "parameterCategory": 2, "parameterCategoryName": "Momentum", "parameterNumber": 2, "parameterNumberName": "U-component_of_wind", "parameterUnit": "m.s-1", "genProcessType": 2, "genProcessTypeName": "Forecast", "forecastTime": 6, "surface1Type": 100, "surface1TypeName": "Isobaric surface", "surface1Value": 85000, "surface2Type": 255, "surface2TypeName": "Missing", "surface2Value": 0, "gridDefinitionTemplate": 0, "gridDefinitionTemplateName": "Latitude_Longitude", "numberPoints": 65160, "shape": 6, "shapeName": "Earth spherical with radius of 6,371,229.0 m", "gridUnits": "degrees", "resolution": 48, "winds": "true", "scanMode": 0, "nx": 360, "ny": 181, "basicAngle": 0, "subDivisions": 0, "lo1": 0, "la1": 90, "lo2": 359, "la2": -90, "dx": 1, "dy": 1}, "data":
[rows 76 to 94 of 181, columns 129 to 171 of 360]
5.383996733171969,4.496722707620623,3.6039701181170734,2.7068266461736603,1.8063853229165663,0.9037431973958264,4.756943445531089e-15,-0.9037431973958172,-1.8063853229165567,-2.7068266461736514,-3.6039701181170862,-4.496722707620614,-5.383996733171936,-6.264711188045033,-7.137793057340279,-8.002178625287865,-8.85681477122166,-9.700660252644475,-10.532686973821603,-11.35188123835716,-12.157244984227038,-12.947796999763682,-13.722574119111329,-14.48063239569534,-15.22104825227564,-15.942919606183285,-16.645366968369284,-17.327534514926544,-17.988591129779444,-18.627731417270777,-19.24417668341222,-19.837175884603084,-20.406006542661256,-20.949975625051547,-21.468420389239064,-21.960709190138935,-22.426242249678563,-22.864452387534758,-23.274805712155636,-23.656802271225217,-24.00997666077835,-24.33389859222371,-24.62817341658418
5.346032541142108,4.465014953541699,3.5785574330032275,2.6877399914671782,1.7936479527661349,0.897370630324932,4.723400796196134e-15,-0.8973706303249227,-1.7936479527661253,-2.6877399914671694,-3.5785574330032404,-4.46501495354169,-5.346032541142077,-6.220536811584288,-7.087462316121825,-7.945752839567021,-8.794362687126606,-9.63225795841967,-10.458417807125993,-11.271835684730076,-12.071520566845503,-12.856498160625442,-13.625812091788367,-14.378525069812898,-15.113720029881879,-15.830501250184547,-16.527995443215634,-17.205352819741684,-17.86174812413831,-18.496381639837075,-19.108480163656868,-19.697297947832958,-20.26211760859577,-20.802251000192463,-21.317040053286537,-21.805857576713983,-22.268108021619074,-22.703228207038915,-23.110688006052683,-23.48999099165965,-23.840675041599017,-24.162312901374662,-24.454512704798965
5.3096473541319025,4.434625986987958,3.5542017111806357,2.669447188071064,1.7814403547596467,0.8912631107858042,4.691253251269848e-15,-0.8912631107857949,-1.7814403547596371,-2.6694471880710555,-3.5542017111806476,-4.43462598698795,-5.309647354131872,-6.1781997338632815,-7.039224928897695,-7.8916739126657,-8.734508107390301,-9.566700649433898,-10.387237640373426,-11.195119382279438,-11.989361595694088,-12.76899661882398,-13.533074586486963,-14.280664587376647,-15.010855798234374,-15.722758593547033,-16.41550562941874,-17.08825290029579,-17.740180767257403,-18.3704949566195,-18.978427527634764,-19.563237808110255,-20.124213296802328,-20.660670531489682,-21.171955921666726,-21.65744654484302,-22.116550905478327,-22.548709655628826,-22.95339627642638,-23.330117719560754,-23.678415007982984,-23.99786379509822,-24.288074881766658
5.274540556639302,4.40530473340989,3.530701724947994,2.6517971002971787,1.7696616693576817,0.8853701782695543,4.660235206775675e-15,-0.8853701782695453,-1.7696616693576726,-2.6517971002971703,-3.530701724948007,-4.405304733409881,-5.27454055663927,-6.137350164681103,-6.992682356933593,-7.839495042874281,-8.676756511686866,-9.503446689241862,-10.318558380899757,-11.121098498622574,-11.910089270898721,-12.684569434006908,-13.443595403167878,-14.186242422157209,-14.911605689978282,-15.618801463222894,-16.306968132776475,-16.975267273556153,-17.62288466600247,-18.249031288080563,-18.852944276581905,-19.43388785655566,-19.991154237737142,-20.52406447688119,-21.031969304949925,-21.514249918147094,-21.970318731835157,-22.399620096416644,-22.801630974307617,-23.17586157717838,-23.52185596268515,-23.83919258996556,-24.127484833221196
5.241754491545305,4.377921759253656,3.508755203665506,2.6353137703440184,1.7586616131323334,0.8798667976461008,4.631267607948444e-15,-0.8798667976460918,-1.758661613132324,-2.6353137703440086,-3.508755203665519,-4.377921759253646,-5.241754491545273,-6.099200953419356,-6.949216478441583,-7.790765453629542,-8.62282258118768,-9.444374127674651,-10.254419159081364,-11.051970760314896,-11.836057237602573,-12.605723302351102,-13.360031235018518,-14.098062027581113,-14.818916503203095,-15.52171641174502,-16.205605499776343,-16.869750553788347,-17.513342415336435,-18.135596966875042,-18.73575608708406,-19.313088574522943,-19.866891038487005,-20.39648875598064,-20.901236493763353,-21.380519294467078,-21.83375322582703,-22.260386092113176,-22.659898106895696,-23.03180252632467,-23.375646242152527,-23.691010333776603,-23.977510578629353
5.211454744982815,4.352615362323058,3.4884729883133065,2.620080447325389,1.7484957419048583,0.8747807637579386,4.604496755744236e-15,-0.8747807637579295,-1.7484957419048495,-2.62008044732538,-3.48847298831332,-4.352615362323049,-5.211454744982785,-6.063944772798845,-6.909046817988337,-7.745731253887163,-8.572978709391563,-9.389781310904725,-10.195143910275483,-10.988085297233077,-11.76763939484078,-12.532856436511778,-13.28280412315341,-14.016568759030102,-14.733256364960837,-15.431993767495033,-16.111929662739925,-16.77223565354328,-17.412107258767634,-18.030764893426717,-18.627454818489564,-19.201450059195523,-19.752051290760996,-20.278587690398943,-20.780417754613104,-21.25693008077123,-21.70754411200502,-22.131710844529167,-22.528913496517966,-22.898668137724343,-23.24052427907432,-23.55406542151859,-23.83890956347237
5.183042785212018,4.328885647948942,3.469454430337554,2.6057962169313083,1.738963242226868,0.8700116086785272,4.579393827101344e-15,-0.8700116086785183,-1.738963242226859,-2.6057962169312994,-3.4694544303375663,-4.328885647948933,-5.183042785211988,-6.030885183227822,-6.871379876634539,-7.703502852116484,-8.526240296006774,-9.338589829463036,-10.13956172971158,-10.928180135872205,-11.703484237894376,-12.464529447156234,-13.210388547300289,-13.940152823903821,-14.652933171607371,-15.347861177352645,-16.024090178410074,-16.680796293906976,-17.317179428599452,-17.9324642476652,-18.525901121329518,-19.096767038173798,-19.64436648601351,-20.16803229927272,-20.667126471822474,-21.14104093429309,-21.589198294913,-22.01105254297162,-22.40608971404935,-22.773828516204034,-23.113820916351088,-23.425652686122746,-23.708943906541528
5.157792740335308,4.307796769966162,3.452552412798035,2.593101652339866,1.7304915969550096,0.8657732041210595,4.557084557347222e-15,-0.8657732041210505,-1.730491596955001,-2.5931016523398567,-3.452552412798048,-4.307796769966153,-5.157792740335276,-6.001504734747389,-6.837904820101149,-7.665973971730084,-8.484703314927234,-9.29309535410352,-10.09016518808243,-10.874941710050441,-11.646468790701107,-12.40380644313131,-13.146031968070453,-13.872241078047495,-14.581548999125875,-15.273091548864263,-15.946026189189736,-16.59953305290072,-17.232815942548793,-17.845103300482695,-18.43564914887239,-19.003733998568226,-19.54866572568762,-20.069780414861395,-20.56644316811233,-21.03804887838062,-21.48402296675362,-21.903822082501677,-22.296934765067345,-22.662882067201274,-23.001218138485683,-23.311530768534396,-23.593441889207686
5.135780468675058,4.289412085367247,3.437817714166694,2.582034891636675,1.723106257323182,0.8620782834593118,4.537635969878674e-15,-0.8620782834593029,-1.723106257323173,-2.582034891636666,-3.437817714166707,-4.289412085367237,-5.135780468675027,-5.975891694588094,-6.808722216986855,-7.633257360167451,-8.44849255506784,-9.253434563180416,-10.047102686660084,-10.82852996315356,-11.596764343894106,-12.350869853626241,-13.08992773094737,-13.813037547677135,-14.519318305890398,-15.207909511277462,-15.877972221523898,-16.528690068432528,-17.1592702525423,-17.768944509032327,-18.356970043734165,-18.922630438112172,-19.4652365221091,-19.98412721379369,-20.478670324787075,-20.948263330487045,-21.392334104151423,-21.810341613946353,-22.201776582110263,-22.566162105430376,-22.90305423627582,-23.21204252347942,-23.49275051240921
5.116123531191447,4.272994579650678,3.4246596424189617,2.572152284941358,1.7165111561142394,0.8587787228516695,4.520268399919769e-15,-0.8587787228516606,-1.7165111561142306,-2.5721522849413496,-3.4246596424189746,-4.2729945796506685,-5.116123531191415,-5.953019274287843,-6.782662180390874,-7.604041457416092,-8.416156381238245,-9.218017514919385,-10.008647914185344,-10.78708431768187,-11.552378320560262,-12.30359752996253,-13.03982670099844,-13.7601688518305,-14.463746356508146,-15.149702014219722,-15.817200093659649,-16.465427351238347,-17.093594021894216,-17.70093478130073,-18.28670967829621,-18.85020503640036,-19.390734323319148,-19.907638987378625,-20.400289259868682,-20.868084922319248,-21.310456037774046,-21.726863645170916,-22.11680041598293,-22.479791272319996,-22.815393965738124,-23.123199616051043,-23.402833209487643
5.100215434979104,4.259708112177115,3.414010991198173,2.564154423714556,1.7111738290433531,0.8561084326475827,4.506213058180436e-15,-0.856108432647574,-1.7111738290433445,-2.564154423714547,-3.414010991198185,-4.259708112177106,-5.100215434979073,-5.9345089309015,-6.761572141832647,-7.580397418649294,-8.389987148882025,-9.189354972152312,-9.977526981900652,-10.753542911941736,-11.516457306400921,-12.26534067160653,-12.999280608534667,-13.717382924426978,-14.418772722226748,-15.102595466506159,-15.768018024586105,-16.414229681580075,-17.040443128125297,-17.645895419597952,-18.229848905643642,-18.791592128890752,-19.33044069175167,-19.84573809025583,-20.336856513898603,-20.803197610531782,-21.24419321536348,-21.659306043179363,-22.048030342941956,-22.40989251397039,-22.744451682949858,-23.05130024106787,-23.33006434062273
5.088083597435981,4.249575582001306,3.4058901133168997,2.5580550921665917,1.7071034749246587,0.854072015057662,4.49549416886027e-15,-0.8540720150576532,-1.7071034749246499,-2.5580550921665828,-3.4058901133169117,-4.249575582001298,-5.088083597435951,-5.920392566766344,-6.745488449720699,-7.562365994061887,-8.370029960332493,-9.167496334400733,-9.953793526330056,-10.727963554111884,-11.489063210819127,-12.236165213758525,-12.968359334221704,-13.68475350645875,-14.384474914522873,-15.066671055662153,-15.730510778962852,-16.37518529797881,-16.999909176113114,-17.603921283551607,-18.186485724582287,-18.74689273417092,-19.28445954270041,-19.798531207820417,-20.28848141239362,-20.753713227566795,-21.193659840036652,-21.607785242624455,-21.99558488731828,-22.356586299987015,-22.690349656017336,-22.996468316172226,-23.27456932201825
5.078601136934369,4.241655815780239,3.39954269039157,2.553287745894089,1.703922013582063,0.8524803147655525,4.4871160938787724e-15,-0.8524803147655436,-1.703922013582054,-2.5532877458940804,-3.3995426903915824,-4.24165581578023,-5.0786011369343385,-5.9093589649016485,-6.732917149237194,-7.548272311152751,-8.354431065979389,-9.150411233453603,-9.935243034352649,-10.707970272021182,-11.467651497349639,-12.213361155784884,-12.944190714975857,-13.659249771680358,-14.357667136584213,-15.038591895711223,-15.701194447130787,-16.34466751170012,-16.968227116609473,-17.571113550532264,-18.152592289216287,-18.711954890388373,-19.248519856882215,-19.761633466937642,-20.25067057065987,-20.715035351668423,-21.15416205300756,-21.567515666433973,-21.954592584241944,-22.314921212831738,-22.648062547273803,-22.953610706168618,-23.231193426150647
5.07316947724552,4.237119284895583,3.3959068153751932,2.5505569564996344,1.7020996368557617,0.8515685709927299,4.482317038597771e-15,-0.8515685709927211,-1.702099636855753,-2.550556956499626,-3.395906815375206,-4.2371192848955745,-5.073169477245489,-5.9030387940492535,-6.725716167375888,-7.540199291569707,-8.345495844405415,-9.140624696079819,-9.92461710456735,-10.696517895883009,-11.45538662781481,-12.200298735707674,-12.930346658903016,-13.644640946461696,-14.342311340822949,-15.022507838079108,-15.684401723574487,-16.32718658156657,-16.950079277719297,-17.552320913231704,-18.133177749439106,-18.691942101760713,-19.227933201904275,-19.740498027277383,-20.22901209659486,-20.692880230713072,-21.131537277764025,-21.5444488017058,-21.93111173345063,-22.291054983777027,-22.623840017279488,-22.929061386656297,-23.206347226684613
5.071794623893731,4.235971005170868,3.3949865082795165,2.5498657432854297,1.7016383596598577,0.8513377918103353,4.481102309101361e-15,-0.8513377918103266,-1.701638359659849,-2.5498657432854213,-3.3949865082795285,-4.235971005170859,-5.0717946238937,-5.9014390421174205,-6.723893465915317,-7.538155861261363,-8.343234174854361,-9.13814754278202,-9.921927485552521,-10.69361908803762,-11.452282162889693,-12.196992396015132,-12.92684247270866,-13.64094318307663,-14.338424505402257,-15.018436666133027,-15.680151175198924,-16.322761835399966,-16.945485724633286,-17.547564149763133,-18.128263570971537,-18.68687649546364,-19.222722339438672,-19.735148257276496,-20.223529936929367,-20.68727236055006,-21.125810529429458,-21.53861015236039,-21.925168296589227,-22.285014000561933,-22.61770884771821,-22.92284750063451,-23.200058194865257
5.073169477245519,4.237119284895583,3.3959068153751932,2.550556956499634,1.7020996368557615,0.8515685709927299,4.482317038597771e-15,-0.851568570992721,-1.7020996368557528,-2.550556956499626,-3.3959068153752057,-4.2371192848955745,-5.073169477245489,-5.903038794049253,-6.725716167375888,-7.540199291569707,-8.345495844405415,-9.140624696079819,-9.924617104567348,-10.696517895883009,-11.45538662781481,-12.200298735707674,-12.930346658903016,-13.644640946461696,-14.342311340822947,-15.022507838079108,-15.684401723574487,-16.327186581566565,-16.950079277719297,-17.552320913231704,-18.133177749439106,-18.69194210176071,-19.227933201904275,-19.740498027277383,-20.22901209659486,-20.692880230713072,-21.13153727776402,-21.5444488017058,-21.931111733450628,-22.291054983777023,-22.623840017279488,-22.929061386656297,-23.206347226684613
5.078601136934369,4.241655815780239,3.39954269039157,2.553287745894089,1.703922013582063,0.8524803147655525,4.4871160938787724e-15,-0.8524803147655436,-1.703922013582054,-2.5532877458940804,-3.3995426903915824,-4.24165581578023,-5.0786011369343385,-5.9093589649016485,-6.732917149237194,-7.548272311152751,-8.35443106597939,-9.150411233453603,-9.935243034352649,-10.707970272021182,-11.467651497349639,-12.213361155784884,-12.944190714975859,-13.659249771680358,-14.357667136584213,-15.038591895711223,-15.70119444713079,-16.34466751170012,-16.968227116609473,-17.571113550532267,-18.152592289216287,-18.711954890388373,-19.248519856882215,-19.761633466937642,-20.25067057065987,-20.715035351668423,-21.15416205300756,-21.567515666433973,-21.954592584241944,-22.314921212831738,-22.648062547273803,-22.95361070616862,-23.23119342615065
5.088083597435981,4.249575582001306,3.4058901133168997,2.5580550921665917,1.7071034749246587,0.854072015057662,4.49549416886027e-15,-0.8540720150576532,-1.7071034749246499,-2.5580550921665828,-3.4058901133169117,-4.249575582001298,-5.088083597435951,-5.920392566766344,-6.745488449720699,-7.562365994061887,-8.370029960332493,-9.167496334400733,-9.953793526330056,-10.727963554111884,-11.489063210819127,-12.236165213758525,-12.968359334221704,-13.68475350645875,-14.384474914522873,-15.066671055662153,-15.730510778962852,-16.37518529797881,-16.999909176113114,-17.603921283551607,-18.186485724582287,-18.74689273417092,-19.28445954270041,-19.798531207820417,-20.28848141239362,-20.753713227566795,-21.193659840036652,-21.607785242624455,-21.99558488731828,-22.356586299987015,-22.690349656017336,-22.996468316172226,-23.27456932201825
5.100215434979104,4.259708112177115,3.414010991198173,2.564154423714556,1.7111738290433531,0.8561084326475827,4.506213058180436e-15,-0.856108432647574,-1.7111738290433445,-2.564154423714547,-3.414010991198185,-4.259708112177106,-5.100215434979073,-5.9345089309015,-6.761572141832647,-7.580397418649294,-8.389987148882025,-9.189354972152312,-9.977526981900652,-10.753542911941736,-11.516457306400921,-12.26534067160653,-12.999280608534667,-13.717382924426978,-14.418772722226748,-15.102595466506159,-15.768018024586105,-16.414229681580075,-17.040443128125297,-17.645895419597952,-18.229848905643642,-18.791592128890752,-19.33044069175167,-19.84573809025583,-20.336856513898603,-20.803197610531782,-21.24419321536348,-21.659306043179363,-22.048030342941956,-22.40989251397039,-22.744451682949858,-23.05130024106787,-23.33006434062273
