hough_viz/data/file_3_1_2.json
{"header": {"discipline": 0, "disciplineName": "Meteorological products", "gribEdition": 2, "gribLength": 133963, "center": 7, "centerName": "US National Weather Service - NCEP(WMC)", "subcenter": 0, "refTime": "2014-11-30T06:00:00.000Z", "significanceOfRT": 1, "significanceOfRTName": "Start of forecast", "productStatus": 0, "productStatusName": "Operational products", "productType": 1, "productTypeName": "Forecast products", "productDefinitionTemplate": 0, "productDefinitionTemplateName": "Analysis/forecast at horizontal level/layer at a point in time", "parameterCategory": 2, "parameterCategoryName": "Momentum", "parameterNumber": 3, "parameterNumberName": "V-component_of_wind", "parameterUnit": "m.s-1", "genProcessType": 2, "genProcessTypeName": "Forecast", "forecastTime": 6, "surface1Type": 100, "surface1TypeName": "Isobaric surface", "surface1Value": 85000, "surface2Type": 255, "surface2TypeName": "Missing", "surface2Value": 0, "gridDefinitionTemplate": 0, "gridDefinitionTemplateName": "Latitude_Longitude", "numberPoints": 65160, "shape": 6, "shapeName": "Earth spherical with radius of 6,371,229.0 m", "gridUnits": "degrees", "resolution": 48, "winds": "true", "scanMode": 0, "nx": 360, "ny": 181, "basicAngle": 0, "subDivisions": 0, "lo1": 0, "la1": 90, "lo2": 359, "la2": -90, "dx": 1, "dy": 1}, "data":
[rows 95 to 113 of 181, columns 129 to 171 of 360]
-12.216690469530992,-13.45478647299849,-14.656003841974282,-15.817050123145581,-16.934742969358954,-18.006018862212915,-19.027941508948526,-19.997709890624144,-20.912665939513353,-21.77030182468389,-22.568266825788136,-23.30437377622388,-23.97660505800614,-24.583118131917796,-25.12225058778146,-25.59252470101023,-25.99265148294813,-26.321534213898314,-26.578271449155604,-26.76215948980376,-26.872694311505267,-26.909572945997017,-26.872694311505267,-26.762159489803768,-26.578271449155608,-26.3215342138983,-25.99265148294813,-25.592524701010237,-25.122250587781455,-24.583118131917793,-23.976605058006133,-23.304373776223887,-22.568266825788147,-21.77030182468391,-20.912665939513346,-19.997709890624158,-19.02794150894854,-18.00601886221293,-16.934742969358986,-15.817050123145574,-14.656003841974295,-13.454786472998503,-12.216690469530963
-12.048235656350881,-13.26925966871872,-14.453913562669571,-15.598950284224378,-16.701231367319814,-17.75773553612583,-18.76556698615234,-19.721963321448406,-20.62430312613727,-21.47011314953507,-22.25707508515931,-22.98303192504543,-23.645993871955948,-24.24414379327633,-24.77584220164912,-25.239631748694848,-25.634241219502716,-25.958589016942174,-26.211786126245595,-26.39313855173589,-26.502149219020453,-26.538519337437474,-26.502149219020453,-26.393138551735895,-26.2117861262456,-25.95858901694217,-25.634241219502716,-25.239631748694855,-24.775842201649116,-24.24414379327633,-23.645993871955945,-22.983031925045438,-22.257075085159318,-21.470113149535095,-20.62430312613726,-19.72196332144842,-18.76556698615235,-17.757735536125843,-16.70123136731984,-15.59895028422437,-14.453913562669584,-13.269259668718732,-12.048235656350851
-11.858640491821019,-13.060450051955113,-14.226461826317596,-15.3534798576834,-16.438415067966535,-17.478293725168644,-18.470265594171323,-19.41161174903283,-20.299752025374847,-21.13225209243372,-21.90683012539211,-22.62136305970188,-23.27389241025666,-23.862629639463368,-24.38596105949935,-24.84245225531861,-25.230852016283734,-25.550095765647242,-25.799308478482494,-25.977807080066167,-26.08510231813861,-26.120900103910266,-26.08510231813861,-25.977807080066167,-25.7993084784825,-25.55009576564724,-25.230852016283734,-24.842452255318616,-24.385961059499348,-23.862629639463364,-23.273892410256654,-22.62136305970189,-21.906830125392123,-21.132252092433742,-20.29975202537484,-19.411611749032836,-18.470265594171337,-17.47829372516866,-16.438415067966563,-15.35347985768339,-14.226461826317609,-13.06045005195513,-11.85864049182099
-11.639527251971822,-12.819130861382957,-13.963598124149943,-15.069792135056458,-16.134680893209133,-17.155345612541495,-18.12898872200328,-19.05294153350864,-19.924671556624407,-20.741789439950356,-21.50205552016555,-22.203385960789507,-22.84385846383336,-23.421717538684998,-23.935379313786722,-24.383435877917165,-24.764659139178097,-25.07800419110888,-25.322612176702542,-25.49781264247305,-25.60312537612176,-25.63826172276595,-25.60312537612176,-25.49781264247305,-25.322612176702542,-25.078004191108878,-24.764659139178097,-24.383435877917172,-23.935379313786722,-23.421717538684998,-22.84385846383336,-22.203385960789515,-21.502055520165555,-20.741789439950377,-19.924671556624403,-19.052941533508655,-18.128988722003292,-17.155345612541506,-16.13468089320916,-15.069792135056447,-13.963598124149955,-12.81913086138297,-11.639527251971794
-11.39019882988388,-12.544534342038409,-13.664486157521344,-14.746984566253314,-15.789062515339461,-16.78786374155539,-17.740650600165775,-18.644811568618636,-19.497868404546892,-20.297482938458458,-21.04146348249649,-21.727770837703176,-22.354523883322543,-22.92000473282164,-23.42266344249806,-23.861122259767964,-24.234179399490124,-24.540812337975435,-24.7801806156533,-24.951628140712906,-25.05468498740522,-25.089068684076857,-25.05468498740522,-24.951628140712906,-24.78018061565331,-24.540812337975428,-24.234179399490124,-23.86112225976797,-23.42266344249806,-22.920004732821635,-22.354523883322543,-21.727770837703186,-21.041463482496496,-20.297482938458483,-19.49786840454689,-18.644811568618646,-17.740650600165786,-16.7878637415554,-15.789062515339491,-14.746984566253307,-13.664486157521354,-12.544534342038423,-11.390198829883854
-11.122167885207652,-12.249339899830922,-13.342937325229974,-14.399962686876787,-15.417518751727954,-16.39281646933927,-17.323182616458787,-18.206067124146276,-19.03905006733471,-19.81984829767668,-20.546321701495515,-21.216479065687853,-21.82848353550051,-22.380657649221654,-22.87148793598672,-23.299629064096877,-23.663907528479708,-23.96332486718502,-24.197060398099666,-24.36447346838016,-24.46510521043762,-24.49867979966188,-24.46510521043762,-24.36447346838016,-24.19706039809967,-23.963324867185015,-23.66390752847971,-23.29962906409688,-22.87148793598672,-22.38065764922165,-21.828483535500503,-21.216479065687864,-20.546321701495526,-19.8198482976767,-19.0390500673347,-18.206067124146287,-17.323182616458794,-16.39281646933928,-15.41751875172798,-14.399962686876778,-13.342937325229986,-12.249339899830936,-11.122167885207627
-10.8287590882241,-11.926195696205651,-12.990943430763638,-14.020083892367325,-15.010796278546062,-15.96036511551301,-16.866187701089668,-17.725781238532004,-18.53678964170349,-19.29698999294347,-20.00429863593016,-20.6567768868375,-21.252636348132967,-21.790243810450843,-22.268125729105563,-22.68497226297523,-23.039640864685175,-23.331159412250823,-23.558728873596493,-23.72172549664681,-23.819702518987732,-23.852391392411334,-23.819702518987732,-23.721725496646812,-23.5587288735965,-23.33115941225082,-23.039640864685182,-22.684972262975233,-22.26812572910556,-21.790243810450843,-21.252636348132967,-20.65677688683751,-20.004298635930162,-19.296989992943494,-18.536789641703486,-17.725781238532015,-16.866187701089682,-15.960365115513024,-15.010796278546088,-14.020083892367316,-12.990943430763648,-11.92619569620566,-10.828759088224077
-10.509322331452378,-11.574385738778147,-12.607724559319651,-13.606506483196265,-14.567993918579058,-15.489551495239912,-16.368653287917795,-17.202889739704663,-17.989974266473226,-18.727749524245116,-19.414193322321,-20.04742416596442,-20.625706413448288,-21.147455033328182,-21.6112399489033,-22.01578995795733,-22.359996217035413,-22.642915280706877,-22.86377168748366,-23.021960085306347,-23.117046890772023,-23.14877147755633,-23.117046890772023,-23.021960085306347,-22.863771687483666,-22.64291528070687,-22.359996217035413,-22.015789957957338,-21.611239948903293,-21.14745503332818,-20.625706413448288,-20.04742416596443,-19.414193322321005,-18.727749524245137,-17.98997426647322,-17.202889739704673,-16.36865328791781,-15.489551495239924,-14.567993918579083,-13.60650648319626,-12.607724559319662,-11.574385738778158,-10.509322331452353
-10.174381264268856,-11.20550019230121,-12.205905623191272,-13.172855515190276,-14.10369952585606,-14.995886276457648,-15.8469703451267,-16.654618969589187,-17.416618441104426,-18.130880172086854,-18.795446420779655,-19.408495657288555,-19.968347556268803,-20.47346760258015,-20.922471297286112,-21.314127952469352,-21.64736406446175,-21.921266256243285,-22.13508378094499,-22.288230579593936,-22.380286887460123,-22.411000384602453,-22.380286887460123,-22.28823057959394,-22.135083780944996,-21.921266256243282,-21.647364064461755,-21.31412795246936,-20.92247129728611,-20.473467602580147,-19.9683475562688,-19.40849565728856,-18.795446420779665,-18.13088017208687,-17.41661844110442,-16.654618969589198,-15.84697034512671,-14.99588627645766,-14.103699525856083,-13.172855515190271,-12.205905623191281,-11.205500192301221,-10.174381264268831
-9.819047529443697,-10.814155290779029,-11.779622204145086,-12.712801991841097,-13.61113687293346,-14.472164573955679,-15.293525077828468,-16.072967092502854,-16.808354221594943,-17.497670820099984,-18.13902751913534,-18.730666404569096,-19.27096583534056,-19.758444888265792,-20.19176741714494,-20.56974571504624,-20.8913437697281,-21.155680103276623,-21.36203018817536,-21.50982843318483,-21.59866973358878,-21.62831058155809,-21.59866973358878,-21.509828433184833,-21.362030188175368,-21.15568010327662,-20.8913437697281,-20.569745715046245,-20.191767417144938,-19.75844488826579,-19.27096583534056,-18.7306664045691,-18.139027519135354,-17.497670820099998,-16.80835422159494,-16.072967092502857,-15.293525077828475,-14.472164573955686,-13.611136872933484,-12.712801991841092,-11.779622204145097,-10.81415529077904,-9.819047529443674
-9.442999786141078,-10.399997127206934,-11.328488799042084,-12.225929870512676,-13.089860518022114,-13.917912767716743,-14.707816985937278,-15.457408100127207,-16.16463153314597,-16.827548834722094,-17.44434299461086,-18.013323422892807,-18.532930583763346,-19.001740270112016,-19.418467507175077,-19.781970074562086,-20.09125163700262,-20.345464475231896,-20.54391180953046,-20.6860497095489,-20.77148858518316,-20.799994254413896,-20.77148858518316,-20.686049709548907,-20.543911809530464,-20.345464475231893,-20.09125163700262,-19.781970074562096,-19.418467507175073,-19.001740270112013,-18.532930583763342,-18.01332342289281,-17.444342994610867,-16.827548834722116,-16.16463153314596,-15.457408100127214,-14.707816985937285,-13.91791276771675,-13.089860518022135,-12.225929870512669,-11.328488799042093,-10.399997127206944,-9.442999786141057
-9.055212923031766,-9.972910147047894,-10.86327231755948,-11.723859013745452,-12.55231142729015,-13.346358827713157,-14.103824786283393,-14.822633141459292,-15.500813689503058,-16.136507584672216,-16.7279724341867,-17.273587074006183,-17.771856012328115,-18.22141352862684,-18.621027416998515,-18.969602363551942,-19.266182948587765,-19.509956265337475,-19.70025414808432,-19.836555003559138,-19.918485240591238,-19.945820294095817,-19.918485240591238,-19.83655500355914,-19.70025414808432,-19.50995626533747,-19.26618294858777,-18.969602363551942,-18.621027416998512,-18.221413528626837,-17.771856012328115,-17.27358707400619,-16.72797243418671,-16.13650758467223,-15.500813689503051,-14.8226331414593,-14.103824786283402,-13.346358827713168,-12.55231142729017,-11.723859013745445,-10.86327231755949,-9.972910147047903,-9.055212923031743
-8.652549383284319,-9.529438818927092,-10.38020872515039,-11.202527200777523,-11.994140328025402,-12.752878350336678,-13.476661619531344,-14.163506295978168,-14.81152978616098,-15.4189559027367,-15.98411973294153,-16.505472202000906,-16.981584319035893,-17.411151093827858,-17.79299511370592,-18.12606977075323,-18.409462130486574,-18.642395434146284,-18.824231227738004,-18.95447111199077,-19.032758108434706,-19.058877637854213,-19.032758108434706,-18.954471111990774,-18.824231227738007,-18.642395434146273,-18.409462130486578,-18.126069770753233,-17.792995113705917,-17.411151093827854,-16.981584319035885,-16.505472202000917,-15.98411973294154,-15.418955902736716,-14.811529786160971,-14.163506295978175,-13.476661619531352,-12.752878350336687,-11.994140328025425,-11.202527200777515,-10.380208725150398,-9.529438818927101,-8.652549383284299
-8.235321642970208,-9.06992728668856,-9.879672890157048,-10.662338996961275,-11.415780373704882,-12.137931889945365,-12.826814178572775,-13.480539061117662,-14.097314723116824,-14.675450625352216,-15.213362137501615,-15.709574881499947,-16.16272877270724,-16.571581747806054,-16.93501316921066,-17.25202689665678,-17.521754017552862,-17.74345522860901,-17.916522862216,-18.040482552019885,-18.114994533127252,-18.139854573377153,-18.114994533127252,-18.04048255201989,-17.916522862216,-17.743455228609008,-17.521754017552862,-17.252026896656787,-16.93501316921066,-16.571581747806054,-16.162728772707236,-15.709574881499952,-15.213362137501619,-14.675450625352232,-14.097314723116817,-13.480539061117671,-12.826814178572786,-12.137931889945374,-11.415780373704902,-10.662338996961266,-9.879672890157057,-9.069927286688571,-8.235321642970188
-7.81046622566079,-8.602015053334393,-9.369986355665565,-10.112275176695638,-10.826846954361983,-11.511743097091356,-12.165086352163023,-12.785085951128218,-13.370042518181808,-13.918352728033296,-14.428513700510104,-14.899127119847497,-15.328903067375007,-15.71666355709384,-16.06134576445457,-16.362004939485374,-16.61781699628608,-16.828080771790255,-16.992219947604504,-17.1097846296571,-17.180452581326357,-17.20403010666881,-17.180452581326357,-17.1097846296571,-16.992219947604514,-16.82808077179025,-16.61781699628608,-16.36200493948538,-16.06134576445457,-15.71666355709384,-15.328903067375007,-14.8991271198475,-14.42851370051011,-13.918352728033312,-13.370042518181807,-12.785085951128224,-12.165086352163032,-11.511743097091365,-10.826846954362,-10.112275176695634,-9.369986355665572,-8.602015053334402,-7.810466225660772
-7.3764554382528305,-8.124019602265538,-8.84931639324214,-9.550357823093314,-10.225222385988591,-10.872060325070397,-11.489098702508802,-12.074646259001112,-12.627098049395881,-13.14493984173605,-13.62675226766361,-14.071214712809436,-14.477108936505584,-14.843322410898281,-15.1688513703094,-15.452803562488423,-15.69440069421388,-15.892980564540903,-16.04799887984806,-16.159030745708282,-16.225771831494963,-16.2480392045311,-16.225771831494963,-16.159030745708282,-16.047998879848066,-15.892980564540903,-15.69440069421388,-15.452803562488427,-15.1688513703094,-14.84332241089828,-14.477108936505582,-14.071214712809441,-13.626752267663617,-13.144939841736065,-12.627098049395878,-12.074646259001117,-11.48909870250881,-10.872060325070406,-10.225222385988609,-9.550357823093309,-8.849316393242146,-8.124019602265545,-7.376455438252814
-6.9345302020207145,-7.637307615466643,-8.319151699601345,-8.978193567184595,-9.612626830266745,-10.22071255137266,-10.80078400980825,-11.351251270026271,-11.870605539528961,-12.357423304363449,-12.81037023087466,-13.228204823020958,-13.609781825228591,-13.95405536145761,-14.260081801875373,-14.527022349280323,-14.754145338186843,-14.94082824026946,-15.086559370669734,-15.19093929048889,-15.253681901622057,-15.274615230933309,-15.253681901622057,-15.19093929048889,-15.086559370669738,-14.94082824026946,-14.754145338186847,-14.527022349280326,-14.260081801875373,-13.95405536145761,-13.609781825228584,-13.228204823020961,-12.810370230874666,-12.357423304363463,-11.870605539528958,-11.351251270026278,-10.800784009808261,-10.220712551372666,-9.61262683026676,-8.978193567184592,-8.319151699601354,-7.637307615466651,-6.934530202020698
-6.489203788739327,-7.1468497605810555,-7.7849067140004955,-8.401625779239097,-8.995316572206619,-9.564351827706545,-10.107171859656642,-10.622288836080338,-11.108290857150594,-11.563845825109208,-11.987705095454283,-12.378706899387877,-12.735779528143608,-13.057944270465887,-13.344318095189395,-13.594116071566164,-13.806653520706195,-13.981347892234693,-14.117720361022142,-14.215397139610747,-14.274110502739818,-14.293699521162134,-14.274110502739818,-14.215397139610747,-14.117720361022148,-13.981347892234687,-13.806653520706199,-13.594116071566166,-13.344318095189395,-13.057944270465887,-12.735779528143608,-12.378706899387883,-11.987705095454288,-11.56384582510922,-11.108290857150593,-10.622288836080344,-10.107171859656649,-9.56435182770655,-8.995316572206637,-8.401625779239092,-7.7849067140005,-7.146849760581066,-6.489203788739312
-6.040335498187952,-6.652491078175933,-7.246412642527638,-7.820472293518154,-8.373096573546468,-8.902770777873531,-9.40804310632242,-9.887528642561957,-10.33991315006593,-10.7639566743441,-11.158496941571368,-11.522452544299394,-11.854825905519347,-12.154706012951122,-12.421270916064653,-12.6537899789892,-12.851625883135505,-13.014236374041694,-13.141175747655108,-13.232096071976134,-13.286748140715588,-13.304982156351883,-13.286748140715588,-13.232096071976134,-13.141175747655112,-13.01423637404169,-12.851625883135505,-12.653789978989204,-12.421270916064652,-12.15470601295112,-11.854825905519343,-11.522452544299398,-11.158496941571372,-10.763956674344112,-10.339913150065925,-9.887528642561962,-9.408043106322426,-8.902770777873533,-8.373096573546484,-7.820472293518147,-7.246412642527644,-6.65249107817594,-6.040335498187938
