hough_viz/data/file_2_2_1.json
{"header": {"discipline": 0, "disciplineName": "Meteorological products", "gribEdition": 2, "gribLength": 133963, "center": 7, "centerName": "US National Weather Service - NCEP(WMC)", "subcenter": 0, "refTime": "2014-11-30T06:00:00.000Z", "significanceOfRT": 1, "significanceOfRTName": "Start of forecast", "productStatus": 0, "productStatusName": "Operational products", "productType": 1, "productTypeName": "Forecast products", "productDefinitionTemplate": 0, "productDefinitionTemplateName": "Analysis/forecast at horizontal level/layer at a point in time", "parameterCategory": 2, "parameterCategoryName": "Momentum", "parameterNumber": 3, "parameterNumberName": "V-component_of_wind", "parameterUnit": "m.s-1", "genProcessType": 2, "genProcessTypeName": "Forecast", "forecastTime": 6, "surface1Type": 100, "surface1TypeName": "Isobaric surface", "surface1Value": 85000, "surface2Type": 255, "surface2TypeName": "Missing", "surface2Value": 0, "gridDefinitionTemplate": 0, "gridDefinitionTemplateName": "Latitude_Longitude", "numberPoints": 65160, "shape": 6, "shapeName": "Earth spherical with radius of 6,371,229.0 m", "gridUnits": "degrees", "resolution": 48, "winds": "true", "scanMode": 0, "nx": 360, "ny": 181, "basicAngle": 0, "subDivisions": 0, "lo1": 0, "la1": 90, "lo2": 359, "la2": -90, "dx": 1, "dy": 1}, "data":
[rows 0 to 18 of 181, columns 172 to 214 of 360]
0.0008920035405155303,0.0007828952892233798,0.0006728332006171662,0.0005619513683980027,0.0004503848849984171,0.0003382696769928989,0.0002257423394924249,0.00011293996972423477,7.926278914426949e-19,-0.00011293996972423477,-0.0002257423394924249,-0.0003382696769928989,-0.0004503848849984171,-0.0005619513683980027,-0.0006728332006171662,-0.0007828952892235136,-0.0008920035405153965,-0.0010000250228960447,-0.00110682812882833,-0.0012122827351793587,-0.0013162603617555251,-0.001418634327835016,-0.001519279906510169,-0.001618074476646271,-0.001714897672277703,-0.001809631529255227,-0.0019021606289673335,-0.0019923722389576107,-0.002080156450276692,-0.0021654063113841996,-0.0022480179584568865,-0.002327890741927766,-0.0024049273491130994,-0.0024790339227750277,-0.0025501201754673684,-0.002618099499542316,-0.0026828890726642296,-0.0027444099587184217,-0.0028025872039814472,-0.0028573499284424222,-0.0029086314121565876,-0.0029563691765350807,-0.003000505060466321
0.30107694421506204,0.2642497597975111,0.22710062775220277,0.18967480857414842,0.15201789985900996,0.11417578074945563,0.07619455603848889,0.038120499997861844,2.6753479399565617e-16,-0.03812049999786132,-0.07619455603848933,-0.11417578074945511,-0.15201789985900846,-0.18967480857414692,-0.22710062775220127,-0.2642497597975115,-0.3010769442150616,-0.33753731275343357,-0.37358644406985386,-0.4091804178507541,-0.4442758683219148,-0.4788300370829775,-0.5128008252019666,-0.5461468445063586,-0.578827468008193,-0.6108028794017946,-0.6420341215738179,-0.6724831440664765,-0.7021128494361776,-0.730887138451035,-0.758770954072222,-0.7857303241655776,-0.8117324028914155,-0.8367455107221222,-0.8607391730387783,-0.8836841572597928,-0.9055525084562964,-0.9263175834109153,-0.9459540830784341,-0.9644380834087775,-0.9817470644947854,-0.9978599380092489,-1.0127570728977884
0.6012618848896087,0.5277166243057987,0.4535284223037883,0.37878766577989875,0.3035854148330214,0.22801329182191832,0.15216336973748534,0.07612806002599944,5.342769600998695e-16,-0.07612806002599838,-0.15216336973748623,-0.22801329182191735,-0.3035854148330185,-0.3787876657798958,-0.45352842230378543,-0.5277166243057994,-0.6012618848896077,-0.6740746004839713,-0.7460660600108794,-0.8171485529663288,-0.8872354762820741,-0.9562414398381196,-1.024082370497423,-1.090675614536071,-1.155940038344108,-1.2197961272743336,-1.2821660825186683,-1.3429739158939953,-1.4021455424220788,-1.459608870590686,-1.5152938901859871,-1.5691327575892275,-1.6210598784337173,-1.6710119875214693,-1.7189282259020893,-1.764750215020043,-1.8084221278399282,-1.849890756863112,-1.8891055789528863,-1.9260188168891126,-1.9605854975774142,-1.9927635068419627,-2.0225136407351108
0.900753214013326,0.7905747185670744,0.6794330296049513,0.56746355615489,0.45480271577271064,0.34158776833835014,0.22795664882583144,0.11404779925075126,8.004027879990837e-16,-0.11404779925074968,-0.22795664882583277,-0.34158776833834853,-0.4548027157727061,-0.5674635561548854,-0.679433029604947,-0.7905747185670755,-0.9007532140133246,-1.0098342804186944,-1.117685019306423,-1.2241740311643028,-1.329171575534763,-1.4325497290836222,-1.53418254145496,-1.6339461887222384,-1.7317191242486778,-1.8273822267730997,-1.9208189455408564,-2.0119154423029437,-2.100560730010401,-2.1866468080349177,-2.270068793750962,-2.3507250503191126,-2.4285173105148847,-2.5033507964522106,-2.5751343350556866,-2.6437804691409337,-2.7092055639676977,-2.771329909135889,-2.8300778157004474,-2.885377708386642,-2.93716221279353,-2.9853682374792867,-3.029937050828397
1.199090005651816,1.0524194962692093,0.9044667758431985,0.7554121019732487,0.605437074819355,0.45472441585022605,0.3034577452253102,0.1518213580819233,1.0655027022433157e-15,-0.15182135808192118,-0.3034577452253119,-0.45472441585022405,-0.605437074819349,-0.755412101973243,-0.9044667758431923,-1.0524194962692108,-1.199090005651814,-1.3442996085681855,-1.4878713894850015,-1.629630428302744,-1.7694040134689237,-1.9070218524004894,-2.0423162789590985,-2.1751224577265025,-2.3052785848310995,-2.4326260850810204,-2.557009805163599,-2.6782782026757457,-2.7962835307550624,-2.9108820180866144,-3.0219340440661266,-3.1293043089061996,-3.232861998478247,-3.3324809436893665,-3.4280397741999353,-3.519422066294689,-3.606516484727077,-3.689216918364098,-3.767422609466396,-3.8410382764460227,-3.9099742299523883,-3.974146482144919,-4.03347684901929
1.4948531606885378,1.3120054399194834,1.127559242620837,0.9417392880722433,0.7547719692649457,0.5668850770768079,0.37830752274420404,0.18926905896894772,1.3283157016264025e-15,-0.1892690589689451,-0.3783075227442062,-0.5668850770768052,-0.7547719692649382,-0.941739288072236,-1.1275592426208296,-1.3120054399194854,-1.4948531606885356,-1.6758796331457635,-1.8548643044194764,-2.031589109258192,-2.2058387357095888,-2.3774008874449377,-2.5460665424094637,-2.711630207483549,-2.873890168844433,-3.0326487377234197,-3.187712491259225,-3.338892508153891,-3.486004598844335,-3.6288695299089326,-3.7673132424358347,-3.901167064086946,-4.030267914599187,-4.1544585044726725,-4.2735875266037295,-4.387509840629313,-4.496086649758178,-4.5991856698733615,-4.696681290700051,-4.788454728842311,-4.874394172502384,-4.954394917706127,-5.028359495868674
1.7887220802916208,1.569928847570384,1.349222898377388,1.1268731289145741,0.9031504381256714,0.6783273976475721,0.45267791972376514,0.2264769234844684,1.5894454971101038e-15,-0.22647692348446521,-0.4526779197237677,-0.6783273976475689,-0.9031504381256623,-1.1268731289145657,-1.349222898377379,-1.5699288475703865,-1.7887220802916184,-2.00533603068953,-2.219506788032386,-2.4309734182428318,-2.6394782818058964,-2.8447673476630477,-3.0465905027098836,-3.2447018565204586,-3.4388600409268744,-3.628828504089197,-3.814375798697477,-3.995275863954583,-4.171308300996529,-4.342258641414503,-4.507918608551576,-4.668086371255759,-4.822566789780148,-4.9711716535306625,-5.113719910371637,-5.25003788720999,-5.379959501589125,-5.503326464034799,-5.619988470906505,-5.729803387519268,-5.832637421312891,-5.928365284857566,-6.016870348497308
2.0801836551187347,1.8257393724814306,1.5690707076523558,1.3104903718628202,1.0503134054207302,0.7888567938825123,0.5264390818550224,0.26337998489802295,1.8484361434457535e-15,-0.2633799848980192,-0.5264390818550254,-0.7888567938825085,-1.0503134054207197,-1.3104903718628098,-1.5690707076523451,-1.8257393724814337,-2.080183655118731,-2.3320935543999948,-2.5811621569167023,-2.8270860109427502,-3.0695654961436816,-3.308305188617884,-3.543014220825099,-3.7734066359637413,-3.9992017363652015,-4.220124425480697,-4.43590554304409,-4.64628219300214,-4.8509980638129235,-5.049803740721924,-5.242457009635484,-5.428723152221404,-5.608375231877034,-5.781194370216606,-5.946970013740792,-6.105500190363737,-6.256591755484942,-6.400060627306157,-6.535732011106769,-6.663440612204181,-6.7830308373399655,-6.894356984246256,-6.997283419161521
2.3671130791574506,2.0775721110484504,1.7854999413475954,1.4912524150033901,1.1951880273013211,0.8976674870925873,0.5990532773259075,0.29970921341789697,2.103399553386095e-15,-0.29970921341789286,-0.5990532773259107,-0.897667487092583,-1.1951880273013091,-1.4912524150033788,-1.7854999413475838,-2.0775721110484535,-2.367113079157447,-2.6537700846053043,-2.937193879987022,-3.2170391570660013,-3.4929649674789895,-3.764635138129118,-4.031718680761018,-4.293890195219063,-4.550830265897321,-4.802225850898242,-5.047770663426039,-5.287165544949905,-5.520118829682666,-5.746346699930587,-5.965573531881489,-6.177532231409952,-6.381964559490334,-6.578621446821262,-6.767263297278182,-6.947660279824371,-7.119592608524624,-7.282850810320551,-7.437235980241274,-7.58256002373845,-7.718645885850534,-7.845327766916963,-7.962451324579503
2.6510565350714663,2.3267841196828876,1.9996768762581005,1.670133334586202,1.3385549927104206,1.0053458277646115,0.6709118037893245,0.3356603771271693,2.355709653657701e-15,-0.3356603771271646,-0.6709118037893281,-1.0053458277646066,-1.338554992710407,-1.670133334586189,-1.9996768762580872,-2.326784119682891,-2.6510565350714623,-2.9720990464360035,-3.289520512929233,-3.60293420538924,-3.911958277509449,-4.2162162310595,-4.515337374590319,-4.8089572750646035,-5.096718201862309,-5.378269562620295,-5.653268330375157,-5.921379461488672,-6.1822763038469475,-6.435640994835652,-6.681164848606643,-6.918548732164157,-7.147503429812263,-7.367749995519652,-7.579020092772375,-7.781056321500609,-7.9736125316809465,-8.15645412323227,-8.329358331839886,-8.492114500359444,-8.64452433547027,-8.786402149265227,-8.917575085482797
2.931386071198265,2.572824256627882,2.211127852014001,1.8467375287105765,1.480097240196518,1.111653681186782,0.7418557434036429,0.3711539686712927,2.604808450957201e-15,-0.3711539686712875,-0.7418557434036471,-1.1116536811867772,-1.4800972401965033,-1.846737528710562,-2.2111278520139863,-2.572824256627885,-2.93138607119826,-3.28637644338629,-3.6373628721055455,-3.983917734457929,-4.32561880672636,-4.662049778789301,-4.992800761330495,-5.317468785226008,-5.635658292500004,-5.946981618251195,-6.251059462962852,-6.547521354620771,-6.836006100076431,-7.116162225105172,-7.387648402623374,-7.650133868542979,-7.903298824756549,-8.14683482876202,-8.380445169452338,-8.6038452286123,-8.816762827681965,-9.01893855936429,-9.210126103673018,-9.390092528035584,-9.558618571085612,-9.71549890979909,-9.860542409648856
3.205160183068619,2.8131108168928263,2.4176341085131616,2.019211885380259,1.6183295636007577,1.2154755565325683,0.8111406797284005,0.405817552952637,2.8480821456983694e-15,-0.40581755295263144,-0.8111406797284051,-1.2154755565325628,-1.618329563600742,-2.019211885380243,-2.4176341085131456,-2.81311081689283,-3.2051601830686134,-3.5933045552784058,-3.977071039393736,-4.355992075068386,-4.729606005388706,-5.097457639331425,-5.459098806343765,-5.814088902370282,-6.161995426661009,-6.502394508706974,-6.834871424661184,-7.159021102615663,-7.4744486161192665,-7.7807696653346845,-8.07761104524857,-8.36461110036442,-8.641420165324039,-8.907700990920954,-9.163129154986576,-9.407393457648691,-9.640196300480545,-9.861254049078656,-10.07029737862771,-10.267071602031296,-10.451336980208948,-10.622869014181267,-10.781458718587333
3.4748503092603715,3.049812937182135,2.621059837827621,2.1891133808040313,1.7544998263329872,1.3177486840835364,0.8793920680461538,0.4399640482338316,3.087726840317811e-15,-0.4399640482338255,-0.8793920680461585,-1.31774868408353,-1.7544998263329696,-2.1891133808040144,-2.621059837827604,-3.049812937182139,-3.474850309260366,-3.8956541114964156,-4.311711659277133,-4.722516050569276,-5.1275667835016305,-5.526370366149414,-5.918440917778131,-6.30330076081447,-6.680481002822816,-7.049522107778425,-7.40997445594136,-7.761398891648776,-8.103367258358569,-8.435462920292093,-8.757281270040686,-9.068430221517506,-9.368530687653998,-9.657217042259115,-9.934137565478476,-10.19895487231089,-10.451346323659967,-10.691004419420139,-10.91763717311824,-11.130968467653974,-11.330738391706126,-11.516703556394436,-11.688637391811463
3.7397661220556677,3.28232472940929,2.820884329683504,2.3560071169259187,1.8882594724114226,1.418211274593867,0.9464352047969193,0.47350604949010533,3.323129114600744e-15,-0.47350604949009856,-0.9464352047969246,-1.4182112745938606,-1.888259472411404,-2.3560071169259005,-2.8208843296834853,-3.282324729409295,-3.739766122055661,-4.192651185749113,-4.6404281498011475,-5.082551466955798,-5.518482478054996,-5.947690068311759,-6.3696513143916915,-6.7838521215146095,-7.189787849799783,-7.5869639290918816,-7.9748964615186075,-8.353112811045577,-8.721152179310682,-9.078566167035811,-9.424919320332314,-9.75978966123452,-10.082769201814855,-10.393464441254327,-10.691496845262586,-10.97650330726373,-11.248136590785704,-11.506065752514408,-11.749976545497239,-11.979571802004513,-12.194571795582624,-12.394714581857603,-12.579756317674002
3.9960412973201223,3.507252791178522,3.0141912377617612,2.517457356622353,2.0176563414784665,1.5153971228786223,1.0112916263135827,0.5059540266794259,3.5508533808986036e-15,-0.5059540266794188,-1.0112916263135883,-1.5153971228786154,-2.0176563414784465,-2.5174573566223333,-3.0141912377617412,-3.5072527911785274,-3.9960412973201156,-4.479961242683894,-4.958423045358602,-5.430843773339046,-5.89664785473903,-6.355267779036997,-6.806144788500151,-7.248729558944753,-7.682482869002981,-8.106876257081087,-8.521392665208518,-8.925527068993285,-9.318787092916532,-9.70069361021618,-10.070781326629069,-10.428599347280404,-10.773711726029658,-11.105697996603828,-11.424153684870761,-11.72869080162865,-12.01893831531109,-12.294542604031829,-12.555167886418669,-12.800496630711258,-13.030229941624675,-13.244087924507282,-13.441810026349227
4.247131798956677,3.727630359171578,3.2035873759912796,2.6756413150681415,2.144435397353529,1.6106168154321907,1.0748359450177503,0.537745552570104,3.773970583727716e-15,-0.5377455525700965,-1.0748359450177563,-1.6106168154321832,-2.1444353973535075,-2.67564131506812,-3.2035873759912588,-3.727630359171583,-4.24713179895667,-4.761458762865229,-5.269984622717747,-5.7720898180863704,-6.267162611133934,-6.754599831922235,-7.2338076132816695,-7.704202114346962,-8.165210231877296,-8.616270298494292,-9.056832766987291,-9.48636087985183,-9.904331323246147,-10.310234864568377,-10.70357697287806,-11.083878421405927,-11.450675871417896,-11.803522436721956,-12.141988228130112,-12.465660877212196,-12.77414603870327,-13.067067870952522,-13.34406949382853,-13.604813423522629,-13.848981983721025,-14.0762776926444,-14.286423625483636
4.4923385978696,3.942843908260784,3.38854547069831,2.8301186124452067,2.268243690609178,1.7036052632322969,1.136891255262441,0.5687921204227352,3.991859570891886e-15,-0.5687921204227272,-1.1368912552624473,-1.7036052632322887,-2.2682436906091548,-2.8301186124451845,-3.3885454706982885,-3.9428439082607896,-4.492338597869592,-5.036360064888604,-5.57424550296036,-6.105339581533439,-6.62899524428189,-7.144574497443631,-7.651449187117562,-8.149001764572382,-8.63662603863458,-9.113727914238941,-9.579726116241996,-10.034052897616068,-10.476154731161756,-10.905492983895467,-11.321544573290703,-11.72380260457364,-12.111776988296247,-12.484995037434851,-12.843002043286392,-13.185361829460991,-13.5116572832957,-13.821490864041946,-14.114485087207823,-14.390282984464683,-14.648548538558146,-14.888967092693298,-15.111245733895563
4.726769057892883,4.148599260640482,3.5653750342317307,2.9778069475476907,2.3866108617940456,1.7925070583345248,1.1962193611389695,0.5984742549153479,4.20017278129778e-15,-0.5984742549153396,-1.1962193611389762,-1.7925070583345164,-2.3866108617940216,-2.9778069475476676,-3.5653750342317068,-4.148599260640488,-4.726769057892876,-5.299180015151177,-5.865134737837139,-6.423943697299779,-6.974926070899929,-7.517410571487698,-8.050736265262426,-8.574253377018783,-9.08732408179774,-9.589323281977984,-10.079639368861175,-10.557674967822802,-11.022847666121296,-11.474590722478153,-11.912353757564858,-12.335603424555407,-12.743824058927169,-13.136518306718758,-13.513207730479115,-13.873433392169966,-14.216756412311065,-14.542758504687189,-14.851042485965582,-15.14123275960254,-15.412975773450036,-15.665940450504502,-15.899818592273157
4.954920369084211,4.348843518257002,3.737468271490801,3.121539495348643,2.501807604167685,1.879027645794967,1.2539583816778683,0.627361362430192,4.402906385488378e-15,-0.6273613624301831,-1.253958381677875,-1.8790276457949577,-2.50180760416766,-3.1215394953486184,-3.7374682714907768,-4.348843518257008,-4.954920369084204,-5.55496041268864,-6.1482325927062895,-6.734014098372338,-7.311591245154875,-7.880260344269495,-8.439328560015662,-8.988114753890358,-9.525950314450395,-10.052179971912418,-10.566162596498316,-11.067271979552926,-11.554897596483016,-12.02844535058733,-12.487338296871915,-12.931017344968764,-13.358941940301293,-13.770590722666837,-14.165462161433688,-14.543075166579005,-14.902969674822861,-15.24470721014442,-15.567871417997562,-15.87206857257462,-16.156928056500735,-16.422102812373986,-16.66726976560137
