hough_viz/data/file_3_2_1.json
{"header": {"discipline": 0, "disciplineName": "Meteorological products", "gribEdition": 2, "gribLength": 133963, "center": 7, "centerName": "US National Weather Service - NCEP(WMC)", "subcenter": 0, "refTime": "2014-11-30T06:00:00.000Z", "significanceOfRT": 1, "significanceOfRTName": "Start of forecast", "productStatus": 0, "productStatusName": "Operational products", "productType": 1, "productTypeName": "Forecast products", "productDefinitionTemplate": 0, "productDefinitionTemplateName": "Analysis/forecast at horizontal level/layer at a point in time", "parameterCategory": 2, "parameterCategoryName": "Momentum", "parameterNumber": 3, "parameterNumberName": "V-component_of_wind", "parameterUnit": "m.s-1", "genProcessType": 2, "genProcessTypeName": "Forecast", "forecastTime": 6, "surface1Type": 100, "surface1TypeName": "Isobaric surface", "surface1Value": 85000, "surface2Type": 255, "surface2TypeName": "Missing", "surface2Value": 0, "gridDefinitionTemplate": 0, "gridDefinitionTemplateName": "Latitude_Longitude", "numberPoints": 65160, "shape": 6, "shapeName": "Earth spherical with radius of 6,371,229.0 m", "gridUnits": "degrees", "resolution": 48, "winds": "true", "scanMode": 0, "nx": 360, "ny": 181, "basicAngle": 0, "subDivisions": 0, "lo1": 0, "la1": 90, "lo2": 359, "la2": -90, "dx": 1, "dy": 1}, "data":
[rows 19 to 37 of 181, columns 43 to 85 of 360]
8.49695237186075,8.12519977024394,7.7311765608326075,7.315962733855525,6.880696361551282,6.426570478791361,5.954829813054509,5.466767372715227,4.96372090299767,4.447069219309009,3.9182284280022075,3.378648044926976,2.829807022407546,2.2732096955371652,1.7103816589001912,1.1428655850233431,0.572216996017554,1.3389718329357774e-15,-0.5722169960175512,-1.1428655850233356,-1.7103816589001886,-2.2732096955371626,-2.8298070224075382,-3.3786480449269787,-3.91822842800221,-4.447069219309002,-4.963720902997665,-5.466767372715228,-5.954829813054511,-6.4265704787913585,-6.880696361551281,-7.315962733855523,-7.731176560832606,-8.125199770243938,-8.49695237186075,-8.8454154176422,-9.169633794601186,-9.468718842702595,-9.74185079061874,-9.988281002665541,-10.207334030760935,-10.398409465781107,-10.56098358324015
9.287773441880757,8.881421400685245,8.450726000770487,7.99686774829038,7.5210906371676725,7.024698739393086,6.509052630654645,5.975565661094283,5.425700081413339,4.86096303494503,4.282902426679329,3.6931026805630043,3.0931803967036746,2.4847799203813077,1.8695688350121171,1.2492333914182936,0.625473885931736,1.4635914719907904e-15,-0.6254738859317331,-1.2492333914182856,-1.8695688350121145,-2.484779920381306,-3.0931803967036666,-3.6931026805630065,-4.282902426679332,-4.860963034945023,-5.425700081413333,-5.975565661094284,-6.5090526306546455,-7.0246987393930835,-7.5210906371676725,-7.996867748290378,-8.450726000770485,-8.881421400685241,-9.287773441880757,-9.668668341657284,-10.023062093570232,-10.349983328979203,-10.648535979501968,-10.917901733075576,-11.15734227689287,-11.366201321066551,-11.543906397474158
10.087976875997517,9.646614904719215,9.17881223251506,8.685851073993005,8.169082601423238,7.629923241268934,7.069850791859772,6.490400372849433,5.893160217559311,5.279767319741405,4.651902946692208,4.011288031015942,3.3596784536678737,2.698860231206682,2.0306446204472337,1.3568631539315164,0.6793626198252682,1.5896896083589696e-15,-0.679362619825265,-1.3568631539315075,-2.030644620447231,-2.6988602312066794,-3.359678453667865,-4.011288031015944,-4.651902946692211,-5.279767319741397,-5.893160217559304,-6.490400372849434,-7.069850791859775,-7.629923241268931,-8.169082601423234,-8.685851073993003,-9.17881223251506,-9.646614904719211,-10.087976875997517,-10.501688403865371,-10.886615533781654,-11.241703207239201,-11.56597815360692,-11.858551557796888,-12.118621496444742,-12.345475135925897,-12.538490686182934
10.897795157429323,10.421002594124154,9.915646787063505,9.383112881387671,8.824860515516136,8.2424198203801,7.637387225439975,7.011421082983205,6.36623712269588,5.703603748966964,5.025337193814759,4.33329653872122,3.629378619018794,2.9155128247966466,2.1936558125765493,1.4657861422533258,0.7338988539997254,1.7173028773499303e-15,-0.733898853999722,-1.4657861422533165,-2.1936558125765466,-2.9155128247966435,-3.629378619018785,-4.333296538721222,-5.025337193814763,-5.703603748966955,-6.366237122695873,-7.011421082983206,-7.637387225439978,-8.242419820380098,-8.824860515516134,-9.38311288138767,-9.915646787063505,-10.42100259412415,-10.897795157429323,-11.344717621704424,-11.760545003540091,-12.14413754898651,-12.494443857539816,-12.810503763957746,-13.091450970005866,-13.336515418920802,-13.545025406082294
11.716647845131686,11.204029422898278,10.660701534799244,10.088153404809605,9.487954347556327,8.861749466936015,8.211255146999484,7.538254347462379,6.844591716736516,6.132168535876814,5.402937507302077,4.6588974025734124,3.902087583900282,3.1345824143904557,2.3584855723649456,1.5759242853219049,0.789043499353944,1.8463398115556846e-15,-0.7890434993539402,-1.5759242853218949,-2.3584855723649425,-3.1345824143904535,-3.902087583900272,-4.658897402573415,-5.402937507302081,-6.132168535876804,-6.844591716736507,-7.538254347462381,-8.211255146999486,-8.861749466936013,-9.487954347556327,-10.088153404809601,-10.660701534799243,-11.204029422898273,-11.716647845131686,-12.19715175003579,-12.644224109806672,-13.056639530181812,-13.433267609160616,-13.773076035357692,-14.075133417496627,-14.338611837288736,-14.562789118699522
12.536116491994832,11.987645261827172,11.406316729247857,10.793724275357027,10.151546973490023,9.48154498699405,8.785554744742841,8.065483907612718,7.323306139716744,6.561055698728574,5.780821860123573,4.98474319061998,4.175001686516149,3.3538167929903775,2.5234393207559753,1.6861452767454974,0.8442296257339735,1.975473810206481e-15,-0.8442296257339695,-1.6861452767454859,-2.523439320755972,-3.3538167929903744,-4.175001686516138,-4.984743190619983,-5.780821860123576,-6.561055698728564,-7.323306139716735,-8.065483907612721,-8.785554744742846,-9.481544986994047,-10.151546973490019,-10.793724275357025,-11.406316729247857,-11.987645261827172,-12.536116491994832,-13.050227098232698,-13.528567939104477,-13.96982791561439,-14.37279756483845,-14.736372374978194,-15.059555812750798,-15.341462054817553,-15.581318415763999
13.355914127580412,12.771575695798496,12.15223126277575,11.499578408552969,10.815406009238243,10.10158933382184,9.3600849041943,8.592925132455894,7.802212750216325,6.9901150451535745,6.158857920628991,5.310719794640936,4.448025354839377,3.5731391867186466,2.688459292452988,1.7964105181392291,0.8994379074622075,2.104659651754991e-15,-0.8994379074622033,-1.7964105181392174,-2.6884592924529835,-3.5731391867186426,-4.448025354839365,-5.310719794640939,-6.1588579206289955,-6.990115045153566,-7.802212750216316,-8.592925132455896,-9.360084904194304,-10.101589333821838,-10.815406009238242,-11.499578408552967,-12.152231262775748,-12.771575695798495,-13.355914127580412,-13.903644927096826,-14.413266802298585,-14.883382915049129,-15.31270470976079,-15.700055445236055,-16.04437342003339,-16.344714882517145,-16.60025661761512
14.167541816985997,13.547693629249702,12.890712154964278,12.198398134684515,11.472649153017842,10.715454437476803,9.928889406144744,9.115109979099094,8.276346669184257,7.414898468330991,6.533126546179294,5.633447778276586,4.718328121589775,3.7902758554886464,2.8518347067264758,1.9055768772617674,0.9540959940315012,2.2325580519559606e-15,-0.9540959940314967,-1.9055768772617547,-2.8518347067264713,-3.7902758554886424,-4.718328121589764,-5.63344777827659,-6.533126546179297,-7.414898468330979,-8.276346669184246,-9.115109979099095,-9.928889406144748,-10.715454437476799,-11.472649153017839,-12.198398134684513,-12.890712154964275,-13.547693629249698,-14.167541816985997,-14.748557757375679,-15.28914892611208,-15.787833600377715,-16.243244920143578,-16.654134634637444,-17.019376523712463,-17.33796948473835,-17.60904027655405
14.970511216773408,14.315532084396516,13.62131507363673,12.889762985066113,12.122880952109869,11.322770945115007,10.49162600999574,9.631724257247068,8.745422617802225,7.835150382848862,6.903402545310724,5.952732961245526,4.98574734990295,4.0050961516293295,3.013467263194923,2.0135786704556393,1.008170998542766,2.359092056381508e-15,-1.0081709985427612,-2.0135786704556264,-3.0134672631949186,-4.005096151629325,-4.985747349902937,-5.95273296124553,-6.903402545310728,-7.835150382848848,-8.745422617802214,-9.63172425724707,-10.491626009995745,-11.322770945115003,-12.122880952109865,-12.889762985066108,-13.62131507363673,-14.315532084396512,-14.970511216773408,-15.584457218492592,-16.155687306238235,-16.68263577804553,-17.163858304781,-17.598035888948232,-17.983978479968325,-18.320628236025847,-18.607062423539677
15.764461687344816,15.074746200087642,14.343711881328792,13.57336244532241,12.765809366326256,11.923266091197524,11.048041972488882,10.142535938673637,9.20922991884952,8.250682039943557,7.269519615063977,6.26843194221763,5.250162933131026,4.217503592379051,3.173284367435456,2.1203673906130107,1.0616386341578172,2.4842048345067335e-15,-1.0616386341578121,-2.120367390612997,-3.173284367435451,-4.217503592379046,-5.250162933131012,-6.268431942217633,-7.269519615063983,-8.250682039943545,-9.209229918849507,-10.14253593867364,-11.048041972488885,-11.923266091197519,-12.765809366326254,-13.573362445322406,-14.34371188132879,-15.074746200087635,-15.764461687344816,-16.410967880891263,-17.012492752188592,-17.567387563376034,-18.07413138634641,-18.531335271504272,-18.937746054780263,-19.29224979246669,-19.593874814459816
16.531932257162428,15.808638944761867,15.042015251858738,14.234162440707925,13.387294779711631,12.503733474263594,11.585900304486453,10.636310987300782,9.657568281019833,8.652354851369948,7.62342591849026,6.573601705065838,5.505759706293283,4.422826802866434,3.327771238599859,2.223594484678824,1.1133230128354326,2.605144841066746e-15,-1.1133230128354275,-2.2235944846788094,-3.327771238599854,-4.422826802866429,-5.5057597062932695,-6.573601705065842,-7.623425918490264,-8.652354851369935,-9.657568281019822,-10.636310987300789,-11.58590030448646,-12.503733474263589,-13.38729477971163,-14.234162440707921,-15.042015251858732,-15.80863894476186,-16.531932257162428,-17.209912692366622,-17.840721953127407,-18.42263103510804,-18.954044965962836,-19.433507177045442,-19.859703495762275,-20.2314657476283,-20.54777495815201
17.281282000910295,16.52520367282791,15.72383091013113,14.879360219859771,13.994106237477423,13.070495382616544,12.1110592084309,11.118427462784364,10.09532088029475,9.044543724989405,7.968976104012374,6.871566073450996,5.75532155791899,4.623302106044214,3.47861050445857,2.3243842732754563,1.1637870663652548,2.7232293207701803e-15,-1.163787066365249,-2.3243842732754407,-3.478610504458565,-4.623302106044209,-5.755321557918975,-6.8715660734510005,-7.968976104012381,-9.044543724989389,-10.09532088029474,-11.118427462784368,-12.111059208430905,-13.070495382616537,-13.994106237477421,-14.879360219859768,-15.723830910131127,-16.525203672827907,-17.281282000910295,-17.989993536235357,-18.64939574974673,-19.257681265811637,-19.813182816111983,-20.31437780951081,-20.759892505368853,-21.148505778872124,-21.479152468050113
18.012395463701434,17.22432998069868,16.389053806467338,15.508856374941631,14.5861502460996,13.623464493303876,12.623437771287408,11.58881108378425,10.522420270628823,9.42718823491607,8.306116931527223,7.162279138980176,5.998810037157105,4.818898613994347,3.6257789246881784,2.422721227374242,1.2130230195773497,2.8384400799359512e-15,-1.213023019577344,-2.422721227374226,-3.6257789246881735,-4.818898613994342,-5.998810037157089,-7.16227913898018,-8.306116931527226,-9.427188234916057,-10.522420270628814,-11.588811083784254,-12.62343777128741,-13.62346449330387,-14.586150246099598,-15.508856374941628,-16.389053806467334,-17.224329980698673,-18.012395463701434,-18.751090222764425,-19.43838954689913,-20.072409596431662,-20.651412566476473,-21.173811450138665,-21.638174388389604,-22.04322859469303,-22.38786384362444
18.698553465631935,17.880467686977934,17.01337278925,16.099645419291775,15.141790040311909,14.14243206732446,13.104310671068871,12.030271270133357,10.923257731860314,9.78630430341058,8.622527295102854,7.435116538823786,6.227326644920418,5.0024680815394795,3.763898100864345,2.51501153712009,1.2592315015688873,2.9465666407686368e-15,-1.259231501568881,-2.515011537120074,-3.7638981008643393,-5.002468081539474,-6.227326644920402,-7.4351165388237925,-8.62252729510286,-9.786304303410564,-10.923257731860302,-12.030271270133362,-13.104310671068877,-14.142432067324457,-15.141790040311905,-16.099645419291775,-17.01337278925,-17.880467686977926,-18.698553465631935,-19.465387808957146,-20.17886887732053,-20.837041068707144,-21.43810037888941,-21.98039934607723,-22.46245156649627,-22.882935768517413,-23.24069943417041
19.35715958367918,18.510258939752354,17.612622962703984,16.666712010353265,15.675118758871116,14.64056109643504,13.565874673686551,12.454005131409888,11.308000026735314,10.131000479996903,8.926232565140019,7.696998467276915,6.4466674316268096,5.178666528648963,3.896471260680796,2.6035960358274997,1.3035845352137312,3.050351504149167e-15,-1.3035845352137252,-2.603596035827483,-3.8964712606807894,-5.1786665286489555,-6.446667431626793,-7.69699846727692,-8.926232565140024,-10.131000479996887,-11.3080000267353,-12.454005131409893,-13.565874673686558,-14.640561096435034,-15.675118758871113,-16.66671201035326,-17.612622962703984,-18.510258939752347,-19.35715958367918,-20.1510035986868,-20.889615113509517,-21.570969645325434,-22.193199648723247,-22.754599634514296,-23.253630844359964,-23.688925468401315,-24.059290394330795
19.98825634018681,19.11374440095831,18.186843016906874,17.210092760298064,16.18617083569215,15.117883741912536,14.008159579627554,12.860040025630058,11.67667199581273,10.4612990196904,9.217252350111067,7.947941832523447,6.656846558827543,5.347505331425612,4.023506963610794,2.688480442879257,1.3460849841277616,3.149801370858939e-15,-1.3460849841277551,-2.6884804428792393,-4.023506963610788,-5.347505331425606,-6.656846558827527,-7.947941832523454,-9.217252350111075,-10.461299019690383,-11.676671995812718,-12.860040025630063,-14.00815957962756,-15.11788374191253,-16.186170835692145,-17.210092760298057,-18.18684301690687,-19.113744400958304,-19.98825634018681,-20.8079818581535,-21.570674144192093,-22.27424271176062,-22.91675912831986,-23.496462301032757,-24.011763303797586,-24.461249732383923,-24.843689575734413
20.557607961725022,19.658186156314084,18.704882629072465,17.700310318705014,16.647222688087478,15.548506177216145,14.407172291676472,13.226349348315594,12.009273900743256,10.759281868163376,9.479799391851357,8.174333444339064,6.846462217046788,5.499825312709328,4.138113769477916,2.765059944041125,1.3844272814946668,3.239521278763875e-15,-1.3844272814946603,-2.7650599440411074,-4.1381137694779095,-5.499825312709323,-6.84646221704677,-8.174333444339068,-9.479799391851362,-10.759281868163358,-12.00927390074324,-13.2263493483156,-14.407172291676478,-15.548506177216138,-16.64722268808747,-17.700310318705007,-18.704882629072465,-19.65818615631408,-20.557607961725022,-21.400682792654653,-22.185099839592862,-22.90870906993812,-23.56952712108753,-24.165742736695776,-24.695721731202916,-25.15801146902341,-25.551344846119243
21.089874744449382,20.167165582281303,19.189179621054688,18.15859745231029,17.078243830137744,15.95107992872095,14.780195225965507,13.568799035454472,12.320211709942917,11.037855540501825,9.725245376256133,8.385978990427658,7.023727219088672,5.642223899655442,4.245255636699446,2.8366514231273574,1.420272145177687,3.323397261408604e-15,-1.42027214517768,-2.836651423127338,-4.245255636699439,-5.642223899655436,-7.023727219088652,-8.385978990427661,-9.725245376256142,-11.037855540501807,-12.320211709942901,-13.568799035454477,-14.78019522596551,-15.951079928720947,-17.078243830137737,-18.158597452310286,-19.189179621054688,-20.167165582281296,-21.089874744449382,-21.954778025882128,-22.759504786803852,-23.50184932709872,-24.179776931981536,-24.79142944900948,-25.335130381148815,-25.809389481936744,-26.21290684014335
21.585962606976114,20.641548962370827,19.640558266836166,18.58573416629057,17.479967860273725,16.326290177369525,15.127863267915671,13.887971936769354,12.610014639885446,11.297494169384981,9.954008052645413,8.58323869172817,7.188943270170508,5.774943454806616,4.345114920844509,2.9033767289096026,1.4536805831719852,3.401572075802572e-15,-1.453680583171978,-2.9033767289095844,-4.3451149208445035,-5.774943454806609,-7.1889432701704905,-8.583238691728177,-9.95400805264542,-11.297494169384963,-12.610014639885431,-13.88797193676936,-15.127863267915675,-16.326290177369522,-17.479967860273725,-18.58573416629057,-19.640558266836166,-20.641548962370816,-21.585962606976114,-22.47121062849752,-23.294866623640935,-24.05467300857526,-24.748547206812912,-25.374587357407123,-25.9310775278206,-26.41649241717744,-26.829501537006664
