hough_viz/data/file_5_2_2.json
{"header": {"discipline": 0, "disciplineName": "Meteorological products", "gribEdition": 2, "gribLength": 133963, "center": 7, "centerName": "US National Weather Service - NCEP(WMC)", "subcenter": 0, "refTime": "2014-11-30T06:00:00.000Z", "significanceOfRT": 1, "significanceOfRTName": "Start of forecast", "productStatus": 0, "productStatusName": "Operational products", "productType": 1, "productTypeName": "Forecast products", "productDefinitionTemplate": 0, "productDefinitionTemplateName": "Analysis/forecast at horizontal level/layer at a point in time", "parameterCategory": 2, "parameterCategoryName": "Momentum", "parameterNumber": 3, "parameterNumberName": "V-component_of_wind", "parameterUnit": "m.s-1", "genProcessType": 2, "genProcessTypeName": "Forecast", "forecastTime": 6, "surface1Type": 100, "surface1TypeName": "Isobaric surface", "surface1Value": 85000, "surface2Type": 255, "surface2TypeName": "Missing", "surface2Value": 0, "gridDefinitionTemplate": 0, "gridDefinitionTemplateName": "Latitude_Longitude", "numberPoints": 65160, "shape": 6, "shapeName": "Earth spherical with radius of 6,371,229.0 m", "gridUnits": "degrees", "resolution": 48, "winds": "true", "scanMode": 0, "nx": 360, "ny": 181, "basicAngle": 0, "subDivisions": 0, "lo1": 0, "la1": 90, "lo2": 359, "la2": -90, "dx": 1, "dy": 1}, "data":
[rows 40 to 59 of 181, columns 270 to 314 of 360]
-5.658515652630557,-5.636983292219714,-5.572550085251507,-5.4657064073368,-5.3172654033785,-5.128356799047857,-4.9004183028899435,-4.635184664493585,-4.334674471999396,-4.0011747894252965,-3.63722375072828,-3.2455912430724414,-2.8292578263152808,-2.391392049147277,-1.935326334523246,-1.464531617911521,-0.9825909313790819,-0.4931721345542609,-5.5437464655353676e-15,0.4931721345542498,0.9825909313790906,1.4645316179114913,1.9353263345232545,2.3913920491472664,2.8292578263152706,3.245591243072433,3.637223750728256,4.001174789425289,4.334674471999402,4.63518466449358,4.900418302889939,5.128356799047836,5.317265403378489,5.465706407336796,5.572550085251508,5.636983292219713,5.658515652630557,5.636983292219714,5.572550085251508,5.4657064073368,5.317265403378492,5.128356799047849,4.900418302889953,4.635184664493585,4.334674471999397
-5.442400967349723,-5.421690988563181,-5.359718667647147,-5.2569556513837075,-5.11418402837663,-4.932490376884862,-4.7132574953058635,-4.458153878244917,-4.169121018263605,-3.848358629949222,-3.4983079087584534,-3.1216329520459336,-2.721200483674864,-2.3000580365172527,-1.861410758888713,-1.4085970214345034,-0.9450630101130033,-0.47433649863993366,-5.332015139473037e-15,0.47433649863992283,0.9450630101130121,1.4085970214344745,1.8614107588887217,2.3000580365172425,2.7212004836748536,3.121632952045925,3.498307908758431,3.8483586299492143,4.169121018263612,4.458153878244912,4.713257495305858,4.932490376884841,5.11418402837662,5.256955651383705,5.359718667647149,5.4216909885631805,5.442400967349723,5.421690988563181,5.359718667647148,5.2569556513837075,5.114184028376624,4.9324903768848545,4.713257495305873,4.458153878244917,4.169121018263606
-5.158663239156333,-5.139032968088329,-5.080291553100226,-4.982886051829124,-4.847557778954743,-4.675336664347103,-4.467533414678302,-4.225729538153386,-3.9517653082778557,-3.64772575826521,-3.315924812675134,-2.9588876770504267,-2.5793316195781677,-2.1801452910379058,-1.76436674042511,-1.3351602935639306,-0.895792470676867,-0.4496071261937057,-5.054032338969535e-15,0.4496071261936956,0.8957924706768753,1.3351602935639033,1.764366740425118,2.1801452910378964,2.579331619578159,2.958887677050419,3.315924812675112,3.6477257582652025,3.9517653082778614,4.225729538153382,4.467533414678297,4.675336664347084,4.847557778954732,4.982886051829121,5.080291553100228,5.139032968088329,5.158663239156333,5.139032968088329,5.080291553100227,4.982886051829124,4.847557778954736,4.675336664347095,4.467533414678312,4.225729538153387,3.9517653082778565
-4.8119799400884435,-4.793668903639943,-4.73887515233832,-4.648015699716353,-4.521782041070933,-4.361134890766319,-4.167296870617713,-3.941743205001073,-3.686190493504745,-3.4025836465701818,-3.0930810835490417,-2.760038305828644,-2.4059899700442235,-2.033630597811303,-1.6457940687892951,-1.2454320531461875,-0.8355915475661697,-0.41939168576523567,-4.714380664952469e-15,0.41939168576522623,0.8355915475661776,1.2454320531461618,1.6457940687893022,2.0336305978112943,2.405989970044215,2.7600383058286364,3.093081083549021,3.402583646570175,3.6861904935047494,3.941743205001069,4.167296870617709,4.3611348907663015,4.5217820410709235,4.648015699716351,4.738875152338322,4.793668903639943,4.8119799400884435,4.793668903639943,4.73887515233832,4.648015699716353,4.521782041070927,4.361134890766312,4.167296870617722,3.9417432050010737,3.686190493504745
-4.34160625299926,-4.325085130439835,-4.2756474984799535,-4.193669607350099,-4.079775358301368,-3.9348315553402515,-3.759941308326728,-3.556435637642218,-3.325863344320691,-3.069979222737701,-2.7907307055655393,-2.4902430426347286,-2.170803126499632,-1.8348420878051082,-1.4849167929144294,-1.1236903846124122,-0.7539120139806595,-0.3783959176980239,-4.2535473607149434e-15,0.3783959176980153,0.7539120139806663,1.123690384612389,1.4849167929144358,1.8348420878051,2.1708031264996244,2.490243042634722,2.7907307055655215,3.0699792227376945,3.3258633443206964,3.556435637642214,3.759941308326724,3.934831555340235,4.07977535830136,4.193669607350096,4.275647498479955,4.325085130439834,4.34160625299926,4.325085130439835,4.275647498479954,4.193669607350099,4.0797753583013625,3.934831555340245,3.7599413083267357,3.556435637642219,3.325863344320692
-3.795818703546546,-3.7813744673905525,-3.7381516882813863,-3.6664793176666994,-3.566902825563827,-3.4401800492036037,-3.2872754254314214,-3.109352650760547,-2.9077658249389153,-2.6840491454324975,-2.4399052312561538,-2.177192165014871,-1.8979093517732744,-1.6041823023756845,-1.2982464570252457,-0.9824301722342145,-0.6591370006248976,-0.3308273984430487,-3.718829780353547e-15,0.3308273984430413,0.6591370006249034,0.9824301722341943,1.2982464570252517,1.6041823023756776,1.897909351773268,2.177192165014865,2.439905231256138,2.684049145432492,2.9077658249389193,3.109352650760543,3.2872754254314183,3.4401800492035894,3.5669028255638193,3.6664793176666968,3.738151688281387,3.7813744673905525,3.795818703546546,3.7813744673905525,3.7381516882813863,3.6664793176666994,3.5669028255638224,3.440180049203598,3.287275425431429,3.109352650760547,2.9077658249389153
-3.181769535988479,-3.169661942301557,-3.133431307339509,-3.073353368111058,-2.9898853540097807,-2.883662507022354,-2.755493247153448,-2.606353019861402,-2.4373768723292235,-2.249850815070232,-2.0452020346114925,-1.8249880317425893,-1.5908847679942406,-1.3446739105589696,-1.0882292727280278,-0.8235025530408362,-0.5525084816805452,-0.2773094871609448,-3.1172351022982802e-15,0.27730948716093856,0.5525084816805503,0.8235025530408193,1.0882292727280325,1.3446739105589638,1.5908847679942353,1.8249880317425848,2.045202034611479,2.249850815070228,2.4373768723292266,2.606353019861399,2.7554932471534452,2.8836625070223416,2.9898853540097745,3.0733533681110567,3.13343130733951,3.169661942301556,3.181769535988479,3.169661942301557,3.133431307339509,3.073353368111058,2.989885354009777,2.883662507022349,2.7554932471534546,2.6063530198614027,2.437376872329224
-2.4412135536429984,-2.431923999048865,-2.4041260343861084,-2.3580312189506873,-2.293990362120873,-2.2124908534860674,-2.114152953517722,-1.9997250730126588,-1.8700780772349526,-1.7261986581054771,-1.5691818248805725,-1.4002225704704214,-1.2206067768215,-1.0317014285784447,-0.8349442095055447,-0.6318325608452181,-0.4239122848859112,-0.21276578047340344,-2.3916994916032268e-15,0.21276578047339864,0.4239122848859149,0.631832560845205,0.8349442095055484,1.0317014285784405,1.220606776821496,1.4002225704704176,1.569181824880562,1.7261986581054738,1.870078077234955,1.9997250730126566,2.1141529535177197,2.2124908534860577,2.2939903621208684,2.358031218950686,2.4041260343861093,2.4319239990488644,2.4412135536429984,2.431923999048865,2.4041260343861084,2.3580312189506873,2.29399036212087,2.2124908534860634,2.1141529535177264,1.999725073012659,1.8700780772349526
-1.6248970382328531,-1.618713814432549,-1.6002112010982883,-1.569530014289729,-1.5269037563642922,-1.4726568388832275,-1.4072021136437447,-1.3310377306275711,-1.244743346778763,-1.1489757144643893,-1.0444636831924377,-0.9320026526269675,-0.8124485191164271,-0.6867111618055828,-0.555747517905856,-0.4205542998253451,-0.282160409585523,-0.1416191082556528,-1.5919399654527026e-15,0.1416191082556496,0.2821604095855255,0.42055429982533643,0.5557475179058583,0.6867111618055797,0.8124485191164244,0.9320026526269649,1.044463683192431,1.1489757144643873,1.2447433467787645,1.3310377306275698,1.4072021136437436,1.4726568388832213,1.5269037563642889,1.5695300142897282,1.6002112010982885,1.618713814432549,1.6248970382328531,1.618713814432549,1.6002112010982883,1.569530014289729,1.5269037563642902,1.472656838883225,1.407202113643748,1.3310377306275714,1.2447433467787632
-0.7420924737540688,-0.7392685878475913,-0.7308184216050154,-0.7168062858937978,-0.6973388215274595,-0.672564187664605,-0.6426709342282602,-0.6078865669271211,-0.5684758157997205,-0.524738620459003,-0.47700784737075086,-0.4256467565387901,-0.3710462368770347,-0.31362183130880167,-0.25381057423426706,-0.19206766543479728,-0.12886300572773637,-0.06467762073748222,-7.270409381234092e-16,0.06467762073748078,0.12886300572773754,0.19206766543479337,0.2538105742342682,0.31362183130880034,0.3710462368770333,0.4256467565387889,0.47700784737074775,0.524738620459002,0.5684758157997211,0.6078865669271204,0.6426709342282596,0.672564187664602,0.6973388215274583,0.7168062858937974,0.7308184216050155,0.7392685878475911,0.7420924737540688,0.7392685878475913,0.7308184216050154,0.7168062858937978,0.6973388215274587,0.6725641876646038,0.6426709342282616,0.6078865669271211,0.5684758157997206
0.2563382109708157,0.2553627666874499,0.2524438575573382,0.24760369824144668,0.2408791252747371,0.23232131671789433,0.2219954026613812,0.20997996954612677,0.19636646207325353,0.1812584872546919,0.1647710259012551,0.14702955754924274,0.12816910548540794,0.10833320913820735,0.08767283165608401,0.06634521098675564,0.044512663201482575,0.022341347171767112,2.511390156516547e-16,-0.022341347171766602,-0.04451266320148297,-0.06634521098675425,-0.08767283165608442,-0.10833320913820683,-0.1281691054854075,-0.14702955754924235,-0.16477102590125406,-0.1812584872546916,-0.1963664620732538,-0.20997996954612647,-0.22199540266138099,-0.23232131671789338,-0.24087912527473662,-0.24760369824144657,-0.25244385755733845,-0.2553627666874499,-0.2563382109708157,-0.2553627666874499,-0.25244385755733834,-0.24760369824144668,-0.24087912527473687,-0.232321316717894,-0.2219954026613817,-0.20997996954612677,-0.19636646207325362
1.3217009039970256,1.3166714330249039,1.3016212974195145,1.276665037800336,1.2419925863720704,1.1978678214258867,1.1446265590662814,1.0826739974477733,1.0124816329722512,0.9345836719166883,0.8495729648007899,0.7580964944365683,0.6608504519985133,0.5585749385883366,0.4520483326187293,0.34208136588365173,0.2295109533998143,0.11519382397811083,1.2948934252080964e-15,-0.11519382397810823,-0.22951095339981645,-0.3420813658836447,-0.4520483326187313,-0.5585749385883342,-0.6608504519985108,-0.7580964944365663,-0.8495729648007844,-0.9345836719166868,-1.0124816329722524,-1.0826739974477717,-1.1446265590662803,-1.1978678214258816,-1.241992586372068,-1.2766650378003352,-1.3016212974195152,-1.3166714330249039,-1.3217009039970256,-1.3166714330249039,-1.3016212974195147,-1.276665037800336,-1.241992586372069,-1.1978678214258847,-1.1446265590662839,-1.0826739974477733,-1.0124816329722512
2.443655160357505,2.434356314712681,2.4065305476083614,2.3603896299338696,2.2962847219333558,2.2147037006643053,2.116267446958535,2.001725120144197,1.8719484564908822,1.727925134770295,1.5707512594243844,1.4016230185486989,1.2218275801787533,1.032733296163984,0.8357792881839852,0.6324644951635825,0.4243362654424645,0.2129785805201039,2.3940915762813846e-15,-0.21297858052009913,-0.4243362654424684,-0.6324644951635695,-0.8357792881839888,-1.0327332961639795,-1.221827580178749,-1.4016230185486949,-1.570751259424374,-1.727925134770292,-1.8719484564908844,-2.001725120144194,-2.1162674469585325,-2.2147037006642964,-2.296284721933351,-2.3603896299338682,-2.4065305476083623,-2.434356314712681,-2.443655160357505,-2.434356314712681,-2.4065305476083614,-2.3603896299338696,-2.296284721933353,-2.2147037006643018,-2.1162674469585396,-2.001725120144197,-1.8719484564908822
3.6560422746994408,3.6421299300548684,3.600498777464397,3.5314656551368224,3.4355559468163945,3.3134995832952976,3.1662254871995597,2.9948545033270255,2.8006908683415745,2.585212284744669,2.3500586746670016,2.097019699070873,1.828021137349721,1.545110230983998,1.2504401027974086,0.9462533703921658,0.6348650784748067,0.31864507996826413,3.581888375406462e-15,-0.318645079968257,-0.6348650784748123,-0.9462533703921461,-1.250440102797414,-1.5451102309839913,-1.8280211373497148,-2.097019699070867,-2.350058674666986,-2.585212284744664,-2.8006908683415777,-2.994854503327022,-3.1662254871995565,-3.313499583295284,-3.435555946816388,-3.531465655136821,-3.600498777464398,-3.642129930054867,-3.6560422746994408,-3.6421299300548684,-3.6004987774643973,-3.5314656551368224,-3.435555946816391,-3.3134995832952923,-3.1662254871995668,-2.9948545033270264,-2.8006908683415745
4.916548566954974,4.897839615311115,4.84185514679832,4.74902123702632,4.620044408103127,4.455906251575185,4.257855957922984,4.027400809467284,3.7662947090404324,3.4765248317268713,3.1602965012607815,2.82001640618087,2.4582742834774884,2.077823209130248,1.681558645537554,1.2724964052994647,0.8537496990626756,0.4285054421078908,4.816828372299132e-15,-0.42850544210788116,-0.8537496990626835,-1.2724964052994387,-1.6815586455375615,-2.077823209130239,-2.4582742834774804,-2.8200164061808626,-3.1602965012607616,-3.4765248317268647,-3.7662947090404373,-4.027400809467279,-4.257855957922978,-4.4559062515751675,-4.620044408103118,-4.749021237026318,-4.84185514679832,-4.8978396153111134,-4.916548566954974,-4.897839615311115,-4.84185514679832,-4.74902123702632,-4.620044408103121,-4.455906251575179,-4.257855957922993,-4.027400809467285,-3.766294709040433
6.215521583681026,6.191869647537847,6.1210938446237915,6.003732821534634,5.840679766520609,5.633175611784496,5.382799589238253,5.09145721159467,4.76136577026492,4.395037460432209,3.995260261729437,3.565076720030765,3.107760791840515,2.626792927507087,2.1258335828943755,1.608695361102445,1.079313996255666,0.5417184001898148,6.089454889989005e-15,-0.5417184001898027,-1.079313996255676,-1.6086953611024122,-2.125833582894385,-2.6267929275070756,-3.107760791840504,-3.5650767200307554,-3.9952602617294106,-4.395037460432202,-4.761365770264925,-5.091457211594664,-5.382799589238247,-5.633175611784474,-5.840679766520598,-6.003732821534633,-6.121093844623792,-6.191869647537846,-6.215521583681026,-6.191869647537847,-6.121093844623792,-6.003732821534634,-5.840679766520602,-5.6331756117844884,-5.382799589238264,-5.091457211594671,-4.76136577026492
7.566560788477626,7.537767740270309,7.451607728130929,7.308736481776716,7.110241337660437,6.857632963683462,6.552833862100834,6.198163738118379,5.796321845535238,5.350366443792768,4.8636915227734505,4.340000972488548,3.7832803942388145,3.1977667677817654,2.5879162053575064,1.9583700379839737,1.3139194921251705,0.6594692255650667,7.413091560130398e-15,-0.6594692255650519,-1.3139194921251824,-1.9583700379839333,-2.587916205357518,-3.197766767781752,-3.783280394238801,-4.340000972488536,-4.863691522773418,-5.350366443792757,-5.796321845535244,-6.198163738118371,-6.552833862100829,-6.8576329636834314,-7.110241337660423,-7.308736481776712,-7.4516077281309325,-7.537767740270307,-7.566560788477626,-7.537767740270309,-7.451607728130931,-7.308736481776716,-7.110241337660429,-6.857632963683449,-6.552833862100849,-6.198163738118379,-5.796321845535238
8.937312246762165,8.903303075414895,8.801534391702337,8.632780716757157,8.398326367941943,8.099955684418585,7.739939447249811,7.3210175973842775,6.846378383051346,6.3196340952671175,5.744793576118512,5.126231709054392,4.468656123381085,3.777071366360509,3.056740815583855,2.3131466214900693,1.5519479848905644,0.7789380870342902,8.75604066878218e-15,-0.7789380870342726,-1.5519479848905786,-2.313146621490022,-3.0567408155838685,-3.7770713663604942,-4.46865612338107,-5.126231709054379,-5.744793576118473,-6.319634095267104,-6.846378383051354,-7.3210175973842695,-7.739939447249805,-8.099955684418553,-8.398326367941928,-8.632780716757152,-8.80153439170234,-8.903303075414895,-8.937312246762165,-8.903303075414895,-8.801534391702337,-8.632780716757157,-8.398326367941934,-8.099955684418573,-7.739939447249828,-7.321017597384279,-6.846378383051346
10.321137717911478,10.281862672858153,10.164336444505949,9.969453478416916,9.698696951636535,9.354127484820872,8.938367459669086,8.454581061015416,7.906450195471779,7.298146469895467,6.634299442941931,5.91996139132802,5.160568858955742,4.36190128153014,3.5300370015640543,2.671307008521483,1.7922467561647204,0.8995464238054353,1.0111798615839448e-14,-0.899546423805415,-1.7922467561647362,-2.671307008521428,-3.5300370015640703,-4.361901281530121,-5.160568858955725,-5.9199613913280045,-6.634299442941888,-7.298146469895453,-7.9064501954717885,-8.454581061015407,-8.938367459669076,-9.354127484820834,-9.698696951636517,-9.969453478416911,-10.164336444505953,-10.28186267285815,-10.321137717911478,-10.281862672858153,-10.164336444505949,-9.969453478416916,-9.698696951636524,-9.354127484820857,-8.938367459669104,-8.454581061015418,-7.906450195471779
11.70840835507069,11.66385432641452,11.530531323506528,11.309454014901492,11.002304932408014,10.611421666005564,10.139779073373186,9.590966639426478,8.969161158169715,8.27909494477173,7.526019819789827,6.715667139644244,5.8542041775353475,4.948187186770281,4.004511503716741,3.0303590701297995,2.0331437742382548,1.020455026579062,1.1470931852117956e-14,-1.020455026579039,-2.0331437742382734,-3.030359070129737,-4.004511503716759,-4.9481871867702605,-5.854204177535329,-6.715667139644228,-7.526019819789776,-8.279094944771716,-8.969161158169728,-9.590966639426465,-10.139779073373179,-10.61142166600552,-11.002304932407993,-11.309454014901485,-11.53053132350653,-11.663854326414514,-11.70840835507069,-11.66385432641452,-11.530531323506528,-11.309454014901492,-11.002304932408002,-10.611421666005546,-10.139779073373209,-9.59096663942648,-8.969161158169715
