hough_viz/data/file_1_3_2.json
{"header": {"discipline": 0, "disciplineName": "Meteorological products", "gribEdition": 2, "gribLength": 133963, "center": 7, "centerName": "US National Weather Service - NCEP(WMC)", "subcenter": 0, "refTime": "2014-11-30T06:00:00.000Z", "significanceOfRT": 1, "significanceOfRTName": "Start of forecast", "productStatus": 0, "productStatusName": "Operational products", "productType": 1, "productTypeName": "Forecast products", "productDefinitionTemplate": 0, "productDefinitionTemplateName": "Analysis/forecast at horizontal level/layer at a point in time", "parameterCategory": 2, "parameterCategoryName": "Momentum", "parameterNumber": 2, "parameterNumberName": "U-component_of_wind", "parameterUnit": "m.s-1", "genProcessType": 2, "genProcessTypeName": "Forecast", "forecastTime": 6, "surface1Type": 100, "surface1TypeName": "Isobaric surface", "surface1Value": 85000, "surface2Type": 255, "surface2TypeName": "Missing", "surface2Value": 0, "gridDefinitionTemplate": 0, "gridDefinitionTemplateName": "Latitude_Longitude", "numberPoints": 65160, "shape": 6, "shapeName": "Earth spherical with radius of 6,371,229.0 m", "gridUnits": "degrees", "resolution": 48, "winds": "true", "scanMode": 0, "nx": 360, "ny": 181, "basicAngle": 0, "subDivisions": 0, "lo1": 0, "la1": 90, "lo2": 359, "la2": -90, "dx": 1, "dy": 1}, "data":
[rows 80 to 99 of 181, columns 132 to 175 of 360]
-3.750475039559444,-3.8225987604325833,-3.8935580806929493,-3.9633313854441945,-4.031897421061779,-4.09923530166704,-4.165324515489229,-4.230144931113598,-4.293676803613613,-4.355900780565466,-4.4167979079430015,-4.476349635891296,-4.534537824377124,-4.591344748714593,-4.646753104964248,-4.7007460152040235,-4.753307032670418,-4.804420146768343,-4.854069787948099,-4.9022408324480145,-4.948918606901294,-4.994088892805661,-5.037737930854453,-5.079852425127845,-5.120419547142906,-5.159426939761289,-5.196862720953332,-5.232715487417432,-5.26697431805361,-5.2996287772901844,-5.33066891826254,-5.360085285843043,-5.387868919521165,-5.414011356132944,-5.4385046324389394,-5.461341287549915,-5.482514365199503,-5.5020174158631425,-5.519844498722669,-5.535990183475952,-5.550449551991005,-5.56321819980411,-5.574292237461451,-5.58366829170388
-3.5021905942628098,-3.569539667167136,-3.6358014237099363,-3.7009556799182772,-3.764982589174552,-3.8278626482619567,-3.8895767033053636,-3.950105955605769,-4.0094319673665595,-4.067536667309851,-4.124402356181169,-4.1800117121408125,-4.234347796040253,-4.287394056581971,-4.339134335361136,-4.389552871787614,-4.438634307886788,-4.486363692977766,-4.532726488227482,-4.577708571079374,-4.621296239555259,-4.663476216429073,-4.7042356532712555,-4.743562134362496,-4.781443680475691,-4.817868752524929,-4.852826255080406,-4.886305539748201,-4.918296408413885,-4.948789116348958,-4.9777743751791945,-5.005243355713969,-5.0311876906357105,-5.055599477048676,-5.078471278886241,-5.099796129176,-5.119567532161979,-5.137779465283296,-5.154426381008701,-5.1695032085264,-5.183005355288681,-5.194928708410841,-5.205269635924014,-5.214024987881506
-3.2238889273622675,-3.2858861044319734,-3.3468823687631764,-3.4068591403028785,-3.4657981495454586,-3.523681443097745,-3.580491389147795,-3.6362106828357135,-3.690822351524875,-3.744309759971963,-3.7966566153942214,-3.8478469724323934,-3.897865238007829,-3.946696176072301,-3.994324912249035,-4.040736938363606,-4.085918116863253,-4.129854685123325,-4.1725332596395095,-4.213940840104569,-4.25406481336837,-4.29289295727997,-4.3304134444105955,-4.366614845656394,-4.4014861337198585,-4.435016686468838,-4.467196290172148,-4.498015142610771,-4.527463856063702,-4.555533460167549,-4.582215404648986,-4.607501561929248,-4.631384229599878,-4.6538561327689445,-4.674910426277054,-4.694540696782445,-4.712740964714559,-4.729505686095474,-4.744829754228655,-4.758708501254497,-4.771137699572216,-4.782113563127594,-4.79163274856627,-4.799692356252145
-2.902375220616686,-2.9581895102927644,-3.0131027067873832,-3.0670980830089345,-3.120159191442755,-3.1722698691611995,-3.2234142427470296,-3.273576733128606,-3.322742060325419,-3.370895248102533,-3.4180216285324794,-3.4641068464632565,-3.5091368638910434,-3.5530979642363167,-3.595976756522052,-3.6377601794527408,-3.678435505392994,-3.717990344244499,-3.756412647220168,-3.793690710514306,-3.8298131788677137,-3.864769049026605,-3.898547673094306,-3.9311387617747013,-3.962532387506464,-3.9927189874870797,-4.021689366585769,-4.049434700144418,-4.075946536665647,-4.101216800387227,-4.125237793742029,-4.148002199702782,-4.169503084010906,-4.189733897288758,-4.208688477034632,-4.226361049499919,-4.242746231447851,-4.257839031793278,-4.271634853123007,-4.28412949309622,-4.29531914572454,-4.305200402531382,-4.313770253590201,-4.321026088441345
-2.5471621890450584,-2.596145534568905,-2.6443380690134948,-2.6917251124659867,-2.7382922303738946,-2.784025237941997,-2.8289102044531638,-2.8729334575117873,-2.9160815872085197,-2.958341450205073,-2.9997001737377964,-3.040145159538852,-3.0796640876737627,-3.118244920294193,-3.155875905304785,-3.1925455799429656,-3.228242774270611,-3.262956614576523,-3.2966765266886657,-3.3293922391951556,-3.36109378657304,-3.391771512223888,-3.4214160714152846,-3.450018434127326,-3.4775698878032526,-3.5040620400033786,-3.529486820961509,-3.553836486043067,-3.5771036181041898,-3.599281129751058,-3.620362265498783,-3.640340603829202,-3.659210059146922,-3.676964883633063,-3.6935996689960904,-3.7091093481192385,-3.723489196604,-3.7367348342092264,-3.7488422261853898,-3.759807684503606,-3.769627868979048,-3.7782997882883933,-3.785820800881015,-3.7921886157836187
-2.17045300506246,-2.2121920234679204,-2.2532571867530478,-2.293635986071298,-2.333316121649241,-2.3722855065331867,-2.410532270270997,-2.448044762527934,-2.4848115566354614,-2.5208214530719277,-2.5560634828740434,-2.5905269109781326,-2.624201239490139,-2.657076210883389,-2.689141811123129,-2.7203882727169,-2.7508060776898073,-2.780385960483793,-2.809118910780013,-2.836996176243463,-2.8640092651890297,-2.89014994916814,-2.915410265475222,-2.939782519573227,-2.9632592874374564,-2.9858334178169956,-3.0074980344130506,-3.0282465379735353,-3.0480726083032703,-3.0669702061891737,-3.084933575239864,-3.1019572436391143,-3.1180360258126165,-3.133165024007564,-3.1473396297845477,-3.1605555254213358,-3.17280868522809,-3.1840953767736377,-3.194412162022395,-3.203755898381634,-3.2121237396587463,-3.2195131369282173,-3.2259218393080555,-3.231347894645434
-1.7649361418587857,-1.7988768454527737,-1.8322695937335263,-1.8651042149464339,-1.8973707073477988,-1.9290592422514619,-1.9601601670227182,-1.9906640080186029,-2.0205614734736486,-2.0498434563302568,-2.078501037012787,-2.1065254861445517,-2.1339082672068654,-2.160641039139355,-2.186715658880723,-2.212124183849206,-2.2368588743619595,-2.2609121959926433,-2.284276821866481,-2.306945634892091,-2.328911729929428,-2.3501684158931555,-2.370709217790809,-2.390527878695147,-2.409618361650071,-2.4279748515095387,-2.4455917567089167,-2.462463710968222,-2.4785855749267447,-2.493952437708547,-2.508559618418363,-2.522402667567447,-2.5354773684289253,-2.5477797383222605,-2.5593060298264065,-2.5700527319213124,-2.5800165710574157,-2.5891945121527926,-2.597583759517678,-2.6051817577060543,-2.6119861922940717,-2.6179949905850384,-2.6232063222407853,-2.6276185998392076
-1.3394327935523591,-1.3651908311106753,-1.390533018316935,-1.4154516356954197,-1.439939092793884,-1.4639879304956793,-1.487590823291876,-1.510740581512683,-1.533430153517488,-1.5556526278428597,-1.5774012353078464,-1.598669351075929,-1.6194504966730154,-1.639738341960846,-1.659526707065214,-1.6788095642584138,-1.6975810397953461,-1.7158354157027205,-1.7335671315208017,-1.7507707859971786,-1.7674411387320437,-1.7835731117744642,-1.7991617911691782,-1.8142024284534295,-1.8286904421034005,-1.8426214189297851,-1.855991115422089,-1.8687954590412459,-1.8810305494601505,-1.8926926597517373,-1.9037782375242382,-1.9142839060032761,-1.9242064650604596,-1.9335428921881799,-1.9422903434202892,-1.9504461541984033,-1.9580078401835528,-1.9649730980129334,-1.9713398060015384,-1.9771060247884376,-1.9822699979275304,-1.9868301524225735,-1.9907850992063327,-1.9941336335637059
-0.9027180780127394,-0.9200778487081807,-0.937157354777911,-0.9539513936389294,-0.970454849664311,-0.9866626957414768,-1.0025699948035036,-1.0181719013330002,-1.0334636628380978,-1.0484406213001074,-1.063098214592397,-1.077431977870058,-1.091437544929942,-1.1051106495406469,-1.118447126742055,-1.131442914114017,-1.144094053013806,-1.1563966897819584,-1.168347076916138,-1.179941574212656,-1.1911766498753182,-1.202048881591241,-1.2125549575733225,-1.2226916775690435,-1.2324559538352964,-1.2418448120789423,-1.2508553923628083,-1.2594849499768523,-1.2677308562742287,-1.275590599471999,-1.2830617854162467,-1.290142138311358,-1.296829501413252,-1.3031218376863467,-1.3090172304240573,-1.3145138838326456,-1.3196101235782367,-1.3243043972968354,-1.328595275067193,-1.3324814498463737,-1.3359617378678932,-1.3390350790023067,-1.3417005370801318,-1.343957300177017
-0.45343364980874584,-0.4621534310760107,-0.4707324359311891,-0.47916805112629546,-0.48745770709122366,-0.49559887871646274,-0.5035890861222706,-0.5114258954140689,-0.51910691942383,-0.5266298184372329,-0.5339923009063626,-0.5411921241477364,-0.5482270950254489,-0.5550950706192216,-0.561793958877157,-0.568321719252998,-0.5746763633276987,-0.5808559554151145,-0.5868586131516331,-0.5926825080695586,-0.5983258661540817,-0.6037869683836615,-0.609064151253656,-0.6141558072830418,-0.619060385504068,-0.623776391934697,-0.6283023900336855,-0.6326370011381677,-0.6367789048836108,-0.6407268396060106,-0.6444796027262063,-0.6480360511161973,-0.6513951014473521,-0.6545557305204003,-0.6575169755771081,-0.6602779345935451,-0.6628377665548489,-0.6651956917114066,-0.6673509918163736,-0.6693030103444589,-0.6710511526919096,-0.672594886357632,-0.6739337411053966,-0.675067309107078
0.0,0.0,0.0,0.0,0.0,0.0,0.0,0.0,0.0,0.0,0.0,0.0,0.0,0.0,0.0,0.0,0.0,0.0,0.0,0.0,0.0,0.0,0.0,0.0,0.0,0.0,0.0,0.0,0.0,0.0,0.0,0.0,0.0,0.0,0.0,0.0,0.0,0.0,0.0,0.0,0.0,0.0,0.0,0.0
0.45343364980874584,0.4621534310760107,0.4707324359311891,0.47916805112629535,0.48745770709122366,0.49559887871646274,0.5035890861222706,0.5114258954140689,0.5191069194238299,0.5266298184372329,0.5339923009063625,0.5411921241477364,0.5482270950254489,0.5550950706192215,0.561793958877157,0.568321719252998,0.5746763633276986,0.5808559554151144,0.5868586131516331,0.5926825080695586,0.5983258661540817,0.6037869683836614,0.609064151253656,0.6141558072830418,0.619060385504068,0.623776391934697,0.6283023900336855,0.6326370011381676,0.6367789048836107,0.6407268396060105,0.6444796027262063,0.6480360511161973,0.6513951014473521,0.6545557305204003,0.657516975577108,0.660277934593545,0.6628377665548489,0.6651956917114066,0.6673509918163736,0.6693030103444589,0.6710511526919095,0.6725948863576319,0.6739337411053966,0.6750673091070779
0.9027180780127394,0.9200778487081807,0.937157354777911,0.9539513936389294,0.970454849664311,0.9866626957414768,1.0025699948035036,1.0181719013330002,1.0334636628380978,1.0484406213001074,1.063098214592397,1.077431977870058,1.091437544929942,1.1051106495406469,1.118447126742055,1.131442914114017,1.144094053013806,1.1563966897819584,1.168347076916138,1.179941574212656,1.1911766498753182,1.2020488815912411,1.2125549575733225,1.2226916775690435,1.2324559538352964,1.2418448120789423,1.2508553923628083,1.2594849499768523,1.2677308562742287,1.275590599471999,1.2830617854162467,1.290142138311358,1.296829501413252,1.3031218376863467,1.3090172304240573,1.3145138838326456,1.3196101235782367,1.3243043972968354,1.328595275067193,1.3324814498463737,1.3359617378678932,1.3390350790023067,1.3417005370801318,1.343957300177017
1.3394327935523591,1.3651908311106753,1.390533018316935,1.4154516356954197,1.439939092793884,1.4639879304956793,1.487590823291876,1.510740581512683,1.533430153517488,1.5556526278428597,1.5774012353078464,1.598669351075929,1.6194504966730154,1.639738341960846,1.659526707065214,1.6788095642584138,1.6975810397953461,1.7158354157027205,1.7335671315208017,1.7507707859971786,1.7674411387320437,1.7835731117744642,1.7991617911691782,1.8142024284534295,1.8286904421034005,1.8426214189297851,1.855991115422089,1.8687954590412459,1.8810305494601505,1.8926926597517373,1.9037782375242382,1.9142839060032761,1.9242064650604596,1.9335428921881799,1.9422903434202892,1.9504461541984033,1.9580078401835528,1.9649730980129334,1.9713398060015384,1.9771060247884376,1.9822699979275304,1.9868301524225735,1.9907850992063327,1.9941336335637059
1.7649361418587857,1.7988768454527737,1.8322695937335263,1.8651042149464339,1.8973707073477988,1.9290592422514619,1.9601601670227182,1.9906640080186029,2.0205614734736486,2.0498434563302568,2.078501037012787,2.1065254861445517,2.1339082672068654,2.160641039139355,2.186715658880723,2.212124183849206,2.2368588743619595,2.2609121959926433,2.284276821866481,2.306945634892091,2.328911729929428,2.3501684158931555,2.370709217790809,2.390527878695147,2.409618361650071,2.4279748515095387,2.4455917567089167,2.462463710968222,2.4785855749267447,2.493952437708547,2.508559618418363,2.522402667567447,2.5354773684289253,2.5477797383222605,2.5593060298264065,2.5700527319213124,2.5800165710574157,2.5891945121527926,2.597583759517678,2.6051817577060543,2.6119861922940717,2.6179949905850384,2.6232063222407853,2.6276185998392076
2.1704530050624604,2.2121920234679204,2.2532571867530478,2.293635986071298,2.333316121649241,2.372285506533187,2.410532270270997,2.448044762527934,2.4848115566354614,2.5208214530719277,2.5560634828740434,2.5905269109781326,2.624201239490139,2.657076210883389,2.6891418111231293,2.7203882727169,2.7508060776898073,2.780385960483793,2.809118910780013,2.836996176243463,2.8640092651890297,2.89014994916814,2.915410265475222,2.939782519573227,2.9632592874374564,2.9858334178169956,3.0074980344130506,3.0282465379735353,3.0480726083032703,3.0669702061891737,3.084933575239864,3.1019572436391143,3.1180360258126165,3.133165024007564,3.1473396297845477,3.1605555254213358,3.172808685228091,3.1840953767736377,3.194412162022395,3.203755898381634,3.2121237396587463,3.2195131369282173,3.2259218393080555,3.231347894645434
2.547162189045058,2.5961455345689046,2.6443380690134948,2.6917251124659867,2.7382922303738946,2.784025237941997,2.8289102044531638,2.8729334575117873,2.9160815872085197,2.958341450205073,2.9997001737377964,3.040145159538852,3.0796640876737627,3.118244920294192,3.155875905304785,3.1925455799429656,3.2282427742706106,3.262956614576523,3.2966765266886657,3.3293922391951556,3.36109378657304,3.391771512223888,3.4214160714152846,3.4500184341273257,3.4775698878032517,3.5040620400033786,3.529486820961509,3.553836486043067,3.5771036181041898,3.599281129751058,3.620362265498783,3.640340603829202,3.659210059146922,3.676964883633063,3.6935996689960904,3.7091093481192385,3.723489196603999,3.7367348342092255,3.7488422261853893,3.759807684503606,3.769627868979048,3.7782997882883933,3.785820800881015,3.7921886157836187
2.902375220616686,2.9581895102927653,3.0131027067873832,3.0670980830089354,3.120159191442755,3.1722698691611995,3.2234142427470296,3.273576733128606,3.322742060325419,3.370895248102533,3.4180216285324803,3.4641068464632565,3.5091368638910434,3.5530979642363167,3.595976756522052,3.6377601794527408,3.678435505392994,3.717990344244499,3.756412647220168,3.793690710514306,3.8298131788677137,3.864769049026606,3.898547673094306,3.9311387617747013,3.962532387506464,3.9927189874870797,4.02168936658577,4.049434700144419,4.075946536665647,4.101216800387227,4.125237793742029,4.148002199702782,4.169503084010906,4.189733897288758,4.208688477034633,4.2263610494999195,4.242746231447851,4.257839031793278,4.271634853123007,4.28412949309622,4.29531914572454,4.305200402531382,4.313770253590201,4.321026088441345
3.2238889273622675,3.285886104431974,3.3468823687631764,3.4068591403028794,3.465798149545459,3.523681443097745,3.580491389147795,3.6362106828357135,3.690822351524875,3.7443097599719635,3.7966566153942214,3.8478469724323934,3.897865238007829,3.9466961760723,3.994324912249036,4.040736938363607,4.085918116863254,4.129854685123325,4.1725332596395095,4.213940840104569,4.2540648133683705,4.29289295727997,4.3304134444105955,4.366614845656394,4.4014861337198585,4.435016686468838,4.467196290172149,4.498015142610771,4.527463856063702,4.55553346016755,4.582215404648986,4.607501561929249,4.631384229599878,4.653856132768945,4.674910426277054,4.694540696782446,4.71274096471456,4.729505686095475,4.744829754228655,4.758708501254498,4.771137699572216,4.782113563127595,4.79163274856627,4.799692356252145
3.5021905942628098,3.569539667167136,3.6358014237099363,3.7009556799182772,3.764982589174552,3.8278626482619567,3.8895767033053636,3.950105955605769,4.0094319673665595,4.067536667309851,4.124402356181169,4.1800117121408125,4.234347796040253,4.287394056581971,4.339134335361136,4.389552871787614,4.438634307886788,4.486363692977766,4.532726488227482,4.577708571079374,4.621296239555259,4.663476216429073,4.7042356532712555,4.743562134362496,4.781443680475691,4.817868752524929,4.852826255080406,4.886305539748201,4.918296408413885,4.948789116348958,4.9777743751791945,5.005243355713969,5.0311876906357105,5.055599477048676,5.078471278886241,5.099796129176,5.119567532161979,5.137779465283296,5.154426381008701,5.1695032085264,5.183005355288681,5.194928708410841,5.205269635924014,5.214024987881506
