hough_viz/data/file_4_3_2.json
{"header": {"discipline": 0, "disciplineName": "Meteorological products", "gribEdition": 2, "gribLength": 133963, "center": 7, "centerName": "US National Weather Service - NCEP(WMC)", "subcenter": 0, "refTime": "2014-11-30T06:00:00.000Z", "significanceOfRT": 1, "significanceOfRTName": "Start of forecast", "productStatus": 0, "productStatusName": "Operational products", "productType": 1, "productTypeName": "Forecast products", "productDefinitionTemplate": 0, "productDefinitionTemplateName": "Analysis/forecast at horizontal level/layer at a point in time", "parameterCategory": 2, "parameterCategoryName": "Momentum", "parameterNumber": 3, "parameterNumberName": "V-component_of_wind", "parameterUnit": "m.s-1", "genProcessType": 2, "genProcessTypeName": "Forecast", "forecastTime": 6, "surface1Type": 100, "surface1TypeName": "Isobaric surface", "surface1Value": 85000, "surface2Type": 255, "surface2TypeName": "Missing", "surface2Value": 0, "gridDefinitionTemplate": 0, "gridDefinitionTemplateName": "Latitude_Longitude", "numberPoints": 65160, "shape": 6, "shapeName": "Earth spherical with radius of 6,371,229.0 m", "gridUnits": "degrees", "resolution": 48, "winds": "true", "scanMode": 0, "nx": 360, "ny": 181, "basicAngle": 0, "subDivisions": 0, "lo1": 0, "la1": 90, "lo2": 359, "la2": -90, "dx": 1, "dy": 1}, "data":
[rows 152 to 170 of 181, columns 172 to 214 of 360]
3.6432220750667175,3.2276410325119325,2.796335247288102,2.3514059978261206,1.895020934705223,1.4294035200772794,0.9568221951826588,0.47957932873255066,3.367803779898029e-15,-0.479579328732544,-0.956822195182664,-1.4294035200772726,-1.8950209347052047,-2.3514059978261024,-2.796335247288085,-3.227641032511937,-3.6432220750667117,-4.0410537058871645,-4.419197729257842,-4.775811865507769,-5.109158726411872,-5.417614279571745,-5.699675760538218,-5.953968994128754,-6.179255089270772,-6.374436474754407,-6.53856224648916,-6.670832800212987,-6.770603727083947,-6.837388953175263,-6.870863107578642,-6.870863107578642,-6.837388953175264,-6.770603727083948,-6.670832800212988,-6.538562246489163,-6.374436474754409,-6.179255089270776,-5.9539689941287595,-5.699675760538223,-5.417614279571748,-5.109158726411877,-4.775811865507775
3.6132265055942647,3.201067046949695,2.7733123114225298,2.332046277086494,1.8794187477049527,1.417634879103105,0.9489444358704268,0.4756308307337604,3.340075798960257e-15,-0.47563083073375373,-0.948944435870432,-1.4176348791030984,-1.8794187477049349,-2.3320462770864756,-2.7733123114225124,-3.201067046949699,-3.6132265055942594,-4.0077826879038225,-4.382813355818835,-4.736491397623148,-5.067093729448691,-5.37300968996685,-5.652748887368527,-5.904948460403275,-6.128379718102289,-6.32195412583728,-6.484728608551805,-6.615910145328097,-6.7148596329053145,-6.78109499932635,-6.814293552543951,-6.814293552543951,-6.78109499932635,-6.714859632905315,-6.615910145328098,-6.484728608551808,-6.321954125837282,-6.128379718102293,-5.904948460403278,-5.65274888736853,-5.373009689966854,-5.067093729448696,-4.736491397623155
3.549827596594893,3.1449000288853037,2.72465082435924,2.2911273948978415,1.8464418230718094,1.3927605722874545,0.9322939319947187,0.46728524937917404,3.281469685753287e-15,-0.46728524937916743,-0.9322939319947234,-1.392760572287448,-1.8464418230717916,-2.2911273948978232,-2.7246508243592222,-3.144900028885308,-3.5498275965948882,-3.9374607610812817,-4.305911012531866,-4.653383298358048,-4.978184768511085,-5.2787330228773275,-5.55356382057249,-5.8013382135761065,-6.020849069951666,-6.21102695487205,-6.370945340798548,-6.499825121429854,-6.597038407429693,-6.662111585440517,-6.694727625480188,-6.694727625480188,-6.662111585440519,-6.597038407429694,-6.499825121429857,-6.370945340798551,-6.211026954872051,-6.020849069951672,-5.801338213576113,-5.553563820572495,-5.278733022877331,-4.978184768511091,-4.653383298358055
3.4538798473977206,3.0598970052142063,2.6510066524010694,2.229200861655692,1.7965346283908046,1.3551158590034256,0.9070951013667522,0.4546550675771116,3.1927753416367446e-15,-0.4546550675771052,-0.907095101366757,-1.3551158590034194,-1.7965346283907873,-2.229200861655675,-2.651006652401053,-3.0598970052142107,-3.4538798473977153,-3.8310357341474863,-4.189527199894866,-4.527607710254149,-4.843630170962612,-5.136054952358155,-5.403457390300239,-5.644534726990418,-5.858112457877353,-6.04315005372491,-6.1987460299660455,-6.3241423386449505,-6.418728061550543,-6.482042386548551,-6.513776852611918,-6.513776852611918,-6.482042386548553,-6.418728061550544,-6.324142338644952,-6.198746029966049,-6.043150053724911,-5.858112457877358,-5.644534726990422,-5.403457390300242,-5.136054952358158,-4.843630170962617,-4.527607710254156
3.3060844121232567,2.9289605425224323,2.5375670715765324,2.1338108289332616,1.719658874421332,1.2971289147327272,0.8682794733584873,0.4351998616692026,3.056152864249088e-15,-0.4351998616691965,-0.8682794733584918,-1.297128914732721,-1.7196588744213155,-2.1338108289332447,-2.537567071576516,-2.928960542522436,-3.3060844121232513,-3.6671013707946463,-4.010252580203278,-4.3338662421503305,-4.636365743404339,-4.916277336802344,-5.17223732119791,-5.402998685276078,-5.607437182867116,-5.784556810160835,-5.933494658137073,-6.053525116571659,-6.144063409136525,-6.204668442371173,-6.235044954645679,-6.235044954645679,-6.204668442371173,-6.1440634091365265,-6.05352511657166,-5.933494658137077,-5.7845568101608364,-5.607437182867119,-5.402998685276082,-5.172237321197914,-4.916277336802348,-4.636365743404344,-4.333866242150336
3.136806990925749,2.778992536379169,2.4076391095387097,2.0245559069716164,1.6316092715333956,1.2307135997330536,0.8238220149857108,0.4129168521916673,2.899672384274528e-15,-0.4129168521916615,-0.8238220149857154,-1.2307135997330478,-1.6316092715333794,-2.0245559069716013,-2.4076391095386955,-2.7789925363791723,-3.1368069909257454,-3.4793392371232637,-3.804920492299483,-4.1119645573064805,-4.398975544323515,-4.664555164672087,-4.907409541137817,-5.126355511610203,-5.320326393329487,-5.488377179657801,-5.629689144056576,-5.743573828839873,-5.829476399271085,-5.88697834666197,-5.915799527304911,-5.915799527304911,-5.886978346661971,-5.829476399271087,-5.7435738288398746,-5.629689144056577,-5.488377179657804,-5.320326393329489,-5.126355511610207,-4.907409541137821,-4.664555164672092,-4.398975544323521,-4.111964557306487
2.9473602975570223,2.6111559597468172,2.262230332573213,1.9022833466179103,1.5330686274147294,1.1563849519623024,0.7740674852633245,0.3879788395851447,2.7245473776539262e-15,-0.3879788395851392,-0.7740674852633286,-1.1563849519622968,-1.533068627414714,-1.9022833466178957,-2.2622303325731985,-2.611155959746821,-2.947360297557019,-3.2692053922651394,-3.5751232469215286,-3.863623460489041,-4.133300488927124,-4.382840492861073,-4.611027738475381,-4.816750520446726,-4.999006578060529,-5.1569079781244005,-5.289685440889434,-5.396692087903768,-5.477406593539427,-5.5314357248383486,-5.558516257303833,-5.558516257303833,-5.5314357248383486,-5.477406593539428,-5.396692087903769,-5.289685440889436,-5.156907978124402,-4.999006578060532,-4.81675052044673,-4.611027738475385,-4.382840492861076,-4.133300488927127,-3.8636234604890456
2.7305943260726475,2.4191164053086025,2.0958527925866326,1.7623783957335666,1.4203178684901352,1.071337695361272,0.7171380726710979,0.3594446253773456,2.5241683606528893e-15,-0.3594446253773406,-0.7171380726711016,-1.0713376953612672,-1.4203178684901214,-1.762378395733553,-2.0958527925866197,-2.419116405308606,-2.730594326072644,-3.028769065758438,-3.312187947006665,-3.579470181517037,-3.8293135971101435,-4.060500981779392,-4.271906013825537,-4.4624987491828145,-4.631350639202886,-4.777639054450494,-4.900651292471421,-4.99978805000717,-5.074566342740221,-5.124621858345067,-5.149710731381244,-5.149710731381244,-5.124621858345067,-5.074566342740222,-4.999788050007171,-4.900651292471424,-4.7776390544504945,-4.631350639202888,-4.462498749182818,-4.27190601382554,-4.060500981779396,-3.829313597110148,-3.5794701815170415
2.5050159041848366,2.2192696335410447,1.9227113043228519,1.616785718900262,1.3029833159739148,0.9828329093075673,0.6578942395010919,0.32975037509107297,2.315643092018725e-15,-0.32975037509106836,-0.6578942395010955,-0.9828329093075627,-1.3029833159739022,-1.6167857189002497,-1.9227113043228392,-2.2192696335410473,-2.505015904184833,-2.7785579891467473,-3.0385632188852183,-3.283764874056581,-3.5129683568444308,-3.725057010920085,-3.9189975616799524,-4.093845150255572,-4.248747936771028,-4.382951250421179,-4.495801266152004,-4.586748190030493,-4.655348937785471,-4.701269293469596,-4.7242855377258755,-4.7242855377258755,-4.701269293469596,-4.655348937785471,-4.5867481900304945,-4.495801266152005,-4.382951250421181,-4.248747936771029,-4.093845150255575,-3.9189975616799546,-3.725057010920088,-3.5129683568444343,-3.2837648740565846
2.2717127564488173,2.012579292647352,1.743640744835877,1.466207354585717,1.1816307494866565,0.8912973581532039,0.5966216556837264,0.29903927247996404,2.0999770671050276e-15,-0.2990392724799599,-0.5966216556837296,-0.8912973581532,-1.181630749486645,-1.4662073545857057,-1.7436407448358657,-2.0125792926473545,-2.2717127564488147,-2.5197786640526236,-2.7555684632924398,-2.977933409967863,-3.185790164410742,-3.3781260694071253,-3.5540040837613978,-3.712567347466825,-3.853043356241363,-3.974747725090855,-4.077087522563951,-4.159564159454518,-4.2217758178781475,-4.263419408888497,-4.284292049096163,-4.284292049096163,-4.263419408888498,-4.221775817878148,-4.1595641594545185,-4.077087522563953,-3.9747477250908556,-3.853043356241365,-3.7125673474668277,-3.5540040837614004,-3.3781260694071285,-3.1857901644107454,-2.9779334099678665
2.033550796513271,1.8015843825285778,1.5608408305268404,1.312493018893948,1.057750873204335,0.7978554715852157,0.5340729983086853,0.26768857506923144,1.879819543799461e-15,-0.26768857506922766,-0.5340729983086882,-0.7978554715852121,-1.0577508732043246,-1.3124930188939379,-1.5608408305268309,-1.8015843825285807,-2.0335507965132678,-2.255609955429154,-2.4666800093753145,-2.6657326462656004,-2.8517981016617897,-3.02396988336843,-3.181409187771685,-3.3233489864062493,-3.449097762840918,-3.5580428816771175,-3.6496535732470106,-3.723483519469934,-3.779173028269254,-3.816450785955992,-3.835135179041844,-3.835135179041844,-3.8164507859559933,-3.779173028269255,-3.7234835194699345,-3.6496535732470115,-3.558042881677119,-3.4490977628409194,-3.323348986406251,-3.1814091877716875,-3.0239698833684328,-2.851798101661793,-2.665732646265604
1.7981253081624875,1.5930137956570014,1.3801412800682662,1.160544854894355,0.9352943718449537,0.705487228631385,0.47224302255525263,0.23669809594293936,1.6621916218074728e-15,-0.2366980959429361,-0.47224302255525513,-0.7054872286313818,-0.9352943718449447,-1.160544854894346,-1.3801412800682578,-1.5930137956570036,-1.798125308162485,-1.994476534913523,-2.181110872470547,-2.3571190571013876,-2.52164359462281,-2.673882938025962,-2.8130953925328206,-2.9386027290586196,-3.049793488475762,-3.146125960581217,-3.2271308232541998,-3.2924134289463396,-3.341655727364894,-3.3746178149817863,-3.391139103819485,-3.391139103819485,-3.3746178149817876,-3.341655727364895,-3.292413428946341,-3.2271308232542006,-3.1461259605812173,-3.049793488475763,-2.9386027290586223,-2.8130953925328233,-2.6738829380259643,-2.521643594622813,-2.3571190571013902
1.5657174704730887,1.3871166371122705,1.201757910927922,1.0105443410018153,0.8144075006259055,0.6143029487709014,0.41120557469900204,0.20610484840141413,1.447353223784769e-15,-0.20610484840141127,-0.41120557469900426,-0.6143029487708986,-0.8144075006258975,-1.0105443410018078,-1.2017579109279142,-1.387116637112272,-1.5657174704730865,-1.7366902857031266,-1.899202120432721,-2.052461233338693,-2.1957209614285214,-2.3282833577073725,-2.4495025915056945,-2.5587880949013404,-2.6556074399071106,-2.7394889324063763,-2.8100239101994267,-2.866868733964597,-2.9097464614345303,-2.938448196631046,-2.952834107585356,-2.952834107585356,-2.9384481966310463,-2.9097464614345308,-2.8668687339645977,-2.810023910199427,-2.739488932406377,-2.6556074399071115,-2.558788094901342,-2.4495025915056967,-2.3282833577073743,-2.195720961428523,-2.052461233338696
1.3460363426501363,1.1924944571791747,1.0331428585819635,0.8687578918288983,0.7001404239540763,0.5281119423116192,0.3535105523718467,0.1771868945556794,1.2442794288279098e-15,-0.1771868945556769,-0.3535105523718486,-0.5281119423116166,-0.7001404239540695,-0.8687578918288917,-1.033142858581957,-1.1924944571791765,-1.3460363426501345,-1.4930204743628013,-1.632730760402269,-1.7644865462985755,-1.887645931106883,-2.0016088946843467,-2.1058202209279275,-2.199772202731456,-2.283007115483608,-2.355119447056195,-2.4157578734185057,-2.4646269702526507,-2.5014886522311617,-2.5261633329447633,-2.5385307998293074,-2.5385307998293074,-2.5261633329447637,-2.501488652231162,-2.464626970252651,-2.415757873418506,-2.355119447056196,-2.283007115483609,-2.199772202731458,-2.1058202209279293,-2.0016088946843484,-1.8876459311068852,-1.7644865462985777
1.1379326484475276,1.008129077143055,0.8734140023115253,0.7344437422560024,0.5918953461142316,0.4464632953433041,0.29885612027579767,0.14979294823122333,1.0519078430432427e-15,-0.14979294823122122,-0.2988561202757993,-0.44646329534330204,-0.5918953461142259,-0.7344437422559968,-0.8734140023115199,-1.0081290771430564,-1.137932648447526,-1.2621923262733488,-1.3803027299607,-1.4916884374952248,-1.5958067889062706,-1.6921505300517052,-1.780250283909102,-1.859676837333426,-1.9300432321403262,-1.991006650327504,-2.0422700842495773,-2.083583783609455,-2.1147464722166975,-2.1356063285848728,-2.1460617255905796,-2.1460617255905796,-2.135606328584873,-2.114746472216698,-2.083583783609456,-2.0422700842495782,-1.9910066503275046,-1.9300432321403274,-1.8596768373334271,-1.7802502839091034,-1.6921505300517066,-1.5958067889062721,-1.491688437495227
0.9405531157167292,0.8332645573049965,0.721916417729537,0.6070511739336838,0.48922843783899334,0.36902222997222184,0.2470181828950105,0.12381068806091865,8.694496994800026e-16,-0.1238106880609169,-0.24701818289501182,-0.3690222299722202,-0.4892284378389887,-0.6070511739336791,-0.7219164177295325,-0.8332645573049978,-0.940553115716728,-1.0432593938927548,-1.1408830171698061,-1.2329483730683635,-1.3190069284288695,-1.3986394146201844,-1.4714578701742105,-1.5371075308951756,-1.59526855823513,-1.6456575975151961,-1.6880291584010931,-1.7221768109073559,-1.7479341911034862,-1.7651758116222906,-1.7738176730217234,-1.7738176730217234,-1.7651758116222909,-1.7479341911034867,-1.7221768109073565,-1.6880291584010938,-1.6456575975151964,-1.595268558235131,-1.537107530895177,-1.4714578701742116,-1.3986394146201857,-1.3190069284288706,-1.2329483730683652
0.766840564871434,0.6793673351708441,0.5885842961030698,0.4949337335089681,0.398871903515773,0.3008668097031126,0.2013959230366046,0.10094385567731211,7.088693743451974e-16,-0.1009438556773107,-0.2013959230366057,-0.30086680970311125,-0.3988719035157692,-0.4949337335089643,-0.5885842961030662,-0.6793673351708451,-0.7668405648714329,-0.8505778244225113,-0.930171154312789,-1.0052327838397301,-1.0753970202894505,-1.140322030554853,-1.1996915065121598,-1.2532162060423084,-1.3006353621894728,-1.3417179535914585,-1.3762638299925647,-1.4041046873555025,-1.4251048878217536,-1.4391621205255802,-1.4462079000422767,-1.4462079000422767,-1.4391621205255807,-1.4251048878217543,-1.4041046873555028,-1.3762638299925656,-1.3417179535914587,-1.3006353621894735,-1.2532162060423095,-1.1996915065121612,-1.1403220305548538,-1.0753970202894516,-1.0052327838397315
0.6097377271001083,0.5401851620650473,0.4680008692196297,0.39353652318265697,0.3171549067628895,0.2392281435176728,0.16013588480436697,0.08026346015709904,5.63643110346649e-16,-0.0802634601570979,-0.1601358848043678,-0.23922814351767166,-0.31715490676288643,-0.3935365231826541,-0.4680008692196268,-0.5401851620650481,-0.6097377271001074,-0.6763197112193572,-0.7396067336889673,-0.7992904664970523,-0.8550801364967604,-0.9067039420238124,-0.9539103770868846,-0.9964694566795255,-1.0341738372439842,-1.06683982682818,-1.0943082800144346,-1.116445373259941,-1.1331432568716218,-1.1443205804389862,-1.149922889165154,-1.149922889165154,-1.1443205804389864,-1.1331432568716222,-1.1164453732599413,-1.094308280014435,-1.0668398268281805,-1.0341738372439848,-0.9964694566795261,-0.9539103770868854,-0.9067039420238132,-0.8550801364967612,-0.7992904664970532
0.46726903224062244,0.41396782040917873,0.3586497989686026,0.30158447175880315,0.24304985531775844,0.18333112441289157,0.12271922269826534,0.061509445266347794,4.31944685386889e-16,-0.061509445266346933,-0.12271922269826602,-0.18333112441289076,-0.2430498553177561,-0.3015844717588008,-0.35864979896860033,-0.41396782040917934,-0.46726903224062183,-0.5182937563167069,-0.5667934053107244,-0.6125316938079407,-0.6552857894643954,-0.6948473986236778,-0.7310237811026808,-0.7636386892024055,-0.7925332263690292,-0.8175666213219437,-0.8386169138772881,-0.8555815491256987,-0.8683778770695256,-0.8769435552853091,-0.8812368526498,-0.8812368526498,-0.8769435552853091,-0.8683778770695257,-0.8555815491256988,-0.8386169138772883,-0.817566621321944,-0.7925332263690296,-0.7636386892024059,-0.7310237811026815,-0.6948473986236784,-0.6552857894643961,-0.6125316938079415
