hough_viz/data/file_3_3_0.json
{"header": {"discipline": 0, "disciplineName": "Meteorological products", "gribEdition": 2, "gribLength": 133963, "center": 7, "centerName": "US National Weather Service - NCEP(WMC)", "subcenter": 0, "refTime": "2014-11-30T06:00:00.000Z", "significanceOfRT": 1, "significanceOfRTName": "Start of forecast", "productStatus": 0, "productStatusName": "Operational products", "productType": 1, "productTypeName": "Forecast products", "productDefinitionTemplate": 0, "productDefinitionTemplateName": "Analysis/forecast at horizontal level/layer at a point in time", "parameterCategory": 2, "parameterCategoryName": "Momentum", "parameterNumber": 3, "parameterNumberName": "V-component_of_wind", "parameterUnit": "m.s-1", "genProcessType": 2, "genProcessTypeName": "Forecast", "forecastTime": 6, "surface1Type": 100, "surface1TypeName": "Isobaric surface", "surface1Value": 85000, "surface2Type": 255, "surface2TypeName": "Missing", "surface2Value": 0, "gridDefinitionTemplate": 0, "gridDefinitionTemplateName": "Latitude_Longitude", "numberPoints": 65160, "shape": 6, "shapeName": "Earth spherical with radius of 6,371,229.0 m", "gridUnits": "degrees", "resolution": 48, "winds": "true", "scanMode": 0, "nx": 360, "ny": 181, "basicAngle": 0, "subDivisions": 0, "lo1": 0, "la1": 90, "lo2": 359, "la2": -90, "dx": 1, "dy": 1}, "data":
[rows 19 to 37 of 181, columns 86 to 128 of 360]
-17.466513595917842,-17.636879972503603,-17.758904887009226,-17.8322538776259,-17.856725899868774,-17.8322538776259,-17.758904887009226,-17.636879972503607,-17.46651359591785,-17.24827271964815,-16.98275552676664,-16.67068978144312,-16.3129308341941,-15.910459277426483,-15.464378257701895,-14.975910452088712,-14.446394716889115,-13.877282417927109,-13.270133452455653,-12.626611973586666,-11.948481828963116,-11.237601726175182,-10.495920138171908,-9.725469962632367,-8.928362949934394,-8.106783914993535,-7.262984748837321,-6.3992782463284374,-5.518031766954729,-4.621660746061486,-3.7126220743110014,-2.7934073635160113,-1.8665361173049881,-0.9345488253377833,-4.3736364433051864e-15,0.9345488253377747,1.8665361173049795,2.7934073635160024,3.7126220743109766,4.621660746061477,5.5180317669547225,6.399278246328414,7.2629847488373125
-18.512518833580636,-18.69308782565985,-18.822420363349536,-18.90016195515367,-18.926099516772883,-18.90016195515367,-18.822420363349536,-18.69308782565985,-18.51251883358064,-18.28120831416798,-17.999790273477412,-17.669036058797317,-17.289852244439686,-16.86327814688296,-16.39048297607771,-15.872762630723535,-15.311536146300744,-14.708341805592774,-14.064832922359988,-13.38277330972155,-12.664032445666331,-11.91058034894366,-11.124482179378806,-10.307892577413552,-9.463049758386452,-8.59226937774012,-7.697938183970726,-6.782507476716206,-5.848486387914305,-4.898435004446437,-3.934957351117439,-2.960694253204543,-1.9783160981389476,-0.9905155161594362,-4.635557438712037e-15,0.9905155161594271,1.9783160981389383,2.9606942532045335,3.9349573511174123,4.898435004446427,5.8484863879142965,6.782507476716182,7.6979381839707175
-19.48460983429388,-19.674660490850307,-19.810784270570196,-19.89260806763518,-19.919907608705014,-19.89260806763518,-19.810784270570196,-19.674660490850307,-19.484609834293888,-19.241153216540287,-18.944957935256312,-18.596835841119685,-18.19774111259274,-17.748767640585676,-17.251146030177466,-16.706240227613012,-16.115543781821174,-15.480675750701083,-14.803376263396911,-14.085501750724822,-13.329019856825216,-12.536004045986877,-11.708627919425433,-10.849159257593591,-9.959953804352516,-9.04344881004159,-8.102156351144766,-7.13865644486345,-6.155589977468672,-5.155651465815467,-4.141581671859418,-3.1161600904185978,-2.0821973307715713,-1.04252741297268,-4.87897021846232e-15,1.0425274129726703,2.0821973307715615,3.116160090418588,4.1415816718593925,5.155651465815458,6.155589977468664,7.1386564448634235,8.102156351144757
-20.37607274466339,-20.5748186285224,-20.71717036465874,-20.80273777685841,-20.83128633079228,-20.80273777685841,-20.71717036465874,-20.5748186285224,-20.376072744663393,-20.12147746173471,-19.81173060771016,-19.447681177186393,-19.030327004347686,-18.560812027971892,-18.04042315597364,-17.470586738079316,-16.8528646563015,-16.18895004392902,-15.48066264476627,-14.729943825341856,-13.93885125375803,-13.10955325976534,-12.24432289152149,-11.345531685324428,-10.41564316539615,-9.457206091533982,-8.472847473137254,-7.465265368757081,-6.43722149090536,-5.39153363639285,-4.331067962943912,-3.2587311332573687,-2.1774623480461917,-1.0902252898925897,-5.102193625425357e-15,1.0902252898925797,2.177462348046181,3.2587311332573594,4.331067962943884,5.39153363639284,6.437221490905351,7.465265368757054,8.472847473137247
-21.093639543683068,-21.299384492056927,-21.44674930804012,-21.535330074915233,-21.564883998957455,-21.535330074915233,-21.44674930804012,-21.299384492056927,-21.093639543683075,-20.830078395520882,-20.509423450357577,-20.132553601109386,-19.700501821837186,-19.214452336436437,-18.67573737276171,-18.08583351108284,-17.44635763688096,-16.759062509077836,-16.025831955845497,-15.248675711164092,-14.429723906280838,-13.571221231168295,-12.675520781985128,-11.745077611403184,-10.782441999478737,-9.790252463512056,-8.771228526054992,-7.72816326088865,-6.663915637402233,-5.581402684356797,-4.483591494512099,-3.3734910920315495,-2.254144184956231,-1.1286188253536085,-5.281873232661444e-15,1.128618825353598,2.2541441849562207,3.3734910920315384,4.48359149451207,5.581402684356786,6.663915637402223,7.728163260888621,8.771228526054982
-21.707041524690396,-21.918769525853858,-22.070419703301944,-22.161576394439344,-22.191989745111872,-22.161576394439344,-22.070419703301944,-21.918769525853858,-21.7070415246904,-21.435816031545713,-21.10583645664387,-20.718007251063078,-20.27339142769813,-19.773207647616037,-19.21882687979063,-18.611768643372006,-17.953696842790066,-17.246415207108203,-16.491862346127295,-15.692106436790935,-14.849339554456268,-13.965871664567794,-13.044124291202559,-12.086623879841106,-11.095994872555947,-10.074952514598241,-9.026295412099385,-7.952897861286085,-6.857701970234131,-5.743709594754788,-4.6139741105165974,-3.4715920439548706,-2.319694584908068,-1.161439004244045,-5.4354698416124285e-15,1.1614390042440343,2.319694584908057,3.47159204395486,4.613974110516567,5.743709594754776,6.85770197023412,7.952897861286055,9.026295412099374
-22.210807557815247,-22.427449235267865,-22.582618833279497,-22.675891042767695,-22.707010211089525,-22.675891042767695,-22.582618833279497,-22.427449235267865,-22.210807557815254,-21.933287600700957,-21.59565002683729,-21.198820277345284,-20.743886034984993,-20.23209424289266,-19.664847686796175,-19.043701150077002,-18.370357152216897,-17.646661282310426,-16.874597140433547,-16.056280900733586,-15.193955511143116,-14.289984545615523,-13.346845725733026,-12.367124129444166,-11.353505105544773,-10.308766913323531,-9.235773107546471,-8.137464689652361,-7.016852046672131,-5.877006699967378,-4.721052886403763,-3.5521589950348558,-2.3735288827681025,-1.1883930928156725,-5.561613474643411e-15,1.1883930928156616,2.373528882768092,3.5521589950348442,4.721052886403731,5.877006699967368,7.0168520466721205,8.137464689652333,9.235773107546462
-22.488710752473526,-22.70806306591286,-22.865174156906637,-22.959613394875092,-22.991121928431365,-22.959613394875092,-22.865174156906637,-22.708063065912864,-22.48871075247353,-22.207718446032782,-21.865856326971045,-21.464061415594127,-21.00343500382567,-20.485239636642596,-19.910895651527035,-19.28197728542003,-18.600208359847493,-17.867457556045238,-17.085733293033627,-16.257178222680555,-15.38406335684172,-14.468781842674929,-13.513842403190043,-12.521862461013683,-11.495560964215692,-10.437750933861413,-9.351331753716591,-8.23928122323795,-7.104647395631809,-5.950540223352229,-4.780123033937441,-3.5966038595488876,-2.403226643978179,-1.2032623512225824,-5.6312007756919986e-15,1.2032623512225715,2.4032266439781673,3.5966038595488765,4.780123033937411,5.9505402233522195,7.1046473956318,8.23928122323792,9.35133175371658
-22.640791237269262,-22.861626926369205,-23.019800485156185,-23.114878370900062,-23.146599981724798,-23.114878370900062,-23.019800485156185,-22.861626926369212,-22.64079123726927,-22.357898713130055,-22.01372474269665,-21.609212682898768,-21.145471273174994,-20.623771596495153,-20.045543595410095,-19.412372152678685,-18.725992747214214,-17.988286697257422,-17.20127600381394,-16.367117808490026,-15.488098480917447,-14.566627351973217,-13.605230109971066,-12.606541877925435,-11.573299990862408,-10.508336492974628,-9.414570375185122,-8.294999574396012,-7.152692756351814,-5.990780904640034,-4.812448738882732,-3.6209259856413425,-2.4194785259607876,-1.211399443816486,-5.669281915752691e-15,1.2113994438164748,2.4194785259607765,3.6209259856413305,4.8124487388827015,5.990780904640025,7.152692756351804,8.294999574395984,9.41457037518511
-22.664349097029646,-22.885414566800222,-23.04375270598886,-23.138929520761987,-23.17068413808598,-23.138929520761987,-23.04375270598886,-22.885414566800225,-22.664349097029653,-22.381162221763706,-22.036630136543426,-21.631697179866265,-21.16747324481991,-20.645230736942544,-20.0664010866476,-19.432570825772604,-18.745477239005595,-18.007003602108615,-17.219174019989744,-16.38414787877218,-15.504213927067049,-14.581784002672544,-13.619386421894077,-12.619659049605142,-11.585342069043001,-10.519270471156851,-9.424366284094782,-8.303630564127698,-7.1601351699626035,-5.997014342991537,-4.817456116553705,-3.6246935777576494,-2.42199600581432,-1.2126599111699532,-5.675180832752269e-15,1.2126599111699419,2.421996005814309,3.624693577757638,4.817456116553674,5.997014342991526,7.160135169962595,8.303630564127669,9.424366284094772
-22.428055252393218,-22.646815939019795,-22.8035032773184,-22.89768779818595,-22.92911134839743,-22.89768779818595,-22.8035032773184,-22.6468159390198,-22.42805525239322,-22.147820825274838,-21.806880760750534,-21.40616955183871,-20.94678552010988,-20.429987805263657,-19.857192913914236,-19.22997083704435,-18.550040746768993,-17.81926628420426,-17.03965045135656,-16.21333012103325,-15.342570179822948,-14.429757320198744,-13.477393498759998,-12.488089078543283,-11.464555674198726,-10.409598719642668,-9.326109778558406,-8.217058618821072,-7.085485072570276,-5.934490704241593,-4.767230309393995,-3.5869032676344443,-2.396744773340896,-1.2000169682193271,-5.616012564021633e-15,1.2000169682193158,2.3967447733408846,3.586903267634433,4.767230309393964,5.9344907042415835,7.0854850725702665,8.217058618821044,9.326109778558395
-22.055478584485837,-22.270605200892092,-22.424689636453497,-22.51730955644243,-22.548211096096168,-22.51730955644243,-22.424689636453497,-22.270605200892092,-22.05547858448584,-21.779899434337025,-21.44462309374095,-21.050568531842405,-20.59881582480514,-20.090603195398238,-19.527323619113442,-18.910521006116287,-18.24188596949556,-17.52325119141039,-16.75658639983584,-15.943992969675357,-15.087698163038363,-14.190049024469532,-13.253505947862829,-12.280635932692938,-11.274105548048093,-10.236673623749496,-9.171183688590665,-8.080556176422583,-6.96778042144748,-5.8359064646616705,-4.688036693905128,-3.527317340432007,-2.356929855309583,-1.1800821892819617,-5.5227189090666e-15,1.1800821892819506,2.3569298553095726,3.5273173404319955,4.688036693905097,5.835906464661661,6.967780421447472,8.080556176422554,9.171183688590652
-21.546552845352295,-21.756715458286923,-21.907244426441135,-21.997727160376353,-22.027915653208257,-21.997727160376353,-21.907244426441135,-21.756715458286923,-21.5465528453523,-21.277332628751086,-20.94979272238373,-20.56483089036656,-20.12350228632275,-19.627016561279632,-19.076734548099235,-18.47416453153007,-17.820958114103405,-17.11890568920559,-16.36993153373422,-15.57608853378886,-14.739552557853026,-13.862616492889863,-12.947683959698336,-11.997262724755753,-11.01395782660414,-10.000464435620607,-8.959560466742799,-7.894098965397079,-6.807000287499277,-5.701244094962229,-4.579861188649528,-3.4459252011609673,-2.3025441722193474,-1.1528520297495768,-5.395283279317874e-15,1.1528520297495661,2.3025441722193363,3.4459252011609562,4.579861188649499,5.70124409496222,6.807000287499268,7.894098965397051,8.959560466742788
-20.768432060203672,-20.971004971966174,-21.116097816777206,-21.2033129052344,-21.23241118684257,-21.2033129052344,-21.116097816777206,-20.971004971966174,-20.768432060203676,-20.50893431976016,-20.193223015904742,-19.82216349137645,-19.39677279453997,-18.91821689172682,-18.387807471402567,-17.80699834892004,-17.177381481712388,-16.50068260584851,-15.778756505910403,-15.013581931157493,-14.20725617191257,-13.361989311034717,-12.480098166235791,-11.563999939844201,-10.616205593421293,-9.639312965390205,-8.635999650541413,-7.609015660931476,-6.561175888291104,-5.495352388602671,-4.414466509994359,-3.3214808855279356,-2.219391312827587,-1.111218542806795,-5.200440879629441e-15,1.1112185428067851,2.2193913128275766,3.3214808855279254,4.4144665099943285,5.495352388602663,6.561175888291095,7.609015660931449,8.635999650541402
-19.85556964749453,-20.04923860365533,-20.187953990409,-20.271335598522434,-20.299154884803578,-20.271335598522434,-20.187953990409,-20.04923860365533,-19.855569647494537,-19.60747795507367,-19.30564352847704,-18.950893674887688,-18.544200738995922,-18.086679437870174,-17.57958380559488,-17.02430375605035,-16.422361273255326,-15.775406239714641,-15.08521191420596,-14.353670071400645,-13.582785816640996,-12.774672090085815,-11.931543875288265,-11.055712128079993,-10.1495774424018,-9.215623470442443,-8.256410115120739,-7.274566513569535,-6.272783830853538,-5.253807883673031,-4.220431614271102,-3.1754874351730424,-2.121839465740598,-1.0623756818198307,-4.971859011014213e-15,1.062375681819821,2.1218394657405883,3.1754874351730322,4.220431614271074,5.253807883673022,6.272783830853529,7.274566513569509,8.25641011512073
-18.809040460879377,-18.992501691008545,-19.12390579415527,-19.202892600806607,-19.229245613615827,-19.202892600806607,-19.12390579415527,-18.992501691008545,-18.80904046087938,-18.574024958247307,-18.28809934426933,-17.952047321178917,-17.566789984212644,-17.13338329695226,-16.653015197001793,-16.12700233993324,-15.556786490425122,-14.943930570485712,-14.29011437559249,-13.597129970489428,-12.86687677726217,-12.101356369154091,-11.302666984393111,-10.472997775066665,-9.61462280680792,-8.729894825739942,-7.821238809762157,-6.891145321854471,-5.942163683617207,-4.976894987757882,-3.997984968676859,-3.008116750693203,-2.0100034937875275,-1.0063809570190279,-4.709806818146581e-15,1.0063809570190183,2.010003493787518,3.008116750693193,3.997984968676833,4.976894987757874,5.942163683617199,6.891145321854447,7.821238809762146
-17.514320879424375,-17.685153562787423,-17.807512469514826,-17.8810622223483,-17.905601226527715,-17.8810622223483,-17.807512469514826,-17.685153562787423,-17.51432087942438,-17.29548265993634,-17.02923872467168,-16.71631882975057,-16.357580666854176,-15.954007512351438,-15.506705532206805,-15.016900750056287,-14.485935686761827,-13.915265680654999,-13.306454898555765,-12.661172048499914,-11.981185805926405,-11.268359965860881,-10.524648334383011,-9.75208937337994,-8.952800613263866,-8.128972848968365,-7.282864135131813,-6.41679359692656,-5.533135073497971,-4.634310611436427,-3.7227838261159327,-2.8010531490955697,-1.8716449800923525,-0.9371067622951657,-4.385607445775219e-15,0.937106762295157,1.8716449800923436,2.8010531490955604,3.7227838261159083,4.634310611436419,5.533135073497963,6.416793596926538,7.282864135131805
-16.09766311875216,-16.254677884290768,-16.367139707597346,-16.434740338631332,-16.45729448876192,-16.434740338631332,-16.367139707597346,-16.254677884290768,-16.09766311875216,-15.89652577753989,-15.651817164125344,-15.364208007808411,-15.03448662529506,-14.663556759976144,-14.25243510482946,-13.802248515735062,-13.31423092284156,-12.78971994844939,-12.23015324068107,-11.637064532987555,-11.012079440291561,-10.356911003289996,-9.673354993128456,-8.963284989317415,-8.228647244380968,-7.471455349313919,-6.693784714468891,-5.8977668810007895,-5.085583678460599,-4.259461244552337,-3.4216639234442927,-2.5744880593590147,-1.720255702453506,-0.8613082442410935,-4.030874603657533e-15,0.8613082442410855,1.7202557024534977,2.574488059359007,3.4216639234442705,4.25946124455233,5.085583678460592,5.897766881000768,6.693784714468883
-14.563478302739762,-14.705528804993568,-14.807272474961668,-14.86843044031678,-14.888835071326914,-14.86843044031678,-14.807272474961668,-14.705528804993572,-14.563478302739764,-14.38151031875311,-14.160123614629283,-13.899924995935885,-13.601627649000548,-13.266049186116868,-12.894109404525803,-12.486827765315494,-12.04532059914921,-11.570798046480622,-11.064560740642953,-10.527996242903358,-9.962575239254011,-9.369847509363996,-8.751437678740913,-8.10904076574538,-7.444417535663465,-6.7593896745714,-6.0558347962207515,-5.335681295629589,-4.600903063485752,-3.853514075849753,-3.0955628739863417,-2.3291269494552576,-1.5563070498513456,-0.779221420801381,-3.646712842626672e-15,0.7792214208013738,1.556307049851338,2.32912694945525,3.0955628739863217,3.853514075849746,4.600903063485745,5.33568129562957,6.055834796220744
