hough_viz/data/file_5_2_0.json
{"header": {"discipline": 0, "disciplineName": "Meteorological products", "gribEdition": 2, "gribLength": 133963, "center": 7, "centerName": "US National Weather Service - NCEP(WMC)", "subcenter": 0, "refTime": "2014-11-30T06:00:00.000Z", "significanceOfRT": 1, "significanceOfRTName": "Start of forecast", "productStatus": 0, "productStatusName": "Operational products", "productType": 1, "productTypeName": "Forecast products", "productDefinitionTemplate": 0, "productDefinitionTemplateName": "Analysis/forecast at horizontal level/layer at a point in time", "parameterCategory": 2, "parameterCategoryName": "Momentum", "parameterNumber": 3, "parameterNumberName": "V-component_of_wind", "parameterUnit": "m.s-1", "genProcessType": 2, "genProcessTypeName": "Forecast", "forecastTime": 6, "surface1Type": 100, "surface1TypeName": "Isobaric surface", "surface1Value": 85000, "surface2Type": 255, "surface2TypeName": "Missing", "surface2Value": 0, "gridDefinitionTemplate": 0, "gridDefinitionTemplateName": "Latitude_Longitude", "numberPoints": 65160, "shape": 6, "shapeName": "Earth spherical with radius of 6,371,229.0 m", "gridUnits": "degrees", "resolution": 48, "winds": "true", "scanMode": 0, "nx": 360, "ny": 181, "basicAngle": 0, "subDivisions": 0, "lo1": 0, "la1": 90, "lo2": 359, "la2": -90, "dx": 1, "dy": 1}, "data":
[rows 20 to 39 of 181, columns 135 to 179 of 360]
2.1910204988667448,1.9917229854273066,1.7772672574335517,1.5492854524674076,1.309512649723858,1.0597736650105583,0.8019691627976835,0.538061191013703,0.27005824867587297,1.5178619762638161e-15,-0.2700582486758754,-0.5380611910137055,-0.8019691627976804,-1.0597736650105503,-1.30951264972386,-1.5492854524674053,-1.7772672574335449,-1.991722985427309,-2.1910204988667425,-2.37364302333546,-2.5382006911517467,-2.683441119100885,-2.8082589398276228,-2.9117042143491614,-2.9929896616644265,-3.0514966504378607,-3.086779907157406,-3.098570904934816,-3.086779907157406,-3.051496650437861,-2.992989661664428,-2.9117042143491627,-2.8082589398276245,-2.6834411191008867,-2.538200691151748,-2.3736430233354615,-2.191020498866745,-1.9917229854273115,-1.777267257433548,-1.549285452467408,-1.3095126497238634,-1.0597736650105536,-0.8019691627976838,-0.5380611910137088,-0.2700582486758788
2.5798368895793047,2.345172231061311,2.0926593958112365,1.8242201589767366,1.5418975052381825,1.2478400804616023,0.9442858392062563,0.633545012539178,0.31798252578173225,1.78722030290475e-15,-0.31798252578173514,-0.6335450125391808,-0.9442858392062528,-1.2478400804615926,-1.5418975052381845,-1.8242201589767342,-2.092659395811228,-2.345172231061313,-2.5798368895793025,-2.7948674316194975,-2.988627344917968,-3.1596419995390805,-3.3066098706997056,-3.4284124441586736,-3.5241227287855597,-3.5930123115229073,-3.6345569010494145,-3.6484403179534746,-3.6345569010494145,-3.5930123115229087,-3.524122728785561,-3.428412444158675,-3.306609870699707,-3.159641999539083,-2.9886273449179708,-2.7948674316195,-2.579836889579305,-2.3451722310613166,-2.0926593958112316,-1.8242201589767373,-1.541897505238189,-1.2478400804615968,-0.9442858392062567,-0.6335450125391847,-0.31798252578173913
2.99868362686027,2.725920231568479,2.4324109373588207,2.120389527185968,1.7922306723850352,1.4504318599887915,1.0975943853433168,0.7364035546797764,0.3696082483124919,2.077382597931093e-15,-0.3696082483124952,-0.7364035546797797,-1.0975943853433126,-1.4504318599887804,-1.7922306723850383,-2.120389527185965,-2.432410937358811,-2.725920231568482,-2.9986836268602666,-3.2486252290969784,-3.47384283176671,-3.672622392923044,-3.843451080079208,-3.985028783776752,-4.096278012203586,-4.1763520915572645,-4.224641609743851,-4.240779054371938,-4.224641609743851,-4.176352091557266,-4.0962780122035864,-3.9850287837767535,-3.8434510800792103,-3.672622392923046,-3.473842831766713,-3.248625229096981,-2.9986836268602706,-2.7259202315684856,-2.4324109373588154,-2.120389527185969,-1.7922306723850427,-1.4504318599887849,-1.0975943853433172,-0.7364035546797842,-0.3696082483124999
3.468824497465061,3.1532965974476173,2.813770206311062,2.4528293249035626,2.0732209312747143,1.6778340745138483,1.2696778873420027,0.8518586847950229,0.42755632329040727,2.4030796652783295e-15,-0.42755632329041116,-0.8518586847950267,-1.269677887341998,-1.6778340745138356,-2.073220931274718,-2.4528293249035586,-2.8137702063110517,-3.1532965974476204,-3.468824497465057,-3.7579525485232987,-4.018480311573484,-4.248425013027836,-4.446036634863897,-4.609811233318319,-4.738502384807061,-4.831130671961458,-4.8869911375857695,-4.905658649807126,-4.8869911375857695,-4.83113067196146,-4.738502384807063,-4.609811233318321,-4.4460366348638996,-4.248425013027839,-4.018480311573486,-3.757952548523302,-3.468824497465061,-3.1532965974476252,-2.8137702063110557,-2.452829324903563,-2.073220931274723,-1.6778340745138407,-1.2696778873420032,-0.851858684795032,-0.42755632329041654
3.963635097989971,3.603098708841962,3.2151405629091907,2.802713255937714,2.3689556087640264,1.9171687789931477,1.4507911371959534,0.9733720988330679,0.48854511105991005,2.7458670542495834e-15,-0.48854511105991455,-0.9733720988330723,-1.4507911371959483,-1.917168778993133,-2.36895560876403,-2.80271325593771,-3.2151405629091783,-3.6030987088419657,-3.9636350979899664,-4.294005830733971,-4.591696586314471,-4.854441758330912,-5.0802416973743885,-5.267377929567035,-5.414426235185922,-5.520267487835102,-5.5840961716732105,-5.60542651187543,-5.5840961716732105,-5.520267487835103,-5.414426235185923,-5.267377929567037,-5.080241697374391,-4.854441758330915,-4.591696586314476,-4.294005830733974,-3.9636350979899717,-3.6030987088419706,-3.215140562909183,-2.802713255937715,-2.368955608764036,-1.9171687789931389,-1.450791137195954,-0.9733720988330785,-0.4885451110599207
4.484007951571616,4.076137904051243,3.6372459858416906,3.1706724294506903,2.6799681413672234,2.168867677518955,1.6412608210466364,1.1011629787057844,0.5526846211965849,3.106363073497241e-15,-0.5526846211965898,-1.1011629787057893,-1.6412608210466302,-2.1688676775189384,-2.679968141367228,-3.1706724294506854,-3.637245985841677,-4.076137904051247,-4.484007951571612,-4.857751991062505,-5.194525604710557,-5.4917657419664385,-5.74721022590715,-5.958914969768287,-6.1252687726182495,-6.245005581570188,-6.317214127208907,-6.341344858901383,-6.317214127208907,-6.245005581570191,-6.12526877261825,-5.958914969768289,-5.7472102259071525,-5.491765741966443,-5.194525604710561,-4.85775199106251,-4.484007951571617,-4.076137904051253,-3.637245985841682,-3.1706724294506916,-2.679968141367234,-2.168867677518945,-1.641260821046637,-1.1011629787057962,-0.5526846211965969
5.044784669292573,4.585905785709587,4.092125390051741,3.5672014492827127,3.0151289515495288,2.4401095019104266,1.846519345583362,1.2388760620775545,0.6218041836855054,3.4948494694223007e-15,-0.621804183685511,-1.2388760620775603,-1.8465193455833548,-2.4401095019104075,-3.0151289515495336,-3.5672014492827078,-4.092125390051725,-4.585905785709592,-5.044784669292568,-5.465269695417978,-5.844160719141179,-6.178574150990988,-6.465964902826696,-6.704145757495529,-6.891304014875932,-7.026015287620004,-7.107254341601262,-7.134402898565428,-7.107254341601262,-7.026015287620004,-6.891304014875933,-6.704145757495532,-6.465964902826698,-6.178574150990992,-5.844160719141184,-5.465269695417982,-5.044784669292574,-4.585905785709599,-4.0921253900517325,-3.567201449282714,-3.015128951549541,-2.440109501910416,-1.8465193455833626,-1.2388760620775676,-0.6218041836855189
5.621883366117419,5.110510982201678,4.560244523900498,3.9752718512214806,3.3600449594199095,2.719246096626549,2.0577521291121488,1.3805974253905122,0.6929355416341216,3.894643158671169e-15,-0.6929355416341281,-1.3805974253905182,-2.0577521291121412,-2.719246096626528,-3.360044959419915,-3.975271851221474,-4.5602445239004785,-5.110510982201684,-5.621883366117412,-6.09046982303102,-6.512704127065124,-6.885372820213985,-7.205639668699256,-7.4710672484215275,-7.679635495229563,-7.829757078828216,-7.9202894833203965,-7.950543702442963,-7.9202894833203965,-7.829757078828219,-7.679635495229567,-7.47106724842153,-7.20563966869926,-6.885372820213992,-6.512704127065129,-6.090469823031025,-5.621883366117419,-5.11051098220169,-4.5602445239004865,-3.9752718512214815,-3.3600449594199238,-2.719246096626537,-2.05775212911215,-1.380597425390527,-0.6929355416341366
6.215390920342802,5.650032469283547,5.041673859550176,4.394945067499693,3.7147680897451636,3.0063194837893885,2.274990971296611,1.526348403835175,0.7660894033861729,4.3058043274735585e-15,-0.76608940338618,-1.5263484038351818,-2.274990971296602,-3.0063194837893654,-3.71476808974517,-4.394945067499687,-5.041673859550157,-5.650032469283554,-6.215390920342797,-6.7334464935426075,-7.200256473160392,-7.612268153383692,-7.966345876546577,-8.259794897377777,-8.49038189163941,-8.656351953072921,-8.75644194929533,-8.78989013499939,-8.75644194929533,-8.656351953072923,-8.490381891639414,-8.259794897377782,-7.966345876546581,-7.612268153383697,-7.200256473160399,-6.733446493542612,-6.215390920342804,-5.650032469283562,-5.041673859550164,-4.394945067499695,-3.7147680897451796,-3.0063194837893747,-2.274990971296612,-1.526348403835191,-0.7660894033861896
6.828788530746416,6.207634792255407,5.53923720472298,4.828682677379712,4.081378959223283,3.303013482783184,2.499510079325004,1.6769838949177256,0.8416948504795458,4.73074462796107e-15,-0.8416948504795536,-1.676983894917733,-2.4995100793249936,-3.303013482783158,-4.081378959223288,-4.828682677379705,-5.5392372047229586,-6.207634792255414,-6.82878853074641,-7.397971065183199,-7.91085057279687,-8.363523730849373,-8.752545423276429,-9.07495496010092,-9.328298610071414,-9.510648275038577,-9.620616163946252,-9.657365354759428,-9.620616163946252,-9.510648275038578,-9.328298610071418,-9.074954960100925,-8.75254542327643,-8.363523730849376,-7.9108505727968765,-7.397971065183205,-6.828788530746418,-6.207634792255422,-5.539237204722968,-4.828682677379714,-4.081378959223299,-3.303013482783169,-2.4995100793250047,-1.6769838949177436,-0.8416948504795643
7.445464629071582,6.768217388462583,6.039459926766005,5.264738528301098,4.449949290699798,3.6012932520434435,2.7252291972186846,1.8284245026647286,0.9177043936125756,5.157956149625352e-15,-0.9177043936125843,-1.8284245026647368,-2.725229197218674,-3.601293252043416,-4.449949290699805,-5.264738528301091,-6.039459926765981,-6.76821738846259,-7.445464629071575,-8.066047388158891,-8.62524265620973,-9.118794619582891,-9.542947049822319,-9.894471890823615,-10.170693826290261,-10.369510640506011,-10.489409217465791,-10.5294770566022,-10.489409217465791,-10.369510640506013,-10.170693826290265,-9.894471890823619,-9.542947049822322,-9.118794619582898,-8.625242656209737,-8.066047388158898,-7.445464629071583,-6.768217388462599,-6.039459926765992,-5.2647385283011,-4.449949290699816,-3.6012932520434275,-2.725229197218686,-1.8284245026647485,-0.9177043936125956
8.065239208958602,7.331616625111902,6.542196011796961,5.702985336546255,4.820371499327754,3.901071724379496,2.952082438077163,1.9806260219049694,0.9940958457713688,5.587314190388533e-15,-0.9940958457713781,-1.9806260219049783,-2.9520824380771518,-3.9010717243794666,-4.820371499327762,-5.702985336546248,-6.542196011796936,-7.331616625111909,-8.065239208958596,-8.737480452500552,-9.343224193964023,-9.877860357718399,-10.337320039735406,-10.718106474405516,-11.017321647035761,-11.232688349491381,-11.362567511124702,-11.405970673092515,-11.362567511124702,-11.232688349491383,-11.017321647035764,-10.718106474405522,-10.33732003973541,-9.877860357718406,-9.343224193964028,-8.73748045250056,-8.065239208958603,-7.33161662511192,-6.542196011796946,-5.7029853365462575,-4.8203714993277735,-3.901071724379478,-2.952082438077164,-1.9806260219049907,-0.9940958457713907
8.675592186464025,7.886451258174585,7.037289673840988,6.13457006585774,5.185162675518654,4.196293066332066,3.17548713311962,2.1305138254125993,1.0693260210547466,6.010145276238281e-15,-1.0693260210547566,-2.130513825412609,-3.1754871331196077,-4.196293066332034,-5.185162675518662,-6.134570065857731,-7.03728967384096,-7.886451258174593,-8.675592186464018,-9.398706619748694,-10.050291220562851,-10.62538703665675,-11.119617241617613,-11.529220445161288,-11.851079319583642,-12.082744324506631,-12.22245234935963,-12.269140131715485,-12.22245234935963,-12.082744324506637,-11.851079319583645,-11.529220445161293,-11.119617241617616,-10.62538703665676,-10.050291220562858,-9.398706619748705,-8.675592186464028,-7.886451258174604,-7.037289673840972,-6.1345700658577424,-5.185162675518675,-4.196293066332047,-3.1754871331196215,-2.130513825412622,-1.06932602105477
9.272392106615113,8.428965634138162,7.52138964363684,6.556571336408163,5.541853562343427,4.484958936406607,3.3939310648714422,2.2770733286210203,1.1428856894053008,6.4235872804108344e-15,-1.142885689405311,-2.27707332862103,-3.39393106487143,-4.484958936406573,-5.5418535623434355,-6.556571336408155,-7.52138964363681,-8.428965634138171,-9.272392106615102,-10.045250076337297,-10.741657627490714,-11.356314678108705,-11.884543316896028,-12.322323404958308,-12.666323171486548,-12.913924570544749,-13.06324320598025,-13.11314267281633,-13.06324320598025,-12.913924570544753,-12.666323171486551,-12.322323404958315,-11.884543316896037,-11.356314678108712,-10.74165762749072,-10.045250076337304,-9.272392106615113,-8.428965634138184,-7.521389643636821,-6.556571336408165,-5.541853562343449,-4.484958936406587,-3.3939310648714436,-2.2770733286210447,-1.1428856894053256
9.85543927062157,8.958978219022926,7.994333933598589,6.968847939828715,5.890324805331334,4.766972742390043,3.607341138502278,2.4202554903784015,1.2147502365824994,6.827501858604693e-15,-1.2147502365825105,-2.420255490378412,-3.6073411385022642,-4.766972742390006,-5.890324805331344,-6.968847939828705,-7.994333933598555,-8.958978219022935,-9.855439270621561,-10.676894478493857,-11.417092072499646,-12.070398702005024,-12.631842309082163,-13.097149968872252,-13.462780409123841,-13.725950961412947,-13.884658738929904,-13.937695879657435,-13.884658738929904,-13.725950961412948,-13.462780409123846,-13.097149968872257,-12.63184230908217,-12.070398702005035,-11.417092072499656,-10.676894478493868,-9.855439270621572,-8.958978219022947,-7.994333933598568,-6.968847939828717,-5.890324805331357,-4.7669727423900214,-3.607341138502279,-2.4202554903784272,-1.2147502365825258
10.394428939190986,9.448940824280523,8.431540564270849,7.349971189463639,6.212464095870691,5.027676399319806,3.804625049576039,2.552618205909607,1.281184396383164,7.20089495280153e-15,-1.2811843963831757,-2.552618205909619,-3.804625049576024,-5.027676399319768,-6.2124640958707005,-7.349971189463627,-8.431540564270815,-9.448940824280532,-10.394428939190975,-11.260809173546418,-12.041487850628668,-12.730523534318467,-13.322672247011853,-13.813427379456018,-14.19905398876702,-14.476617223600307,-14.644004660141519,-14.69994237892728,-14.644004660141519,-14.476617223600313,-14.199053988767023,-13.813427379456023,-13.322672247011859,-12.730523534318475,-12.041487850628679,-11.260809173546425,-10.394428939190988,-9.448940824280548,-8.431540564270827,-7.34997118946364,-6.212464095870715,-5.027676399319784,-3.8046250495760408,-2.5526182059096345,-1.281184396383192
10.900281622299783,9.90878061889175,8.841867811888651,7.70766305197128,6.514798322214236,5.272352043482385,3.989779982166378,2.676843286091092,1.3435341962864562,7.551331908402361e-15,-1.3435341962864689,-2.676843286091104,-3.9897799821663633,-5.272352043482345,-6.514798322214245,-7.7076630519712666,-8.84186781188862,-9.90878061889176,-10.900281622299774,-11.80882490079213,-12.627495891426012,-13.350064013635642,-13.971030087712489,-14.485668186883213,-14.890061604466156,-15.181132662374113,-15.356666134102868,-15.415326103942563,-15.356666134102868,-15.181132662374113,-14.890061604466162,-14.485668186883219,-13.971030087712496,-13.350064013635652,-12.627495891426022,-11.80882490079214,-10.900281622299786,-9.908780618891774,-8.84186781188863,-7.707663051971282,-6.514798322214262,-5.272352043482362,-3.9897799821663806,-2.676843286091121,-1.3435341962864857
11.373474599895232,10.338931468921276,9.225702826651343,8.042261015238877,6.797612741450495,5.501230530188907,4.162980632858714,2.793047939236061,1.4018584643073375,7.879143368175866e-15,-1.4018584643073504,-2.7930479392360734,-4.162980632858698,-5.501230530188865,-6.7976127414505045,-8.042261015238862,-9.225702826651307,-10.338931468921285,-11.373474599895221,-12.321458721672268,-13.17566910267718,-13.929604686124183,-14.577527566984537,-15.114506660908322,-15.53645523275394,-15.840161999110157,-16.02331556810182,-16.084522030477757,-16.02331556810182,-15.84016199911016,-15.536455232753948,-15.114506660908326,-14.577527566984545,-13.929604686124192,-13.175669102677189,-12.321458721672279,-11.373474599895236,-10.338931468921299,-9.225702826651322,-8.042261015238878,-6.797612741450523,-5.501230530188881,-4.162980632858717,-2.7930479392360907,-1.401858464307368
11.76687198579297,10.696545017632847,9.544810883138094,8.320434974508228,7.032735531706377,5.691512725026453,4.306974069879676,2.8896567414390963,1.450347380373691,8.151675247236153e-15,-1.4503473803737041,-2.8896567414391097,-4.30697406987966,-5.691512725026408,-7.032735531706388,-8.320434974508215,-9.544810883138059,-10.69654501763286,-11.76687198579296,-12.747645953109652,-13.631402637484086,-14.411416116921291,-15.081750017857795,-15.637302694548739,-16.07384605567264,-16.388057742659274,-16.577546414844456,-16.640869949016455,-16.577546414844456,-16.38805774265928,-16.073846055672643,-15.637302694548746,-15.081750017857804,-14.411416116921306,-13.631402637484094,-12.747645953109664,-11.766871985792973,-10.696545017632872,-9.544810883138075,-8.320434974508228,-7.032735531706406,-5.691512725026427,-4.3069740698796775,-2.8896567414391283,-1.4503473803737221
12.106721988525301,11.00548190909033,9.820483467035546,8.560745216026524,7.235854524804278,5.855894611519881,4.4313678043559195,2.9731156124678013,1.492236215552483,8.387111381698322e-15,-1.4922362155524964,-2.973115612467815,-4.431367804355903,-5.855894611519836,-7.2358545248042905,-8.560745216026511,-9.820483467035507,-11.005481909090344,-12.106721988525289,-13.115822603388995,-14.025103888690673,-14.827645664810131,-15.517340104243178,-16.08893821585679,-16.538089792881216,-16.861376520610186,-17.056337991839804,-17.12149043205305,-17.056337991839804,-16.86137652061019,-16.538089792881216,-16.088938215856796,-15.517340104243187,-14.827645664810145,-14.025103888690685,-13.115822603389006,-12.106721988525301,-11.005481909090356,-9.82048346703552,-8.560745216026525,-7.235854524804307,-5.855894611519855,-4.431367804355922,-2.9731156124678333,-1.4922362155525153
