hough_viz/data/file_1_2_2.json
{"header": {"discipline": 0, "disciplineName": "Meteorological products", "gribEdition": 2, "gribLength": 133963, "center": 7, "centerName": "US National Weather Service - NCEP(WMC)", "subcenter": 0, "refTime": "2014-11-30T06:00:00.000Z", "significanceOfRT": 1, "significanceOfRTName": "Start of forecast", "productStatus": 0, "productStatusName": "Operational products", "productType": 1, "productTypeName": "Forecast products", "productDefinitionTemplate": 0, "productDefinitionTemplateName": "Analysis/forecast at horizontal level/layer at a point in time", "parameterCategory": 2, "parameterCategoryName": "Momentum", "parameterNumber": 2, "parameterNumberName": "U-component_of_wind", "parameterUnit": "m.s-1", "genProcessType": 2, "genProcessTypeName": "Forecast", "forecastTime": 6, "surface1Type": 100, "surface1TypeName": "Isobaric surface", "surface1Value": 85000, "surface2Type": 255, "surface2TypeName": "Missing", "surface2Value": 0, "gridDefinitionTemplate": 0, "gridDefinitionTemplateName": "Latitude_Longitude", "numberPoints": 65160, "shape": 6, "shapeName": "Earth spherical with radius of 6,371,229.0 m", "gridUnits": "degrees", "resolution": 48, "winds": "true", "scanMode": 0, "nx": 360, "ny": 181, "basicAngle": 0, "subDivisions": 0, "lo1": 0, "la1": 90, "lo2": 359, "la2": -90, "dx": 1, "dy": 1}, "data":
[rows 57 to 75 of 181, columns 258 to 300 of 360]
3.5534597020414034,3.261154162090251,2.9678552429898013,2.6736522864320924,2.37863490948767,2.0828929773074787,1.7865165757489623,1.4895959839350983,1.1922216467544875,0.8944841473109647,0.5964741793311085,0.29828251953803764,3.1396019864644284e-15,-0.2982825195380314,-0.5964741793311021,-0.8944841473109586,-1.1922216467544813,-1.4895959839350925,-1.7865165757489565,-2.082892977307488,-2.3786349094876784,-2.673652286432086,-2.967855242989795,-3.26115416209023,-3.553459702041382,-3.844682823744171,-4.134734817814553,-4.423527331605369,-4.71097239611929,-4.99698245280514,-5.28147038022901,-5.564349520612309,-5.845533706228566,-6.124937285650947,-6.4024751498425365,-6.678062758081299,-6.951616163712117,-7.223052039717635,-7.49228770410058,-7.759241145069438,-8.023831046020048,-8.285976810305442,-8.545598585786372
3.398368683584398,3.1188208411148306,2.8383229756043504,2.556960529420063,2.2748192082886662,1.9919849551897713,1.7085439241767337,1.424582454133356,1.1401870424742087,0.8554443187966839,0.5704410184927783,0.2852639563286393,3.0025738194218485e-15,-0.28526395632863333,-0.5704410184927725,-0.855444318796678,-1.1401870424742029,-1.42458245413335,-1.7085439241767286,-1.99198495518978,-2.2748192082886747,-2.556960529420057,-2.838322975604344,-3.1188208411148106,-3.3983686835843776,-3.676881350032202,-3.9542740028020433,-4.230462145404734,-4.505361648256511,-4.778888774305813,-5.050960204540325,-5.321493063366784,-5.590404943855681,-5.85761393284321,-6.12303863588283,-6.386598202038737,-6.648212348513952,-6.907801385105116,-7.1652862384770035,-7.420588476248965,-7.673630330886204,-7.924334723388531,-8.172625286769371
3.2321853219486005,2.9663076266952646,2.699526365403556,2.4319228022300607,2.1635784518124264,1.894575054439329,1.6249945511514883,1.3549190587816917,1.0844308449411946,0.8136123029602107,0.5425459267901056,0.2713142858749264,2.855745191532992e-15,-0.2713142858749207,-0.5425459267901,-0.8136123029602049,-1.084430844941189,-1.354919058781686,-1.624994551151483,-1.8945750544393367,-2.1635784518124344,-2.4319228022300545,-2.69952636540355,-2.9663076266952455,-3.2321853219485814,-3.4970784622419835,-3.7609063585588136,-4.023588646366122,-4.285045310094355,-4.545196707510968,-4.803963593980162,-5.061267146601591,-5.317028988220571,-5.571171211302521,-5.823616401664373,-6.074287662055627,-6.323108635582086,-6.570003528964805,-6.8148971356275485,-7.057714858605387,-7.298382733267678,-7.536827449848392,-7.772976375777007
3.0590134764451,2.8073807970491718,2.5548929622667402,2.301626882338212,2.0476597045649494,1.793068789809565,1.5379316889309564,1.2823261191616218,1.0263299404342179,0.7700211316646763,0.5134777669990676,0.2567779920314472,2.702742001478477e-15,-0.25677799203144175,-0.5134777669990622,-0.770021131664671,-1.0263299404342123,-1.2823261191616162,-1.5379316889309516,-1.7930687898095727,-2.0476597045649565,-2.3016268823382062,-2.554892962266735,-2.807380797049153,-3.0590134764450814,-3.309714350702769,-3.5594070539072975,-3.808015527242468,-4.055464042158952,-4.301677223442033,-4.546580072171569,-4.790097988567413,-5.0321567947132175,-5.272682757151755,-5.511602609344853,-5.748843573991037,-5.984333385194297,-6.218000310476877,-6.4497731726297625,-6.679581371393912,-6.907354904965775,-7.133024391320536,-7.356521089346552
2.8803478168502745,2.643412071281565,2.4056711167886244,2.1671973715692623,1.9280634770363947,1.6883422756908646,1.4481067889328199,1.2074301948187411,0.9663858057706816,0.7250470462445945,0.483487430364533,0.2417805395295223,2.544884840623482e-15,-0.24178053952951725,-0.483487430364528,-0.7250470462445896,-0.9663858057706767,-1.2074301948187363,-1.4481067889328152,-1.6883422756908721,-1.9280634770364018,-2.167197371569257,-2.4056711167886196,-2.6434120712815483,-2.8803478168502576,-3.1164061805714107,-3.3515152567806434,-3.5856034289758183,-3.818599391631993,-4.050432171921875,-4.281031151334769,-4.51032608718769,-4.738247134021942,-4.96472486487874,-5.189690292447338,-5.413074890079187,-5.634810612661895,-5.854829917346338,-6.0730657841209466,-6.289451736226604,-6.503921860406119,-6.716410826982048,-6.9268539097567565
2.693201316514668,2.4716601338276316,2.2493660595203115,2.0263868065211743,1.8027902964707092,1.5786446390319293,1.3540181111434257,1.1289791362216002,0.9035962633182153,0.6779381462396898,0.45207352263448564,0.22607119305494094,2.3795345697660434e-15,-0.22607119305493617,-0.452073522634481,-0.6779381462396852,-0.9035962633182106,-1.1289791362215955,-1.354018111143421,-1.5786446390319357,-1.8027902964707156,-2.026386806521169,-2.2493660595203067,-2.471660133827615,-2.6932013165146516,-2.9139221239910613,-3.1337553225606944,-3.3526339489017185,-3.5704913304642,-3.7872611057792973,-4.0028772446735505,-4.217274068382335,-4.430386269556238,-4.642148932154319,-4.85249755121817,-5.06136805252071,-5.26869681208389,-5.474420675559085,-5.678476977464603,-5.880803560274144,-6.0813387933506,-6.2800215917193505,-6.476791434675337
2.5009474757010515,2.2952209827695866,2.0887953432924538,1.8817334365191507,1.6740983355123114,1.4659532879351311,1.2573616967854375,1.048387101082567,0.8390931565127526,0.6295436160389866,0.41980231048124905,0.20993312907301206,2.209671790633615e-15,-0.20993312907300765,-0.41980231048124467,-0.6295436160389821,-0.8390931565127483,-1.0483871010825625,-1.2573616967854333,-1.4659532879351374,-1.6740983355123173,-1.881733436519146,-2.0887953432924493,-2.295220982769571,-2.500947475701037,-2.705912155804192,-2.9100525888519186,-3.113306591690779,-3.315612251182522,-3.516907943063498,-3.7171323507159646,-3.916224483845734,-4.114123697060404,-4.310769708342541,-4.506102617412159,-4.70006292397291,-4.8925915458364955,-5.083629836919611,-5.273119605108174,-5.461003129983164,-5.647223180402835,-5.831723031935876,-6.014446484140229
2.304878826338769,2.115280827107798,1.9250384928456945,1.7342097732104138,1.542852796478536,1.3510258518389098,1.1587873716371322,0.9661959135765288,0.7733101428808998,0.5801888144245259,0.3868907548348629,0.1934748445733725,2.0364384989580176e-15,-0.19347484457336844,-0.38689075483485885,-0.5801888144245219,-0.7733101428808958,-0.9661959135765246,-1.1587873716371282,-1.3510258518389155,-1.5428527964785417,-1.7342097732104096,-1.9250384928456903,-2.115280827107784,-2.304878826338755,-2.4937747371513703,-2.6819110200213014,-2.8692303668142882,-3.0556757182426746,-3.24119028124629,-3.425717546292121,-3.609201304587682,-3.7915856652027466,-3.972815072094275,-4.15283432102933,-4.3315885764007795,-4.509023387930828,-4.685084707257011,-4.85971890439593,-5.032872784079415,-5.204493601958337,-5.374529080669039,-5.542927425757547
2.1034785356990437,1.9304476078965016,1.7568286470519194,1.5826745391826733,1.4080383333170703,1.2329732253351742,1.0575325417647614,0.8817697235375792,0.7057383097107125,0.5294919211580671,0.35308424423693374,0.17656901443459294,1.8584945216550695e-15,-0.1765690144345892,-0.3530842442369301,-0.5294919211580635,-0.7057383097107087,-0.8817697235375755,-1.0575325417647579,-1.2329732253351793,-1.4080383333170754,-1.5826745391826693,-1.756828647051916,-1.9304476078964887,-2.103478535699031,-2.2758687235627537,-2.447565659766435,-2.61851704376006,-2.7886708020960014,-2.9579751042911644,-3.126378378615012,-3.2938293277988264,-3.460276944661352,-3.625670527646078,-3.7899596962654325,-3.9530944064471325,-4.115024965778151,-4.275702048641444,-4.435076711241063,-4.593100406510887,-4.749724998902525,-4.904902779047877,-5.05858647829188
1.8993461129752804,1.7431070002062756,1.5863369201591428,1.4290836265189473,1.2713950201622617,1.1133191345661624,0.95490412117671,0.7961982347415832,0.6372498186112087,0.47810729001290747,0.318819125302539,0.15943384519812517,1.6781366131308394e-15,-0.1594338451981218,-0.31881912530253576,-0.4781072900129042,-0.6372498186112053,-0.7961982347415799,-0.9549041211767069,-1.1133191345661673,-1.2713950201622661,-1.4290836265189437,-1.5863369201591397,-1.743107000206264,-1.8993461129752691,-2.0550066665188913,-2.2100412451245868,-2.3644026237578752,-2.5180437824474766,-2.6709179206081064,-2.8229784712963557,-2.9741791153954424,-3.1244737957244597,-3.2738167310678414,-3.4221624301207734,-3.5694657053462504,-3.7156816867396962,-3.860765835496736,-4.004673957580205,-4.147362217182049,-4.288787150076139,-4.428905676857901,-4.567675116066726
1.6933982878937675,1.5541003241063123,1.414328966305219,1.2741267902000843,1.133536502731904,0.9926009290641842,0.85136299953793,0.7098657365946784,0.5681522416714361,0.4262656820715664,0.2842492778156092,0.14214628847603766,1.4961747351440168e-15,-0.14214628847603467,-0.28424927781560627,-0.4262656820715634,-0.5681522416714332,-0.7098657365946756,-0.8513629995379272,-0.9926009290641883,-1.133536502731908,-1.2741267902000812,-1.4143289663052159,-1.5541003241063016,-1.693398287893757,-1.8321804261584091,-1.9704044645165162,-2.1080282985870022,-2.245010006816803,-2.3813078632506266,-2.516880350241056,-2.6516861710952355,-2.7856842626542395,-2.9188338078013083,-3.05109424789515,-3.182425295124462,-3.312786944780041,-3.442139487440544,-3.5704435210684204,-3.6976599630121147,-3.8237500619110407,-3.9486754094996077,-4.072397952306772
1.4856541979951323,1.363445142894216,1.240820769194778,1.1178184294689493,0.9944755914209474,0.8708298264741038,0.746918798326198,0.6227802514767574,0.49845199972970916,0.3739719146749303,0.2493779141521941,0.12470795070102288,1.3126257963598504e-15,-0.12470795070102025,-0.2493779141521916,-0.37397191467492774,-0.49845199972970666,-0.6227802514767548,-0.7469187983261956,-0.8708298264741073,-0.994475591420951,-1.1178184294689464,-1.2408207691947755,-1.363445142894207,-1.4856541979951234,-1.6074107084354814,-1.7286775860027062,-1.8494178916311652,-1.9695948466541136,-2.0891718440068776,-2.208112459377695,-2.3263804623029203,-2.443939827203175,-2.560754744357086,-2.676789630809284,-2.792009141209288,-2.9063781785780862,-3.019861904998965,-3.1324257522295227,-3.2440354322314615,-3.3546569476150663,-3.4642566019951344,-3.572801010255234
1.2779564604282159,1.1728325010978389,1.067351285626139,0.9615449446131785,0.8554457076953883,0.749085893728151,0.6424979009411259,0.5357141970694574,0.42876730946378155,0.3216898151820808,0.21451433106639645,0.10727350380741683,1.129117811430503e-15,-0.10727350380741456,-0.21451433106639423,-0.3216898151820786,-0.4287673094637794,-0.5357141970694551,-0.6424979009411237,-0.7490858937281539,-0.8554457076953912,-0.9615449446131762,-1.0673512856261367,-1.1728325010978313,-1.2779564604282083,-1.3826911418409016,-1.4870046421373553,-1.5908651864148817,-1.6942411377455633,-1.797101006813206,-1.8994134615052642,-2.001147336456917,-2.102271642544336,-2.202755576324272,-2.3025685294170937,-2.401680097830367,-2.500060091220248,-2.5976785420877135,-2.694505714906981,-2.790512115183226,-2.885668498436887,-2.9799458791118267,-3.07331553940461
1.0706680025351394,0.9825954718660384,0.8942236330975865,0.8055794051479588,0.7166897899076954,0.627581864014701,0.5382827706064055,0.44881971105172097,0.35921993666523605,0.2695107404062012,0.1797194485648295,0.08987341243843898,9.459714389534561e-16,-0.08987341243843706,-0.17971944856482763,-0.2695107404061993,-0.3592199366652342,-0.44881971105171914,-0.5382827706064036,-0.6275818640147035,-0.7166897899076982,-0.805579405147957,-0.8942236330975847,-0.9825954718660321,-1.070668002535133,-1.1584143973588723,-1.2458079279353593,-1.3328219733485895,-1.4194300282773968,-1.5056057110692638,-1.5913227717764082,-1.67655510015178,-1.7612767336024924,-1.845461865098278,-1.9290848510325684,-2.0121202190337653,-2.094542675724403,-2.1763271144257192,-2.2574486228054282,-2.337882490466235,-2.417604216472869,-2.4965895168153067,-2.574814331805922
0.865318484242616,0.7941378861846327,0.7227153860335273,0.6510727397747387,0.5792317704523277,0.5072143615214965,0.43504245018264986,0.3627380206991268,0.29032309770057674,0.2178197394740441,0.14525003124480043,0.07263607844896729,7.645381852766684e-16,-0.07263607844896576,-0.1452500312447989,-0.21781973947404257,-0.2903230977005753,-0.3627380206991253,-0.43504245018264837,-0.5072143615214986,-0.5792317704523298,-0.6510727397747371,-0.7227153860335258,-0.7941378861846273,-0.865318484242611,-0.9362354979077692,-1.0068673251707443,-1.0771924508927335,-1.147189453359179,-1.2168370108050581,-1.286113907909681,-1.354999042259089,-1.4234714307740552,-1.4915102161017297,-1.5590946729689992,-1.6262042144955897,-1.6928183984650547,-1.758916933551643,-1.8244796855012608,-1.889486683264544,-1.9539181250802358,-2.0177543845069974,-2.080976016401817
0.6630667463661131,0.6085232592938226,0.5537944101418512,0.49889686984782655,0.4438473607343208,0.38866265141509243,0.33335955168718323,0.2779549074105037,0.22246559537641733,0.16690851816690666,0.11130059900588321,0.05565877660420664,5.858419255053362e-16,-0.05565877660420548,-0.11130059900588207,-0.1669085181669055,-0.2224655953764162,-0.27795490741050255,-0.3333595516871822,-0.38866265141509404,-0.4438473607343224,-0.4988968698478252,-0.55379441014185,-0.6085232592938186,-0.6630667463661091,-0.7174082568841873,-0.7715312378975261,-0.8254192030218134,-0.8790557374608418,-0.9324245030066357,-0.9855092430162147,-1.0382937873635283,-1.0907620573650336,-1.1428980706774163,-1.1946859461659707,-1.246109908742138,-1.297154294168767,-1.3478035538315738,-1.3980422594754174,-1.4478551079038855,-1.4972269256407982,-1.5461426735521981,-1.594587451427416
0.46355572242451937,0.4254238967947245,0.3871624829247901,0.3487831356120317,0.3102975455774257,0.271717435904519,0.23305455846844988,0.1943206903562211,0.155527630279283,0.11668719497953185,0.07781121562981569,0.03891153423004254,4.095671793111604e-16,-0.038911534230041726,-0.07781121562981488,-0.11668719497953105,-0.15552763027928218,-0.1943206903562203,-0.23305455846844916,-0.2717174359045202,-0.31029754557742684,-0.3487831356120308,-0.38716248292478933,-0.42542389679472165,-0.46355572242451654,-0.5015463444906977,-0.5393841906817565,-0.5770577352232039,-0.6145555023884162,-0.6518660699942682,-0.6889780728804317,-0.7258802063713152,-0.7625612297195787,-0.7990099695301731,-0.8352153231638668,-0.8711662621192108,-0.9068518353919381,-0.942261172810732,-0.9773834883483987,-1.0122080834073883,-1.0467243500786916,-1.0809217743731148,-1.1147899394239413
0.2697093601122144,0.2475232241354395,0.2252616901867805,0.20293153934513275,0.18053957359075729,0.1580926137333412,0.13559749733430435,0.11306107662401702,0.0904902164145428,0.06789179200855028,0.0452726871050294,0.02263979170244882,2.3829735350309367e-16,-0.02263979170244835,-0.045272687105028936,-0.0678917920085498,-0.0904902164145423,-0.11306107662401656,-0.13559749733430387,-0.15809261373334185,-0.18053957359075798,-0.2029315393451322,-0.22526169018678002,-0.2475232241354379,-0.2697093601122128,-0.29181334000516546,-0.31382843072789207,-0.3357479262704959,-0.35756514974229325,-0.37927345540566787,-0.4008662307004213,-0.42233689825802523,-0.4436789179051502,-0.46488578865586716,-0.4859510506919108,-0.506868287330399,-0.5276311269784244,-0.5482332450738933,-0.5686683660120581,-0.5889302650571214,-0.6090127702383528,-0.6289097642301302,-0.6486151862153386
0.0821213425025691,0.07536608836307886,0.06858787698298519,0.06178877307113714,0.05497084770044999,0.048136177677039094,0.04128684490760213,0.03442493576525167,0.027552540453985273,0.020671752371989142,0.01378466747396874,0.006893383632700345,7.25569871818368e-17,-0.006893383632700199,-0.013784667473968596,-0.020671752371989,-0.02755254045398513,-0.03442493576525153,-0.04128684490760198,-0.04813617767703931,-0.054970847700450194,-0.061788773071137004,-0.06858787698298505,-0.07536608836307837,-0.08212134250256864,-0.08885158168560563,-0.09555475581613626,-0.10222882304238595,-0.10887175037882371,-0.11548151432543176,-0.1220561014840817,-0.12859350917183565,-0.13509174603098256,-0.1415488326356253,-0.14796280209463322,-0.15433170065077484,-0.16065358827585394,-0.16692653926165754,-0.17314864280654838,-0.17931800359751185,-0.18543274238748694,-0.19149099656780347,-0.19749092073555086
