hough_viz/data/file_5_0_0.json
{"header": {"discipline": 0, "disciplineName": "Meteorological products", "gribEdition": 2, "gribLength": 133963, "center": 7, "centerName": "US National Weather Service - NCEP(WMC)", "subcenter": 0, "refTime": "2014-11-30T06:00:00.000Z", "significanceOfRT": 1, "significanceOfRTName": "Start of forecast", "productStatus": 0, "productStatusName": "Operational products", "productType": 1, "productTypeName": "Forecast products", "productDefinitionTemplate": 0, "productDefinitionTemplateName": "Analysis/forecast at horizontal level/layer at a point in time", "parameterCategory": 2, "parameterCategoryName": "Momentum", "parameterNumber": 2, "parameterNumberName": "U-component_of_wind", "parameterUnit": "m.s-1", "genProcessType": 2, "genProcessTypeName": "Forecast", "forecastTime": 6, "surface1Type": 100, "surface1TypeName": "Isobaric surface", "surface1Value": 85000, "surface2Type": 255, "surface2TypeName": "Missing", "surface2Value": 0, "gridDefinitionTemplate": 0, "gridDefinitionTemplateName": "Latitude_Longitude", "numberPoints": 65160, "shape": 6, "shapeName": "Earth spherical with radius of 6,371,229.0 m", "gridUnits": "degrees", "resolution": 48, "winds": "true", "scanMode": 0, "nx": 360, "ny": 181, "basicAngle": 0, "subDivisions": 0, "lo1": 0, "la1": 90, "lo2": 359, "la2": -90, "dx": 1, "dy": 1}, "data":
[rows 19 to 37 of 181, columns 215 to 257 of 360]
-0.40788214657142385,-0.4094401901081586,-0.4078821465714238,-0.4032198736133069,-0.39548885394617644,-0.3847479252978162,-0.3710788326207903,-0.35458560596399474,-0.3353937687411714,-0.3136493824219332,-0.28951793491578803,-0.263183081109226,-0.23484524514113242,-0.20472009505407865,-0.17303690143029155,-0.14003679250408224,-0.10597091903038833,-0.0710985428758842,-0.0356850638796192,4.0138913015611006e-16,0.03568506387961855,0.07109854287588355,0.10597091903038773,0.14003679250408027,0.17303690143029096,0.20472009505407937,0.23484524514113184,0.2631830811092255,0.2895179349157876,0.31364938242193274,0.335393768741171,0.35458560596399524,0.3710788326207906,0.384747925297816,0.3954888539461759,0.4032198736133068,0.40788214657142374,0.4094401901081586,0.4078821465714238,0.4032198736133069,0.39548885394617606,0.3847479252978162,0.3710788326207909
-0.49909179752752225,-0.5009982471132945,-0.49909179752752214,-0.49338695800269855,-0.48392714581228413,-0.4707843558390381,-0.4540586126504906,-0.43387720925158624,-0.41039373830805664,-0.3837869232134883,-0.35425925789638424,-0.32203546571910147,-0.28736078919736424,-0.25049912355664655,-0.211731008330158,-0.1713514922835988,-0.12966788791589987,-0.08699743262555121,-0.043664874342434316,4.911468279785125e-16,0.043664874342433525,0.08699743262555043,0.12966788791589912,0.1713514922835964,0.21173100833015732,0.2504991235566474,0.28736078919736363,0.3220354657191008,0.3542592578963836,0.3837869232134878,0.41039373830805614,0.4338772092515868,0.45405861265049097,0.4707843558390377,0.4839271458122835,0.49338695800269844,0.49909179752752203,0.5009982471132945,0.49909179752752214,0.49338695800269855,0.4839271458122837,0.4707843558390381,0.45405861265049136
-0.6003038191799829,-0.6025968822459014,-0.6003038191799827,-0.5934420815767483,-0.582063891402589,-0.5662558435550686,-0.5461382468234675,-0.5218642082662499,-0.49361846797390285,-0.4616159930852944,-0.4261003417579482,-0.3873418095434047,-0.345635372274855,-0.3012984411229498,-0.25466844690512785,-0.2061002720333455,-0.15596354964464063,-0.10463985046977599,-0.05251977884956505,5.907476702166726e-16,0.0525197788495641,0.10463985046977503,0.15596354964463974,0.2061002720333426,0.254668446905127,0.3012984411229509,0.34563537227485425,0.38734180954340397,0.42610034175794764,0.4616159930852938,0.49361846797390224,0.5218642082662505,0.5461382468234679,0.5662558435550682,0.5820638914025883,0.5934420815767482,0.6003038191799825,0.6025968822459014,0.6003038191799827,0.5934420815767483,0.5820638914025885,0.5662558435550686,0.5461382468234682
-0.7123055284185054,-0.7150264198182921,-0.7123055284185051,-0.704163561845616,-0.6906624853814985,-0.6719050503702164,-0.6480340122182547,-0.6192310439396772,-0.5857153535147928,-0.547742015585061,-0.5056000301810535,-0.45961012325772493,-0.41012230577622305,-0.35751320990914504,-0.30218322264228237,-0.24455343858789347,-0.18506245520044487,-0.1241630347851576,-0.06231865870346259,7.009664405775269e-16,0.06231865870346146,0.12416303478515647,0.18506245520044373,0.24455343858789005,0.30218322264228137,0.3575132099091463,0.41012230577622205,0.45961012325772405,0.5056000301810527,0.5477420155850601,0.5857153535147921,0.6192310439396778,0.6480340122182554,0.671905050370216,0.6906624853814975,0.7041635618456159,0.712305528418505,0.7150264198182921,0.7123055284185051,0.704163561845616,0.6906624853814979,0.6719050503702164,0.648034012218256
-0.8455913817201409,-0.8488214034263664,-0.8455913817201406,-0.835925899016989,-0.8198985154764602,-0.7976312091648954,-0.7692934477286933,-0.735100898643192,-0.6953137878529589,-0.6502349192952209,-0.6002073703790658,-0.545611880959209,-0.4868639556757889,-0.42441070171318196,-0.3587274260443521,-0.29031401805778284,-0.2196911450973941,-0.14739628986967682,-0.07397965987573515,8.321305358157335e-16,0.0739796598757338,0.14739628986967546,0.21969114509739285,0.29031401805777873,0.358727426044351,0.4244107017131835,0.4868639556757877,0.5456118809592079,0.6002073703790648,0.6502349192952201,0.6953137878529582,0.7351008986431926,0.7692934477286941,0.7976312091648949,0.8198985154764591,0.8359258990169888,0.8455913817201406,0.8488214034263664,0.8455913817201406,0.835925899016989,0.8198985154764593,0.7976312091648954,0.7692934477286948
-0.9909791662955032,-0.9947645457195939,-0.9909791662955032,-0.9796518370463235,-0.9608687657872691,-0.9347729030321492,-0.9015628540536433,-0.861491367377254,-0.8148634112124156,-0.7620338524602703,-0.7034047559622801,-0.6394223245440153,-0.5705735031422119,-0.49738227285979564,-0.42040566315329153,-0.34022951250231126,-0.2574640098249886,-0.1727390505718816,-0.08669944284122866,9.752039134483822e-16,0.08669944284122709,0.17273905057188005,0.25746400982498713,0.3402295125023065,0.42040566315329014,0.4973822728597973,0.5705735031422108,0.639422324544014,0.703404755962279,0.7620338524602694,0.8148634112124145,0.861491367377255,0.9015628540536441,0.9347729030321485,0.9608687657872677,0.9796518370463229,0.9909791662955032,0.9947645457195939,0.9909791662955032,0.9796518370463235,0.9608687657872681,0.9347729030321492,0.9015628540536449
-1.1490614141026205,-1.1534506420318213,-1.14906141410262,-1.135927134989847,-1.1141477644882443,-1.0838890567580715,-1.0453812988358628,-0.998917558011027,-0.9448514514068165,-0.8835944547404954,-0.8156127707446776,-0.7414237810830402,-0.6615921087634383,-0.5767253210159091,-0.48746930533918226,-0.3945033539068105,-0.29853499374356607,-0.20029460201757932,-0.10052984742904737,1.1307696730036615e-15,0.10052984742904554,0.2002946020175775,0.2985349937435644,0.39450335390680497,0.4874693053391807,0.576725321015911,0.6615921087634368,0.7414237810830389,0.8156127707446765,0.8835944547404941,0.9448514514068153,0.9989175580110279,1.045381298835864,1.0838890567580708,1.1141477644882427,1.1359271349898465,1.14906141410262,1.1534506420318213,1.14906141410262,1.135927134989847,1.1141477644882432,1.0838890567580715,1.0453812988358646
-1.3324798495623589,-1.3375697061174707,-1.3324798495623584,-1.317249016778746,-1.291993123600745,-1.2569043826253639,-1.2122498403585866,-1.1583693448302141,-1.095672959145152,-1.0246378406555743,-0.9458046095053609,-0.8597732341843777,-0.7671984654059749,-0.6687848530587335,-0.565281384156384,-0.45747578259437266,-0.3461885140953838,-0.2322665419697935,-0.11657688121343594,1.3112682971347549e-15,0.11657688121343382,0.2322665419697914,0.3461885140953817,0.4574757825943662,0.5652813841563821,0.6687848530587358,0.7671984654059733,0.8597732341843761,0.9458046095053595,1.0246378406555727,1.0956729591451504,1.1583693448302153,1.212249840358588,1.2569043826253632,1.2919931236007431,1.3172490167787456,1.3324798495623584,1.3375697061174707,1.3324798495623584,1.317249016778746,1.2919931236007438,1.2569043826253639,1.212249840358589
-1.5298323763834833,-1.5356760875298212,-1.529832376383483,-1.5123457171148222,-1.483349193759607,-1.4430634873691484,-1.3917951964942525,-1.3299345037851187,-1.2579522064657735,-1.1763961332829145,-1.0858869751983624,-0.9871135615560724,-0.8808276176748719,-0.7678380437649084,-0.6490047587086115,-0.5252321555587547,-0.3974622185612441,-0.26666735408623843,-0.13384299002848035,1.5054791978586733e-15,0.1338429900284779,0.266667354086236,0.39746221856124186,0.5252321555587472,0.6490047587086093,0.767838043764911,0.88082761767487,0.9871135615560707,1.0858869751983606,1.1763961332829127,1.2579522064657722,1.32993450378512,1.3917951964942539,1.4430634873691477,1.483349193759605,1.5123457171148216,1.529832376383483,1.5356760875298212,1.529832376383483,1.5123457171148222,1.483349193759606,1.4430634873691484,1.391795196494255
-1.7414103267730439,-1.748062231317624,-1.7414103267730432,-1.721505238149416,-1.6884984551901896,-1.6426411794437215,-1.5842824124678239,-1.5138662997171703,-1.431928750328208,-1.339093358527029,-1.236066657700779,-1.1236327432519762,-1.002647305159021,-0.8740311156588094,-0.7387630216140231,-0.5978724948974454,-0.45243179748941,-0.3035478209166976,-0.15235366213961735,1.7136890697075434e-15,0.1523536621396146,0.3035478209166948,0.4524317974894074,0.5978724948974371,0.7387630216140206,0.8740311156588125,1.0026473051590186,1.1236327432519744,1.236066657700777,1.3390933585270273,1.4319287503282063,1.513866299717172,1.5842824124678252,1.6426411794437206,1.6884984551901874,1.7215052381494154,1.7414103267730432,1.748062231317624,1.7414103267730432,1.721505238149416,1.6884984551901883,1.6426411794437215,1.5842824124678263
-1.9818038558957338,-1.9893740246680347,-1.9818038558957334,-1.9591509631341804,-1.9215877485754822,-1.8694000909637165,-1.8029851698850803,-1.7228484429914064,-1.6295997991622397,-1.523948916882187,-1.4066998631591412,-1.2787449740888592,-1.1410580636384298,-0.9946870123340148,-0.8407457922573046,-0.6804059890453278,-0.5148878854163403,-0.3454511740815358,-0.173385370722842,1.9502558092934783e-15,0.17338537072283886,0.3454511740815327,0.5148878854163373,0.6804059890453182,0.840745792257302,0.994687012334018,1.1410580636384269,1.2787449740888568,1.406699863159139,1.5239489168821847,1.6295997991622375,1.7228484429914084,1.8029851698850816,1.8694000909637156,1.9215877485754793,1.95915096313418,1.9818038558957334,1.9893740246680347,1.9818038558957334,1.9591509631341804,1.9215877485754806,1.8694000909637165,1.8029851698850832
-2.2375438279432043,-2.246090881862067,-2.237543827943204,-2.211967714427791,-2.1695571909829603,-2.1106350273002987,-2.035649656623607,-1.9451717629011398,-1.8398899375361761,-1.7206054387906438,-1.5882260937259396,-1.4437593890908522,-1.288304803739023,-1.1230454409310302,-0.9492390242041819,-0.7682083253369463,-0.5813310972570198,-0.3900295885096617,-0.19575971908743253,2.201924694017039e-15,0.19575971908742898,0.3900295885096582,0.5813310972570166,0.7682083253369355,0.9492390242041788,1.1230454409310342,1.2883048037390197,1.4437593890908496,1.5882260937259374,1.7206054387906413,1.8398899375361737,1.945171762901142,2.035649656623609,2.110635027300297,2.169557190982957,2.2119677144277907,2.2375438279432034,2.246090881862067,2.237543827943204,2.211967714427791,2.169557190982958,2.1106350273002987,2.03564965662361
-2.5086449075399244,-2.5182275235406726,-2.508644907539924,-2.4799699890315874,-2.4324210014599004,-2.3663598213311436,-2.2822892141149294,-2.1808490078953957,-2.0628112238931466,-1.9290742009176,-1.7806557584662153,-1.618685450503566,-1.4443959688735792,-1.2591137617703327,-1.0642489386663458,-0.8612845385280298,-0.6517652429936837,-0.4372856204135506,-0.21947799022178485,2.468710155058676e-15,0.21947799022178097,0.4372856204135467,0.6517652429936799,0.8612845385280176,1.0642489386663423,1.259113761770337,1.4443959688735757,1.618685450503563,1.7806557584662128,1.9290742009175976,2.062811223893144,2.1808490078953975,2.282289214114932,2.366359821331142,2.432421001459897,2.4799699890315865,2.508644907539924,2.5182275235406726,2.508644907539924,2.4799699890315874,2.4324210014598977,2.3663598213311436,2.282289214114934
-2.8109593831517166,-2.821696791336304,-2.810959383151716,-2.7788288767576628,-2.7255498047087343,-2.6515276529140004,-2.557325774644421,-2.4436611030742745,-2.3113986949868215,-2.1615451471698286,-1.9952409356062228,-1.8137517357632444,-1.6184587900378584,-1.410848395668148,-1.1925005931138584,-0.965077140994428,-0.7303088691025101,-0.48998250574418034,-0.24592707965760133,2.7662121306156496e-15,0.24592707965759686,0.48998250574417596,0.7303088691025061,0.9650771409944142,1.1925005931138546,1.4108483956681528,1.6184587900378549,1.8137517357632407,1.99524093560622,2.161545147169826,2.3113986949868193,2.4436611030742768,2.557325774644423,2.651527652913999,2.7255498047087303,2.7788288767576628,2.8109593831517157,2.821696791336304,2.810959383151716,2.7788288767576628,2.725549804708731,2.6515276529140004,2.5573257746444247
-3.1295835479382816,-3.1415380486697377,-3.1295835479382803,-3.093811026712801,-3.034492735479865,-2.9520801222531152,-2.847200396781305,-2.7206517571033837,-2.5733973147794655,-2.406557765030293,-2.221402857569925,-2.0193417330437398,-1.8019121986172075,-1.5707690243348642,-1.327671349321074,-1.0744692936690718,-0.8130898779099393,-0.5455223572228316,-0.27380308200184184,3.079764163783645e-15,0.27380308200183684,0.5455223572228267,0.8130898779099347,1.0744692936690565,1.32767134932107,1.5707690243348698,1.8019121986172033,2.019341733043736,2.221402857569922,2.40655776503029,2.573397314779463,2.7206517571033864,2.847200396781307,2.952080122253113,3.034492735479861,3.0938110267128005,3.1295835479382794,3.1415380486697377,3.1295835479382803,3.093811026712801,3.0344927354798625,2.9520801222531152,2.8472003967813095
-3.4644166127840843,-3.4776501214273927,-3.464416612784084,-3.4248168018455436,-3.3591520670840356,-3.2679221567805405,-3.1518213856385966,-3.0117333506301565,-2.8487242062891083,-2.664034550631497,-2.45906998345553,-2.235390408878422,-1.9946981635241072,-1.7388250607136915,-1.4697184492599777,-1.1894263929671332,-0.9000820836285048,-0.6038876061490539,-0.30309717934949043,3.4092670698943613e-15,0.30309717934948494,0.6038876061490485,0.9000820836284995,1.1894263929671163,1.4697184492599729,1.7388250607136977,1.9946981635241021,2.2353904088784176,2.459069983455526,2.664034550631493,2.8487242062891056,3.0117333506301596,3.1518213856385997,3.267922156780539,3.359152067084031,3.4248168018455427,3.4644166127840834,3.4776501214273927,3.464416612784084,3.4248168018455436,3.359152067084032,3.2679221567805405,3.151821385638602
-3.8311100783557284,-3.845744296465728,-3.8311100783557275,-3.787318799261929,-3.714703737260132,-3.613817536818341,-3.4854280028386713,-3.3305122571984294,-3.150249302262631,-2.9460110479640784,-2.719351870740404,-2.471996783790852,-2.2058283086841737,-1.9228721482328586,-1.625281769671556,-1.3153220154710892,-0.9953518665197271,-0.6678064888542737,-0.3351787005760433,3.770123195657536e-15,0.3351787005760372,0.6678064888542677,0.9953518665197212,1.3153220154710707,1.6252817696715507,1.9228721482328657,2.2058283086841683,2.471996783790848,2.7193518707404007,2.9460110479640744,3.150249302262628,3.3305122571984334,3.485428002838675,3.6138175368183387,3.7147037372601273,3.7873187992619286,3.8311100783557275,3.845744296465728,3.8311100783557275,3.787318799261929,3.714703737260129,3.613817536818341,3.485428002838677
-4.214723996730425,-4.230823557687982,-4.214723996730424,-4.166547841237818,-4.086661740843022,-3.9756736770065824,-3.8344283359107196,-3.6640006798874456,-3.465687766306135,-3.2409988761837476,-2.9916440276449663,-2.719520961651764,-2.426700699048727,-2.1154117788439852,-1.7880232976816977,-1.447026879586068,-1.0950177131980552,-0.7346748008228469,-0.36874056960458856,4.147630420002873e-15,0.3687405696045819,0.7346748008228403,1.0950177131980487,1.4470268795860475,1.7880232976816917,2.115411778843993,2.426700699048722,2.719520961651759,2.9916440276449614,3.240998876183743,3.4656877663061314,3.6640006798874487,3.8344283359107236,3.9756736770065797,4.0866617408430175,4.166547841237817,4.214723996730424,4.230823557687982,4.214723996730424,4.166547841237818,4.086661740843019,3.9756736770065824,3.834428335910727
-4.61473510952062,-4.6323626479445705,-4.61473510952062,-4.561986650459976,-4.474518718386478,-4.352996997077785,-4.198346340209878,-4.0117437326621435,-3.794609332951761,-3.548595664969857,-3.275575041276877,-2.9776253136735042,-2.657014059493742,-2.3161813239722786,-1.9577210500268791,-1.5843613367864857,-1.1989436771096005,-0.8044013321079415,-0.40373700725812084,4.541273814216793e-15,0.4037370072581135,0.8044013321079342,1.1989436771095936,1.584361336786463,1.9577210500268725,2.3161813239722866,2.6570140594937364,2.9776253136734985,3.275575041276871,3.5485956649698527,3.794609332951757,4.011743732662147,4.198346340209882,4.352996997077783,4.474518718386472,4.561986650459974,4.61473510952062,4.6323626479445705,4.61473510952062,4.561986650459976,4.474518718386474,4.352996997077785,4.198346340209885
