hough_viz/data/file_5_3_2.json
{"header": {"discipline": 0, "disciplineName": "Meteorological products", "gribEdition": 2, "gribLength": 133963, "center": 7, "centerName": "US National Weather Service - NCEP(WMC)", "subcenter": 0, "refTime": "2014-11-30T06:00:00.000Z", "significanceOfRT": 1, "significanceOfRTName": "Start of forecast", "productStatus": 0, "productStatusName": "Operational products", "productType": 1, "productTypeName": "Forecast products", "productDefinitionTemplate": 0, "productDefinitionTemplateName": "Analysis/forecast at horizontal level/layer at a point in time", "parameterCategory": 2, "parameterCategoryName": "Momentum", "parameterNumber": 2, "parameterNumberName": "U-component_of_wind", "parameterUnit": "m.s-1", "genProcessType": 2, "genProcessTypeName": "Forecast", "forecastTime": 6, "surface1Type": 100, "surface1TypeName": "Isobaric surface", "surface1Value": 85000, "surface2Type": 255, "surface2TypeName": "Missing", "surface2Value": 0, "gridDefinitionTemplate": 0, "gridDefinitionTemplateName": "Latitude_Longitude", "numberPoints": 65160, "shape": 6, "shapeName": "Earth spherical with radius of 6,371,229.0 m", "gridUnits": "degrees", "resolution": 48, "winds": "true", "scanMode": 0, "nx": 360, "ny": 181, "basicAngle": 0, "subDivisions": 0, "lo1": 0, "la1": 90, "lo2": 359, "la2": -90, "dx": 1, "dy": 1}, "data":
[rows 140 to 159 of 181, columns 45 to 89 of 360]
18.34211731216033,16.673699160244933,14.878384089865245,12.969835532747748,10.962578695825227,8.87189001564148,6.713680895445023,4.504376609802891,2.2607912983431975,4.7650402711941356e-15,-2.260791298343188,-4.504376609802881,-6.7136808954450355,-8.871890015641451,-10.96257869582522,-12.969835532747737,-14.878384089865234,-16.673699160244926,-18.342117312160326,-19.870940876056945,-21.248534581484623,-22.464414108531237,-23.509325879827816,-24.375317485859842,-25.055798207605353,-25.545589175886388,-25.840962785690454,-25.939671065495475,-25.84096278569045,-25.54558917588639,-25.05579820760536,-24.375317485859835,-23.50932587982782,-22.464414108531248,-21.248534581484627,-19.870940876056952,-18.34211731216035,-16.673699160244936,-14.878384089865246,-12.969835532747732,-10.962578695825231,-8.871890015641485,-6.713680895445026,-4.504376609802893,-2.260791298343224
17.550051069260263,15.953680090235736,14.235891972629096,12.409760121244158,10.48918250211852,8.488775870610198,6.423764529063503,4.3098644606755805,2.163163721374606,4.559271903200434e-15,-2.163163721374598,-4.3098644606755725,-6.423764529063516,-8.48877587061017,-10.489182502118512,-12.40976012124415,-14.235891972629089,-15.953680090235729,-17.550051069260256,-19.01285556263715,-20.330960744906296,-21.494335039736967,-22.4941244662809,-23.322720023312733,-23.973815598323764,-24.44245596084591,-24.725074474747597,-24.8195202424883,-24.725074474747593,-24.442455960845916,-23.97381559832377,-23.32272002331273,-22.494124466280905,-21.49433503973699,-20.3309607449063,-19.01285556263715,-17.55005106926028,-15.95368009023574,-14.2358919726291,-12.409760121244142,-10.489182502118524,-8.488775870610203,-6.423764529063506,-4.309864460675585,-2.1631637213746315
16.717774554259123,15.197108316481678,13.560782908150921,11.821251753664544,9.991753735465812,8.086212438154327,6.119130181599905,4.105477649531702,2.06057995359538,4.343057436612092e-15,-2.0605799535953713,-4.105477649531692,-6.1191301815999175,-8.086212438154302,-9.991753735465803,-11.821251753664532,-13.560782908150916,-15.197108316481673,-16.717774554259115,-18.111208433210376,-19.36680508013826,-20.47500864640966,-21.42738503373364,-22.216686082742083,-22.836904735859026,-23.283320754635984,-23.552536643616715,-23.642503507329064,-23.552536643616715,-23.283320754635987,-22.836904735859026,-22.21668608274208,-21.427385033733643,-20.47500864640967,-19.36680508013826,-18.111208433210383,-16.717774554259137,-15.197108316481682,-13.560782908150927,-11.821251753664528,-9.991753735465815,-8.086212438154332,-6.119130181599908,-4.105477649531704,-2.060579953595404
15.84414654196472,14.402946420826247,12.852131180688458,11.203503461936648,9.469610316979153,7.6636477196024035,5.799360135642449,3.890935919300885,1.9528993312020961,4.116100396169098e-15,-1.9528993312020888,-3.8909359193008766,-5.7993601356424636,-7.663647719602379,-9.469610316979146,-11.20350346193664,-12.852131180688449,-14.40294642082624,-15.844146541964717,-17.16476314096159,-18.354745528088387,-19.40503721884806,-20.307644859290473,-21.055699060262477,-21.64350667760717,-22.06659414042863,-22.321741497667592,-22.40700692387328,-22.321741497667592,-22.066594140428634,-21.643506677607174,-21.055699060262473,-20.30764485929048,-19.40503721884808,-18.35474552808839,-17.164763140961593,-15.844146541964736,-14.40294642082625,-12.85213118068846,-11.203503461936634,-9.469610316979157,-7.663647719602407,-5.799360135642454,-3.8909359193008877,-1.9528993312021194
14.920090537768575,13.562943516092352,12.102574304729457,10.55009719517341,8.917327475639233,7.216691509585897,5.461132163587121,3.6640103043017076,1.8390031142106475,3.8760428282287714e-15,-1.8390031142106398,-3.6640103043017,-5.461132163587133,-7.216691509585873,-8.917327475639224,-10.5500971951734,-12.102574304729451,-13.562943516092345,-14.92009053776857,-16.163686661455394,-17.284267369747692,-18.273304366830228,-19.123270483958336,-19.82769696575711,-20.381222701355696,-20.77963502567823,-21.019901780368674,-21.1001943903468,-21.019901780368674,-20.779635025678232,-20.3812227013557,-19.827696965757106,-19.123270483958343,-18.273304366830242,-17.2842673697477,-16.1636866614554,-14.920090537768589,-13.562943516092352,-12.102574304729458,-10.550097195173395,-8.917327475639237,-7.2166915095859006,-5.461132163587125,-3.6640103043017103,-1.839003114210669
13.981401925711562,12.709639000794652,11.341148048791839,9.886344112165306,8.356299127307404,6.7626576604193245,5.117548285331098,3.43349127773138,1.7233033283094088,3.6321839016697526e-15,-1.723303328309402,-3.4334912777313735,-5.117548285331109,-6.762657660419301,-8.356299127307397,-9.886344112165297,-11.341148048791835,-12.709639000794645,-13.981401925711557,-15.146757939772503,-16.196837980049274,-17.123650303379712,-17.920141308358684,-18.580249217503887,-19.09895021104266,-19.472296661213953,-19.69744717609923,-19.772688224330594,-19.697447176099224,-19.472296661213957,-19.098950211042663,-18.580249217503884,-17.920141308358687,-17.12365030337973,-16.19683798004928,-15.146757939772508,-13.981401925711577,-12.709639000794652,-11.341148048791842,-9.886344112165293,-8.356299127307404,-6.762657660419327,-5.117548285331102,-3.4334912777313815,-1.723303328309429
13.028335451115948,11.843264448354782,10.568059051983042,9.21242434505719,7.786677526251545,6.301669389746686,4.768701744133828,3.1994413988272883,1.6058313726001356,3.384589795968429e-15,-1.6058313726001292,-3.1994413988272816,-4.768701744133839,-6.301669389746665,-7.786677526251539,-9.212424345057183,-10.568059051983036,-11.843264448354775,-13.028335451115943,-14.114252954370087,-15.092752470222532,-15.95638702652347,-16.698583842822664,-17.313694353197377,-17.79703719524978,-18.14493383810145,-18.354736578234572,-18.424848690114366,-18.354736578234572,-18.144933838101455,-17.797037195249782,-17.313694353197377,-16.698583842822668,-15.956387026523483,-15.092752470222536,-14.114252954370093,-13.02833545111596,-11.843264448354788,-10.568059051983045,-9.21242434505718,-7.786677526251547,-6.301669389746688,-4.768701744133831,-3.19944139882729,-1.6058313726001543
12.070466866452875,10.972524590795745,9.791074777611163,8.535108973356373,7.214185836174634,5.8383583887351005,4.418097508660098,2.9642122388239946,1.4877675240101538,3.135748165378417e-15,-1.4877675240101476,-2.9642122388239884,-4.418097508660108,-5.838358388735082,-7.214185836174629,-8.535108973356364,-9.791074777611158,-10.97252459079574,-12.070466866452874,-13.076545600909132,-13.983103927508365,-14.783242389990257,-15.470871451518516,-16.040757839733132,-16.488564375112976,-16.810882979530827,-17.005260613785783,-17.070217946712727,-17.00526061378578,-16.81088297953083,-16.488564375112976,-16.040757839733132,-15.47087145151852,-14.783242389990269,-13.983103927508367,-13.07654560090914,-12.070466866452886,-10.972524590795746,-9.791074777611165,-8.53510897335636,-7.214185836174636,-5.838358388735103,-4.418097508660102,-2.9642122388239964,-1.4877675240101706
11.120150040685576,10.10864957625433,9.020216184778288,7.8631335015806405,6.646207624546141,5.37870009439896,4.070257408785477,2.730837606602532,1.3706344813085098,2.8888683821937124e-15,-1.3706344813085043,-2.730837606602526,-4.070257408785485,-5.378700094398943,-6.646207624546136,-7.863133501580633,-9.020216184778283,-10.108649576254326,-11.120150040685575,-12.047019448777029,-12.882203764674061,-13.619346731434623,-14.252838245982572,-14.777857055379563,-15.190407449471058,-15.487349670653275,-15.666423809324417,-15.726267003161267,-15.666423809324414,-15.487349670653279,-15.190407449471058,-14.777857055379563,-14.252838245982577,-13.619346731434634,-12.882203764674067,-12.047019448777034,-11.120150040685589,-10.108649576254331,-9.02021618477829,-7.863133501580629,-6.646207624546143,-5.378700094398963,-4.07025740878548,-2.730837606602533,-1.3706344813085256
10.17776105630675,9.251981278366827,8.255788336399492,7.196763860210869,6.082967665521208,4.9228764139006325,3.725319100256211,2.499409858849678,1.2544785992323633,2.644048147687974e-15,-1.2544785992323584,-2.499409858849673,-3.7253191002562183,-4.922876413900616,-6.082967665521203,-7.196763860210862,-8.255788336399487,-9.251981278366822,-10.177761056306748,-11.02608192710803,-11.790487656713724,-12.465160655960728,-13.044966255946086,-13.525491785957712,-13.903080156562963,-14.174857692267445,-14.338756001920688,-14.393527720421725,-14.338756001920686,-14.174857692267446,-13.903080156562964,-13.52549178595771,-13.044966255946088,-12.465160655960739,-11.79048765671373,-11.026081927108034,-10.177761056306762,-9.251981278366829,-8.255788336399494,-7.196763860210858,-6.08296766552121,-4.922876413900634,-3.725319100256213,-2.49940985884968,-1.2544785992323781
9.26864267740307,8.425557256924115,7.518348258229396,6.553920089586755,5.539612631697208,4.483145376770887,3.392558678530137,2.2761525602628474,1.142423546633464,2.4078711778739836e-15,-1.142423546633459,-2.2761525602628425,-3.3925586785301447,-4.483145376770873,-5.539612631697204,-6.553920089586749,-7.518348258229391,-8.42555725692411,-9.268642677403069,-10.041188130547525,-10.737314078983351,-11.351722583910613,-11.879737625616816,-12.317340690810374,-12.661201355933212,-12.90870263369499,-13.05796088992659,-13.107840179173499,-13.05796088992659,-12.908702633694991,-12.661201355933212,-12.317340690810372,-11.879737625616816,-11.351722583910622,-10.737314078983356,-10.041188130547527,-9.268642677403081,-8.425557256924117,-7.5183482582293975,-6.553920089586746,-5.539612631697211,-4.483145376770888,-3.3925586785301394,-2.2761525602628483,-1.1424235466334773
8.383941718418182,7.621329621376579,6.8007146040316515,5.928342042166297,5.010851217729259,4.055224789890612,3.068735652789213,2.0588915844168496,1.0333781078943445,2.1780375318568897e-15,-1.0333781078943403,-2.0588915844168456,-3.06873565278922,-4.0552247898906,-5.010851217729255,-5.928342042166292,-6.800714604031649,-7.621329621376577,-8.38394171841818,-9.082746956620202,-9.712427006169786,-10.268189621678651,-10.74580511406413,-11.141638541037054,-11.452677371207397,-11.676554411267178,-11.811565821760901,-11.856684084332583,-11.811565821760901,-11.676554411267183,-11.452677371207397,-11.141638541037054,-10.745805114064131,-10.268189621678657,-9.71242700616979,-9.082746956620205,-8.38394171841819,-7.62132962137658,-6.800714604031654,-5.92834204216629,-5.010851217729262,-4.055224789890614,-3.068735652789216,-2.058891584416851,-1.0333781078943565
7.523818152542262,6.8394437935859,6.1030171375912765,5.32014283607708,4.496779035190262,3.639192030616228,2.7539085772849687,1.8476662168251172,0.927362000803861,1.9545887685625533e-15,-0.9273620008038571,-1.8476662168251132,-2.7539085772849745,-3.639192030616216,-4.496779035190258,-5.320142836077075,-6.103017137591273,-6.8394437935858985,-7.523818152542262,-8.150931712352163,-8.71601176016394,-9.214757695609073,-9.6433737609678,-9.998597929177285,-10.277726729827231,-10.478635824202119,-10.599796172781529,-10.64028567215415,-10.599796172781527,-10.478635824202122,-10.277726729827233,-9.998597929177283,-9.643373760967801,-9.21475769560908,-8.716011760163942,-8.150931712352167,-7.523818152542271,-6.839443793585901,-6.103017137591277,-5.320142836077072,-4.496779035190264,-3.63919203061623,-2.7539085772849705,-1.8476662168251181,-0.9273620008038719
6.723388305010777,6.111821881159653,5.45374080237395,4.754153463023451,4.0183841451829965,3.2520324976310135,2.4609309191411404,1.6511001704058956,0.8287035524123204,1.7466476463440903e-15,-0.8287035524123169,-1.6511001704058919,-2.4609309191411457,-3.2520324976310033,-4.018384145182993,-4.754153463023448,-5.4537408023739475,-6.11182188115965,-6.723388305010775,-7.283785684167915,-7.788749056198491,-8.234435344936134,-8.61745260861081,-8.934885854573812,-9.184319224151917,-9.363854378790657,-9.472124947556942,-9.508306926046895,-9.472124947556939,-9.36385437879066,-9.184319224151919,-8.934885854573809,-8.617452608610813,-8.234435344936141,-7.788749056198495,-7.283785684167916,-6.7233883050107845,-6.111821881159654,-5.45374080237395,-4.754153463023446,-4.018384145182998,-3.252032497631015,-2.4609309191411417,-1.6511001704058965,-0.8287035524123301
5.9585877610081015,5.41658839359287,4.833365517876902,4.2133578121039985,3.561283909285978,2.8821064855562737,2.180994491208003,1.4632838118611666,0.7344366591511439,1.5479625474766954e-15,-0.7344366591511409,-1.4632838118611635,-2.1809944912080077,-2.8821064855562644,-3.561283909285975,-4.213357812103994,-4.833365517876899,-5.416588393592868,-5.958587761008099,-6.455238677668399,-6.902761330211961,-7.29774980103136,-7.637197989363104,-7.918522489529567,-8.139582252216105,-8.298694879149135,-8.394649427162873,-8.426715624207988,-8.394649427162872,-8.298694879149137,-8.139582252216105,-7.918522489529567,-7.637197989363106,-7.297749801031365,-6.902761330211962,-6.4552386776684,-5.958587761008108,-5.41658839359287,-4.833365517876903,-4.213357812103992,-3.561283909285979,-2.8821064855562746,-2.180994491208004,-1.4632838118611675,-0.7344366591511524
5.22890751363062,4.753280623781629,4.241478398276348,3.697395961085503,3.125174108082078,2.5291677930844276,1.913912984028132,1.2840921415111313,0.6444985824411972,1.3584012386771131e-15,-0.6444985824411944,-1.2840921415111288,-1.9139129840281357,-2.5291677930844196,-3.1251741080820756,-3.6973959610855003,-4.241478398276345,-4.753280623781627,-5.228907513630619,-5.6647392600002,-6.057458920138098,-6.404077660300044,-6.701957502579295,-6.948831401511334,-7.142820497658753,-7.28244841686605,-7.36665250635842,-7.394791922171001,-7.3666525063584185,-7.282448416866052,-7.142820497658754,-6.948831401511332,-6.701957502579297,-6.404077660300049,-6.0574589201380995,-5.664739260000202,-5.228907513630626,-4.75328062378163,-4.241478398276349,-3.6973959610854985,-3.125174108082079,-2.529167793084429,-1.913912984028133,-1.284092141511132,-0.6444985824412045
4.572585069359634,4.156657954672653,3.709096163091918,3.2333059100965587,2.732908246801876,2.2117115015739155,1.673682296351054,1.122915358255965,0.5636023562497168,1.18789732003919e-15,-0.5636023562497146,-1.122915358255963,-1.6736822963510576,-2.211711501573908,-2.732908246801874,-3.233305910096556,-3.7090961630919166,-4.156657954672651,-4.572585069359632,-4.953712050666432,-5.2971382921345445,-5.600250112699962,-5.86074064838426,-6.076627408922399,-6.246267365710688,-6.368369456246563,-6.44200440989379,-6.466611820193112,-6.442004409893788,-6.368369456246563,-6.246267365710688,-6.0766274089223975,-5.860740648384262,-5.600250112699966,-5.297138292134545,-4.953712050666434,-4.572585069359637,-4.156657954672654,-3.709096163091919,-3.233305910096554,-2.7329082468018773,-2.2117115015739164,-1.6736822963510551,-1.122915358255966,-0.5636023562497234
3.9574782013237457,3.597501849928336,3.210146337223964,2.798359672553963,2.365275801080058,1.9141907525673574,1.4485375566076368,0.9718601151912463,0.4877862314730683,1.028100664756873e-15,-0.4877862314730663,-0.9718601151912444,-1.44853755660764,-1.9141907525673512,-2.3652758010800565,-2.7983596725539606,-3.210146337223962,-3.597501849928334,-3.957478201323744,-4.287335754016409,-4.5845640928569,-4.846901130715265,-5.0723503243299675,-5.259195869207656,-5.406015757931383,-5.511692602495688,-5.575422138304018,-5.596719345107921,-5.575422138304018,-5.511692602495688,-5.4060157579313834,-5.259195869207655,-5.072350324329968,-4.846901130715269,-4.584564092856901,-4.28733575401641,-3.957478201323749,-3.5975018499283364,-3.2101463372239643,-2.7983596725539592,-2.365275801080059,-1.9141907525673583,-1.4485375566076377,-0.9718601151912469,-0.48778623147307404
3.3819018313232405,3.0742805078223348,2.7432620533555774,2.3913657182358685,2.021269646054285,1.6357904913902466,1.2378619833694207,0.8305125982136564,0.4168425107082684,8.785735117284794e-16,-0.4168425107082667,-0.8305125982136548,-1.2378619833694235,-1.635790491390241,-2.021269646054283,-2.3913657182358663,-2.7432620533555765,-3.074280507822333,-3.3819018313232396,-3.663784839839618,-3.9177842334710453,-4.1419669234629595,-4.334626744179313,-4.494297438053275,-4.619763814692662,-4.710070999212577,-4.764531699409859,-4.782731436471733,-4.764531699409858,-4.7100709992125775,-4.619763814692662,-4.494297438053274,-4.334626744179314,-4.141966923462962,-3.917784233471046,-3.663784839839619,-3.3819018313232436,-3.074280507822335,-2.7432620533555783,-2.3913657182358654,-2.0212696460542854,-1.6357904913902475,-1.2378619833694213,-0.8305125982136569,-0.41684251070827316
2.882127490480419,2.619966163114797,2.337865311269049,2.0379718927628727,1.7225682775916975,1.3940548777128854,1.0549318784613255,0.7077802106293944,0.3552419080251979,7.487387265672967e-16,-0.3552419080251964,-0.7077802106293931,-1.054931878461328,-1.394054877712881,-1.7225682775916962,-2.037971892762871,-2.3378653112690473,-2.6199661631147957,-2.8821274904804186,-3.122354087367326,-3.3388176843204227,-3.529870862662603,-3.6940595923456203,-3.8301342979967203,-3.9370593689417452,-4.014021040827679,-4.060433588860743,-4.075943785525742,-4.060433588860743,-4.0140210408276795,-3.937059368941746,-3.8301342979967203,-3.6940595923456208,-3.529870862662605,-3.338817684320423,-3.1223540873673263,-2.8821274904804226,-2.619966163114798,-2.3378653112690495,-2.03797189276287,-1.7225682775916982,-1.394054877712886,-1.0549318784613262,-0.7077802106293951,-0.35524190802520206
