hough_viz/data/file_5_2_1.json
{"header": {"discipline": 0, "disciplineName": "Meteorological products", "gribEdition": 2, "gribLength": 133963, "center": 7, "centerName": "US National Weather Service - NCEP(WMC)", "subcenter": 0, "refTime": "2014-11-30T06:00:00.000Z", "significanceOfRT": 1, "significanceOfRTName": "Start of forecast", "productStatus": 0, "productStatusName": "Operational products", "productType": 1, "productTypeName": "Forecast products", "productDefinitionTemplate": 0, "productDefinitionTemplateName": "Analysis/forecast at horizontal level/layer at a point in time", "parameterCategory": 2, "parameterCategoryName": "Momentum", "parameterNumber": 3, "parameterNumberName": "V-component_of_wind", "parameterUnit": "m.s-1", "genProcessType": 2, "genProcessTypeName": "Forecast", "forecastTime": 6, "surface1Type": 100, "surface1TypeName": "Isobaric surface", "surface1Value": 85000, "surface2Type": 255, "surface2TypeName": "Missing", "surface2Value": 0, "gridDefinitionTemplate": 0, "gridDefinitionTemplateName": "Latitude_Longitude", "numberPoints": 65160, "shape": 6, "shapeName": "Earth spherical with radius of 6,371,229.0 m", "gridUnits": "degrees", "resolution": 48, "winds": "true", "scanMode": 0, "nx": 360, "ny": 181, "basicAngle": 0, "subDivisions": 0, "lo1": 0, "la1": 90, "lo2": 359, "la2": -90, "dx": 1, "dy": 1}, "data":
[rows 57 to 75 of 181, columns 129 to 171 of 360]
27.757653324369297,27.003793965684203,26.04441942958365,24.88683113557355,23.539839029542215,22.013694534752698,20.320012532321464,18.471682964960266,16.48277273672864,14.368418655400138,12.144712232215692,9.828577215766389,7.4376407920478265,4.990099430931529,2.504580400041375,1.407699033211592e-14,-2.504580400041398,-4.990099430931551,-7.437640792047797,-9.828577215766312,-12.144712232215712,-14.368418655400118,-16.48277273672858,-18.471682964960284,-20.320012532321442,-22.01369453475268,-23.53983902954223,-24.886831135573505,-26.04441942958364,-27.003793965684192,-27.757653324369276,-28.30026018072661,-28.6274849689443,-28.736837310800283,-28.6274849689443,-28.300260180726614,-27.757653324369283,-27.003793965684206,-26.04441942958365,-24.88683113557353,-23.539839029542254,-22.013694534752698,-20.320012532321464
27.12051556942727,26.383959988324584,25.446606540640147,24.315589052100307,22.999515248719863,21.508401246809715,19.85359532428353,18.047691553410957,16.104433952322864,14.038611884734417,11.865947503957571,9.602976097820656,7.266920245143731,4.875558741514893,2.447091291920221,1.3753872887289603e-14,-2.447091291920244,-4.875558741514916,-7.266920245143703,-9.602976097820582,-11.865947503957592,-14.038611884734397,-16.104433952322797,-18.04769155341097,-19.853595324283507,-21.508401246809697,-22.999515248719877,-24.315589052100265,-25.446606540640133,-26.383959988324577,-27.120515569427248,-27.65066765123157,-27.970381456280396,-28.077223769468844,-27.970381456280396,-27.650667651231572,-27.120515569427255,-26.38395998832459,-25.446606540640147,-24.315589052100286,-22.999515248719902,-21.508401246809722,-19.853595324283532
26.291121385694442,25.577091000080713,24.668403508086573,23.57197457020661,22.296148672699953,20.850635621011453,19.24643664228898,17.495760659402542,15.611931373668964,13.609285863439787,11.503065470278397,9.309299803147399,7.044684743405449,4.7264553790692805,2.3722548353865616,1.3333254697074293e-14,-2.372254835386583,-4.726455379069302,-7.044684743405422,-9.309299803147328,-11.503065470278417,-13.609285863439768,-15.611931373668904,-17.49576065940256,-19.246436642288966,-20.850635621011435,-22.29614867269997,-23.57197457020657,-24.668403508086563,-25.577091000080706,-26.29112138569442,-26.805060462549896,-27.114996843947328,-27.21857172687958,-27.114996843947328,-26.8050604625499,-26.291121385694424,-25.577091000080717,-24.668403508086573,-23.571974570206592,-22.296148672699985,-20.850635621011453,-19.246436642288984
25.32934209812978,24.64143230377956,23.76598633069396,22.709666851336873,21.480513094769336,20.087879663262218,18.542365338124256,16.85573241657689,15.040817193569906,13.111432269826054,11.082261429609604,8.96874788826146,6.786976760005518,4.553552640517365,2.285473235924571,1.2845498849183838e-14,-2.285473235924592,-4.553552640517386,-6.7869767600054915,-8.968747888261388,-11.08226142960962,-13.111432269826036,-15.040817193569852,-16.855732416576906,-18.542365338124238,-20.087879663262203,-21.480513094769343,-22.709666851336834,-23.76598633069395,-24.641432303779556,-25.32934209812976,-25.824480304838307,-26.12307862317948,-26.222864539652115,-26.12307862317948,-25.82448030483831,-25.329342098129768,-24.641432303779567,-23.76598633069396,-22.709666851336852,-21.480513094769357,-20.08787966326222,-18.542365338124256
24.2609968619702,23.60210184221833,22.763580576108435,21.751814716788605,20.574504413369162,19.240609708138603,17.76028234523127,16.144788509725075,14.406423085170072,12.558416082100754,10.614831949667737,8.590462536687015,6.500714516738921,4.361492134079742,2.189076162739219,1.230369924584427e-14,-2.189076162739239,-4.361492134079762,-6.500714516738896,-8.590462536686948,-10.614831949667751,-12.558416082100736,-14.406423085170013,-16.144788509725092,-17.76028234523126,-19.240609708138592,-20.574504413369183,-21.75181471678857,-22.763580576108428,-23.602101842218325,-24.260996861970185,-24.735251046412053,-25.021255034837775,-25.11683216420152,-25.021255034837775,-24.735251046412056,-24.26099686197019,-23.602101842218335,-22.763580576108435,-21.751814716788587,-20.57450441336919,-19.240609708138606,-17.760282345231275
23.01505415397569,22.38999720979278,21.594538867393403,20.634733045074086,19.517884444689262,18.252492958459555,16.84818897965934,15.31566010950929,13.666569818077493,11.913468678229577,10.06969884819131,8.149292529667935,6.166865174316346,4.137504251333247,2.076654422704088,1.1671833026828887e-14,-2.0766544227041077,-4.137504251333266,-6.166865174316323,-8.149292529667875,-10.069698848191324,-11.91346867822956,-13.666569818077441,-15.315660109509306,-16.848188979659323,-18.25249295845954,-19.517884444689273,-20.63473304507405,-21.59453886739339,-22.389997209792774,-23.015054153975676,-23.46495263917719,-23.736268666268778,-23.826937356459165,-23.736268666268778,-23.464952639177195,-23.01505415397568,-22.389997209792785,-21.594538867393403,-20.634733045074064,-19.517884444689287,-18.252492958459555,-16.848188979659344
21.648340036213856,21.060401151554277,20.312179897513467,19.409370689623028,18.358844451086085,17.168596320903053,15.847684806036003,14.406162840701334,12.85500127747001,11.206005392455078,9.47172504003254,7.665359140871446,5.800655230177849,3.891804830651245,1.9533354464273396,1.0978718908078476e-14,-1.9533354464273576,-3.891804830651263,-5.800655230177827,-7.665359140871387,-9.471725040032554,-11.206005392455062,-12.85500127746996,-14.40616284070135,-15.847684806035991,-17.16859632090304,-18.358844451086092,-19.409370689622996,-20.312179897513456,-21.06040115155427,-21.648340036213842,-22.07152198157275,-22.326726317502526,-22.412010784910162,-22.326726317502526,-22.07152198157275,-21.64834003621385,-21.060401151554284,-20.312179897513467,-19.40937068962301,-18.358844451086107,-17.168596320903056,-15.847684806036007
20.187777502712006,19.639505470360092,18.941764942721107,18.099866146517634,17.120216439941153,16.010271548787436,14.77847882388113,13.434212951635619,11.987704607028629,10.449962591988141,8.832690051762727,7.148195406919361,5.409298678830873,3.6292339215726725,1.821548502779911,1.0238010591590288e-14,-1.8215485027799276,-3.6292339215726885,-5.409298678830853,-7.148195406919306,-8.832690051762743,-10.449962591988127,-11.987704607028583,-13.434212951635633,-14.778478823881118,-16.010271548787426,-17.120216439941164,-18.099866146517602,-18.9417649427211,-19.639505470360092,-20.18777750271199,-20.58240835855495,-20.82039465879133,-20.89992518397629,-20.82039465879133,-20.582408358554954,-20.187777502712,-19.639505470360092,-18.941764942721107,-18.099866146517616,-17.120216439941174,-16.01027154878744,-14.778478823881132
18.5789277641208,18.07434985886176,17.432215237585954,16.65741093249277,15.75583367218358,14.734345003996628,13.600719073488458,12.36358345849235,11.032353508041346,9.617160685876907,8.128775463892586,6.578525352339249,4.978208690632335,3.340004854865149,1.6763815654023333,9.422100040675937e-15,-1.6763815654023482,-3.340004854865163,-4.978208690632315,-6.5785253523391996,-8.128775463892598,-9.617160685876895,-11.032353508041302,-12.363583458492364,-13.600719073488445,-14.734345003996618,-15.75583367218359,-16.657410932492745,-17.432215237585947,-18.074349858861755,-18.578927764120785,-18.94210881083157,-19.161128971933906,-19.234321371753822,-19.161128971933906,-18.942108810831574,-18.578927764120795,-18.074349858861762,-17.432215237585954,-16.657410932492756,-15.755833672183604,-14.73434500399663,-13.600719073488461
16.87248890413929,16.414255511133803,15.831099722490125,15.127459705878932,14.308690586696077,13.381023692324899,12.351519127972082,11.22801204500425,10.019053010714934,8.73384293334441,7.3821630376126155,5.974300423692701,4.520969776167204,3.033231818808915,1.5224091357940117,8.556698234060773e-15,-1.5224091357940255,-3.0332318188089284,-4.5209697761671865,-5.9743004236926565,-7.382163037612627,-8.733842933344398,-10.019053010714895,-11.228012045004263,-12.351519127972068,-13.38102369232489,-14.308690586696082,-15.127459705878909,-15.831099722490121,-16.414255511133796,-16.87248890413928,-17.202312468696928,-17.401216048327527,-17.467685866688832,-17.401216048327527,-17.20231246869693,-16.872488904139285,-16.414255511133803,-15.831099722490125,-15.12745970587892,-14.308690586696097,-13.3810236923249,-12.351519127972082
15.09361382790961,14.683692214306964,14.162018836697667,13.532563944480328,12.800118069459963,11.970255567008428,11.049292191853999,10.044237031374541,8.962739162210207,7.813029436171534,6.603857838487464,5.344426895134144,4.04432163605561,2.713436647298548,1.3619007672376728,7.654561192521218e-15,-1.3619007672376853,-2.71343664729856,-4.044321636055594,-5.344426895134102,-6.603857838487475,-7.813029436171524,-8.962739162210173,-10.04423703137455,-11.049292191853988,-11.97025556700842,-12.800118069459968,-13.532563944480305,-14.16201883669766,-14.683692214306957,-15.093613827909602,-15.388663926508658,-15.566597000697648,-15.626058872343071,-15.566597000697648,-15.388663926508661,-15.093613827909607,-14.683692214306964,-14.162018836697667,-13.532563944480316,-12.80011806945998,-11.97025556700843,-11.049292191854
13.208652408429712,12.849923732148884,12.393399377270315,11.842553769791571,11.201579177395228,10.4753538037605,9.669404662487564,8.78986551318694,7.84343017986508,6.837301606881775,5.779137040194536,4.676989751093085,3.5392477459421476,2.3745699283883948,1.1918201998750573,6.698623622138258e-15,-1.1918201998750682,-2.3745699283884054,-3.539247745942134,-4.676989751093051,-5.779137040194545,-6.8373016068817645,-7.8434301798650505,-8.789865513186948,-9.669404662487551,-10.475353803760495,-11.201579177395233,-11.84255376979155,-12.393399377270308,-12.849923732148877,-13.208652408429703,-13.466855264280007,-13.6225672200596,-13.674603213763556,-13.6225672200596,-13.466855264280008,-13.208652408429707,-12.849923732148884,-12.393399377270315,-11.84255376979156,-11.201579177395244,-10.475353803760502,-9.669404662487564
11.260069333996416,10.95426147092955,10.565085063704995,10.095501979772862,9.549086029943885,8.929995769531267,8.242942849233621,7.493156156628347,6.6863420211797555,5.828640785626256,4.926580074264629,3.9870251137874826,3.017126484762791,2.024265701398293,1.0159990337610845,5.7104210251975284e-15,-1.015999033761094,-2.0242657013983028,-3.0171264847627794,-3.987025113787452,-4.926580074264636,-5.828640785626247,-6.686342021179731,-7.493156156628354,-8.242942849233614,-8.92999576953126,-9.54908602994389,-10.095501979772845,-10.565085063704988,-10.954261470929547,-11.260069333996409,-11.48018127041581,-11.612922095444368,-11.657281571252517,-11.612922095444368,-11.480181270415816,-11.260069333996412,-10.954261470929552,-10.565085063704995,-10.095501979772854,-9.549086029943897,-8.929995769531269,-8.242942849233621
9.267898235892575,9.016194976296964,8.695873028804359,8.30937023685086,7.859628120059987,7.350069487502264,6.784572388051328,6.167440596090518,5.503370857191027,4.797417143042103,4.054952187674974,3.2816265977125783,2.4833258478412437,1.6661254887947083,0.8362449087443525,4.7001132387209235e-15,-0.8362449087443602,-1.6661254887947161,-2.483325847841234,-3.281626597712554,-4.054952187674981,-4.797417143042097,-5.503370857191005,-6.167440596090525,-6.784572388051322,-7.350069487502257,-7.85962812005999,-8.309370236850844,-8.695873028804355,-9.016194976296958,-9.26789823589257,-9.449067193803083,-9.558323044865988,-9.594834286084211,-9.558323044865988,-9.449067193803087,-9.267898235892572,-9.016194976296966,-8.695873028804359,-8.309370236850851,-7.8596281200599964,-7.350069487502264,-6.78457238805133
7.221646595043613,7.025516691439318,6.775918363690209,6.474751205782045,6.124307281636205,5.727253681119285,5.286612221878706,4.805736451485904,4.288286124914298,3.738199351594115,3.15966262402183,2.5570789560242955,1.935034373164904,1.2982630103200399,0.6516110820539883,3.662379096403556e-15,-0.6516110820539943,-1.2982630103200457,-1.9350343731648965,-2.557078956024277,-3.159662624021835,-3.7381993515941097,-4.288286124914282,-4.805736451485908,-5.286612221878702,-5.72725368111928,-6.124307281636208,-6.474751205782034,-6.775918363690206,-7.025516691439315,-7.221646595043607,-7.362815407510189,-7.447948748936118,-7.476398703188232,-7.447948748936118,-7.36281540751019,-7.221646595043609,-7.025516691439321,-6.775918363690209,-6.47475120578204,-6.124307281636213,-5.727253681119285,-5.286612221878708
5.154562294783857,5.01457153330127,4.836416854569183,4.621454123265483,4.371319335573435,4.087916168262901,3.7734014905606057,3.430168949073035,3.0608307506903865,2.6681977821148304,2.255258217315519,1.8251547757203015,1.38116080422325,0.9266553650383731,0.46509751899573726,2.6140798986871963e-15,-0.4650975189957416,-0.9266553650383772,-1.3811608042232446,-1.8251547757202875,-2.2552582173155225,-2.6681977821148273,-3.0608307506903754,-3.430168949073038,-3.7734014905606026,-4.087916168262898,-4.371319335573437,-4.621454123265476,-4.836416854569181,-5.014571533301268,-5.154562294783853,-5.255323724793328,-5.316088968005899,-5.336395564229663,-5.316088968005899,-5.25532372479333,-5.1545622947838545,-5.014571533301271,-4.836416854569183,-4.62145412326548,-4.371319335573441,-4.087916168262901,-3.7734014905606066
3.0780874615759752,2.994490876063355,2.8881044068608666,2.7597377192370467,2.610367761194633,2.441131328306388,2.253316412014327,2.048352397237191,1.827799183888091,1.593335315094271,1.3467452024704212,1.0899055456687903,0.8247710495616475,0.5533595477569702,0.277736645666226,1.5610183948789112e-15,-0.2777366456662285,-0.5533595477569725,-0.8247710495616443,-1.0899055456687818,-1.3467452024704236,-1.5933353150942688,-1.827799183888084,-2.0483523972371933,-2.2533164120143248,-2.441131328306386,-2.610367761194635,-2.7597377192370423,-2.8881044068608652,-2.9944908760633546,-3.0780874615759726,-3.1382579429059763,-3.1745443863585083,-3.186670630188543,-3.1745443863585083,-3.138257942905977,-3.0780874615759743,-2.9944908760633555,-2.8881044068608666,-2.759737719237044,-2.610367761194637,-2.4411313283063882,-2.2533164120143274
1.005190894224634,0.9778913039451125,0.9431493703756554,0.9012295006084794,0.8524507301644213,0.7971842949399898,0.7358508058780248,0.6689170478644645,0.5968924272135006,0.5203250947779372,0.43979777419023314,0.3559233269837864,0.26934008834660894,0.18070700900512354,0.09069864021123208,5.097715694686753e-16,-0.09069864021123292,-0.18070700900512443,-0.26934008834660783,-0.3559233269837837,-0.4397977741902338,-0.5203250947779363,-0.5968924272134981,-0.6689170478644652,-0.7358508058780242,-0.7971842949399891,-0.8524507301644216,-0.9012295006084781,-0.943149370375655,-0.977891303945112,-1.005190894224633,-1.0248403748482493,-1.0366902014037325,-1.0406501895558746,-1.0366902014037325,-1.0248403748482493,-1.0051908942246337,-0.9778913039451125,-0.9431493703756554,-0.9012295006084787,-0.8524507301644223,-0.7971842949399899,-0.735850805878025
-1.0399786509779694,-1.0117342734828392,-0.9757899872646476,-0.9324193500452684,-0.8819524385618472,-0.8247733364835297,-0.7613172113028137,-0.6920670024481835,-0.617549745823443,-0.5383325627462512,-0.4550183438124736,-0.3682411605346968,-0.27866143967515544,-0.1869609369993103,-0.09383754870279819,-5.274137998751908e-16,0.09383754870279905,0.18696093699931116,0.27866143967515444,0.368241160534694,0.4550183438124743,0.5383325627462505,0.6175497458234406,0.6920670024481843,0.7613172113028129,0.8247733364835289,0.8819524385618476,0.9324193500452672,0.9757899872646472,1.0117342734828387,1.0399786509779687,1.0603081629828786,1.0725680896359155,1.0766651254925026,1.0725680896359155,1.060308162982879,1.0399786509779692,1.0117342734828394,0.9757899872646476,0.9324193500452678,0.8819524385618485,0.8247733364835297,0.7613172113028137
