hough_viz/data/file_5_3_1.json
{"header": {"discipline": 0, "disciplineName": "Meteorological products", "gribEdition": 2, "gribLength": 133963, "center": 7, "centerName": "US National Weather Service - NCEP(WMC)", "subcenter": 0, "refTime": "2014-11-30T06:00:00.000Z", "significanceOfRT": 1, "significanceOfRTName": "Start of forecast", "productStatus": 0, "productStatusName": "Operational products", "productType": 1, "productTypeName": "Forecast products", "productDefinitionTemplate": 0, "productDefinitionTemplateName": "Analysis/forecast at horizontal level/layer at a point in time", "parameterCategory": 2, "parameterCategoryName": "Momentum", "parameterNumber": 3, "parameterNumberName": "V-component_of_wind", "parameterUnit": "m.s-1", "genProcessType": 2, "genProcessTypeName": "Forecast", "forecastTime": 6, "surface1Type": 100, "surface1TypeName": "Isobaric surface", "surface1Value": 85000, "surface2Type": 255, "surface2TypeName": "Missing", "surface2Value": 0, "gridDefinitionTemplate": 0, "gridDefinitionTemplateName": "Latitude_Longitude", "numberPoints": 65160, "shape": 6, "shapeName": "Earth spherical with radius of 6,371,229.0 m", "gridUnits": "degrees", "resolution": 48, "winds": "true", "scanMode": 0, "nx": 360, "ny": 181, "basicAngle": 0, "subDivisions": 0, "lo1": 0, "la1": 90, "lo2": 359, "la2": -90, "dx": 1, "dy": 1}, "data":
[rows 140 to 159 of 181, columns 90 to 134 of 360]
27.878963914135152,27.772876039552532,27.45541980858787,26.929011254844117,26.197656665269434,25.266922089894457,24.143890980830705,22.837110282922858,21.35652538633777,19.713404436140006,17.92025257490425,15.990716771029085,13.939481957067569,11.78215926852348,9.535167233683648,7.215606818704096,4.841131278931685,2.4298118069716153,1.0242565176297053e-14,-2.4298118069715957,-4.841131278931666,-7.215606818704123,-9.53516723368363,-11.782159268523461,-13.939481957067592,-15.990716771029028,-17.920252574904197,-19.71340443614003,-21.35652538633775,-22.83711028292282,-24.14389098083069,-25.26692208989445,-26.197656665269427,-26.929011254844113,-27.455419808587866,-27.772876039552532,-27.878963914135152,-27.772876039552532,-27.45541980858787,-26.929011254844117,-26.197656665269434,-25.26692208989446,-24.143890980830705,-22.83711028292283,-21.35652538633777
26.972503084950816,26.869864567491256,26.562730156205262,26.053437329415562,25.345862113053435,24.445389581760995,23.35887287522156,22.094581041628615,20.662136105236083,19.072439836943783,17.337590785238373,15.470792198933717,13.486251542475403,11.399072368557563,9.225139370966918,6.980997492471768,4.68372600781737,2.350808540132397,9.909536870393139e-15,-2.3508085401323773,-4.683726007817351,-6.980997492471793,-9.225139370966902,-11.399072368557546,-13.486251542475426,-15.470792198933664,-17.33759078523832,-19.072439836943804,-20.662136105236073,-22.094581041628572,-23.358872875221547,-24.44538958176099,-25.34586211305343,-26.053437329415555,-26.56273015620526,-26.869864567491256,-26.972503084950816,-26.869864567491256,-26.562730156205262,-26.053437329415562,-25.345862113053435,-24.445389581761,-23.35887287522156,-22.094581041628587,-20.662136105236083
25.982113944856632,25.883244157081783,25.58738725254142,25.09679488092237,24.41520074640043,23.547792191897106,22.501170720267773,21.283301752878845,19.90345400794155,18.372128959969675,16.70098091721772,14.902728325357716,12.99105697242831,10.980515831724095,8.886406335323722,6.724665920952686,4.511746738458896,2.2644904390182736,9.545673803295145e-15,-2.2644904390182545,-4.5117467384588785,-6.7246659209527095,-8.886406335323704,-10.980515831724077,-12.991056972428334,-14.902728325357666,-16.70098091721767,-18.372128959969693,-19.903454007941537,-21.28330175287881,-22.501170720267762,-23.5477921918971,-24.41520074640043,-25.09679488092236,-25.58738725254142,-25.883244157081783,-25.982113944856632,-25.883244157081783,-25.58738725254142,-25.09679488092237,-24.41520074640043,-23.547792191897113,-22.501170720267773,-21.283301752878824,-19.90345400794155
24.904511166911877,24.809741983044276,24.526155682153927,24.055910527224682,23.402585367827346,22.571152402913444,21.567939339378935,20.400581234393904,19.077962388007396,17.610148728259478,16.008311203391035,14.284640764182175,12.452255583455933,10.525101218862131,8.517844478762916,6.445761798965199,4.324622979819968,2.170571168519558,9.149768965466441e-15,-2.1705711685195404,-4.324622979819949,-6.445761798965221,-8.5178444787629,-10.525101218862115,-12.452255583455953,-14.284640764182125,-16.008311203390992,-17.610148728259492,-19.077962388007382,-20.400581234393865,-21.56793933937892,-22.57115240291344,-23.402585367827342,-24.05591052722468,-24.526155682153924,-24.809741983044276,-24.904511166911877,-24.809741983044276,-24.526155682153927,-24.055910527224682,-23.402585367827346,-22.571152402913448,-21.567939339378935,-20.40058123439388,-19.077962388007396
23.702184703556895,23.611990734874652,23.342095259390195,22.89455234463931,22.272768062437056,21.48147456661459,20.526694078471216,19.41569305403392,18.15692688193942,16.75997553282113,15.235470649948219,13.595014636000469,11.851092351778442,10.01697609887421,8.106624609442003,6.134576811818173,4.11584118049765,2.0657815125806893,8.708041389003092e-15,-2.0657815125806724,-4.115841180497633,-6.134576811818194,-8.106624609441987,-10.01697609887419,-11.851092351778465,-13.595014636000421,-15.235470649948171,-16.75997553282115,-18.156926881939405,-19.41569305403388,-20.52669407847121,-21.481474566614583,-22.27276806243705,-22.894552344639305,-23.342095259390195,-23.611990734874652,-23.702184703556895,-23.611990734874652,-23.342095259390195,-22.89455234463931,-22.272768062437056,-21.481474566614597,-20.526694078471216,-19.415693054033895,-18.15692688193942
22.45182482430067,22.36638885245296,22.110731156243254,21.68679744511004,21.09781411057322,20.34826367144647,19.443850659162482,18.391458202844237,17.19909564453627,15.875837583275457,14.431754811913157,12.877837672300355,11.225912412150329,9.488551180152633,7.678976344330122,5.810959861834572,3.898718466036964,1.9568054686022407,8.24866662182907e-15,-1.9568054686022245,-3.898718466036948,-5.810959861834594,-7.678976344330105,-9.488551180152616,-11.22591241215035,-12.877837672300313,-14.431754811913114,-15.875837583275477,-17.199095644536257,-18.39145820284421,-19.443850659162475,-20.348263671446468,-21.097814110573214,-21.686797445110038,-22.110731156243254,-22.36638885245296,-22.45182482430067,-22.36638885245296,-22.110731156243254,-21.68679744511004,-21.09781411057322,-20.34826367144647,-19.443850659162482,-18.39145820284422,-17.19909564453627
21.152964763789633,21.072471346608747,20.831603698574085,20.43219496792705,19.87728489627746,19.171096684334422,18.31900485079893,17.3274943290313,16.20411111279261,14.957404826675738,13.596863658299954,12.132842147473731,10.576482381894811,8.939629199135037,7.234740040274151,5.474790141251304,3.6731737834848626,1.8436023553031327,7.771473177135518e-15,-1.8436023553031173,-3.6731737834848484,-5.474790141251323,-7.234740040274136,-8.939629199135021,-10.57648238189483,-12.132842147473688,-13.596863658299913,-14.957404826675752,-16.204111112792596,-17.32749432903127,-18.31900485079892,-19.17109668433441,-19.877284896277455,-20.432194967927046,-20.831603698574085,-21.072471346608747,-21.152964763789633,-21.072471346608747,-20.831603698574085,-20.43219496792705,-19.87728489627746,-19.171096684334422,-18.31900485079893,-17.327494329031282,-16.20411111279261
19.797256864875347,19.721922325549233,19.496492048903402,19.12268169546165,18.603336187726534,17.942408058601305,17.144927370227933,16.216963432176925,15.165578610336816,13.99877457804528,12.725431418523677,11.355240042081507,9.898628432437667,8.366682283467746,6.771060630379743,5.123907117416363,3.4377575773897338,1.7254446264243903,7.273394175440268e-15,-1.7254446264243761,-3.4377575773897195,-5.123907117416381,-6.771060630379731,-8.366682283467732,-9.898628432437686,-11.35524004208147,-12.725431418523637,-13.998774578045294,-15.165578610336802,-16.216963432176897,-17.14492737022792,-17.942408058601302,-18.603336187726526,-19.122681695461647,-19.4964920489034,-19.721922325549233,-19.797256864875347,-19.721922325549233,-19.496492048903402,-19.12268169546165,-18.603336187726534,-17.94240805860131,-17.144927370227933,-16.21696343217691,-15.165578610336816
18.428864857064962,18.358737462457412,18.148888990451795,17.80091651463005,17.317468315644703,16.702223726204043,15.959865129128547,15.096042321590332,14.117329516745249,13.031175310001084,11.845845990709075,10.570362630710374,9.21443242853248,7.788374831747057,6.303042999742738,4.769741204628958,3.2001387988994683,1.6061814046137168,6.770655107737125e-15,-1.606181404613704,-3.200138798899456,-4.769741204628976,-6.3030429997427255,-7.788374831747042,-9.214432428532493,-10.570362630710337,-11.84584599070904,-13.031175310001096,-14.117329516745238,-15.096042321590309,-15.959865129128536,-16.70222372620404,-17.3174683156447,-17.800916514630046,-18.14888899045179,-18.358737462457412,-18.428864857064962,-18.358737462457412,-18.148888990451795,-17.80091651463005,-17.317468315644703,-16.702223726204046,-15.959865129128547,-15.096042321590318,-14.117329516745249
17.04824454839128,16.983370830878897,16.789243406503843,16.467339702182954,16.02010959947688,15.450956789512139,14.764212868836422,13.965104373353386,13.059713001228562,12.054929327494056,10.958400362612021,9.778471354107438,8.524122274195637,7.204899476771477,5.830843043891836,4.412410374688887,2.960396598248328,1.4858524161587605,6.263423435180607e-15,-1.4858524161587483,-2.9603965982483165,-4.412410374688903,-5.830843043891822,-7.2048994767714625,-8.524122274195651,-9.778471354107404,-10.95840036261199,-12.05492932749407,-13.059713001228552,-13.96510437335336,-14.764212868836413,-15.450956789512135,-16.020109599476875,-16.467339702182947,-16.789243406503843,-16.983370830878897,-17.04824454839128,-16.983370830878897,-16.789243406503843,-16.467339702182954,-16.02010959947688,-15.450956789512139,-14.764212868836422,-13.965104373353372,-13.059713001228562
15.675116600941617,15.615468049827944,15.436976357977676,15.140999954942027,14.729791399863533,14.206480238140857,13.57504918369863,12.840303808129647,12.00783596739338,11.083981244415636,10.07577073147707,8.990877519355234,7.837558300470805,6.624590530472726,5.361205626500621,4.057018710526382,2.721955432470162,1.3661764300112178,5.758944411481406e-15,-1.3661764300112063,-2.7219554324701507,-4.057018710526397,-5.36120562650061,-6.624590530472714,-7.8375583004708185,-8.990877519355204,-10.07577073147704,-11.083981244415652,-12.007835967393373,-12.840303808129626,-13.575049183698622,-14.206480238140855,-14.72979139986353,-15.140999954942023,-15.436976357977676,-15.615468049827944,-15.675116600941617,-15.615468049827944,-15.436976357977676,-15.140999954942027,-14.729791399863533,-14.206480238140859,-13.57504918369863,-12.840303808129633,-12.00783596739338
14.320121735269474,14.265629348703817,14.102566908972012,13.832175419700214,13.456512723388624,12.978437839987512,12.401589208029069,11.73035699391322,10.969849680090485,10.125855186425909,9.204796820634138,8.21368439302904,7.1600608676347335,6.051944955674792,4.8977700883378885,3.706320233274299,2.4866630432981465,1.2480808460742983,5.2611273739494606e-15,-1.2480808460742878,-2.4866630432981363,-3.706320233274312,-4.897770088337879,-6.051944955674782,-7.160060867634746,-8.21368439302901,-9.204796820634108,-10.12585518642592,-10.96984968009048,-11.7303569939132,-12.401589208029062,-12.97843783998751,-13.456512723388622,-13.832175419700212,-14.102566908972008,-14.265629348703817,-14.320121735269474,-14.265629348703817,-14.102566908972012,-13.832175419700214,-13.456512723388624,-12.978437839987512,-12.401589208029069,-11.730356993913208,-10.969849680090485
12.9835840540552,12.934177596878321,12.786334238319236,12.541179155606843,12.200578126949262,11.767123331835109,11.24411362298236,10.63552942007728,9.94600241637717,9.180780328727952,8.345686959270424,7.447077872789263,6.491792027027596,5.487099724089071,4.440647279048826,3.360398826878883,2.2545757105721034,1.131593911757835,4.770091395977794e-15,-1.1315939117578258,-2.2545757105720945,-3.360398826878895,-4.440647279048816,-5.487099724089061,-6.491792027027608,-7.447077872789239,-8.345686959270399,-9.180780328727963,-9.946002416377162,-10.63552942007726,-11.244113622982354,-11.767123331835107,-12.20057812694926,-12.54117915560684,-12.786334238319235,-12.934177596878321,-12.9835840540552,-12.934177596878321,-12.786334238319236,-12.541179155606843,-12.200578126949262,-11.767123331835109,-11.24411362298236,-10.635529420077269,-9.94600241637717
11.707322333094371,11.662772437079697,11.52946180064431,11.308404998226644,11.001284405570848,10.610437395831514,10.138838550752634,9.590077022304431,8.96832921706966,8.278327011267738,7.525321738319582,6.715044223029298,5.853661166547183,4.947728214050411,4.00414006232474,3.030077986958901,2.0329551885011945,1.0203603735270892,4.301200446543102e-15,-1.0203603735270808,-2.032955188501187,-3.0300779869589127,-4.00414006232473,-4.947728214050404,-5.853661166547193,-6.715044223029274,-7.52532173831956,-8.278327011267749,-8.968329217069655,-9.590077022304412,-10.138838550752629,-10.61043739583151,-11.001284405570845,-11.308404998226642,-11.529461800644308,-11.662772437079697,-11.707322333094371,-11.662772437079697,-11.52946180064431,-11.308404998226644,-11.001284405570848,-10.610437395831514,-10.138838550752634,-9.590077022304417,-8.96832921706966
10.473099620092414,10.433246314122739,10.313989703936222,10.116237404345494,9.841494429756546,9.49185174010034,9.069970327365189,8.579060963840972,8.022859766203283,7.405599761409597,6.731978670808217,6.0071231576421145,5.2365498100462045,4.426123156480635,3.5820110331280137,2.7106376429358927,1.81863466355327,0.9127907762593737,3.84775437806926e-15,-0.9127907762593662,-1.8186346635532626,-2.710637642935903,-3.5820110331280066,-4.426123156480626,-5.236549810046213,-6.007123157642092,-6.731978670808197,-7.405599761409605,-8.022859766203275,-8.579060963840956,-9.069970327365185,-9.491851740100337,-9.841494429756542,-10.11623740434549,-10.313989703936219,-10.433246314122739,-10.473099620092414,-10.433246314122739,-10.313989703936222,-10.116237404345494,-9.841494429756546,-9.49185174010034,-9.069970327365189,-8.57906096384096,-8.022859766203283
9.280519159378414,9.24520398211164,9.139527220134202,8.964293137414126,8.720835371130141,8.411006781887483,8.037165352329916,7.602156241467989,7.10929013130105,6.562318030528151,5.965402727106992,5.323087106923888,4.640259579689205,3.9221168751877613,3.17412449302722,2.401975106885971,1.6115452398290955,0.8088505404195003,3.409607424887538e-15,-0.8088505404194937,-1.6115452398290888,-2.401975106885979,-3.1741244930272132,-3.9221168751877538,-4.640259579689213,-5.323087106923869,-5.965402727106975,-6.562318030528158,-7.109290131301045,-7.602156241467975,-8.037165352329911,-8.411006781887481,-8.720835371130137,-8.964293137414124,-9.139527220134202,-9.24520398211164,-9.280519159378414,-9.24520398211164,-9.139527220134202,-8.964293137414126,-8.720835371130141,-8.411006781887483,-8.037165352329916,-7.602156241467982,-7.10929013130105
8.18363789324392,8.152496680352296,8.059310045111106,7.904787194082164,7.690104139465252,7.416894748935173,7.087238310922203,6.703643709971621,6.269030332617413,5.786705849087965,5.260341039938456,4.69394185919424,4.0918189466219586,3.458554821158065,2.7989690051726597,2.118081344994197,1.4210738068478452,0.7132510389635565,3.006619785402647e-15,-0.7132510389635507,-1.4210738068478395,-2.1180813449942044,-2.7989690051726535,-3.4585548211580583,-4.091818946621966,-4.693941859194224,-5.26034103993844,-5.786705849087971,-6.269030332617406,-6.703643709971608,-7.0872383109222,-7.41689474893517,-7.69010413946525,-7.904787194082163,-8.059310045111104,-8.152496680352296,-8.18363789324392,-8.152496680352296,-8.059310045111106,-7.904787194082164,-7.690104139465252,-7.416894748935173,-7.087238310922203,-6.7036437099716135,-6.269030332617413
7.144610763711253,7.117423362738367,7.036068072357315,6.901164055451564,6.71373801304704,6.475216370497376,6.187414421525688,5.852522512743212,5.473089373789048,5.0520027199586215,4.592467274946683,4.0979803809648345,3.572305381855625,3.01944298177354,2.443600797410638,1.8491613354929386,1.2406486392579956,0.6226938577541693,2.624887410879814e-15,-0.6226938577541642,-1.2406486392579905,-1.849161335492945,-2.4436007974106326,-3.019442981773534,-3.572305381855631,-4.09798038096482,-4.59246727494667,-5.052002719958628,-5.473089373789044,-5.852522512743201,-6.187414421525684,-6.4752163704973755,-6.713738013047037,-6.901164055451561,-7.036068072357314,-7.117423362738367,-7.144610763711253,-7.117423362738367,-7.036068072357315,-6.901164055451564,-6.71373801304704,-6.475216370497378,-6.187414421525688,-5.852522512743205,-5.473089373789048
6.161297204099521,6.137851608091438,6.06769325520965,5.9513560928823575,5.789725517161171,5.584031634322538,5.335839899016225,5.047039200210175,4.719827485604939,4.356695033924486,3.9604055023914952,3.5339748936270743,3.0806486020497594,2.603876714464371,2.10728775281816,1.5946610589578696,1.0698980315562359,0.5369924341123652,2.2636238698788045e-15,-0.5369924341123606,-1.0698980315562316,-1.5946610589578754,-2.107287752818156,-2.603876714464366,-3.0806486020497648,-3.5339748936270623,-3.9604055023914846,-4.35669503392449,-4.719827485604935,-5.047039200210167,-5.3358398990162215,-5.584031634322536,-5.78972551716117,-5.951356092882356,-6.067693255209649,-6.137851608091438,-6.161297204099521,-6.137851608091438,-6.06769325520965,-5.9513560928823575,-5.789725517161171,-5.584031634322539,-5.335839899016225,-5.04703920021017,-4.719827485604939
5.290693359911713,5.270560674373252,5.210315839651264,5.110417355314809,4.9716255091500425,4.794996590911085,4.581874853317192,4.3338822814778775,4.052906248606847,3.7410851519722095,3.4007921384021014,3.0346170432043094,2.645346679955855,2.2359436311689485,1.809523701249168,1.3693322033425972,0.9187192605431986,0.4611143094332099,1.9437692065458106e-15,-0.4611143094332061,-0.918719260543195,-1.369332203342602,-1.809523701249164,-2.235943631168945,-2.64534667995586,-3.034617043204299,-3.4007921384020907,-3.741085151972214,-4.052906248606844,-4.33388228147787,-4.581874853317191,-4.794996590911084,-4.971625509150042,-5.110417355314807,-5.210315839651263,-5.270560674373252,-5.290693359911713,-5.270560674373252,-5.210315839651264,-5.110417355314809,-4.9716255091500425,-4.794996590911085,-4.581874853317192,-4.333882281477873,-4.052906248606847
