hough_viz/data/file_3_2_2.json
{"header": {"discipline": 0, "disciplineName": "Meteorological products", "gribEdition": 2, "gribLength": 133963, "center": 7, "centerName": "US National Weather Service - NCEP(WMC)", "subcenter": 0, "refTime": "2014-11-30T06:00:00.000Z", "significanceOfRT": 1, "significanceOfRTName": "Start of forecast", "productStatus": 0, "productStatusName": "Operational products", "productType": 1, "productTypeName": "Forecast products", "productDefinitionTemplate": 0, "productDefinitionTemplateName": "Analysis/forecast at horizontal level/layer at a point in time", "parameterCategory": 2, "parameterCategoryName": "Momentum", "parameterNumber": 3, "parameterNumberName": "V-component_of_wind", "parameterUnit": "m.s-1", "genProcessType": 2, "genProcessTypeName": "Forecast", "forecastTime": 6, "surface1Type": 100, "surface1TypeName": "Isobaric surface", "surface1Value": 85000, "surface2Type": 255, "surface2TypeName": "Missing", "surface2Value": 0, "gridDefinitionTemplate": 0, "gridDefinitionTemplateName": "Latitude_Longitude", "numberPoints": 65160, "shape": 6, "shapeName": "Earth spherical with radius of 6,371,229.0 m", "gridUnits": "degrees", "resolution": 48, "winds": "true", "scanMode": 0, "nx": 360, "ny": 181, "basicAngle": 0, "subDivisions": 0, "lo1": 0, "la1": 90, "lo2": 359, "la2": -90, "dx": 1, "dy": 1}, "data":
[rows 0 to 19 of 181, columns 90 to 134 of 360]
0.0585195414889446,0.05843934249115573,0.05819896531766751,0.05779906882560404,0.05724074910345357,0.05652553646676623,0.05565539126366538,0.05463269850166964,0.05346026131055308,0.05214129325916154,0.05067940954724347,0.049078617096439,0.04734330356758601,0.04547822533444696,0.043488494446818904,0.041379564618760245,0.039157216280339864,0.03682754073387984,0.034396923458119164,0.03187202660606062,0.02925977074447233,0.026567315885095116,0.023802041859548345,0.020971528091724232,0.018083532823113712,0.015145971848005991,0.012166896816846524,0.009154473167222657,0.006116957742967066,0.0030626761627225727,1.433315383440135e-17,-0.0030626761627225445,-0.006116957742967039,-0.009154473167222631,-0.012166896816846441,-0.015145971848005965,-0.018083532823113684,-0.020971528091724163,-0.023802041859548317,-0.026567315885095134,-0.029259770744472263,-0.03187202660606061,-0.03439692345811919,-0.03682754073387978,-0.03915721628033989
-0.015148124191228685,-0.015127364213491206,-0.015065141181934742,-0.014961625645563716,-0.014817101333268056,-0.014631964376141986,-0.014406722221716293,-0.014141992243079854,-0.013838500046702956,-0.013497077483600404,-0.01311866036928564,-0.012704285918765577,-0.012255089903606261,-0.011772303538862008,-0.01125725010840054,-0.01071134133787379,-0.010136073525276134,-0.009533023439695542,-0.008903843999499065,-0.008250259741798575,-0.007574062095614347,-0.00687710447169263,-0.006161297182435673,-0.00542860220586819,-0.004681027807991921,-0.003920623038268201,-0.003149472113315767,-0.0023696887042178433,-0.0015834101430966991,-0.0007927915648348312,-3.7102203607749585e-18,0.000792791564834824,0.0015834101430966922,0.0023696887042178347,0.003149472113315746,0.003920623038268192,0.004681027807991915,0.00542860220586817,0.006161297182435669,0.006877104471692635,0.007574062095614329,0.008250259741798568,0.008903843999499079,0.009533023439695526,0.01013607352527614
-0.08881578987140197,-0.08869407091813815,-0.088329247681537,-0.08772232011673145,-0.08687495176998969,-0.0857894652190502,-0.08446883570709796,-0.08291668298782934,-0.08113726140395898,-0.07913544822636233,-0.07691673028581475,-0.07448718893397015,-0.07185348337479854,-0.06902283241217098,-0.06600299466361997,-0.06280224729450783,-0.059429363330892125,-0.05589358761327091,-0.05220461145711729,-0.04837254608965778,-0.04440789493570103,-0.04032152482848037,-0.03612463622441969,-0.03182873250346062,-0.02744558843909755,-0.022987217924542384,-0.018465841043478058,-0.013893850575658343,-0.009283778029160465,-0.0046482592923922355,-2.1753594555951265e-17,0.004648259292392192,0.00928377802916042,0.0138938505756583,0.018465841043477933,0.02298721792454235,0.027445588439097515,0.0318287325034605,0.03612463622441965,0.04032152482848041,0.04440789493570093,0.04837254608965774,0.052204611457117335,0.055893587613270825,0.05942936333089215
-0.18360836407863848,-0.18335673519689916,-0.1826025382489555,-0.18134784043621832,-0.1795960807981793,-0.17735206078624294,-0.1746219311032821,-0.17141317484498889,-0.16773458698922905,-0.16359625028962008,-0.1590095076394031,-0.15398693098136196,-0.14854228684900117,-0.14269049863343505,-0.13644760567940972,-0.1298307193225738,-0.12285797598849736,-0.11554848748198977,-0.10792228860297079,-0.1000002822324774,-0.09180418203931931,-0.08335645296442178,-0.07468024964598474,-0.06579935295422873,-0.05673810480968195,-0.04752134146366917,-0.03817432542387257,-0.028722676211553794,-0.019192300140227898,-0.009609319308258223,-4.497107907311729e-17,0.00960931930825813,0.019192300140227804,0.028722676211553708,0.03817432542387232,0.04752134146366909,0.056738104809681875,0.06579935295422851,0.07468024964598466,0.08335645296442185,0.0918041820393191,0.10000028223247731,0.10792228860297087,0.11554848748198959,0.12285797598849739
-0.3135639899065463,-0.3131342613561622,-0.31184625356109663,-0.30970349686118726,-0.3067118644036076,-0.3028795560449778,-0.29821707587612867,-0.29273720343111787,-0.2864549586594157,-0.27938756075726834,-0.27155438097107637,-0.2629768895021564,-0.2536785966584105,-0.24368498841420683,-0.2330234565550959,-0.2217232235988291,-0.2098152626984702,-0.19733221274713517,-0.18430828891705386,-0.170779188878163,-0.1567819949532733,-0.14235507247799922,-0.12753796464404274,-0.1123712841140524,-0.09689660170513735,-0.08115633244614875,-0.06519361932103303,-0.049052215016911004,-0.03277636200100527,-0.016410671255112058,-7.680102731338498e-17,0.016410671255111905,0.03277636200100512,0.049052215016910844,0.0651936193210326,0.08115633244614859,0.0968966017051372,0.11237128411405199,0.12753796464404257,0.14235507247799933,0.15678199495327294,0.17077918887816296,0.18430828891705398,0.1973322127471348,0.2098152626984703
-0.4908357857651185,-0.49016311237951604,-0.4881469359737015,-0.48479278274706045,-0.48010984620044306,-0.4741109619374162,-0.466812572482768,-0.45823468221468866,-0.4484008025341607,-0.43733788742184476,-0.42507625955908895,-0.41164952721557047,-0.3970944921313619,-0.3814510486459208,-0.36476207435047886,-0.34707331256354285,-0.32843324695164033,-0.3088929686389588,-0.28850603617012455,-0.26732832870995665,-0.2454178928825595,-0.2228347836695594,-0.19964089980357694,-0.17589981410810202,-0.1516765992488026,-0.12703764937387338,-0.10205049813228954,-0.0767836335687678,-0.051306310402798996,-0.02568836020627446,-1.202200947888457e-16,0.02568836020627422,0.05130631040279876,0.07678363356876756,0.10205049813228889,0.12703764937387318,0.1516765992488024,0.17589981410810143,0.19964089980357672,0.22283478366955958,0.24541789288255894,0.2673283287099565,0.28850603617012477,0.3088929686389583,0.32843324695164045
-0.6935676318158507,-0.6926171214810947,-0.6897681957595847,-0.685028663358697,-0.678411515007302,-0.6699348878490778,-0.6596220157298629,-0.6475011655152965,-0.6336055596133062,-0.6179732849137991,-0.600647188395139,-0.5816747596835624,-0.5611080008874099,-0.5390032840629636,-0.5154211967025603,-0.4904263756684828,-0.4640873300278175,-0.4364762532738611,-0.407668825448773,-0.37774400570984246,-0.34678381590792573,-0.3148731157712522,-0.28209937031081167,-0.24855241008483656,-0.2143241849794845,-0.17950851218059513,-0.14420081902730306,-0.1084978814523326,-0.07249755872589653,-0.03629852523023692,-1.6987507605909833e-16,0.03629852523023658,0.0724975587258962,0.10849788145233226,0.1442008190273021,0.17950851218059485,0.2143241849794842,0.2485524100848357,0.2820993703108114,0.3148731157712525,0.34678381590792484,0.37774400570984223,0.4076688254487733,0.4364762532738604,0.46408733002781766
-0.926113553289105,-0.9248443468510043,-0.9210402063433274,-0.9147115586507828,-0.9058757501567979,-0.8945569991982837,-0.8807863296848624,-0.864601486064482,-0.8460468298685108,-0.8251732181198644,-0.8020378639374383,-0.7767041797189287,-0.7492416033318546,-0.719725407789193,-0.6882364949312818,-0.6548611736794954,-0.6196909234694955,-0.5828221435124543,-0.5443558885715154,-0.5043975919777159,-0.4630567766445529,-0.42044675487328836,-0.37668431777181177,-0.3318894151383292,-0.28618482668730216,-0.23969582551878854,-0.1925498347535814,-0.14487607827528873,-0.0968052265366562,-0.048469038400936325,-2.268323997364969e-16,0.048469038400935874,0.09680522653665576,0.14487607827528826,0.19254983475358015,0.23969582551878815,0.2861848266873017,0.331889415138328,0.37668431777181133,0.4204467548732887,0.4630567766445519,0.5043975919777156,0.544355888571516,0.5828221435124535,0.6196909234694958
-1.1978957956615073,-1.1962541211059112,-1.1913335971549681,-1.1831477106228065,-1.171718898455417,-1.1570784862325425,-1.1392666023064444,-1.1183320678128754,-1.0943322628557393,-1.0673329692322193,-1.0374081901294383,-1.0046399472868726,-0.969118056180459,-0.9309398798446253,-0.8902100620069759,-0.847040240267107,-0.8015487401057112,-0.7538602505626565,-0.704105482472992,-0.6524208101976414,-0.5989478978307541,-0.5438333109082699,-0.4872281146819762,-0.42928746006015106,-0.3701701583497054,-0.3100382459654356,-0.24905654029946978,-0.1873921879682499,-0.12521420667528033,-0.06269302194534769,-2.933998503737874e-16,0.0626930219453471,0.12521420667527977,0.18739218796824933,0.24905654029946817,0.31003824596543506,0.3701701583497049,0.42928746006014945,0.4872281146819756,0.5438333109082705,0.598947897830753,0.652420810197641,0.7041054824729928,0.7538602505626554,0.8015487401057116
-1.4890089332344336,-1.4869682982413068,-1.4808519865006,-1.4706767623976542,-1.4564705155144653,-1.4382721841862744,-1.4161316487743036,-1.3901095949471465,-1.3602773473455714,-1.3267166740866423,-1.2895195626429867,-1.248787967711533,-1.2046335317627688,-1.1571772790364925,-1.106549283822785,-1.0528883139374157,-0.9963414503689132,-0.9370636841397958,-0.8752174914869482,-0.8109723885255569,-0.7445044666172176,-0.6759959097157503,-0.6056344950136519,-0.5336130782578596,-0.46012906514555174,-0.3853838702488591,-0.30958236495152003,-0.23293231591065386,-0.1556438155828033,-0.07792870637511058,-3.6470200479747285e-16,0.07792870637510989,0.1556438155828026,0.23293231591065308,0.309582364951518,0.38538387024885845,0.460129065145551,0.5336130782578578,0.6056344950136511,0.6759959097157509,0.7445044666172158,0.8109723885255562,0.8752174914869488,0.9370636841397941,0.9963414503689138
-1.8019306753607953,-1.799461191995546,-1.7920595105820514,-1.7797459186145799,-1.7625541667928086,-1.7405313765134949,-1.7137379107140114,-1.6822472084217228,-1.6461455834627186,-1.605531987881621,-1.560517740720899,-1.5112262229031204,-1.45779253905241,-1.4003631471820739,-1.3390954572633622,-1.274157399775674,-1.2057269654207958,-1.133991717262754,-1.059148276630492,-0.9814017841924795,-0.9009653376803987,-0.8180594078030667,-0.7329112339515593,-0.6457542013518273,-0.5568272013720126,-0.4663739767378212,-0.3746424534506509,-0.28188406123964843,-0.1883530444103088,-0.09430576497850178,-4.4134572677320533e-16,0.0943057649785009,0.18835304441030795,0.28188406123964754,0.3746424534506485,0.46637397673782055,0.5568272013720116,0.6457542013518249,0.7329112339515584,0.8180594078030676,0.9009653376803962,0.9814017841924789,1.0591482766304925,1.1339917172627523,1.2057269654207965
-2.1413415578070074,-2.138406923623446,-2.129611064701076,-2.1149780898778108,-2.0945481071205148,-2.0683771135918545,-2.03653684216597,-1.9991145648136492,-1.956212853395922,-1.9079492985217272,-1.8544561872402126,-1.7958801404511426,-1.7323817110271933,-1.6641349437496946,-1.591326898263981,-1.5141571363619006,-1.432837174996825,-1.347589906530375,-1.2586489877999496,-1.1662581996815833,-1.0706707789035048,-0.9721487239418635,-0.8709620769011268,-0.7673881833474374,-0.6617109321236897,-0.5542199772299538,-0.44520994390199076,-0.3349796210639544,-0.22383114236872956,-0.11206915807058589,-5.244774169299117e-16,0.11206915807058485,0.2238311423687285,0.3349796210639533,0.4452099439019879,0.554219977229953,0.6617109321236887,0.7673881833474347,0.8709620769011257,0.972148723941864,1.0706707789035022,1.1662581996815826,1.2586489877999505,1.347589906530373,1.4328371749968256
-2.491726051661049,-2.488311227706125,-2.4780761156364512,-2.461048769182776,-2.4372758591181745,-2.4068225453366967,-2.369772298254636,-2.326226670023911,-2.276305016184684,-2.2201441685201178,-2.157898060009965,-2.0897373029109816,-2.0158487211205776,-1.9364348381055079,-1.8517133217991284,-1.7619163879887103,-1.6672901638281217,-1.5680940132204,-1.464599825919318,-1.3570912722984771,-1.2458630258305257,-1.1312199554076479,-1.0134762897171328,-0.8929547559623784,-0.7699856952900529,-0.644906157347987,-0.5180589764555097,-0.38979183191840355,-0.2604562950641071,-0.13040686560913722,-6.102968667037553e-16,0.130406865609136,0.26045629506410584,0.38979183191840233,0.5180589764555062,0.6449061573479857,0.7699856952900518,0.8929547559623754,1.0134762897171319,1.131219955407649,1.2458630258305228,1.3570912722984765,1.4645998259193191,1.5680940132203975,1.6672901638281223
-2.853793370976611,-2.8498823463440597,-2.8381599922930727,-2.8186584389812928,-2.791431138810812,-2.7565527199188473,-2.714118781627218,-2.6642456324112325,-2.607069971106248,-2.5427485122256757,-2.471457556417373,-2.3933925072358404,-2.308767335554647,-2.217813993087148,-2.1207817766229593,-2.0179366447227784,-1.909560488744469,-1.7959503601984357,-1.677417656550075,-1.554287267700982,-1.4268966854883065,-1.2955950786430777,-1.1607423357429982,-1.0227080787828597,-0.881870650066342,-0.7386160751960699,-0.5933370050042617,-0.44643163932408386,-0.29830263555160147,-0.14935600498983662,-6.989777834388882e-16,0.1493560049898352,0.2983026355516001,0.4464316393240825,0.5933370050042578,0.7386160751960686,0.8818706500663407,1.0227080787828564,1.160742335742997,1.2955950786430788,1.4268966854883032,1.554287267700981,1.677417656550076,1.7959503601984326,1.90956048874447
-3.2256262531294975,-3.22120564445485,-3.2079559350120106,-3.1859134413335854,-3.1551385803625944,-3.1157157038538217,-3.06775286717153,-3.0113815331172087,-2.9467562115991743,-2.8740540361316627,-2.793474278324159,-2.705237801691787,-2.6095864562837505,-2.50678241578917,-2.3971074589372225,-2.2808621971612237,-2.158365250643593,-2.0299523750000787,-1.8959755409969472,-1.756801969823587,-1.61281312656475,-1.4644036746312632,-1.3119803940150632,-1.1559610663335096,-0.9967733297190016,-0.8348535066925983,-0.6706454082343094,-0.5045991173280381,-0.33716975531542526,-0.16881623443987803,-7.900505732281419e-16,0.16881623443987645,0.3371697553154236,0.5045991173280365,0.6706454082343051,0.834853506692597,0.9967733297190001,1.1559610663335054,1.3119803940150616,1.4644036746312645,1.6128131265647467,1.756801969823586,1.8959755409969485,2.029952375000076,2.1583652506435937
-3.5983082413691236,-3.5933768849819967,-3.5785963323257,-3.554007095867679,-3.519676572995889,-3.475698861287235,-3.4221945005926604,-3.359310142645784,-3.287218149100698,-3.2061161191006624,-3.1162263476725687,-3.017795216431744,-2.911092518267052,-2.7964107178573494,-2.674064150046129,-2.5443881582715484,-2.4077381754133986,-2.2644887495762713,-2.115032517479236,-1.9597791282658987,-1.7991541206845634,-1.633597756716099,-1.4635638148464634,-1.2895183462914102,-1.1119383975824904,-0.9313107030156871,-0.7481303505465347,-0.5628994247884338,-0.37612563083364703,-0.18832090266892057,-8.813313340276478e-16,0.18832090266891882,0.37612563083364525,0.5628994247884319,0.7481303505465298,0.9313107030156856,1.1119383975824886,1.2895183462914055,1.4635638148464618,1.6335977567161002,1.7991541206845596,1.959779128265897,2.115032517479238,2.264488749576268,2.4077381754133995
-3.971099768097503,-3.965657513879205,-3.94934566806484,-3.9222089402899583,-3.884321710439145,-3.835787824775908,-3.7767403113073037,-3.707341015163407,-3.6277801549910595,-3.5382758015777895,-3.439073280134931,-3.330444497878275,-3.212687198749293,-3.086124147319688,-2.951102244116141,-2.807991574790071,-2.657184395738603,-2.4990940589570405,-2.3341538790697727,-2.162815945645021,-1.9855498840487533,-1.8028415682341843,-1.6151917889950667,-1.4231148813329213,-1.2271373147005418,-1.027796249985837,-0.8256380671911661,-0.6212168678437188,-0.41509295624176684,-0.2078313036995175,-9.726389240190806e-16,0.20783130369951547,0.4150929562417649,0.6212168678437168,0.8256380671911605,1.027796249985835,1.2271373147005402,1.4231148813329164,1.6151917889950649,1.8028415682341863,1.9855498840487487,2.16281594564502,2.3341538790697745,2.4990940589570374,2.657184395738604
-4.333846736873645,-4.327907350541756,-4.310105470991184,-4.280489891936383,-4.23914178762099,-4.186174490324857,-4.121733179728169,-4.045994484984004,-3.959166000590126,-3.8614857173868873,-3.7532213702408703,-3.634669704202244,-3.50615566114719,-3.3680314891348244,-3.2206757769197414,-3.064492416266546,-2.8999094949106206,-2.727378123199386,-2.5473711976301874,-2.3603821046738855,-2.1669233684368243,-1.9675252458678711,-1.7627342733609968,-1.5531117687370006,-1.339232292710368,-1.1216820740583118,-0.9010574028084308,-0.6779629958491799,-0.45301033944293645,-0.22681601318464628,-1.0614863068615022e-15,0.2268160131846442,0.45301033944293434,0.6779629958491776,0.9010574028084248,1.12168207405831,1.3392322927103661,1.5531117687369953,1.762734273360995,1.9675252458678727,2.1669233684368194,2.360382104673884,2.547371197630189,2.727378123199381,2.899909494910622
-4.686161313186122,-4.67973909197194,-4.660490031191339,-4.628466891181932,-4.5837574451445855,-4.526484238563169,-4.456804253315915,-4.3749084773989875,-4.281021381441666,-4.175400303447964,-4.0583347434510255,-3.9301455700136803,-3.791184140749993,-3.641831339278489,-3.4824965312466185,-3.3136164422879633,-3.135653960987652,-2.949096870136912,-2.754456509754332,-2.5522663755384407,-2.343080656593063,-2.1274727164334992,-1.9060335214370066,-1.6793700210450242,-1.4481034841569327,-1.2128677962752064,-0.9743077220693005,-0.7330771381204978,-0.48983724069167395,-0.24525473343428755,-1.147778490496308e-15,0.2452547334342853,0.48983724069167167,0.7330771381204955,0.9743077220692941,1.2128677962752041,1.4481034841569307,1.6793700210450186,1.9060335214370046,2.1274727164335006,2.343080656593057,2.552266375538439,2.754456509754334,2.949096870136907,3.135653960987654
-5.026339124180946,-5.0194507010995295,-4.9988043125441415,-4.964456548830697,-4.916501554792051,-4.855070771733551,-4.780332577161564,-4.69249182327242,-4.591789275466791,-4.47850095242847,-4.352937369576326,-4.21544268796314,-4.066393770954075,-3.906199151270389,-3.73529791122965,-3.5541584792516003,-3.363277345928448,-3.1631777031786523,-2.954408010214226,-2.737540490252186,-2.513169562090475,-2.281910210847345,-2.0443963023299148,-1.8012788456520483,-1.5532242088636024,-1.3009122924819525,-1.0450346659319187,-0.78629267200203,-0.5253955045127172,-0.26305826446533326,-1.231098023971461e-15,0.2630582644653308,0.5253955045127148,0.7862926720020276,1.0450346659319119,1.30091229248195,1.5532242088636001,1.8012788456520419,2.044396302329913,2.2819102108473457,2.513169562090469,2.7375404902521843,2.9544080102142285,3.163177703178647,3.3632773459284495
