hough_viz/data/file_1_0_0.json
{"header": {"discipline": 0, "disciplineName": "Meteorological products", "gribEdition": 2, "gribLength": 133963, "center": 7, "centerName": "US National Weather Service - NCEP(WMC)", "subcenter": 0, "refTime": "2014-11-30T06:00:00.000Z", "significanceOfRT": 1, "significanceOfRTName": "Start of forecast", "productStatus": 0, "productStatusName": "Operational products", "productType": 1, "productTypeName": "Forecast products", "productDefinitionTemplate": 0, "productDefinitionTemplateName": "Analysis/forecast at horizontal level/layer at a point in time", "parameterCategory": 2, "parameterCategoryName": "Momentum", "parameterNumber": 3, "parameterNumberName": "V-component_of_wind", "parameterUnit": "m.s-1", "genProcessType": 2, "genProcessTypeName": "Forecast", "forecastTime": 6, "surface1Type": 100, "surface1TypeName": "Isobaric surface", "surface1Value": 85000, "surface2Type": 255, "surface2TypeName": "Missing", "surface2Value": 0, "gridDefinitionTemplate": 0, "gridDefinitionTemplateName": "Latitude_Longitude", "numberPoints": 65160, "shape": 6, "shapeName": "Earth spherical with radius of 6,371,229.0 m", "gridUnits": "degrees", "resolution": 48, "winds": "true", "scanMode": 0, "nx": 360, "ny": 181, "basicAngle": 0, "subDivisions": 0, "lo1": 0, "la1": 90, "lo2": 359, "la2": -90, "dx": 1, "dy": 1}, "data":
[rows 80 to 99 of 181, columns 44 to 87 of 360]
-7.493998045462888,-7.628291922321723,-7.760262147564098,-7.8898685217809765,-8.017071565615248,-8.141832531787518,-8.264113416898903,-8.383876973007235,-8.501086718973148,-8.615706951572589,-8.72770275637235,-8.837040018365366,-8.94368543236246,-9.04760651313743,-9.148771605322366,-9.24714989305018,-9.342711409341419,-9.435427045232492,-9.525268558642559,-9.61220858297631,-9.696220635460131,-9.777279125208993,-9.855359361021689,-9.930437558902003,-10.002490849303571,-10.071497284096138,-10.13743584325118,-10.200286441244824,-10.260029933176073,-10.31664812059853,-10.370123757063842,-10.420440553375105,-10.467583182548736,-10.511537284483211,-10.55228947033328,-10.589827326588363,-10.62413941885381,-10.655215295333921,-10.683045490015685,-10.707621525552206,-10.728935915844986,-10.74698216832426,-10.761754785926712,-10.773249268769911
-6.780032695938631,-6.901532177316068,-7.020929385135652,-7.138187949851253,-7.253272153368149,-7.366146939923103,-7.4767779267626935,-7.585131414616613,-7.691174397962826,-7.794874575081338,-7.896200357893634,-7.995120881584706,-8.091606014004773,-8.185626364847826,-8.277153294604204,-8.366158923284457,-8.452616138911882,-8.53649860578106,-8.617780772480002,-8.696437879673326,-8.772445967644217,-8.84578188359277,-8.91642328868857,-8.9843486648753,-9.04953732142537,-9.111969401242499,-9.171625886910382,-9.228488606485573,-9.282540239032855,-9.33376431990134,-9.382145245739778,-9.42766827924948,-9.470319553673448,-9.510086077020327,-9.54695573602187,-9.580917299822785,-9.611960423401742,-9.640075650722581,-9.6652544176147,-9.68748905438179,-9.706772788138103,-9.723099744871531,-9.736464951232886,-9.746864336050843
-6.057443791947552,-6.165994342099834,-6.2726666706441865,-6.377428284155972,-6.4802472712328685,-6.581092312215384,-6.679932688727125,-6.7767382930319195,-6.871479637204919,-6.964127862114906,-7.054654746215073,-7.143032714139567,-7.229234845103222,-7.313234881101887,-7.395007234910874,-7.474526997879063,-7.55176994751633,-7.6267125548719426,-7.69933199170172,-7.76960613742172,-7.837513585846398,-7.903033651709125,-7.966146376963137,-8.026832536860935,-8.085073645810333,-8.140851963005346,-8.194150497830227,-8.244953015034948,-8.293244039680639,-8.339008861853383,-8.382233541145014,-8.422904910899494,-8.461010582223597,-8.49653894776071,-8.52947918522651,-8.559821260705574,-8.587555931707774,-8.612674749983656,-8.635170064097835,-8.655035021759721,-8.672263571910772,-8.686850466567718,-8.698791262421134,-8.708082322188936
-5.322622707866828,-5.418005123789537,-5.511737162866147,-5.603790273409551,-5.694136415150537,-5.782748067779132,-5.869598239327544,-5.95466047439218,-6.037908862192227,-6.119318044462311,-6.198863223176889,-6.276520168103949,-6.352265224185789,-6.426075318744568,-6.497927968510468,-6.567801286470317,-6.635673988534587,-6.701525400020734,-6.765335461950899,-6.827084737162079,-6.886754416226863,-6.944326323182975,-6.999782921069848,-7.053107317270544,-7.104283268657414,-7.153295186539913,-7.200128141413065,-7.244767867505135,-7.287200767123122,-7.327413914794742,-7.365395061205667,-7.401132636930761,-7.434615755958265,-7.465834219005766,-7.494778516626995,-7.521439832108512,-7.545810044155343,-7.5678817293648235,-7.58764816448782,-7.605103328476717,-7.620241904319469,-7.633059280659227,-7.6435515531989875,-7.651715525890897
-4.578449987751725,-4.660496686340301,-4.741123752490973,-4.82030662641834,-4.898021188251938,-4.974243765383401,-5.048951139677346,-5.122120554543857,-5.193729721870357,-5.263756828810788,-5.332180544430004,-5.398980026201395,-5.46413492635571,-5.527625398079194,-5.5894321015591135,-5.649536209874853,-5.707919414732779,-5.76456393204312,-5.819452507337178,-5.872568421023196,-5.923895493479323,-5.973418089982073,-6.021121125468815,-6.066990069132827,-6.111010948849531,-6.153170355432522,-6.193455446718147,-6.231853951477351,-6.268354173153613,-6.302944993425822,-6.335615875595034,-6.366356867794048,-6.3951586060188506,-6.422012316980966,-6.446909820779901,-6.4698435333948074,-6.49080646899466,-6.509792242066203,-6.5267950693590375,-6.541809771647262,-6.55483177530711,-6.565857113710119,-6.574882428431405,-6.5819049702726735
-3.8283487262388864,-3.89695346689871,-3.964371157781881,-4.030581262806666,-4.095563613733682,-4.159298416309339,-4.221766256295361,-4.282948105382546,-4.342825326986982,-4.401379681926924,-4.458593333978629,-4.51444885530944,-4.568929231786476,-4.622017868159299,-4.673698593114988,-4.7239556642040785,-4.772773772635868,-4.820138047941614,-4.866034062504231,-4.91044783595308,-4.953365839422519,-4.99477499967294,-5.034662703072987,-5.073016799441806,-5.109825605750097,-5.145077909678887,-5.178762973034896,-5.210870535021517,-5.241390815364334,-5.2703145172902985,-5.297632830359614,-5.3233374331494785,-5.34742049578888,-5.369874682343637,-5.390693153051008,-5.4098695664031435,-5.427398081078769,-5.4432733577225125,-5.45749056057132,-5.470045358927479,-5.480933928477791,-5.490152952458488,-5.497699622665561,-5.503571640310158
-3.070377373975297,-3.1253991231763707,-3.179468845528104,-3.2325700708692837,-3.2846866240522656,-3.3358026298700887,-3.3859025178922075,-3.4349710272074017,-3.482993211072397,-3.5299544414647874,-3.575840413538871,-3.6206371499830463,-3.664331005277437,-3.7069086698504488,-3.748357174132994,-3.7886638925091463,-3.82781654716203,-3.865803211813756,-3.902612315358287,-3.9382326453861056,-3.9726533515996225,-4.005863949118286,-4.0378543216723735,-4.068614724684505,-4.098135788237942,-4.126408519930749,-4.1534243076149675,-4.179174922019962,-4.203652519259133,-4.226849643219241,-4.248759227831613,-4.269374599224533,-4.288689477756169,-4.306697979927411,-4.323394620174048,-4.338774312537716,-4.352832372215134,-4.365564516985143,-4.376966868513102,-4.387035953532283,-4.3957687049018475,-4.403162462541132,-4.409214974239932,-4.413924396344554
-2.3070087455931807,-2.3483507831161985,-2.388977490241695,-2.428876491681118,-2.46803563381212,-2.506442988380666,-2.5440868561344927,-2.5809557703868173,-2.617038500509203,-2.6523240553525116,-2.68680168659492,-2.720460892015959,-2.7532914186955946,-2.785283266137361,-2.8164266893146186,-2.8467122016389714,-2.876130577849986,-2.9046728568252846,-2.9323303443101962,-2.9590946155661095,-2.9849575179367274,-3.0099111733314494,-3.033947980625111,-3.057060617973359,-3.079242045042962,-3.1004855051563576,-3.1207845273498043,-3.1401329283445016,-3.1585248144300744,-3.175954583259856,-3.1924169255574126,-3.207906826733808,-3.2224195684150887,-3.235950729879551,-3.2484961894043334,-3.2600521255209336,-3.2706150181792664,-3.280181649819903,-3.2887491063541705,-3.2963147780518147,-3.302876360335947,-3.3084318544850384,-3.312979568241755,-3.316518116328431
-1.540620736332121,-1.5682289542948171,-1.5953594745262598,-1.6220040328071674,-1.6481545129469763,-1.6738029492561095,-1.6989415289724072,-1.723562594640963,-1.7476586464466655,-1.7712223444987114,-1.7942465110664063,-1.8167241327655739,-1.8386483626948997,-1.8600125225215625,-1.8808101045155186,-1.9010347735318227,-1.9206803689403718,-1.9397409065024929,-1.958210580193802,-1.9760837639727715,-1.9933550134944822,-2.0100190677690186,-2.0260708507640204,-2.04150547295089,-2.056318232794192,-2.0705046181837825,-2.0840603078092457,-2.0969811724762044,-2.1092632763641146,-2.1209028782251518,-2.131896432523834,-2.1422405905170256,-2.1519322012739943,-2.1609683126362205,-2.1693461721166467,-2.1770632277381186,-2.184117128810736,-2.1905057266479,-2.1962270752208215,-2.201279431751302,-2.205661257242597,-2.209371216948217,-2.2124081807784943,-2.2147712236448274
-0.7708642207792572,-0.7846782549052587,-0.7982532684334669,-0.8115851262832576,-0.8246697674415805,-0.8375032061999854,-0.850081533368706,-0.8624009174674376,-0.8744576058924437,-0.8862479260596339,-0.8977682865232696,-0.9090151780699535,-0.91998517478757,-0.9306749351088495,-0.9410812028292443,-0.9512008080987989,-0.9610306683877174,-0.9705677894253322,-0.9798092661121865,-0.9887522834049578,-0.9973941171739454,-1.0057321350328678,-1.0137637971407134,-1.0214866569753995,-1.0288983620790078,-1.0359966547743642,-1.0427793728527515,-1.0492444502325369,-1.0553899175885224,-1.061213902951819,-1.0667146322800665,-1.071890429997825,-1.0767397195069701,-1.0812610236669413,-1.0854529652446931,-1.0893142673342124,-1.0928437537454772,-1.0960403493627364,-1.098903080471998,-1.1014310750576348,-1.103623563068007,-1.1054798766500267,-1.1069994503525948,-1.1081818212988412
0.0,0.0,0.0,0.0,0.0,0.0,0.0,0.0,0.0,0.0,0.0,0.0,0.0,0.0,0.0,0.0,0.0,0.0,0.0,0.0,0.0,0.0,0.0,0.0,0.0,0.0,0.0,0.0,0.0,0.0,0.0,0.0,0.0,0.0,0.0,0.0,0.0,0.0,0.0,0.0,0.0,0.0,0.0,0.0
0.7708642207792572,0.7846782549052587,0.7982532684334669,0.8115851262832574,0.8246697674415804,0.8375032061999853,0.850081533368706,0.8624009174674376,0.8744576058924437,0.8862479260596337,0.8977682865232693,0.9090151780699535,0.9199851747875698,0.9306749351088492,0.9410812028292443,0.9512008080987987,0.9610306683877174,0.970567789425332,0.9798092661121865,0.9887522834049576,0.9973941171739452,1.0057321350328678,1.0137637971407134,1.0214866569753995,1.0288983620790078,1.0359966547743642,1.0427793728527512,1.0492444502325369,1.0553899175885224,1.061213902951819,1.0667146322800665,1.071890429997825,1.0767397195069701,1.081261023666941,1.085452965244693,1.0893142673342124,1.0928437537454772,1.0960403493627364,1.098903080471998,1.1014310750576348,1.103623563068007,1.1054798766500267,1.1069994503525948,1.1081818212988412
1.540620736332121,1.5682289542948171,1.5953594745262598,1.6220040328071674,1.6481545129469763,1.6738029492561095,1.6989415289724072,1.723562594640963,1.7476586464466655,1.7712223444987114,1.7942465110664063,1.8167241327655739,1.8386483626948997,1.8600125225215625,1.8808101045155186,1.9010347735318227,1.9206803689403722,1.9397409065024933,1.958210580193802,1.9760837639727715,1.9933550134944822,2.0100190677690186,2.0260708507640204,2.04150547295089,2.056318232794192,2.0705046181837825,2.0840603078092457,2.0969811724762044,2.1092632763641146,2.1209028782251518,2.1318964325238343,2.1422405905170256,2.1519322012739943,2.1609683126362205,2.1693461721166467,2.1770632277381186,2.184117128810736,2.1905057266479,2.1962270752208215,2.201279431751302,2.205661257242597,2.209371216948217,2.2124081807784943,2.2147712236448274
2.3070087455931807,2.3483507831161985,2.388977490241695,2.428876491681118,2.46803563381212,2.506442988380666,2.5440868561344927,2.5809557703868173,2.617038500509203,2.6523240553525116,2.68680168659492,2.720460892015959,2.7532914186955946,2.785283266137361,2.8164266893146186,2.8467122016389714,2.876130577849986,2.9046728568252846,2.9323303443101962,2.9590946155661095,2.9849575179367274,3.0099111733314494,3.033947980625111,3.057060617973359,3.079242045042962,3.1004855051563576,3.1207845273498043,3.1401329283445016,3.1585248144300744,3.175954583259856,3.1924169255574126,3.207906826733808,3.2224195684150887,3.235950729879551,3.2484961894043334,3.2600521255209336,3.2706150181792664,3.280181649819903,3.2887491063541705,3.2963147780518147,3.302876360335947,3.3084318544850384,3.312979568241755,3.316518116328431
3.070377373975297,3.1253991231763707,3.179468845528104,3.2325700708692837,3.2846866240522656,3.3358026298700887,3.3859025178922075,3.4349710272074017,3.482993211072397,3.5299544414647874,3.575840413538871,3.6206371499830463,3.664331005277437,3.7069086698504488,3.748357174132994,3.7886638925091463,3.82781654716203,3.865803211813756,3.902612315358287,3.9382326453861056,3.9726533515996225,4.005863949118286,4.0378543216723735,4.068614724684505,4.098135788237942,4.126408519930749,4.1534243076149675,4.179174922019962,4.203652519259133,4.226849643219241,4.248759227831613,4.269374599224533,4.288689477756169,4.306697979927411,4.323394620174048,4.338774312537716,4.352832372215134,4.365564516985143,4.376966868513102,4.387035953532283,4.3957687049018475,4.403162462541132,4.409214974239932,4.413924396344554
3.8283487262388864,3.89695346689871,3.964371157781881,4.030581262806666,4.095563613733682,4.159298416309339,4.221766256295361,4.282948105382546,4.342825326986982,4.401379681926924,4.458593333978629,4.51444885530944,4.568929231786476,4.622017868159299,4.673698593114988,4.7239556642040785,4.772773772635868,4.820138047941614,4.866034062504231,4.91044783595308,4.953365839422519,4.9947749996729405,5.034662703072987,5.073016799441806,5.109825605750097,5.145077909678887,5.178762973034896,5.210870535021518,5.241390815364334,5.2703145172902985,5.297632830359614,5.323337433149479,5.34742049578888,5.369874682343637,5.390693153051009,5.4098695664031435,5.427398081078769,5.4432733577225125,5.45749056057132,5.470045358927479,5.480933928477791,5.490152952458488,5.497699622665561,5.503571640310158
4.578449987751725,4.660496686340301,4.741123752490973,4.820306626418339,4.898021188251938,4.974243765383401,5.048951139677345,5.122120554543856,5.193729721870357,5.263756828810788,5.332180544430004,5.398980026201394,5.464134926355709,5.527625398079194,5.5894321015591135,5.649536209874853,5.707919414732779,5.76456393204312,5.819452507337177,5.872568421023196,5.923895493479323,5.973418089982073,6.021121125468814,6.066990069132827,6.11101094884953,6.153170355432522,6.193455446718147,6.231853951477351,6.268354173153613,6.302944993425822,6.335615875595033,6.366356867794048,6.3951586060188506,6.422012316980966,6.446909820779899,6.4698435333948074,6.49080646899466,6.509792242066201,6.5267950693590375,6.541809771647262,6.55483177530711,6.565857113710119,6.574882428431404,6.581904970272672
5.322622707866828,5.418005123789538,5.511737162866147,5.603790273409551,5.694136415150537,5.782748067779132,5.869598239327544,5.954660474392181,6.037908862192227,6.119318044462311,6.198863223176889,6.276520168103949,6.35226522418579,6.426075318744568,6.497927968510468,6.567801286470317,6.635673988534587,6.701525400020736,6.7653354619509,6.827084737162079,6.886754416226863,6.944326323182977,6.9997829210698495,7.053107317270544,7.104283268657414,7.153295186539913,7.200128141413066,7.244767867505135,7.287200767123122,7.327413914794742,7.365395061205668,7.401132636930761,7.434615755958265,7.465834219005766,7.494778516626995,7.521439832108514,7.545810044155345,7.5678817293648235,7.58764816448782,7.605103328476717,7.620241904319471,7.633059280659227,7.6435515531989875,7.651715525890897
6.057443791947553,6.165994342099835,6.272666670644187,6.377428284155972,6.4802472712328685,6.581092312215384,6.679932688727125,6.7767382930319195,6.871479637204919,6.964127862114906,7.054654746215073,7.143032714139567,7.229234845103223,7.313234881101887,7.395007234910875,7.474526997879063,7.55176994751633,7.6267125548719426,7.69933199170172,7.76960613742172,7.837513585846398,7.903033651709126,7.966146376963137,8.026832536860937,8.085073645810333,8.140851963005346,8.194150497830227,8.24495301503495,8.293244039680637,8.339008861853381,8.382233541145016,8.422904910899494,8.461010582223599,8.49653894776071,8.529479185226512,8.559821260705576,8.587555931707774,8.612674749983656,8.635170064097835,8.655035021759721,8.672263571910772,8.686850466567718,8.698791262421134,8.708082322188936
6.780032695938631,6.901532177316068,7.020929385135652,7.138187949851253,7.253272153368149,7.366146939923103,7.4767779267626935,7.585131414616613,7.691174397962826,7.794874575081338,7.896200357893634,7.995120881584706,8.091606014004773,8.185626364847826,8.277153294604204,8.366158923284457,8.452616138911882,8.53649860578106,8.617780772480002,8.696437879673326,8.772445967644217,8.84578188359277,8.91642328868857,8.9843486648753,9.04953732142537,9.111969401242499,9.171625886910382,9.228488606485573,9.282540239032855,9.33376431990134,9.382145245739778,9.42766827924948,9.470319553673448,9.510086077020327,9.54695573602187,9.580917299822785,9.611960423401742,9.640075650722581,9.6652544176147,9.68748905438179,9.706772788138103,9.723099744871531,9.736464951232886,9.746864336050843
