hough_viz/data/file_1_2_0.json
{"header": {"discipline": 0, "disciplineName": "Meteorological products", "gribEdition": 2, "gribLength": 133963, "center": 7, "centerName": "US National Weather Service - NCEP(WMC)", "subcenter": 0, "refTime": "2014-11-30T06:00:00.000Z", "significanceOfRT": 1, "significanceOfRTName": "Start of forecast", "productStatus": 0, "productStatusName": "Operational products", "productType": 1, "productTypeName": "Forecast products", "productDefinitionTemplate": 0, "productDefinitionTemplateName": "Analysis/forecast at horizontal level/layer at a point in time", "parameterCategory": 2, "parameterCategoryName": "Momentum", "parameterNumber": 3, "parameterNumberName": "V-component_of_wind", "parameterUnit": "m.s-1", "genProcessType": 2, "genProcessTypeName": "Forecast", "forecastTime": 6, "surface1Type": 100, "surface1TypeName": "Isobaric surface", "surface1Value": 85000, "surface2Type": 255, "surface2TypeName": "Missing", "surface2Value": 0, "gridDefinitionTemplate": 0, "gridDefinitionTemplateName": "Latitude_Longitude", "numberPoints": 65160, "shape": 6, "shapeName": "Earth spherical with radius of 6,371,229.0 m", "gridUnits": "degrees", "resolution": 48, "winds": "true", "scanMode": 0, "nx": 360, "ny": 181, "basicAngle": 0, "subDivisions": 0, "lo1": 0, "la1": 90, "lo2": 359, "la2": -90, "dx": 1, "dy": 1}, "data":
[rows 140 to 159 of 181, columns 88 to 131 of 360]
-3.289580891561536,-3.2910847123429345,-3.2915860368395005,-3.2910847123429345,-3.289580891561536,-3.2870750325736817,-3.283567898688295,-3.2790605582123318,-3.2735543841253634,-3.267051053661357,-3.259552547797772,-3.251061150652132,-3.2415794487862675,-3.231110330418417,-3.2196569845434535,-3.2072228999614794,-3.193811864215112,-3.179427962435754,-3.1640755760992283,-3.147759381691134,-3.1304843492823466,-3.112255741015085,-3.093079109500012,-3.072960296124855,-3.0519054292750636,-3.0299209224670434,-3.007013472394537,-2.9831900568887453,-2.9584579327928133,-2.9328246337513284,-2.9062979679154926,-2.8788860155646887,-2.850597126645149,-2.8214399182264787,-2.791423271876814,-2.760556330957411,-2.72884849783749,-2.696309431030178,-2.662949042250438,-2.628777493395862,-2.5938051934512583,-2.558042795317975,-2.521501192568919,-2.484191516130277
-4.349505888303357,-4.351494250213054,-4.3521571048202645,-4.351494250213054,-4.349505888303357,-4.346192624765473,-4.341555468851571,-4.335595833084268,-4.3283155328263465,-4.319716785727791,-4.309802211050267,-4.298574828869263,-4.286038059154161,-4.2721957207264545,-4.257052030096527,-4.240611600179241,-4.222879438888816,-4.203860947613353,-4.183561919569531,-4.161988538037934,-4.139147374479562,-4.115045386534102,-4.089689915900565,-4.063088686100929,-4.035249800127483,-4.006181737974574,-3.9758933540555255,-3.9443938745054865,-3.9116928943710723,-3.877800374687613,-3.8427266394449293,-3.8064823724425394,-3.7690786140352825,-3.730526757770306,-3.690838546916488,-3.650026070887323,-3.6081017615583697,-3.56507838948038,-3.520969059989263,-3.475787209214081,-3.4295465999842656,-3.382261317637332,-3.333945765728343,-3.284614661642456
-5.410347582223103,-5.412820904326113,-5.4136454287464915,-5.412820904326113,-5.410347582223103,-5.406226215835335,-5.400458060570933,-5.393044873465869,-5.38398891264875,-5.373292936652965,-5.360960203576419,-5.346994470089075,-5.331399990288644,-5.31418151440474,-5.295344287351916,-5.274894047132011,-5.252837023086305,-5.229179933997992,-5.20392998604558,-5.177094870607816,-5.148682761920822,-5.118702314588136,-5.087162660944443,-5.054073408273776,-5.0194446358830405,-4.983286892031763,-4.945611190718988,-4.906429008328309,-4.865752280132048,-4.8235933966556575,-4.779965199903449,-4.734880979446785,-4.688354468375962,-4.640399839116959,-4.591031699114401,-4.540265086381968,-4.48811546492169,-4.434598720013446,-4.379731153376161,-4.32352947820215,-4.266010814066108,-4.207192681710329,-4.1470929977077065,-4.085730069004192
-6.471902352013958,-6.474860960290504,-6.475847263195159,-6.474860960290504,-6.471902352013958,-6.4669723395862615,-6.4600724247369605,-6.451204709246958,-6.440371894308295,-6.427577279701343,-6.412824762789654,-6.39611883733279,-6.377464592117482,-6.356867709407527,-6.334334463212928,-6.309871717378755,-6.283486923494371,-6.255188118623586,-6.224983922856499,-6.1928835366837385,-6.158896738193893,-6.123033880095021,-6.085305886561112,-6.045724249904474,-6.004301027075067,-5.961048835987847,-5.915980851679207,-5.8691108022937515,-5.820452964902563,-5.770022161154273,-5.717833752760237,-5.663903636815208,-5.608248240954941,-5.550884518352156,-5.491829942552457,-5.431102502151703,-5.368720695316526,-5.304703524149588,-5.239070488901376,-5.171841582030231,-5.103037282112446,-5.032678547604298,-4.960786810457894,-4.887383969592804
-7.5292601013544065,-7.53270207715078,-7.5338495189235335,-7.53270207715078,-7.5292601013544065,-7.5235246399935765,-7.5154974401453885,-7.505180946972672,-7.492578302979187,-7.477693347052378,-7.460530613294016,-7.441095329639062,-7.419393416263189,-7.395431483779448,-7.369216831224589,-7.340757443835737,-7.310061990617976,-7.277139821703714,-7.242000965504523,-7.204656125656403,-7.165116677759333,-7.123394665912179,-7.079502799043911,-7.03345444704237,-6.985263636681658,-6.934945047349446,-6.882514006575488,-6.827986485362719,-6.771379093322314,-6.712709073614265,-6.65199429769492,-6.589253259873179,-6.524505071676954,-6.457769456031592,-6.389066741252108,-6.31841785485096,-6.2458443171633355,-6.171368234791851,-6.095012293872661,-6.016799753165048,-5.936754436966574,-5.854900727855969,-5.771263559265959,-5.685868407888312
-8.581861864912701,-8.585785034046085,-8.587092889885733,-8.585785034046085,-8.581861864912701,-8.5753245775209,-8.566175163191751,-8.554416408925492,-8.540051896552583,-8.523086001642644,-8.503523892171616,-8.481371526947546,-8.456635653795479,-8.429323807501993,-8.399444307520051,-8.367006255434795,-8.332019532191122,-8.29449479508386,-8.25444347451144,-8.211877770494093,-8.16681064895761,-8.11925583778378,-8.069227822628765,-8.01674184251061,-7.961813885167307,-7.904460682186761,-7.844699703910187,-7.782549154110491,-7.718027964447204,-7.651155788699734,-7.581952996780617,-7.510440668530648,-7.436640587297776,-7.360575233301655,-7.282267776785978,-7.201742070960581,-7.119022644735528,-7.034134695249367,-6.947104080193839,-6.857957309937374,-6.766721539449781,-6.67342456003057,-6.578094790843454,-6.4807612702596105
-9.629401150525345,-9.633803198701065,-9.635270697097713,-9.633803198701065,-9.629401150525345,-9.62206589347707,-9.611799661946595,-9.5986055831275,-9.582487676064003,-9.563450850426737,-9.541500905017196,-9.516644526001398,-9.488889284873173,-9.458243636147838,-9.424716914786872,-9.38831933335438,-9.349061978906253,-9.306956809612958,-9.262016651116936,-9.214255192625817,-9.16368698274253,-9.110327425033665,-9.054192773337418,-8.995300126812474,-8.933667424729476,-8.869313441006526,-8.802257778490475,-8.73252086298571,-8.66012393703225,-8.585089053435068,-8.507439068546585,-8.427197635304404,-8.34438919602642,-8.259038974965408,-8.171172970625516,-8.080817947842842,-7.988001429632617,-7.892751688805414,-7.795097739354997,-7.695069327620368,-7.592696923224737,-7.488011709794183,-7.3810455754588284,-7.271831103139391
-10.66240106299334,-10.667275343586125,-10.66890026877304,-10.667275343586125,-10.66240106299334,-10.654278911747769,-10.642911363935362,-10.628301882221301,-10.610454916795247,-10.58937590401575,-10.565071264754298,-10.537548402439462,-10.50681570080172,-10.472882521319704,-10.435759200368603,-10.3954570460716,-10.35198833485531,-10.305366307710262,-10.255605166157556,-10.202720067922964,-10.146727122319717,-10.087643385341453,-10.02548685446682,-9.960276463177243,-9.89203207518962,-9.820774478405628,-9.746525378579536,-9.669307392706415,-9.589144042132789,-9.506059745391811,-9.420079810765117,-9.331230428573699,-9.23953866320008,-9.145032444844228,-9.047740561015761,-8.947692647764972,-8.844919180655435,-8.739451465480812,-8.631321628728834,-8.520562607795256,-8.407208140950802,-8.291292757064161,-8.17285176508416,-8.051921243284319
-11.685585024764487,-11.690927050445667,-11.69270790649473,-11.690927050445667,-11.685585024764487,-11.67668345668396,-11.664225057707954,-11.648213622785484,-11.628654029154735,-11.605552234857404,-11.57891527692383,-11.54875126922943,-11.515069400023155,-11.477879929128655,-11.437194184819022,-11.393024560366104,-11.34538451026539,-11.294288546137643,-11.239752232308515,-11.1817921810675,-11.120426047607678,-11.055672524647768,-10.987551336738147,-10.916083234252552,-10.841289987067336,-10.763194377930123,-10.681820195519988,-10.597192227201182,-10.509336251472659,-10.41827903011572,-10.324048300042069,-10.22667276484492,-10.126182086055598,-10.022606874108336,-9.91597867901605,-9.806329980759887,-9.693694179395537,-9.57810558487922,-9.459599406616553,-9.338211742737434,-9.213979569100191,-9.086940728028376,-8.95713391678363,-8.824598675778125
-12.698812339777938,-12.704617558900113,-12.706552828441458,-12.704617558900113,-12.698812339777938,-12.689138939400905,-12.675600304380483,-12.658200558716054,-12.636945002538694,-12.611840110496724,-12.582893529783458,-12.550114077807795,-12.513511739508345,-12.473097664311934,-12.428884162737363,-12.380884702645515,-12.329113905136918,-12.273587540098012,-12.214322521397477,-12.151336901734126,-12.084649867137863,-12.014281731125436,-11.94025392851275,-11.8625890088856,-11.781310629730864,-11.696443549230196,-11.608013618718434,-11.516047774809063,-11.42057403118902,-11.321621470085498,-11.219220233407174,-11.113401513562728,-11.004197543959314,-10.891641589183953,-10.775767934870828,-10.65661187725753,-10.534209712433505,-10.408598725283895,-10.279817178132195,-10.147904299085214,-10.012900270083776,-9.87484621466293,-9.73378418542531,-9.589757151231527
-13.688140270840055,-13.694397757880667,-13.696483798703618,-13.694397757880667,-13.688140270840055,-13.677713243672953,-13.66311985255284,-13.644364542768034,-13.621453027367572,-13.594392285420993,-13.563190559892437,-13.527857355129765,-13.48840343396942,-13.444840814457994,-13.397182766191383,-13.345443806272769,-13.289639694890546,-13.229787430517629,-13.165905244733548,-13.098012596670934,-13.026130167088073,-12.950279852069364,-12.870484756355536,-12.786769186305737,-12.699158642493575,-12.607679811939398,-12.512360559981166,-12.413229921786407,-12.310318093507808,-12.203656423085205,-12.093277400696653,-11.979214648861639,-11.861502912199324,-11.740178046844994,-11.615277009527937,-11.48683784631406,-11.354899681016706,-11.219502703279128,-11.080688156332362,-10.938498324432144,-10.792976519978696,-10.64416707032335,-10.492115304266019,-10.336867538247606
-14.663259684376392,-14.669962943959693,-14.672197590719145,-14.669962943959693,-14.663259684376392,-14.652089853847041,-14.636456854810225,-14.616365449228896,-14.591821757139819,-14.562833254789368,-14.52940877235617,-14.491558491261369,-14.449293941067253,-14.402627995965236,-14.351574870854257,-14.296150117010788,-14.236370617351762,-14.172254581291869,-14.103821539196801,-14.031092336434108,-13.954089127023497,-13.872835366888495,-13.787355806711567,-13.697676484394794,-13.60382471712851,-13.505829093070176,-13.40371946263619,-13.29752692940914,-13.18728384066335,-13.07302377751161,-12.95478154467602,-12.832593159886128,-12.706495842907621,-12.576528004204768,-12.442729233240273,-12.30514028641591,-12.163803074657734,-12.018760650649613,-11.87005719571895,-11.717738006378648,-11.561849480529325,-11.402439103326087,-11.23955543271406,-11.073248084637212
-15.624121842896969,-15.63126435736704,-15.633645437290397,-15.63126435736704,-15.624121842896969,-15.612220069559282,-15.595562662749433,-15.574154696474906,-15.548002691809607,-15.517114614907502,-15.481499874576025,-15.4411693194101,-15.396135234487518,-15.346411337626801,-15.292012775208615,-15.232956117562047,-15.169259353917107,-15.100941886925053,-15.02802452674813,-14.950529484720622,-14.868480366583034,-14.781902165291578,-14.690821253405076,-14.595265375051603,-14.495263637477384,-14.390846502180414,-14.28204577563162,-14.168894599586283,-14.051427440988748,-13.92968008147346,-13.803689606465511,-13.673494393884082,-13.539134102452168,-13.400649659616107,-13.258083249078723,-13.111478297949727,-12.96087946351744,-12.806332619645703,-12.647884842800291,-12.485584397708951,-12.3194807226595,-12.149624414440437,-11.97606721292868,-11.798861985329093
-16.553402187275406,-16.560969519112703,-16.563492219204765,-16.560969519112703,-16.553402187275406,-16.540792528775455,-16.523144384636993,-16.500463130655667,-16.47275567576117,-16.44003045991267,-16.402297451527932,-16.35956814444683,-16.311855554430238,-16.25917421519527,-16.201540173988196,-16.138970986696286,-16.071485712500102,-15.999104908067917,-15.92185062129392,-15.839746384582247,-15.752817207678767,-15.661089570052855,-15.564591412831529,-15.463352130288268,-15.357402560889264,-15.246774977899717,-15.131503079553074,-15.011621978786243,-14.887168192543816,-14.758179630654713,-14.624695584284417,-14.486756713966534,-14.344405037217216,-14.197683915736187,-14.046638042198378,-13.891313426640071,-13.73175738244384,-13.568018511926395,-13.400146691533868,-13.22819305664896,-13.05220998601462,-12.872251085778947,-12.688371173166242,-12.500626259779176
-17.464466922553072,-17.47245074455349,-17.475112288797686,-17.47245074455349,-17.464466922553072,-17.45116325474596,-17.432543793558242,-17.408614210658158,-17.379381795228475,-17.344855451746113,-17.30504569726976,-17.259964658236278,-17.20962606676687,-17.154045256484128,-17.093239157841296,-17.027226292965057,-16.956026770013537,-16.87966227705115,-16.79815607544222,-16.711532992765306,-16.61981941525055,-16.5230432797421,-16.421234065188333,-16.314422783662227,-16.20264197091487,-16.085925676464647,-15.964309453225518,-15.837830346677197,-15.706526883580764,-15.570439060243057,-15.42960833033337,-15.284077592256285,-15.13389117608442,-14.979094830055018,-14.819735706634638,-14.65586234815601,-14.487524672031611,-14.314773955548306,-14.13766282024781,-13.956245215897653,-13.770576404057548,-13.580712941246208,-13.386712661713632,-13.188634659824299
-18.357573309355804,-18.365965411921046,-18.368763063506723,-18.365965411921046,-18.357573309355804,-18.34358931212672,-18.324017679894823,-18.298864374368883,-18.268137057489437,-18.23184508909486,-18.189999524070288,-18.142613108980214,-18.0897002781857,-18.03127714944759,-17.967361519016848,-17.897972856213677,-17.823132297496954,-17.742862640025844,-17.657188334715624,-17.56613547878962,-17.469731807829795,-17.36800668732822,-17.260991103742025,-17.14871765505465,-17.031220540846192,-16.908535551875858,-16.780700059179754,-16.64775300268733,-16.50973487935989,-16.366687730854796,-16.218655130719235,-16.065682171117196,-15.907815449094093,-15.745103052382719,-15.577594544755355,-15.405340950926107,-15.228394741008325,-15.046809814531658,-14.86064148402376,-14.669946458161565,-14.47478282449725,-14.275210031764228,-14.07128887176846,-13.863081460870715
-19.213041965186672,-19.2218251423553,-19.22475316537957,-19.2218251423553,-19.213041965186672,-19.19840630931452,-19.177922632901424,-19.151597175473633,-19.119437956020505,-19.081454770551815,-19.037659189113818,-18.98806455226487,-18.93268596701179,-18.87154030220811,-18.804646183415663,-18.73202398723105,-18.653695835078736,-18.569685586472644,-18.480018831748332,-18.38472288426791,-18.283826772100124,-18.17736122917815,-18.06535868593772,-17.94785325943849,-17.82488074297168,-17.69647859515706,-17.56268592853272,-17.423543497640996,-17.27909368661422,-17.129380496264176,-16.974449530678932,-16.814347983331455,-16.64912462270401,-16.478829777432797,-16.303515320977368,-16.123234655819473,-15.938042697196138,-15.747995856371947,-15.55315202345564,-15.353570549766223,-15.149312229753972,-14.94043928248186,-14.727015332673007,-14.509105391330023
-20.046694039697904,-20.05585831809354,-20.058913387760022,-20.05585831809354,-20.046694039697904,-20.031423344101086,-20.0100508829049,-19.98258316636807,-19.94902856142313,-19.90939728912781,-19.863701421551553,-19.81195487809829,-19.754173421266447,-19.690374651847513,-19.620578003564685,-19.544804737153157,-19.463077933883923,-19.375422488532955,-19.281865101798054,-19.182434272165516,-19.077160287229265,-18.966075214464926,-18.84921289146176,-18.726608915615433,-18.598300633284676,-18.464327128415235,-18.324729210634526,-18.179549402820623,-18.028831928149362,-17.87262269662358,-17.710969291088418,-17.543920952737178,-17.371528566111962,-17.193844643603722,-17.010923309456537,-16.82282028328077,-16.6295928630804,-16.431299907799456,-16.228001819393008,-16.019760524428197,-15.806639455220742,-15.588703530512875,-15.366019135698442,-15.138654102601308
-20.859342431199316,-20.868878209059293,-20.872057124455424,-20.868878209059293,-20.859342431199316,-20.84345269556581,-20.821213842326173,-20.792632645650535,-20.757717811648288,-20.716479975716073,-20.668931699298206,-20.6150874660603,-20.554963677477396,-20.488578647837926,-20.415952598665008,-20.33710765255676,-20.252067826447558,-20.16085902429224,-20.063509029175492,-19.960047494848883,-19.850505936698017,-19.73491772214267,-19.613318060472707,-19.48574399212305,-19.35223437739076,-19.212829884597802,-19.067572977703144,-18.91650790336774,-18.75968067747665,-18.597139071122093,-18.428932596051936,-18.255112489587944,-18.075731699018384,-17.890844865469745,-17.700508307262595,-17.50478000275637,-17.303719572688692,-17.097388262014285,-16.885848921249135,-16.66916598732569,-16.44740546396467,-16.220634901569735,-15.988923376650956,-15.75234147078347
-21.62964829662436,-21.63953621720605,-21.642832525429085,-21.63953621720605,-21.62964829662436,-21.613171775640406,-21.5901116731621,-21.560475013520033,-21.524270824327846,-21.481510133732275,-21.432205967053903,-21.376373342819523,-21.31402926818735,-21.245192733766444,-21.169884707832026,-21.088128129938333,-20.999947903930973,-20.905370890361013,-20.804425898302974,-20.69714367657931,-20.58355690439403,-20.463700181378275,-20.337610017050956,-20.205324819697594,-20.066884884670777,-19.92233238211581,-19.771711344125286,-19.615067651326466,-19.45244901890562,-19.283904982073526,-19.109486880976505,-18.929247845057777,-18.743242776873707,-18.551528335369934,-18.35416291862251,-18.151206646049307,-17.942721340097037,-17.72877050740952,-17.50941931948299,-17.284734592814196,-17.054784768547446,-16.819639891626792,-16.579371589459633,-16.33405305009834
