hough_viz/data/file_1_0_1.json
{"header": {"discipline": 0, "disciplineName": "Meteorological products", "gribEdition": 2, "gribLength": 133963, "center": 7, "centerName": "US National Weather Service - NCEP(WMC)", "subcenter": 0, "refTime": "2014-11-30T06:00:00.000Z", "significanceOfRT": 1, "significanceOfRTName": "Start of forecast", "productStatus": 0, "productStatusName": "Operational products", "productType": 1, "productTypeName": "Forecast products", "productDefinitionTemplate": 0, "productDefinitionTemplateName": "Analysis/forecast at horizontal level/layer at a point in time", "parameterCategory": 2, "parameterCategoryName": "Momentum", "parameterNumber": 2, "parameterNumberName": "U-component_of_wind", "parameterUnit": "m.s-1", "genProcessType": 2, "genProcessTypeName": "Forecast", "forecastTime": 6, "surface1Type": 100, "surface1TypeName": "Isobaric surface", "surface1Value": 85000, "surface2Type": 255, "surface2TypeName": "Missing", "surface2Value": 0, "gridDefinitionTemplate": 0, "gridDefinitionTemplateName": "Latitude_Longitude", "numberPoints": 65160, "shape": 6, "shapeName": "Earth spherical with radius of 6,371,229.0 m", "gridUnits": "degrees", "resolution": 48, "winds": "true", "scanMode": 0, "nx": 360, "ny": 181, "basicAngle": 0, "subDivisions": 0, "lo1": 0, "la1": 90, "lo2": 359, "la2": -90, "dx": 1, "dy": 1}, "data":
[rows 0 to 19 of 181, columns 44 to 87 of 360]
6.867215929957011,6.750432757451825,6.631593337735808,6.510733870447429,6.387891170551218,6.263102657123566,6.136406341954514,6.007840817969003,5.877445247471072,5.745259350214677,5.611323391304625,5.475678168931475,5.33836500194398,5.199425717262993,5.058902637140556,4.91683856626816,4.773276778737991,4.6282610048612485,4.481835417847454,4.334044620348869,4.184933630874092,4.03454787007499,3.882933146911118,3.730135644695882,3.5762019070286324,3.42117882361706,3.2651136159941085,3.1080538231338584,2.950047286970689,2.79114213782616,2.6313867797480452,2.4708298757660057,2.3095203330683427,2.1475072881043964,1.9848400916171278,1.8215682936103723,1.6577416282554558,1.4934099987416685,1.328623462075279,1.1634322138316726,0.9978865728653143,0.832036965982117,0.6659339125789604,0.49962800925498385
6.879364347658316,6.762374580402863,6.6433249283416265,6.522251655151882,6.399191640925509,6.274182370934948,6.14726192421483,6.018468961962735,5.887842715762604,5.755422975634443,5.621250077913866,5.485364892965288,5.347808812732387,5.2086237381297416,5.0678520662793884,4.9255366775962655,4.781720922726399,4.6364486093419,4.4897639887967085,4.341711742647208,4.1923369690417935,4.041685168983529,3.8898022324701054,3.736734424515315,3.582528371056255,3.4272310447506418,3.2708897506684647,3.1135521118824125,2.9552660549614242,2.7960797953717895,2.636041822790251,2.4752008863335813,2.3136059797091266,2.151306326290844,1.988351364125405,1.8247907308728588,1.6606742486865442,1.496051909036767,1.3309738574829189,1.1654903783986441,0.9996518796547524,0.8335088772644729,0.6671119799957985,0.5005118739555567
6.8915127653596215,6.774316403353901,6.655056518947442,6.533769439856332,6.410492111299798,6.28526208474633,6.158117506475146,6.029097105956466,5.898240184054136,5.765586601054209,5.631176764523108,5.495051616999099,5.357252623520792,5.21782175899649,5.076801495418223,4.934234788924372,4.790165066714807,4.644636213822551,4.497692559745962,4.349378864945549,4.1997403072094945,4.048822467892066,3.8966713180290933,3.743333204334748,3.5888548350838767,3.4332832658842243,3.2766658853428203,3.1190504006309654,2.960484822952158,2.8010174529174203,2.6406968658324574,2.4795718969011573,2.317691626349911,2.1551053644772917,1.9918626366336818,1.8280131681353449,1.6636068691176327,1.4986938193318655,1.3333242528905593,1.1675485429656156,1.0014171864441908,0.8349807885468286,0.6682900474126366,0.5013957386561297
6.907239958662772,6.789776141614531,6.670244092979517,6.548680223377674,6.425121562341303,6.299605747035492,6.17217101079348,6.042856171470421,5.911700619619068,5.77874430649105,5.644027731867322,5.507591931721541,5.369478465720118,5.229729404562731,5.088387317167186,4.945495257702521,4.801096752474267,4.655235786665944,4.507956790940718,4.359304627907415,4.209324578454919,4.058062327959184,3.905563952367018,3.751875904160917,3.5970449982091655,3.4411183975056074,3.284143598803303,3.126168418146592,2.9672409763058383,2.8074096841193934,2.6467232277471773,2.485230553840406,2.3229808546319686,2.160023552951984,1.9964082871731574,1.8321848960904143,1.667403403739548,1.5021140041594037,1.3363670461022894,1.1702130176972494,1.0037025310709133,0.836886306930528,0.6698151591139544,0.5025399791112672
6.928924132611082,6.811091556716073,6.691184256352366,6.569238756445212,6.445292202775204,6.319382350663282,6.191547553470114,6.061826750913294,5.93025945720591,5.796885749020148,5.661746253279541,5.524882134783617,5.386335083668705,5.2461473027087075,5.104361494459732,4.961020848252487,4.816169027036375,4.669850154079351,4.5221087995275395,4.372989966828741,4.222539079023941,4.070801964911016,3.9178248450848354,3.7636543178580215,3.608337345066647,3.45192123776522,3.2944536418152555,3.1359825233719056,2.976556154272991,2.8162230973349387,2.655032191560071,2.493032537259782,2.330273481098095,2.1668046010601967,2.0026756913505124,1.8379367472248846,1.6726379497615596,1.5068296505755294,1.3405623564809495,1.1738867141062619,1.0068534944667638,0.8395135774992422,0.6719179365634662,0.5041176229151955
6.959014703427185,6.8406704103591265,6.720242382817013,6.597767304344641,6.473282482037359,6.346825835177954,6.218435883686069,6.088151736384677,5.956013079087127,5.822060162508496,5.6863337900048,5.548875305143916,5.409726579111924,5.268929997958736,5.126528449686898,4.982565311187493,4.837084435027102,4.690130136089914,4.541747178078961,4.391980759880674,4.240876501796853,4.088480431648294,3.9348389707542535,3.779998919792082,3.624007444541267,3.4669120615162994,3.308760623492662,3.1496013049304237,2.9894825872998307,2.828453244313379,2.666562327068867,2.503859149107961,2.3403932713948095,2.176214487219289,2.0113728070295025,1.845918443198087,1.6799017947270594,1.513373431895784,1.3463840808567782,1.1789846081840232,1.0112260053785371,0.8431593733358465,0.6748359067801717,0.5063068786700073
6.993889626622615,6.874952254173747,6.753920704669099,6.630831845491109,6.505723170698674,6.378632789606087,6.249599415174581,6.118662352219988,5.985861485440092,5.8512372672653905,5.714830705536872,5.576683351014636,5.436837284721138,5.2953351051228905,5.152219915154555,5.007535309089395,4.8613253592599985,4.713634602633456,4.564508027244947,4.413991058493956,4.262129545307257,4.108969746172883,3.9545583150493386,3.7989422871543663,3.642169064637544,3.484286402141151,3.325342392253625,3.1653854508601036,3.004464302394472,2.842627964997432,2.6799257355850985,2.516407174832682,2.3521220920778303,2.1871205301482086,2.0214527501179957,1.8551692159978428,1.6883205793630685,1.520957663924692,1.3531314500480383,1.1848930592236169,1.0162937384950417,0.8473848448486618,0.6782178295697424,0.5088442225698901
7.034464019845902,6.914836643411222,6.793102940749434,6.669299993125626,6.543465512116955,6.415637828125317,6.285855878701552,6.1541591966846845,6.020587898159825,5.8851826702384455,5.7479847586646615,5.609035955251411,5.468378585150242,5.326055493958662,5.1821100346689635,5.036586054462479,4.8895278813533,4.74098031068554,4.590988591488239,4.439598412692064,4.286855889212028,4.132807547900432,3.9775003133743416,3.8209814937218862,3.6632987660917613,3.5045001621703173,3.3446340535506183,3.1837491369980104,3.0218944196166024,2.8591192039212308,2.6954730728194356,2.5310058745080246,2.3657677072888363,2.199808904308297,2.0331800182254836,1.8659318058132583,1.6981152124972951,1.5297813568375944,1.3609815149572775,1.1917671049233767,1.0221896710844112,0.8523008683694601,0.6821524465535814,0.5117962344943215
7.083371537353567,6.962912444672864,6.840332381410268,6.7156686866405035,6.588959334132647,6.460242920782931,6.329558654857767,6.196946344050521,6.0624463833557085,5.926099742764292,5.787947954783809,5.64803310178719,5.506397803194042,5.363085202488367,5.218138954076638,5.071603209990257,4.923522606436384,4.773942250201358,4.622907704910703,4.4704649771500184,4.3166605024509295,4.161541131146365,4.005154114099497,3.8475470883106784,3.6887680624067305,3.528865402017079,3.367887815041084,3.2058843368111667,3.042904315156157,2.878997395369475,2.7142135050866885,2.5486028390770774,2.382215843953815,2.2151032028074367,2.047315819767301,1.8789048044956687,1.7099214566192267,1.540417250102718,1.370443817569473,1.2000529345736046,1.0292965038286936,0.8582265393976972,0.6868951508489753,0.5153545273832
7.136895347784436,7.015526034651888,6.892019724328259,6.766414038032104,6.63874723647224,6.50905820819316,6.3773864577292,6.243772093571088,6.1082558159484925,5.9708789044323565,5.831683205360731,5.690711119091966,5.54800558708917,5.40361007883981,5.257568578614487,5.109925572068912,4.960726032693121,4.8100154081121405,4.657839606242182,4.504244981306657,4.349278319716226,4.192986825817205,4.035418107512663,3.8766201617606018,3.7166413599536035,3.5555304331844524,3.3933364574021545,3.230108838462944,3.0658972970807707,2.9007518536818924,2.734722813168168,2.567860749593699,2.400216490759479,2.2318411027307508,2.062785874281805,1.8931023012728947,1.7228420709641235,1.5520570462709908,1.3807992499664514,1.2091208488342653,1.03707413777851,0.8647115238940245,0.6920855105027144,0.5192486811605203
7.195793454364651,7.073422526049016,6.948896964710163,6.822254702040382,6.693534314499697,6.5627750115650905,6.4300166237869325,6.2952995906562,6.158664948286216,6.020154316912659,5.879809888215624,5.737674412467641,5.593791185511522,5.448204035572022,5.300957309905349,5.152095861290557,5.001665034366938,4.849710651821636,4.696279000431585,4.541416816964126,4.385171273940529,4.227589965266781,4.068720891736029,3.9086124464070724,3.7473133998633568,3.584872885357007,3.421340383842332,3.2567657089034703,3.0911989915806783,2.924690665099934,2.7572914495104857,2.589052336235034,2.4200245725372547,2.2502596459113717,2.0798092683985936,1.9087253608350943,1.7370600370364466,1.56486558792324,1.39219446559276,1.219099267341566,1.045632719643862,0.8718476620904827,0.6977970312934552,0.5235338447609817
7.26278106663311,7.139270953827131,7.013586149928942,6.885764939747351,6.755846258861214,6.623869681759273,6.489875409785401,6.353904258892875,6.215997647211434,6.076197582430935,5.934546649005379,5.79108799518129,5.645865319854343,5.49892285925824,5.3503053734899435,5.2000581328753155,5.048226904179315,4.894857936665032,4.7399979480056835,4.583694110053984,4.425994034473121,4.266945758233789,4.106597728981667,3.9449987902797936,3.782198166730337,3.618245448980321,3.4531905786158132,3.2870838329492504,3.119975809704475,2.9519174116041804,2.7829598308644443,2.6131545336010893,2.442553244152606,2.2712079293244036,2.099170782559249,1.926494208038601,1.7532308047198153,1.5794333503139841,1.4051547852093351,1.2304481963450669,1.0553668010405748,0.8799639307849177,0.7042930149915442,0.5284075647231621
7.334139274821669,7.209415651617654,7.082495970566979,6.95341889263399,6.822223735947026,6.688950463821725,6.553639672587826,6.416332579223124,6.277071008798378,6.135897381737005,5.992854700893381,5.8479865384537755,5.701337022663841,5.552950824386711,5.402873143495828,5.251149695106633,5.0978266956512766,4.9429508488006695,4.786569331238076,4.62872977828865,4.469480269409245,4.30886931354295,4.146945834342796,3.983759155269139,3.819358984565239,3.6537954001156834,3.4871188341921395,3.3193800580912227,3.1506301666690546,2.9809205627772797,2.8103029416052556,2.6388292749332036,2.466551795301096,2.293522980098111,2.119795535577537,1.9454223808019029,1.770456631523347,1.5949515840040305,1.418960698781586,1.2425375843845072,1.0657359810024951,0.8886097441166534,0.7112128280946001,0.5335992697554336
7.410468202364166,7.284446537216627,7.156205959087832,7.025785531300175,6.893224981179374,6.758564687953133,6.621845670451256,6.483109574610903,6.342398660790826,6.199755790898481,6.055224415333842,5.908848559754018,5.760672811662592,5.610742306827842,5.45910271553395,5.305800228669394,5.150881543656743,4.994393850228182,4.836384816051064,4.676902572207864,4.515995698534998,4.353713208824925,4.190104535896077,4.0252195165351425,3.859108376316291,3.6918217143019953,3.523410487630042,3.353925995991512,3.183419866004391,3.011944035487607,2.8395507376402542,2.6662924851308714,2.4922220541015645,2.3173924680918767,2.1418569818873276,1.9656690652974593,1.7888823868684371,1.6115507975350822,1.433728314217357,1.2554691033662788,1.0768274644643152,0.8978578134852142,0.7186146663183837,0.5391526221628138
7.494467041989473,7.367016901157135,7.2373226956108105,7.105423931461883,6.971360786351646,6.835174097212797,6.696905347830119,6.556596656204114,6.414290761721447,6.270031012136135,6.123861350365369,5.975826301104106,5.825970957262397,5.674340966229659,5.5209825159700285,5.3659423209530805,5.209267607924116,5.051006101518471,4.891206009724108,4.729916009197005,4.567185230433778,4.403063242806042,4.237600039461117,4.070846022093619,3.9028519855926183,3.7336691025690345,3.5633489077679403,3.3919432823706037,3.2195044381909645,3.0460849017714136,2.8717374983826955,2.696515335932824,2.5204717887898993,2.343660481523745,2.1661352725713763,1.9879502378311558,1.8091596541907848,1.629817982994025,1.4499798534512458,1.2697000459988306,1.0890334756125457,0.9080351750798852,0.7267602782365635,0.5452640031722038
7.5824983284028065,7.453551136507577,7.322333520731993,7.188885451232958,7.053247577585181,6.915461216398928,6.7755683387345815,6.633611557317854,6.489634113559527,6.343679864383715,6.195793268868604,6.046019374703796,5.894403804468352,5.740992741733694,5.585832916995656,5.428971593439927,5.270456552545205,5.110336079528519,4.948658948637072,4.785474408291133,4.620832166082497,4.454782373633067,4.287375611318182,4.1186628728593515,3.9486955497910614,3.7775254158064357,3.6052046109864424,3.431785625917542,3.2573212857025333,3.0818647338695198,2.905469416183874,2.728189064368147,2.550077679734853,2.3711895167371506,2.1915790664424257,2.0113010399337576,1.8304103516444143,1.6489621026303776,1.4670115637860268,1.2846141590080826,1.1018254483129695,0.9187011109126778,0.735296928254347,0.5516687670286863
7.675008625195958,7.544488212644918,7.41166967589921,7.276593472771766,7.139300748782572,6.999833324625339,6.8582336834285185,6.714544957814525,6.568810916761119,6.421075952268971,6.271385065839404,6.1197838547665055,5.966318498247771,5.811035743317446,5.653982890606936,5.49520777993659,5.334758775743199,5.172684752347749,5.009035079067809,4.8438596051791745,4.67720864473128,4.509132961221064,4.339683752129906,4.168912633328393,3.9968716233536004,3.823613127563773,3.6491899221751156,3.4736551381856677,3.2970622451910745,3.1194650350972375,2.9409176057347732,2.761474344380294,2.5811899111895165,2.4001192225472368,2.218317434339297,2.035839925151532,1.8527422794009423,1.6690802704041288,1.4849098433882086,1.3002870984493438,1.1152682734641293,0.9299097269589714,0.7442679209427465,0.5583994037079146
7.774568574009223,7.64235505514036,7.507813600888548,7.370985193884079,7.231911513385218,7.09063492258228,6.947198455693398,6.801645804855893,6.654021306817203,6.504369929429506,6.35273725795206,6.199169481165492,6.043713377302257,5.886416299797531,5.727326162864892,5.566491426901191,5.403961083725041,5.239784641653442,5.0740121104210605,4.906693985946788,4.737881234952183,4.567625279436525,4.3959779810131705,4.222991625112008,4.0487189050527945,3.8732129059942837,3.6965270887639496,3.5187152735733163,3.3398316236237915,3.159930628608036,2.9790670881118704,2.797296094921796,2.6146730182431948,2.431253486834325,2.2470933720612893,2.062248770879039,1.8767759887437268,1.6907315224615063,1.504172042979062,1.3171543781210797,1.129735495279963,0.9419724840629908,0.7539225389022829,0.5656429416328115
7.877716509191947,7.743748867075634,7.607422404039028,7.4687786464434,7.327859826520384,7.1847088695076335,7.039369380573393,6.891885631533931,6.742302547367904,6.590665692531802,6.43702125708054,6.281416042597547,6.123897447938533,5.964513454793353,5.803312613070301,5.6403440261073605,5.475657335714826,5.309302707053949,5.141330813356132,4.971792820487377,4.8007403713626635,4.628225570215017,4.454300966724055,4.279019540008848,4.102434682489958,3.924600183625608,3.7455702135268685,3.565399306456935,3.3841423442194554,3.2018545394410047,3.0185914187527776,2.834408805876648,2.649362804620715,2.4635097817895364,2.276906350014274,2.0896093505079083,1.9016758357508776,1.7131630521123296,1.5241284224123275,1.3346295284302896,1.1447240933650484,0.9544699642517767,0.7639250943412381,0.5731475254466525
7.9847552230712235,7.848967291522453,7.710788488502034,7.5702609046119305,7.42742734591552,7.282331320898439,7.135017027215482,6.985529338227577,6.833913789332902,6.68021656409639,6.524484480181741,6.366764975090328,6.207106091711266,6.045556463687084,5.882165300599439,5.71698237297942,5.550057997146936,5.381443019883905,5.2111888029458076,5.039347207416412,4.865970577910385,4.691111726628612,4.514823917271087,4.3371608488122835,4.158176639143906,3.9779258085900877,3.7964632632999393,3.6138442785226244,3.430124481769974,3.245359835871816,3.059606621929143,2.8729214221703576,2.6853611027157664,2.4969827962556055,2.307843884646894,2.1180019814343316,1.9275149143006782,1.7364407074518726,1.5448375639423009,1.35276384794557,1.1602780669762394,0.967438854067842,0.7743049499127076,0.5809351849689665
