hough_viz/data/file_3_3_0.json
{"header": {"discipline": 0, "disciplineName": "Meteorological products", "gribEdition": 2, "gribLength": 133963, "center": 7, "centerName": "US National Weather Service - NCEP(WMC)", "subcenter": 0, "refTime": "2014-11-30T06:00:00.000Z", "significanceOfRT": 1, "significanceOfRTName": "Start of forecast", "productStatus": 0, "productStatusName": "Operational products", "productType": 1, "productTypeName": "Forecast products", "productDefinitionTemplate": 0, "productDefinitionTemplateName": "Analysis/forecast at horizontal level/layer at a point in time", "parameterCategory": 2, "parameterCategoryName": "Momentum", "parameterNumber": 3, "parameterNumberName": "V-component_of_wind", "parameterUnit": "m.s-1", "genProcessType": 2, "genProcessTypeName": "Forecast", "forecastTime": 6, "surface1Type": 100, "surface1TypeName": "Isobaric surface", "surface1Value": 85000, "surface2Type": 255, "surface2TypeName": "Missing", "surface2Value": 0, "gridDefinitionTemplate": 0, "gridDefinitionTemplateName": "Latitude_Longitude", "numberPoints": 65160, "shape": 6, "shapeName": "Earth spherical with radius of 6,371,229.0 m", "gridUnits": "degrees", "resolution": 48, "winds": "true", "scanMode": 0, "nx": 360, "ny": 181, "basicAngle": 0, "subDivisions": 0, "lo1": 0, "la1": 90, "lo2": 359, "la2": -90, "dx": 1, "dy": 1}, "data":
[rows 95 to 113 of 181, columns 43 to 85 of 360]
14.868503433178859,14.217987272615487,13.528500597218057,12.801933242038203,12.040276677693388,11.245618551884386,10.42013696729802,9.566094511579145,8.685832055735107,7.781762337971082,6.8563633505423365,5.912171547749738,4.951774893694763,3.977805768849815,2.9929337548863466,1.999858317537009,1.001301407547742,2.343017404789293e-15,-1.0013014075477373,-1.999858317536996,-2.9929337548863426,-3.9778057688498105,-4.9517748936947505,-5.912171547749742,-6.856363350542341,-7.7817623379710685,-8.685832055735094,-9.566094511579148,-10.420136967298024,-11.245618551884379,-12.040276677693388,-12.801933242038197,-13.528500597218056,-14.217987272615481,-14.868503433178859,-15.478266059328883,-16.045603834091374,-16.568961724060863,-17.04690524163911,-17.47812437686589,-17.8614371880652,-18.1957930414653,-18.480275490912817
13.800636455564245,13.196840849587431,12.556873620143065,11.882488872923469,11.175535049644862,10.437949861597097,9.671754978511688,8.87905048730563,8.062009135889102,7.222870377814486,6.363934234089836,5.487554988981199,4.596134737083036,3.692116799343927,2.777979026093717,1.8562270054279393,0.9293871955650328,2.174740151749318e-15,-0.9293871955650286,-1.8562270054279273,-2.7779790260937136,-3.6921167993439226,-4.596134737083023,-5.487554988981203,-6.36393423408984,-7.222870377814474,-8.062009135889092,-8.879050487305634,-9.67175497851169,-10.437949861597094,-11.175535049644862,-11.882488872923469,-12.556873620143062,-13.196840849587426,-13.800636455564245,-14.366605476286828,-14.893196630009419,-15.378966566982546,-15.822583825574448,-16.222832481714764,-16.578615481657955,-16.88895764893136,-17.153008357226092
12.611641816650478,12.059866256330082,11.475035440872121,10.85875235089066,10.212706175498031,9.538667682354859,8.838484364119012,8.114075374596638,7.367426268474959,6.60058355905491,5.815649108900422,5.0147743687792605,4.200154480685965,3.374022261110261,2.5386420810422745,1.696303659488997,0.8493157875136751,1.987375287108027e-15,-0.8493157875136711,-1.6963036594889855,-2.5386420810422705,-3.374022261110258,-4.2001544806859545,-5.014774368779263,-5.815649108900427,-6.6005835590549,-7.36742626847495,-8.11407537459664,-8.838484364119015,-9.538667682354857,-10.21270617549803,-10.858752350890658,-11.475035440872118,-12.059866256330082,-12.611641816650478,-13.128849743375897,-13.610072405529886,-14.053990805244846,-14.459388193043559,-14.825153402864894,-15.150283897692741,-15.433888517440348,-15.67518992155808
11.25931111997188,10.766701768044205,10.244581634954596,9.69438181569571,9.117610369728222,8.515848187494633,7.890744657308466,7.244013144495559,6.577426295178772,5.892811177578195,5.192044274144155,4.477046338249261,3.7497771295369033,3.0122300423562907,2.2664266420071293,1.51441112376961,0.758244709907259,1.7742715020775682e-15,-0.7582447099072552,-1.5144111237696003,-2.266426642007126,-3.012230042356288,-3.7497771295368936,-4.477046338249265,-5.192044274144157,-5.892811177578186,-6.577426295178764,-7.244013144495564,-7.89074465730847,-8.51584818749463,-9.117610369728222,-9.694381815695708,-10.244581634954594,-10.766701768044205,-11.25931111997188,-11.72105948274482,-12.15068123619642,-12.546998816963095,-12.908925946103677,-13.23547060651443,-13.525737761979,-13.778931810400497,-13.994358764491494
9.756664388499875,9.329797764939809,8.877358814212336,8.400587640032752,7.900791039049528,7.379338919005518,6.837660543916067,6.277240616555709,5.699615208991016,5.106367552313874,4.499123697115092,3.879548056592776,3.249338844511419,2.6102234205160233,1.9639535555594043,1.3123006304197353,0.6570507804689785,1.5374805257085416e-15,-0.6570507804689754,-1.3123006304197267,-1.9639535555594017,-2.6102234205160206,-3.24933884451141,-3.8795480565927782,-4.4991236971150945,-5.106367552313867,-5.69961520899101,-6.277240616555711,-6.837660543916071,-7.379338919005514,-7.900791039049526,-8.400587640032752,-8.877358814212334,-9.329797764939807,-9.756664388499875,-10.156788673148483,-10.529073906033723,-10.87249967920947,-11.186124686502701,-11.469089303568218,-11.720617944059274,-11.94002118545583,-12.12669765872375
8.168426103650852,7.811046949072649,7.432258257746254,7.033098263145318,6.614661035069765,6.178093480876535,5.724592201886233,5.2554002135820905,4.771803538590911,4.275127681784449,3.7667339971626936,3.24801595647719,2.720395329821804,2.1853182886597318,1.64425144196806,1.0986778163644704,0.5500927912343798,1.287201809960325e-15,-0.5500927912343772,-1.0986778163644635,-1.6442514419680578,-2.18531828865973,-2.720395329821797,-3.248015956477193,-3.7667339971626963,-4.275127681784443,-4.771803538590904,-5.255400213582093,-5.724592201886236,-6.178093480876533,-6.614661035069765,-7.033098263145316,-7.432258257746254,-7.8110469490726455,-8.168426103650852,-8.50341617005928,-8.815098963810792,-9.10262018403251,-9.365191755045172,-9.602093986423748,-9.812677545618907,-9.99636523773238,-10.152653587568055
6.472130357193064,6.1889663246091375,5.8888387655192345,5.572570308701207,5.241027824011642,4.895120046355837,4.5357950849085915,4.164037824412867,3.7808672256791462,3.3873335326846976,2.9845153939278237,2.5735169059273195,2.155464586970635,1.7315042894055666,1.3027980589386283,0.8705209495485223,0.43585780274486957,1.019895118639145e-15,-0.43585780274486746,-0.8705209495485168,-1.3027980589386263,-1.7315042894055648,-2.1554645869706293,-2.5735169059273213,-2.984515393927826,-3.3873335326846927,-3.7808672256791414,-4.164037824412868,-4.535795084908594,-4.895120046355836,-5.241027824011642,-5.572570308701206,-5.888838765519233,-6.188966324609135,-6.472130357193064,-6.737554730340184,-6.984511934293134,-7.2123250765216556,-7.420369737038003,-7.6080756798887075,-7.774928416131688,-7.920470614014706,-8.044303352489866
4.688762318934368,4.483622933170693,4.266194248600008,4.037072222133436,3.796884861319448,3.5462905030188105,3.285976008949029,3.0166548830441124,2.7390653157898823,2.4539681608951676,2.1621448498446725,1.8643952500496013,1.561535472466669,1.254395634694703,0.9438175856800126,0.6306525982669297,0.31575903591811894,7.388673493304413e-16,-0.31575903591811744,-0.6306525982669257,-0.9438175856800114,-1.2543956346947018,-1.5615354724666652,-1.8643952500496024,-2.162144849844674,-2.453968160895164,-2.7390653157898788,-3.0166548830441138,-3.28597600894903,-3.5462905030188097,-3.796884861319447,-4.037072222133436,-4.266194248600007,-4.483622933170691,-4.688762318934368,-4.881050133093712,-5.059959328115886,-5.224999526333152,-5.375718364034005,-5.511702731360642,-5.632579904614379,-5.738018567865397,-5.827729721066675
2.8638752457499463,2.7385770180183995,2.6057725410366186,2.4658258226448857,2.3191204470707345,2.1660585235512473,2.0070595841795873,1.842559433996694,1.6730089564799515,1.4988728777029248,1.3206284925534886,1.1387643565017258,0.9537789465033318,0.7661792947089325,0.5764795987242073,0.3851998122299846,0.19286421982534863,4.512969026165621e-16,-0.19286421982534765,-0.3851998122299822,-0.5764795987242065,-0.7661792947089315,-0.9537789465033294,-1.1387643565017265,-1.320628492553489,-1.498872877702922,-1.6730089564799497,-1.8425594339966949,-2.0070595841795877,-2.166058523551247,-2.3191204470707345,-2.4658258226448853,-2.605772541036618,-2.738577018018398,-2.8638752457499463,-2.98132379049842,-3.090600733966413,-3.1914065556476263,-3.283464953791762,-3.3665236027284036,-3.4403548444741525,-3.504756312727332,-3.559551487539949
0.9945701201347933,0.9510563973940498,0.9049358951751693,0.8563350265689363,0.805387003177996,0.7522314699931084,0.6970141226359381,0.6398863080174807,0.5810046095066995,0.5205304177463955,0.45862948829267397,0.3954714872904876,0.33122952643052406,0.2660796884620959,0.20020054456256617,0.1337726648861596,0.06697812363372348,1.5672694378636505e-16,-0.06697812363372316,-0.13377266488615874,-0.20020054456256586,-0.2660796884620956,-0.3312295264305232,-0.39547148729048787,-0.45862948829267425,-0.5205304177463949,-0.5810046095066987,-0.639886308017481,-0.6970141226359383,-0.7522314699931082,-0.8053870031779958,-0.8563350265689361,-0.9049358951751693,-0.9510563973940496,-0.9945701201347933,-1.0353577953079682,-1.0733076267310424,-1.1083155965539448,-1.1402857503647659,-1.1691304601941277,-1.194770664697359,-1.217136085856146,-1.2361654216056928
-0.8883891865438015,-0.8495210162996536,-0.8083243679993104,-0.7649121587922194,-0.7194033785262712,-0.6719227636048978,-0.6226004550932618,-0.5715716420106426,-0.5189761907867301,-0.464958261897464,-0.40966591473118896,-0.35325070176816453,-0.295867253185749,-0.23767285302783153,-0.1788270081002026,-0.11949101077348404,-0.05982749689195308,-1.3999467637434608e-16,0.05982749689195279,0.11949101077348323,0.17882700810020236,0.23767285302783128,0.29586725318574836,0.3532507017681649,0.4096659147311892,0.4649582618974633,0.5189761907867294,0.5715716420106428,0.622600455093262,0.6719227636048973,0.7194033785262709,0.7649121587922193,0.8083243679993104,0.8495210162996533,0.8883891865438015,0.924822343778807,0.9587206272531288,0.9899911241280026,1.0185481241450816,1.0443133545522914,1.0672161946440035,1.0871938693274852,1.1041916211850593
-2.7650863486578676,-2.6441102623127373,-2.5158868535284595,-2.3807675737558114,-2.239122775548624,-2.0913406974531727,-1.9378263998733107,-1.7790006548280595,-1.6152987926447437,-1.4471695087488317,-1.2750736338209563,-1.099482870692061,-0.920878501438716,-0.7397500682224057,-0.5565940314884963,-0.37191240920265356,-0.18621140085449941,-4.357294915232457e-16,0.18621140085449855,0.3719124092026512,0.5565940314884955,0.739750068222405,0.9208785014387136,1.0994828706920616,1.2750736338209572,1.4471695087488294,1.6152987926447422,1.7790006548280601,1.9378263998733116,2.0913406974531714,2.2391227755486236,2.380767573755811,2.515886853528459,2.6441102623127364,2.7650863486578676,2.87848352552012,2.9839909791198598,3.0813195208605006,3.1702023799743597,3.2503959347227735,3.3216803801463617,3.3838603305351427,3.436765354967174
-4.621213978021871,-4.419029919106005,-4.204733606344876,-3.9789124110362044,-3.742185293379694,-3.4952011059501387,-3.238636815237623,-2.973195646129428,-2.699605154419489,-2.4186152326285386,-2.1309960546008346,-1.837535964511192,-1.5390393160683837,-1.23632426783754,-0.9302205407244022,-0.6215671437679761,-0.31121007447508164,-7.282229062542503e-16,0.3112100744750801,0.621567143767972,0.9302205407244009,1.2363242678375383,1.5390393160683797,1.8375359645111933,2.1309960546008355,2.4186152326285346,2.6996051544194857,2.9731956461294295,3.2386368152376233,3.4952011059501373,3.742185293379693,3.9789124110362035,4.204733606344876,4.419029919106005,4.621213978021871,4.81073161064062,4.987063362304459,5.149725919938746,5.298273436779541,5.432298754408595,5.55143451874627,5.655354186943544,5.743772922413258
-6.415041939697969,-6.134375598850701,-5.836895360882207,-5.523416598447157,-5.194798535043744,-4.851941889941791,-4.495786409373854,-4.127308290756108,-3.7475175069990816,-3.357455038242119,-2.9581900185991694,-2.5508168057365093,-2.1364519813144285,-1.716231290514517,-1.291306529041084,-0.8628423861291652,-0.4320132522123018,-1.0108989774737602e-15,0.4320132522122997,0.8628423861291596,1.2913065290410823,1.7162312905145154,2.136451981314423,2.550816805736511,2.958190018599171,3.3574550382421133,3.7475175069990776,4.127308290756109,4.495786409373856,4.85194188994179,5.194798535043742,5.523416598447157,5.836895360882206,6.1343755988507,6.415041939697969,6.678125096492617,6.922903976588566,7.1487076580898385,7.3549172288008675,7.540967482621782,7.7063484687390496,7.850606889365219,7.973347342196632
-8.156244423569927,-7.799398233172755,-7.421174434347985,-7.022609712238178,-6.60479650504274,-6.168880009720756,-5.716055043085717,-5.2475627668957,-4.764687285915237,-4.268752128273432,-3.761116617765349,-3.2431721480399855,-2.7163383688869764,-2.1820592950752085,-1.6417993484087263,-1.0970393438483292,-0.549272430700709,-1.2852821891607296e-15,0.5492724307007065,1.0970393438483221,1.6417993484087243,2.1820592950752062,2.7163383688869693,3.2431721480399878,3.761116617765351,4.268752128273426,4.7646872859152305,5.247562766895702,5.716055043085719,6.168880009720754,6.60479650504274,7.022609712238176,7.421174434347982,7.799398233172752,8.156244423569927,8.490734914935683,8.801952892083357,9.089045328170068,9.351225322784066,9.587774258784012,9.798043771978646,9.981457528247965,10.137512803234959
-9.81730765367137,-9.387787809213808,-8.932536690908323,-8.452802110426072,-7.949898986906215,-7.425205742853948,-6.880160525980238,-6.3162572673389175,-5.7350415865654805,-5.138106555441121,-4.527088331393699,-3.903661672903984,-3.2695353491090358,-2.626447456184789,-1.9761606533452696,-1.320457331516174,-0.6611347279252509,-1.547036849007563e-15,0.6611347279252479,1.3204573315161658,1.9761606533452671,2.6264474561847853,3.269535349109027,3.903661672903987,4.527088331393702,5.138106555441112,5.735041586565473,6.31625726733892,6.8801605259802425,7.4252057428539455,7.949898986906215,8.45280211042607,8.932536690908321,9.387787809213805,9.81730765367137,10.2199189402429,10.594518139377087,10.940078500707163,11.255652867302334,11.540376271759076,11.793468307016633,12.014235265398598,12.202072040017356
-11.345515932738321,-10.849135009308855,-10.323017360933006,-9.768605039514979,-9.187417650691053,-8.58104818869615,-7.951158670077374,-7.299475578222184,-6.627785131187416,-5.937928385799759,-5.231796191446958,-4.511324007391104,-3.778486597809277,-3.035292619102231,-2.2837791143068364,-1.5260059297026665,-0.7640500689165464,-1.787855880464815e-15,0.7640500689165428,1.5260059297026565,2.283779114306834,3.0352926191022283,3.778486597809267,4.5113240073911065,5.231796191446962,5.937928385799749,6.627785131187409,7.299475578222186,7.951158670077377,8.581048188696146,9.187417650691051,9.768605039514977,10.323017360933003,10.849135009308851,11.345515932738321,11.810799585613285,12.243710657782705,12.64306257008903,13.00776072669925,13.336805515315952,13.62929504704515,13.884427628411085,14.10150395874228
-12.780979329497947,-12.221795035057676,-11.629111649952875,-11.004553678145196,-10.349832989622866,-9.666744128284048,-8.957159393216743,-8.223023706857157,-7.466349284092445,-6.689210116919611,-5.893736289777587,-5.082108141133878,-4.256550287328325,-3.419325525054381,-2.5727286291906735,-1.719080062982529,-0.8607196178135317,-2.0140599323830844e-15,0.8607196178135276,1.7190800629825176,2.57272862919067,3.4193255250543775,4.256550287328314,5.082108141133881,5.893736289777591,6.689210116919602,7.466349284092436,8.22302370685716,8.957159393216749,9.666744128284044,10.349832989622865,11.004553678145193,11.629111649952875,12.221795035057673,12.780979329497947,13.305131847991033,13.79281592491716,14.24269485211996,14.653535542730689,15.024211910973559,15.353707958688611,15.641120560112059,15.885661937281197
-14.087918719211952,-13.471554144476045,-12.818264976226384,-12.129841834663559,-11.408171639766893,-10.655232439377908,-9.873087987508711,-9.063882087735694,-8.22983271718291,-7.3732259472009885,-6.496409677404432,-5.6017872002420175,-4.691810613739194,-3.7689741004678607,-2.835807091165331,-1.8948673317404505,-0.9487338726698749,-2.2200108373189093e-15,0.9487338726698703,1.8948673317404379,2.8358070911653264,3.7689741004678563,4.691810613739182,5.60178720024202,6.4964096774044355,7.373225947200977,8.229832717182902,9.063882087735697,9.873087987508717,10.655232439377905,11.40817163976689,12.129841834663557,12.81826497622638,13.47155414447604,14.087918719211952,14.66566928797771,15.203222276623302,15.699104289771684,16.151956149293174,16.56053661971816,16.92372581037727,17.240528244943906,17.51007558996557
