hough_viz/data/file_2_3_2.json
{"header": {"discipline": 0, "disciplineName": "Meteorological products", "gribEdition": 2, "gribLength": 133963, "center": 7, "centerName": "US National Weather Service - NCEP(WMC)", "subcenter": 0, "refTime": "2014-11-30T06:00:00.000Z", "significanceOfRT": 1, "significanceOfRTName": "Start of forecast", "productStatus": 0, "productStatusName": "Operational products", "productType": 1, "productTypeName": "Forecast products", "productDefinitionTemplate": 0, "productDefinitionTemplateName": "Analysis/forecast at horizontal level/layer at a point in time", "parameterCategory": 2, "parameterCategoryName": "Momentum", "parameterNumber": 2, "parameterNumberName": "U-component_of_wind", "parameterUnit": "m.s-1", "genProcessType": 2, "genProcessTypeName": "Forecast", "forecastTime": 6, "surface1Type": 100, "surface1TypeName": "Isobaric surface", "surface1Value": 85000, "surface2Type": 255, "surface2TypeName": "Missing", "surface2Value": 0, "gridDefinitionTemplate": 0, "gridDefinitionTemplateName": "Latitude_Longitude", "numberPoints": 65160, "shape": 6, "shapeName": "Earth spherical with radius of 6,371,229.0 m", "gridUnits": "degrees", "resolution": 48, "winds": "true", "scanMode": 0, "nx": 360, "ny": 181, "basicAngle": 0, "subDivisions": 0, "lo1": 0, "la1": 90, "lo2": 359, "la2": -90, "dx": 1, "dy": 1}, "data":
[rows 20 to 39 of 181, columns 308 to 351 of 360]
-4.355195679600555,-3.7429274243385056,-3.126098988563671,-2.5054618827099064,-1.881772257488877,-1.2557899826368928,-0.6282777211306831,-7.716340649579834e-15,0.6282777211306357,1.2557899826368775,1.8817722574888616,2.505461882709892,3.126098988563656,3.7429274243384905,4.35519567960054,4.962157799793492,5.563074295069179,6.157213041242229,6.743850171770485,7.3222709596749525,7.891770688324374,8.451655510024214,9.00124329136279,9.539864444286106,10.066862741887498,10.581596117919231,11.083437449051232,11.571775318924177,12.046014763066403,12.50557799376611,12.949905104017084,13.378454749678745,13.790704809020921,14.186153018848492,14.56431758643199,14.92473777649756,15.266974472562048,15.590610711928889,15.895252193692707,16.180527759134414,16.44608984392085,16.69161490155841,16.91680379758457,17.121382174017263
-4.564906068395665,-3.923156011785556,-3.276626193890944,-2.626104311704649,-1.9723829259349015,-1.3162584953922005,-0.658530406626942,-8.087896124177319e-15,0.6585304066268923,1.3162584953921843,1.9723829259348853,2.626104311704634,3.2766261938909294,3.9231560117855406,4.56490606839565,5.201094490131324,5.830946179397932,6.453693758933347,7.068578506738816,7.674851280464904,8.271773430125895,8.85861769803136,9.434669104837191,9.999225820638172,10.55160002003934,11.091118720165474,11.61712460058698,12.128976804163484,12.626051717829817,13.107743732372096,13.573465980269669,14.02265105070241,14.454751680853695,14.869241422665631,15.265615284235146,15.643390345068584,16.00210634444608,16.341326242178425,16.660636751072996,16.95964884046074,17.237998210170023,17.49534573437029,17.731377874744624,17.945807062487976
-4.770735266456355,-4.100049039522398,-3.424367534397925,-2.744513964916168,-2.0613166279281296,-1.3756078941504457,-0.6882231940498913,-8.452575078857901e-15,0.6882231940498391,1.3756078941504286,2.0613166279281128,2.744513964916152,3.4243675343979088,4.100049039522384,4.770735266456338,5.4356090873435825,6.09386045584926,6.744687394076728,7.38729696965396,8.020906261799565,8.644743315191002,9.258048080473566,9.860073340263025,10.450085619515269,11.027366079152392,11.591211391857595,12.140934598971086,12.675865947443288,13.195353705826045,13.698764958306628,14.185486375818538,14.65492496328816,15.106508782108172,15.539687646956438,15.953933796112306,16.348742534452718,16.723632848345595,17.07814799169096,17.41185604239546,17.72435042860312,18.01525042404041,18.284201611872618,18.530876316506077,18.75497400281057
-4.967405442314435,-4.269070651620481,-3.5655346559374492,-2.8576546055046688,-2.146292943123027,-1.4323163534012746,-0.7165947068343221,-8.80102648820374e-15,0.7165947068342681,1.4323163534012566,2.1462929431230098,2.8576546055046514,3.5655346559374332,4.269070651620464,4.967405442314419,5.6596882146470975,6.345075528698333,7.022732345601807,7.6918330449111565,8.351562430491366,9.001116723709528,9.639704542715654,10.266547866619106,10.880882983387579,11.4819614203123,12.069050855906942,12.641436012128453,13.198419525833074,13.739322798406196,14.263486822529842,14.770272985082006,15.259063845187955,15.729263886477167,16.180300242628018,16.611623395317462,17.022707843724135,17.413052744770315,17.78218252332219,18.129647451604615,18.45502419712536,18.757916338440463,19.0379548481327,19.29479854241459,19.52813449680845
-5.158096190478476,-4.432953444353293,-3.7024098273002966,-2.9673553941852497,-2.2286856956084455,-1.487300686814257,-0.7441036312342925,-9.138883815361066e-15,0.7441036312342362,1.4873006868142384,2.2286856956084273,2.967355394185231,3.7024098273002797,4.432953444353276,5.158096190478459,5.8769545909393885,6.58865282750668,7.29232380550782,7.9871102102483205,8.672165551517677,9.34665519490714,10.009757378683538,10.660664214978903,11.298582674077782,11.922735550601507,12.532362410413446,13.126720517090762,13.705085736834235,14.266753420714057,14.811039263175575,15.337280135760675,15.844834895027214,16.333085163683894,16.801436083987483,17.249317042485607,17.676182365221063,18.081511982551614,18.46481206277487,18.825615613785878,19.163483052035268,19.478002738094023,19.768791478172748,20.03549499098417,20.27778833938052
-5.342460614435115,-4.591399289101873,-3.834744050985704,-3.0734167679404454,-2.3083449999870127,-1.5404608692243853,-0.770699924182414,-9.46553244462391e-15,0.7706999241823557,1.5404608692243664,2.308344999986994,3.0734167679404267,3.834744050985685,4.591399289101855,5.342460614435098,6.087012974452659,6.824149246793283,7.552971344456298,8.272591309982142,8.982132397291807,9.680730139866734,10.367533403968466,11.041705425613525,11.702424830041839,12.348886632435068,12.980303218666844,13.595905304889135,14.194942874786022,14.776686093353373,15.34042619608991,15.885476352518086,16.411172502980733,16.916874167695855,17.401965227082293,17.865854672406833,18.307977325836983,18.727794529023278,19.124794799371593,19.49849445320566,19.84843819506132,20.17419967239381,20.475381995022754,20.751618218681536,21.00257179208262
-5.512528096617518,-4.73755810488833,-3.9568161283732204,-3.1712533809064865,-2.3818269496892546,-1.589498629226142,-0.795233749526811,-9.766850392766284e-15,0.795233749526751,1.5894986292261224,2.3818269496892355,3.171253380906468,3.956816128373202,4.737558104888313,5.5125280966175,6.280781922000855,7.041383582092503,7.793406400931364,8.535934154552917,9.268062187267043,9.988898513841448,10.697564906248674,11.393197963651152,12.074950164322562,12.741990898222197,13.393507478965581,14.028706133957547,14.646812971481747,15.247074923568839,15.828760663493345,16.391161496783113,16.93359222465389,17.455391978818877,17.955925026654636,18.43458154574368,18.890778366848835,19.32395968441527,19.733597733734104,20.11919343394206,20.480276996074927,20.816408495432906,21.12717840756114,21.412208107192075,21.67115032954224
-5.673874214322627,-4.876221635346368,-4.0726281314318,-3.2640727574793558,-2.4515406136637874,-1.6360216452413516,-0.8185094364540044,-1.0052716217930313e-14,0.8185094364539426,1.6360216452413312,2.4515406136637674,3.2640727574793362,4.072628131431783,4.876221635346349,5.673874214322608,6.464614051562077,7.247477752377138,8.02151151793929,8.78577230733596,9.539328986520658,10.281263462756188,11.010671803169659,11.726665336054898,12.428371733582507,13.11493607459662,13.78552188620487,14.43931216289167,15.075510361913455,15.693341373763664,16.292052466523803,16.870914202951845,17.429221329188664,17.96629363400163,18.481476777516892,18.97414308843206,19.443692328736656,19.889552425009843,20.31118016540388,20.708061861463815,21.079713973977956,21.425683702095817,21.74554953499626,22.038921765433408,22.30544296453505
-5.826279600585068,-5.007201352866411,-4.1820226015995265,-3.351748699983792,-2.5173912088744346,-1.6799666643514537,-0.8404953392269863,-1.0322741255551504e-14,0.8404953392269228,1.6799666643514326,2.5173912088744146,3.351748699983771,4.182022601599507,5.0072013528663915,5.826279600585049,6.638259424080006,7.4421515510121585,8.236976562654966,9.021766087165156,9.795563979394702,10.557427485806238,11.306428393073436,12.041654158965414,12.76220902413936,13.467215103484953,14.155813455692407,14.827165129740035,15.480452187026714,16.114878697904423,16.72967171139544,17.324082196914564,17.897385956847,18.448884508872013,18.977905936955718,19.483805709977602,19.965967466992073,20.423803768169478,20.856756810501217,21.26429910739643,21.645934131343466,22.001196918852003,22.329654636939523,22.630907110471515,22.904587309713428
-5.958765068351893,-5.1210615619388635,-4.277118830851674,-3.427965089308741,-2.5746349003420277,-1.7181679153413518,-0.8596076073993105,-1.0557473073732753e-14,0.8596076073992456,1.7181679153413307,2.574634900342007,3.427965089308721,4.277118830851654,5.121061561938844,5.958765068351874,6.789208737406551,7.611380801412096,8.424279570354452,9.226914652301119,10.018308160041244,10.797495902490347,11.56352855940909,12.315472838003176,13.05241260999736,13.773450027796256,14.477706618373617,15.164324353556259,15.83246669539913,16.48131961537826,17.110092586158654,17.718019544730595,18.304359825738942,18.86839906387013,19.409450064196005,19.926853639415302,20.41997941297146,20.888226587069564,21.331024674656017,21.74783419446884,22.138147328312755,22.501488539757297,22.837415153504764,23.145517894721777,23.42542138767782
-6.0797129881496845,-5.22500621086664,-4.363933568366162,-3.4975441450250644,-2.6268935028986293,-1.753042395680836,-0.8770554763393859,-1.0771763181153003e-14,0.8770554763393197,1.7530423956808145,2.626893502898608,3.4975441450250435,4.363933568366142,5.225006210866619,6.079712988149664,6.927012571664683,7.765872657385577,8.595271223514425,9.414197775657453,10.221654577956887,11.01665786867818,11.798239058772628,12.565445911953324,13.31734370484891,14.053016365819635,14.77156759104984,15.472121936555936,16.153825884779955,16.815848884469563,17.457384362576327,18.07765070694127,18.6758922185684,19.251380032327884,19.803413004965698,20.33131856933893,20.834453553834962,21.31220496597715,21.76399073926185,22.189260442316503,22.587495949515745,22.958212072237522,23.30095714999078,23.615313600694027,23.900898429435053
-6.189089476255776,-5.319006179416315,-4.442442492877325,-3.5604663744665728,-2.674152376226333,-1.7845803352372585,-0.892834058003224,-1.0965551544149986e-14,0.8928340580031568,1.7845803352372367,2.6741523762263117,3.5604663744665515,4.442442492877304,5.319006179416294,6.189089476255756,7.051632320924594,7.905583837831035,8.74990361859291,9.583562989614864,10.40554626536872,11.214851985849673,12.010494136701464,12.791503350522444,13.556928087890887,14.305835796668882,15.037314048173716,15.75047164883154,16.444439725959366,17.11837278635293,17.771449746389443,18.402874932392024,19.011879050035027,19.59772012161105,20.159684390016206,20.697087188353507,21.20927377409367,21.695620126778223,22.155533708292435,22.58845418478142,22.99385410933087,23.371239564579803,23.720150764482792,24.040162614488352,24.330885229451358
-6.273074682869197,-5.391184459383046,-4.502725908081439,-3.608781478852592,-2.710440305281935,-1.8087968777106145,-0.9049497097676034,-1.1114352771794008e-14,0.9049497097675351,1.8087968777105927,2.710440305281913,3.6087814788525705,4.502725908081419,5.391184459383026,6.273074682869177,7.1473221311473765,8.012861668369304,8.868638767935042,9.71361079727113,10.546748288117824,11.367036190777394,12.173475110796284,12.965082526572717,13.740893986408423,14.499964283544111,15.241368607748575,15.96420367205739,16.66758881328879,17.35066706499651,18.012606201550838,18.65259975207793,19.269867983019804,19.863658848120018,20.433248904675825,20.97794419494205,21.497081091611317,21.990027106341895,22.456181660347454,22.894976816109466,23.30587796932187,23.688384500223954,24.042030383528438,24.36638475620143,24.66105244240287
-6.3428179190652045,-5.451122953683742,-4.552786634664336,-3.648903446433611,-2.7405746314238955,-1.8289068483789492,-0.9150108240607561,-1.1237920714105581e-14,0.915010824060687,1.8289068483789266,2.740574631423873,3.6489034464335894,4.552786634664315,5.45112295368372,6.342817919065184,7.226785137848512,8.10194763214224,8.967239151255562,9.821605470760385,10.664005676901468,11.493413434789312,12.308818238831568,13.109226643877868,13.893663475580206,14.661173018492304,15.410820180461949,16.1416916318966,16.852896918514706,17.54356954622743,18.212868036827732,18.859976953202487,19.484107892816468,20.084500448259824,20.660423133687043,21.211174276020138,21.736082869828824,22.234509394847464,22.705846595132144,23.149520218908187,23.564989718207713,23.951748907444,24.309326580120672,24.637287082924132,24.935230846500225
-6.398376870264669,-5.498871238126159,-4.592666078420174,-3.680865462543611,-2.7645802790947984,-1.8449268804268542,-0.9230257225443098,-1.1336357575529855e-14,0.9230257225442399,1.8449268804268315,2.764580279094775,3.680865462543589,4.5926660784201525,5.498871238126138,6.398376870264646,7.290087065781185,8.172915413159853,9.04578632204869,9.90763633370068,10.757415416634482,11.59408824593584,12.416635464641999,13.224054925670524,14.015362912781656,14.789595339084688,15.545808921629561,16.28308233065175,17.00051731207053,17.69723978187356,18.372400891053115,19.025178059798403,19.654775979681812,20.260427582620146,20.841394975428635,21.3969703388304,21.92647678982492,22.42926920636581,22.904735013342858,23.35229492891009,23.771403670251715,24.161550617925165,24.522260437972257,24.853093661040294,25.153647217807986
-6.424233579980465,-5.521092923445999,-4.611225665643485,-3.695740339672246,-2.7757523233822754,-1.852382480458131,-0.926755794819195,-1.1382169335763484e-14,0.926755794819125,1.8523824804581082,2.7757523233822523,3.695740339672225,4.611225665643463,5.52109292344598,6.424233579980442,7.319547297475069,8.205943274077505,9.082341572829138,9.947674437401748,10.800887592994208,11.640941530803708,12.466812774507593,13.277495127210988,14.072000897343257,14.849362102007639,15.608631646319608,16.34888447729596,17.06921871088926,17.768756730794983,18.44664625769132,19.102061387610757,19.734203598176347,20.342302721478617,20.92561788240623,21.483438401288524,22.015084659748844,22.51990892871503,22.99729615757767,23.446664723534184,23.867467140206912,24.25919072467077,24.62135822207849,24.953528387122073,25.255296521622366
-6.433326883527759,-5.528907859382041,-4.617752712672634,-3.7009715455931125,-2.77968131477625,-1.8550044704544142,-0.9280675889268637,-1.1398280443728072e-14,0.9280675889267936,1.8550044704543913,2.7796813147762265,3.700971545593091,4.617752712672613,5.52890785938202,6.433326883527737,7.329907889843959,8.21755853248212,9.095197345866302,9.961755062292294,10.816175914665662,11.6574189227911,12.484459161646933,13.296289010097768,14.091919378526148,14.87038091388553,15.630725180707927,16.3720258166263,17.0933796610043,17.79390785529872,18.47275691381277,19.129099763537482,19.762136751812218,20.3710966205787,20.955237446039842,21.513847542579914,22.046246329843516,22.551785161918065,23.02984811760907,23.47985275084489,23.90125080029787,24.29352885735613,24.65620899163297,24.988849333251316,25.291044611194277
-6.426122350163686,-5.522716163878149,-4.612581398656138,-3.6968269135135614,-2.7765684142294003,-1.852927094030077,-0.927028267588217,-1.1385515774182028e-14,0.927028267588147,1.8529270940300546,2.776568414229377,3.696826913513539,4.612581398656117,5.522716163878129,6.426122350163664,7.321699296233835,8.208355879532819,9.085011845592886,9.950599124157895,10.80406313046245,11.6443640500808,12.47047810578099,13.281398804839135,14.076138165296275,14.85372791966183,15.613220694598661,16.35369116515144,17.07423718211242,17.773980871151686,18.452069702371244,19.107677528981988,19.74000559383572,20.348283502588153,20.931770162305416,21.489754684371984,22.021557250598587,22.526529941476138,23.004057525565987,23.453558209064322,23.874484344628602,24.26632309860135,24.62859707581899,24.960864901244264,25.262721757713884
-6.386220798942686,-5.488424108750003,-4.583940619207734,-3.6738723041228813,-2.7593279415521006,-1.8414217629264245,-0.9212720955319003,-1.1314819992793828e-14,0.9212720955318308,1.8414217629264018,2.7593279415520784,3.673872304122859,4.583940619207712,5.488424108749983,6.3862207989426665,7.276236862813783,8.157387952885886,9.028600522286682,9.888813132700372,10.736977747566797,11.57206100895236,12.393045496537953,13.198930967188286,13.98873557359459,14.761497060503967,15.516273937079424,16.252146623961362,16.968218573633205,17.66361736272685,18.337495754935617,18.98903273324174,19.617434500198637,20.22193544505121,20.801799076514293,21.3563189200742,21.884819378718742,22.38665655604826,22.86121904076437,23.307928651580127,23.726241141645104,24.115646861626267,24.475671380637184,24.805876064258918,25.105858608948665
-6.3277371716722834,-5.438162309168759,-4.541961883576201,-3.6402277770640996,-2.7340586137397485,-1.824558421144,-0.9128352851637666,-1.1211201321294117e-14,0.9128352851636976,1.8245584211439774,2.7340586137397263,3.640227777064078,4.541961883576181,5.438162309168739,6.327737171672262,7.209602661145339,8.082684360329917,8.94591855366352,9.798253523252594,10.638650830228883,11.466086579926984,12.279552669342772,13.078058015351006,13.860629762187978,14.62631446672603,15.374179260097405,16.103312984251147,16.81282730205872,17.501857779616323,18.16956493942391,18.8151352831598,19.437782282802537,20.036747338894536,20.611300704778362,21.160742375680954,21.684402941561263,22.181644402683432,22.65186094692138,23.09447968784717,23.5089613627052,23.89480098942067,24.251528481842474,24.57870922247071,24.875944591971315
