hough_viz/data/file_1_1_1.json
{"header": {"discipline": 0, "disciplineName": "Meteorological products", "gribEdition": 2, "gribLength": 133963, "center": 7, "centerName": "US National Weather Service - NCEP(WMC)", "subcenter": 0, "refTime": "2014-11-30T06:00:00.000Z", "significanceOfRT": 1, "significanceOfRTName": "Start of forecast", "productStatus": 0, "productStatusName": "Operational products", "productType": 1, "productTypeName": "Forecast products", "productDefinitionTemplate": 0, "productDefinitionTemplateName": "Analysis/forecast at horizontal level/layer at a point in time", "parameterCategory": 2, "parameterCategoryName": "Momentum", "parameterNumber": 3, "parameterNumberName": "V-component_of_wind", "parameterUnit": "m.s-1", "genProcessType": 2, "genProcessTypeName": "Forecast", "forecastTime": 6, "surface1Type": 100, "surface1TypeName": "Isobaric surface", "surface1Value": 85000, "surface2Type": 255, "surface2TypeName": "Missing", "surface2Value": 0, "gridDefinitionTemplate": 0, "gridDefinitionTemplateName": "Latitude_Longitude", "numberPoints": 65160, "shape": 6, "shapeName": "Earth spherical with radius of 6,371,229.0 m", "gridUnits": "degrees", "resolution": 48, "winds": "true", "scanMode": 0, "nx": 360, "ny": 181, "basicAngle": 0, "subDivisions": 0, "lo1": 0, "la1": 90, "lo2": 359, "la2": -90, "dx": 1, "dy": 1}, "data":
[rows 100 to 119 of 181, columns 220 to 263 of 360]
-2.9978443696150143,-3.059739852722729,-3.1207033094309358,-3.180716169680159,-3.23976015297181,-3.2978172739366016,-3.3548698478130796,-3.41090049583456,-3.4658921505228757,-3.5198280608872894,-3.5726917975270176,-3.6244672576357786,-3.675138669906857,-3.7246905993372157,-3.7731079519291275,-3.820375979287965,-3.8664802831146976,-3.9114068195917593,-3.955141903660923,-3.9976722131919127,-4.038984793040443,-4.079067058994491,-4.117906801607558,-4.155492189917797,-4.1918117750518284,-4.226854493712187,-4.2606096715473045,-4.293067026403014,-4.324216671454606,-4.354049118218447,-4.382555279442258,-4.409726471873185,-4.4355544189027984,-4.460031253088233,-4.483149518548687,-4.504902173236544,-4.525282591082466,-4.544284564013748,-4.561902303845358,-4.578130444043078,-4.592964041358195,-4.606398577333274,-4.6184299596785126,-4.629054523518297
-3.280718202166522,-3.3484540860307823,-3.4151699983432318,-3.480845616790692,-3.5454609359435705,-3.608996273349707,-3.6714322755298494,-3.732749923872903,-3.792930540429186,-3.851955793599909,-3.9098077037211705,-3.96646864854072,-4.021921368585878,-4.076148972420938,-4.129134941792457,-4.180863136660877,-4.23131780011694,-4.2804835631813924,-4.328345449486522,-4.3748888798381165,-4.4200996766564105,-4.463964068294731,-4.506468693234454,-4.547600604155078,-4.587347271878078,-4.625696589183433,-4.662636874497596,-4.698156875451808,-4.732245772309691,-4.764893181263032,-4.796089157594805,-4.825824198708417,-4.854089247022291,-4.880875692728905,-4.906175376417409,-4.929980591559069,-4.952284086854744,-4.973079068443711,-4.992359201973131,-5.010118614527561,-5.026351896417897,-5.041054102829219,-5.054220755327033,-5.065847843221438
-3.557868140469104,-3.6313262457730024,-3.703678213924989,-3.7749020058146776,-3.8449759259851004,-3.913878629241348,-3.981589127152535,-4.048086794445071,-4.113351375285324,-4.177362989449734,-4.240102138380535,-4.301549711125196,-4.361686990157796,-4.420495657080584,-4.4779577982039225,-4.534055910002976,-4.588772904449458,-4.642092114216804,-4.693997297757202,-4.744472644248931,-4.793502778412483,-4.8410727651940295,-4.887168114314769,-4.931774784684828,-4.974879188680297,-5.016468196282158,-5.056529139075815,-5.095049814110008,-5.13201848761397,-5.167423898571623,-5.201255262151814,-5.23350227299346,-5.264155108344679,-5.29320443105488,-5.3206413924189615,-5.346457634872698,-5.370645294538556,-5.393197003621087,-5.414105892651245,-5.433365592578879,-5.450970236712818,-5.46691446250792,-5.481193413198553,-5.4938027392780135
-3.8311459600508093,-3.910246340463141,-3.9881556219607566,-4.064850072621793,-4.140306330573624,-4.214501411109112,-4.287412713687984,-4.359018028821168,-4.429295544836019,-4.498223854520361,-4.565781961643346,-4.631949287351092,-4.696705676435207,-4.760031403472271,-4.821907178832378,-4.8823141545549475,-4.941233930090002,-4.998648557903145,-5.054540548942552,-5.108892877966319,-5.161688988728501,-5.2129127990223125,-5.26254870557892,-5.310581588820354,-5.356996817465075,-5.401780252984802,-5.4449182539112515,-5.486397679991451,-5.526205896190398,-5.564330776539805,-5.600760707831796,-5.635484593156396,-5.668491855281753,-5.699772439876077,-5.729316818570284,-5.757115991860412,-5.783161491848986,-5.8074453848243985,-5.829960273677608,-5.850699300155361,-5.86965614694929,-5.886825039620223,-5.902200748357132,-5.915778589570191
-4.098875303315865,-4.1835034013146934,-4.266857163650971,-4.348911199961226,-4.429640515791128,-4.509020520209026,-4.587027033296604,-4.663636293514314,-4.738824964939361,-4.812570144374057,-4.8848493683223655,-4.955640619832486,-5.024922335203432,-5.0926734105535605,-5.158873208249,-5.22350156319008,-5.2865387889538145,-5.347965683790586,-5.4077635364731655,-5.465914131996354,-5.522399757125437,-5.577203205791816,-5.630307784334126,-5.681697316583311,-5.731356148790029,-5.779269154392931,-5.8254217386263685,-5.869799842966092,-5.9123899494116205,-5.953179084603949,-5.992154823777368,-6.029305294544159,-6.064619180511038,-6.098085724726247,-6.1296947329562235,-6.1594365767908545,-6.187302196576392,-6.213283104175112,-6.237371385550874,-6.259559703179823,-6.27984129828547,-6.298209992897469,-6.314660191733501,-6.329186883903644
-4.359584505932598,-4.449595379038146,-4.5382508622870406,-4.6255239503602565,-4.7113880590297414,-4.795817033256201,-4.878785155156208,-4.960267151836101,-5.04023820309036,-5.118673948962074,-5.195550497163226,-5.2708444303525175,-5.344532813268501,-5.416593199715913,-5.4870036394029755,-5.555742684627676,-5.622789396810952,-5.688123352874777,-5.751724651463228,-5.813573919004634,-5.873652315612957,-5.931941540826598,-5.988423839182895,-6.04308200562661,-6.095899390750763,-6.146859905868187,-6.195948027912319,-6.24314880416565,-6.288447856814493,-6.331831387328586,-6.373286180664273,-6.41279960928992,-6.450359637032391,-6.485954822743385,-6.519574323784519,-6.551207899330091,-6.580845913486551,-6.608479338227679,-6.634099756144604,-6.65769936300984,-6.679270970154523,-6.698808006658145,-6.71630452135013,-6.731755184622608
-4.615698101286483,-4.7109968655432715,-4.804860614518362,-4.897260756404541,-4.98816914522349,-5.077558089399324,-5.165400360193717,-5.2516692000000385,-5.336338330493978,-5.4193819606381775,-5.5007747945384375,-5.580492039149082,-5.658509411825156,-5.734803147719176,-5.809350007020117,-5.8821272820324815,-5.953112804093292,-6.022284950324881,-6.089622650221415,-6.155105392067188,-6.218713229184697,-6.280426786010569,-6.34022726399756,-6.3980964473407775,-6.454016708526381,-6.507971013701106,-6.559942927860928,-6.6099166198573265,-6.657876867219618,-6.703809060791851,-6.747699209182911,-6.789533943028427,-6.8293005190632,-6.8669868240029475,-6.902581378234112,-6.936073339310655,-6.967452505256796,-6.996709317674605,-7.023834864655607,-7.048820883495418,-7.071659763210655,-7.092344546857312,-7.110868933649913,-7.127227280880789
-4.865430917410504,-4.965885831018647,-5.064828087697041,-5.1622275486758324,-5.2580545451356775,-5.352279887245154,-5.444874873052276,-5.535811297227379,-5.625061459654741,-5.712598173870296,-5.798394775342912,-5.882425129596647,-5.964663640171572,-6.045085256420707,-6.123665481140679,-6.200380378033818,-6.2752065789993745,-6.348121291251679,-6.419102304263033,-6.4881279965292675,-6.5551773421558535,-6.620229917262592,-6.683265906204923,-6.744266107609974,-6.803211940225474,-6.860085448579785,-6.914869308451324,-6.967546832145662,-7.018101973578787,-7.066519333164879,-7.11278416250718,-7.156882368890494,-7.198800519573966,-7.238525845882831,-7.276046247097867,-7.311350294141392,-7.344427233058681,-7.375266988293717,-7.403860165758303,-7.430198055693594,-7.454272635323178,-7.476076571296881,-7.495603221924586,-7.5128466391993545
-5.107030649834219,-5.212473791753554,-5.316329163661548,-5.418565130205856,-5.5191505493206865,-5.618054781712979,-5.715247700195441,-5.810699698863578,-5.90438170211393,-5.996265173500788,-6.0863221244286745,-6.1745251226779345,-6.260847300760855,-6.345262364105775,-6.427744599066651,-6.50826888075569,-6.5868106806966376,-6.663346074296378,-6.737851748132602,-6.810305007055309,-6.880683781099962,-6.948966632210214,-7.015132760768141,-7.079162011930021,-7.141034881765685,-7.200732523199603,-7.258236751751896,-7.3135300510774846,-7.366595578301759,-7.4174171691510695,-7.465979342876521,-7.512267306969571,-7.556266961667946,-7.5979649042505955,-7.637348433120276,-7.674405551672568,-7.709124971950187,-7.741496118081378,-7.771509129501445,-7.799154863956366,-7.824424900287617,-7.8473115409973335,-7.867807814593049,-7.885907477711274
-5.343455262317644,-5.453779783589601,-5.562443030707521,-5.669411903793693,-5.774653819093146,-5.878136718898974,-5.979829081317434,-6.079699929869821,-6.177718842928196,-6.273855962982108,-6.368082005733488,-6.4603682690169295,-6.5506866415426295,-6.639009611459392,-6.725310274734974,-6.809562343351325,-6.891740153312184,-6.971818672460557,-7.049773508103773,-7.125580914443732,-7.199217799810099,-7.270661733694259,-7.339890953581849,-7.4068843715818575,-7.471621580850183,-7.534082861805758,-7.594249188137331,-7.6521022325990495,-7.7076243725931395,-7.760798695537907,-7.811609004019465,-7.860039820725647,-7.906076393160516,-7.949704698138149,-7.990911446054211,-8.029684084934106,-8.066010804256436,-8.099880538550584,-8.131282970767389,-8.16020853542179,-8.186648421506584,-8.210594575176346,-8.232039702200693,-8.25097727018619
-5.572891107878483,-5.687952713786038,-5.801281714196534,-5.9128435879986085,-6.0226043523647785,-6.130530573102938,-6.236589374840745,-6.340748451039781,-6.442976073836421,-6.543241103706459,-6.641512998950509,-6.737761824997301,-6.831958263522028,-6.924073621377022,-7.014079839331936,-7.101949500620874,-7.187655839293793,-7.271172748369681,-7.352474787788979,-7.431537192162894,-7.50833587831716,-7.582847452628012,-7.655049218148095,-7.724919181520205,-7.79243605967665,-7.857579286322297,-7.920329018199251,-7.980666141131308,-8.038572275846331,-8.094029783574731,-8.147021771422425,-8.197532097516577,-8.245545375922545,-8.291046981330615,-8.334023053511,-8.374460501535786,-8.412347007766588,-8.447671031606586,-8.480421813015932,-8.51058937578934,-8.538164530594955,-8.563138877773492,-8.585504809896872,-8.605255514085503
-5.7932963091315965,-5.912908547003,-6.0307196556513505,-6.146693748671697,-6.260795499231843,-6.372990150833229,-6.48324352789813,-6.591522046179846,-6.697792722992788,-6.80202318725933,-6.904181689370356,-7.004237110856494,-7.102158973867089,-7.197917450454088,-7.291483371657885,-7.38282823639249,-7.471924220127228,-7.558744183362362,-7.6432616798960415,-7.725450964880087,-7.805287002662106,-7.882745474411604,-7.957802785527724,-8.030436072826404,-8.100623211504722,-8.168342821880316,-8.233574275903852,-8.296297703442521,-8.356493998332683,-8.414144824199777,-8.469232620043767,-8.521740605588395,-8.571652786392606,-8.618953958722615,-8.663629714183118,-8.705666444106214,-8.745051343696751,-8.781772415932782,-8.81581847521998,-8.847179150798876,-8.875844889903892,-8.901806960673198,-8.925057454808545,-8.945589289984186
-6.008102481978623,-6.132149750559975,-6.254329106923831,-6.374603334054674,-6.492935795257797,-6.6092904453192,-6.723631841485324,-6.8359251542592485,-6.946136178010093,-7.0542313413923825,-7.160177717572213,-7.263943034257073,-7.365495683526299,-7.464804731459162,-7.561839927557637,-7.6565717139609895,-7.748971234449394,-7.839010343233818,-7.926661613529492,-8.011898345910389,-8.09469457644212,-8.175025084590803,-8.252865400905472,-8.32819181447172,-8.400981380134274,-8.471211925486307,-8.538862057623367,-8.603911169659856,-8.66633944700611,-8.726127873404089,-8.78325823671993,-8.837713134491539,-8.889475979229525,-8.938531003469953,-8.984863264577232,-9.028458649295795,-9.069303878049135,-9.107386508984904,-9.142694941764805,-9.175218421098169,-9.204947040018128,-9.231871742899374,-9.255984328216586,-9.277277451042686
-6.215538580515467,-6.343868712364522,-6.47026644034935,-6.59469326249757,-6.7171112771938075,-6.837483194724891,-6.955772348638674,-7.071942706912981,-7.18595888293132,-7.297786146261967,-7.407390433237224,-7.5147383573295174,-7.619797219321256,-7.7225350172653595,-7.822920456233326,-7.92092295784799,-8.016512669597992,-8.109660473931136,-8.200337997123873,-8.288517617924226,-8.374172475965487,-8.457276479948142,-8.537804315587525,-8.61573145332481,-8.69103415579895,-8.763689485077297,-8.833675309642723,-8.900970311135094,-8.965553990845061,-9.027406675958144,-9.086509525547276,-9.142844536311935,-9.19639454806211,-9.247143248945466,-9.295075180416113,-9.340175741943382,-9.382431195459347,-9.421828669543519,-9.458356163343645,-9.492002550231264,-9.522757581190989,-9.55061188794246,-9.57555698579401,-9.597585276227182
-6.413283762776107,-6.545696672808146,-6.676115700224056,-6.8045011181246915,-6.930813819068067,-7.055015326981852,-7.177067808883568,-7.296934086404883,-7.414577647116493,-7.529962655650163,-7.643053964614538,-7.753817125301367,-7.8622183981789115,-7.968224763169351,-8.071803929707004,-8.172924346574344,-8.271555211512826,-8.367666480605529,-8.461228877428828,-8.552213901970301,-8.640593839310075,-8.72634176806309,-8.809431568579576,-8.889837930901392,-8.967536362471662,-9.04250319559545,-9.114715594649166,-9.184151563036515,-9.250789949888892,-9.314610456508117,-9.375593642549632,-9.433720931944213,-9.488974618556416,-9.541337871578044,-9.590794740654976,-9.637330160745787,-9.680929956710724,-9.72158084762957,-9.759270450847163,-9.79398728574525,-9.825720777239615,-9.854461259001338,-9.88019997640126,-9.902929089176723
-6.6051660444984455,-6.741540683380517,-6.875861783663656,-7.008088429839523,-7.138180344390788,-7.26609790006004,-7.391802131920663,-7.51525474924591,-7.6364181471726305,-7.755255418156076,-7.8717303632123095,-7.985807502944746,-8.097452088351522,-8.206630111410412,-8.313308315437954,-8.417454205219784,-8.519036056908998,-8.618022927689525,-8.71438466520161,-8.808091916726537,-8.899116138127726,-8.987429602545571,-9.073005408843295,-9.155817489801304,-9.235840620057521,-9.313050423791276,-9.387423382148405,-9.458936840405311,-9.527569014869853,-9.593298999516831,-9.656106772356184,-9.71597320153187,-9.772880051149626,-9.826809986831782,-9.877746580997508,-9.925674317866777,-9.970578598186663,-10.012445743678374,-10.051263001203822,-10.087018546650333,-10.11970148853239,-10.14930187130929,-10.1758106784177,-10.199219835018166
-6.789516248315382,-6.929697103771572,-7.067767106360467,-7.203684198621764,-7.337406978892512,-7.468894713918426,-7.598107351261673,-7.725005531501209,-7.8495506002220425,-7.97170461978974,-8.091430380906617,-8.208691413946028,-8.323452000061364,-8.435677182066392,-8.545332775083525,-8.652385376956866,-8.75680237842685,-8.858551973063319,-8.957603166954069,-9.053925788145914,-9.14749049583534,-9.23826878930601,-9.326233016610335,-9.411356382992553,-9.493612959050651,-9.572977688634733,-9.649426396479342,-9.722935795567484,-9.793483494224105,-9.861048002936782,-9.925608740901644,-9.9871460422925,-10.045641162251219,-10.1010762825976,-10.153434517256985,-10.202699917403876,-10.248857476320161,-10.29189313396624,-10.33179378126391,-10.368547264089473,-10.40214238697602,-10.432568916523682,-10.459817584516802,-10.483880090747153
-6.963763681508307,-7.107542165035878,-7.249155622367666,-7.388560916672734,-7.52571558374799,-7.660577844953189,-7.793106619937132,-7.923261539151123,-8.051002956145933,-8.176291959648482,-8.299090385414608,-8.419360827854243,-8.537066651425526,-8.65217200179437,-8.76464181675599,-8.874441836915233,-8.981538616122307,-9.085899531660795,-9.18749279418485,-9.286287457402555,-9.38225342750245,-9.4753614723204,-9.565583230243993,-9.652891218851764,-9.737258843284616,-9.81866040434686,-9.897071106334446,-9.972467064587955,-10.044825312768136,-10.11412380985164,-10.180341446844944,-10.243458053214361,-10.303454403030159,-10.360312220822989,-10.414014187150766,-10.464543943874306,-10.511886099140233,-10.556026232069433,-10.596950897149826,-10.634647628331976,-10.669104942826394,-10.700312344601281,-10.728260327579756,-10.752940378535454
-7.132041908503559,-7.27929477591241,-7.424330299616402,-7.567104300390029,-7.707573287889574,-7.845694473900687,-7.981425785372099,-8.11472587723148,-8.245554144979545,-8.373870737058567,-8.499636566991581,-8.622813325288462,-8.743363491115387,-8.861250343724052,-8.97643797363716,-9.088891293586792,-9.19857604920233,-9.305458829444676,-9.409507076783568,-9.51068909711493,-9.608974069415195,-9.704332055129699,-9.796734007292233,-9.886151779373048,-9.972558133852564,-10.055926750518172,-10.136232234481627,-10.213450123914564,-10.287556897499845,-10.358529981596348,-10.426347757115124,-10.490989566104783,-10.552435718044109,-10.610667495839976,-10.665667161528773,-10.717417961679523,-10.765904132497191,-10.811110904624442,-10.853024507640564,-10.891632174256047,-10.926922144201646,-10.958883667810646,-10.987507009293342,-11.012783449702635
-7.29282952215263,-7.443402117271637,-7.591707379999864,-7.7377001351176204,-7.881335911817441,-8.022570957250302,-8.161362249853195,-8.297667512453891,-8.431445225148988,-8.562654637951256,-8.691255783202513,-8.817209487748118,-8.940477384869526,-9.061021925971154,-9.178806392018041,-9.293794904720823,-9.405952437464618,-9.515244825978456,-9.62163877874205,-9.72510188712673,-9.825602635267416,-9.923110409662653,-10.017595508499776,-10.10902915070238,-10.197383484697319,-10.282631596898543,-10.364747519905272,-10.443706240411863,-10.519483706827177,-10.592056836600863,-10.661403523254561,-10.727502643115743,-10.790334061752178,-10.849878640105091,-10.906118240319095,-10.959035731267155,-11.00861499376891,-11.054840925500713,-11.09769944559596,-11.137177498934253,-11.173263060118106,-11.205945137136023,-11.235213774710736,-11.261060057331713
