hough_viz/data/file_5_3_1.json
{"header": {"discipline": 0, "disciplineName": "Meteorological products", "gribEdition": 2, "gribLength": 133963, "center": 7, "centerName": "US National Weather Service - NCEP(WMC)", "subcenter": 0, "refTime": "2014-11-30T06:00:00.000Z", "significanceOfRT": 1, "significanceOfRTName": "Start of forecast", "productStatus": 0, "productStatusName": "Operational products", "productType": 1, "productTypeName": "Forecast products", "productDefinitionTemplate": 0, "productDefinitionTemplateName": "Analysis/forecast at horizontal level/layer at a point in time", "parameterCategory": 2, "parameterCategoryName": "Momentum", "parameterNumber": 2, "parameterNumberName": "U-component_of_wind", "parameterUnit": "m.s-1", "genProcessType": 2, "genProcessTypeName": "Forecast", "forecastTime": 6, "surface1Type": 100, "surface1TypeName": "Isobaric surface", "surface1Value": 85000, "surface2Type": 255, "surface2TypeName": "Missing", "surface2Value": 0, "gridDefinitionTemplate": 0, "gridDefinitionTemplateName": "Latitude_Longitude", "numberPoints": 65160, "shape": 6, "shapeName": "Earth spherical with radius of 6,371,229.0 m", "gridUnits": "degrees", "resolution": 48, "winds": "true", "scanMode": 0, "nx": 360, "ny": 181, "basicAngle": 0, "subDivisions": 0, "lo1": 0, "la1": 90, "lo2": 359, "la2": -90, "dx": 1, "dy": 1}, "data":
[rows 95 to 113 of 181, columns 215 to 257 of 360]
19.195660038924625,19.268984341810643,19.195660038924622,18.976245172485964,18.612409622114576,18.10692239603868,17.463630557270257,16.687429945132568,15.78422791496676,14.76089837959066,13.625229494671709,12.385864386159845,11.052235370879858,9.634492170905295,8.143424668044773,6.5903807863261825,4.9871801274428655,3.3460240164480783,1.6794026423035153,-1.88900871258094e-14,-1.679402642303485,-3.346024016448048,-4.987180127442835,-6.590380786326089,-8.143424668044746,-9.634492170905329,-11.052235370879833,-12.385864386159819,-13.625229494671686,-14.760898379590643,-15.78422791496674,-16.687429945132585,-17.463630557270278,-18.106922396038673,-18.612409622114548,-18.976245172485957,-19.195660038924622,-19.268984341810643,-19.195660038924622,-18.976245172485964,-18.612409622114562,-18.10692239603868,-17.46363055727029
17.400106450397868,17.466572030275337,17.400106450397864,17.20121555396134,16.871413020781247,16.413208847275286,15.830090243875084,15.126495095249163,14.307778185320968,13.380170444129808,12.350731526690975,11.227296084758471,10.018414140394185,8.733286015137645,7.381692310003686,5.973919469202923,4.520681494090269,3.0330384031455293,1.522312058554131,-1.7123116693037016e-14,-1.5223120585541032,-3.0330384031455018,-4.520681494090242,-5.973919469202839,-7.381692310003663,-8.733286015137674,-10.018414140394164,-11.22729608475845,-12.350731526690954,-13.38017044412979,-14.307778185320952,-15.126495095249181,-15.830090243875102,-16.413208847275275,-16.871413020781226,-17.20121555396133,-17.400106450397864,-17.466572030275337,-17.400106450397864,-17.20121555396134,-16.871413020781237,-16.413208847275286,-15.83009024387511
15.41354083410798,15.472418056062022,15.413540834107977,15.237357259455958,14.94520819549162,14.539317072996136,14.022772968495474,13.399507094522736,12.674262880717112,11.852559873460068,10.940651728794636,9.945478618326982,8.874614410329634,7.73620902803099,6.5389264237783475,5.2918786411290295,4.004556466696981,2.6867571995361157,1.3485100877783736,-1.5168174925118758e-14,-1.3485100877783491,-2.686757199536091,-4.0045564666969575,-5.291878641128954,-6.5389264237783244,-7.736209028031016,-8.874614410329613,-9.945478618326963,-10.940651728794617,-11.852559873460054,-12.674262880717098,-13.399507094522749,-14.022772968495488,-14.53931707299613,-14.945208195491599,-15.237357259455957,-15.413540834107977,-15.472418056062022,-15.413540834107977,-15.237357259455958,-14.945208195491604,-14.539317072996136,-14.022772968495499
13.175505560150242,13.225833850941484,13.17550556015024,13.024903716458484,12.775174490832594,12.42821847347019,11.986676209161185,11.453908101147482,10.833968836425264,10.131576527128612,9.352076802847312,8.501402127158013,7.58602664799405,6.6129169254707225,5.589478912156194,4.523501589300515,3.423097687985276,2.2966419463416194,1.1527073727359345,-1.2965766608344628e-14,-1.1527073727359134,-2.2966419463415986,-3.423097687985256,-4.52350158930045,-5.589478912156174,-6.6129169254707465,-7.586026647994032,-8.501402127157995,-9.352076802847298,-10.1315765271286,-10.83396883642525,-11.453908101147492,-11.9866762091612,-12.428218473470185,-12.775174490832574,-13.02490371645848,-13.175505560150237,-13.225833850941484,-13.17550556015024,-13.024903716458484,-12.775174490832581,-12.42821847347019,-11.986676209161208
10.723569097503457,10.764531389340782,10.723569097503455,10.600993969766078,10.397738876863611,10.115350712781817,9.755978621959995,9.322357643004104,8.81778789339152,8.246109453584328,7.611673141698313,6.919307401150098,6.174281553287061,5.382265694670374,4.5492875442164,3.681686568616016,2.7860657351652973,1.8692412591975216,0.938190728568484,-1.0552862164713867e-14,-0.9381907285684669,-1.8692412591975047,-2.786065735165281,-3.6816865686159637,-4.5492875442163845,-5.3822656946703935,-6.174281553287046,-6.919307401150084,-7.611673141698302,-8.246109453584317,-8.81778789339151,-9.32235764300411,-9.755978621960004,-10.115350712781812,-10.397738876863599,-10.600993969766074,-10.723569097503454,-10.764531389340782,-10.723569097503455,-10.600993969766078,-10.397738876863604,-10.115350712781817,-9.755978621960013
8.157971599507263,8.18913372570062,8.157971599507258,8.064722383523723,7.910095760589053,7.695268532669889,7.421875664686924,7.091997841444637,6.70814563236359,6.2732403845311815,5.790591989486364,5.263873692946537,4.697094139189527,4.094566862850298,3.4608774603177355,2.8008486905772103,2.119503771102687,1.4220281481387316,0.7137300323233404,-8.028106039181764e-15,-0.7137300323233275,-1.4220281481387187,-2.1195037711026745,-2.8008486905771703,-3.4608774603177244,-4.0945668628503125,-4.697094139189516,-5.263873692946527,-5.790591989486355,-6.273240384531174,-6.708145632363582,-7.091997841444643,-7.42187566468693,-7.695268532669884,-7.910095760589043,-8.06472238352372,-8.157971599507256,-8.18913372570062,-8.157971599507258,-8.064722383523723,-7.910095760589046,-7.695268532669889,-7.421875664686937
5.458475648708951,5.479326138921337,5.4584756487089505,5.3960828628921815,5.292622628244887,5.148882339623725,4.965955947417867,4.745235631925974,4.488401208023522,4.197407340757262,3.87446866916398,3.5220429515302287,3.142812360367638,2.739663069460661,2.3156632883413146,1.87403991136197,1.4181539590809051,0.9514749988664807,0.477554739394351,-5.371582970793097e-15,-0.4775547393943423,-0.9514749988664721,-1.418153959080897,-1.8740399113619437,-2.315663288341307,-2.7396630694606703,-3.14281236036763,-3.5220429515302216,-3.8744686691639743,-4.197407340757256,-4.488401208023516,-4.74523563192598,-4.965955947417871,-5.148882339623723,-5.292622628244879,-5.39608286289218,-5.4584756487089505,-5.479326138921337,-5.4584756487089505,-5.3960828628921815,-5.292622628244882,-5.148882339623725,-4.965955947417877
2.6796838104756326,2.6899197672991875,2.679683810475632,2.6490538418170355,2.598262973879768,2.5276977558371954,2.4378952316070666,2.3295388526230196,2.2034532763564987,2.06059809017544,1.9020605083049955,1.729047097470821,1.5428745941977036,1.3449598836495902,1.1368092162779302,0.9200067443462232,0.696202465574772,0.46709966566176364,0.23444195525057038,-2.637026314638849e-15,-0.23444195525056613,-0.4670996656617593,-0.696202465574768,-0.9200067443462103,-1.1368092162779262,-1.344959883649595,-1.5428745941976998,-1.7290470974708176,-1.9020605083049926,-2.0605980901754375,-2.203453276356496,-2.3295388526230223,-2.4378952316070692,-2.527697755837194,-2.598262973879765,-2.6490538418170346,-2.679683810475632,-2.6899197672991875,-2.679683810475632,-2.6490538418170355,-2.5982629738797662,-2.5276977558371954,-2.4378952316070706
-0.12188388353768828,-0.12234946017195429,-0.12188388353768805,-0.12049069695419905,-0.11818050341261647,-0.11497088488072485,-0.11088626849357279,-0.10595774064822486,-0.10022281041751104,-0.09372512408333242,-0.08651413296210239,-0.07864471705036913,-0.07017676735490379,-0.06117473008597698,-0.05170711618278429,-0.04184597990383026,-0.03166637045051418,-0.02124576079739285,-0.010663458076061786,1.1994363176833587e-16,0.010663458076061604,0.02124576079739264,0.03166637045051401,0.0418459799038297,0.05170711618278415,0.06117473008597721,0.07017676735490366,0.07864471705036896,0.08651413296210222,0.09372512408333238,0.10022281041751085,0.10595774064822486,0.11088626849357289,0.11497088488072485,0.11818050341261638,0.12049069695419905,0.12188388353768805,0.12234946017195429,0.12188388353768805,0.12049069695419905,0.11818050341261638,0.11497088488072485,0.110886268493573
-2.9293194853894136,-2.9405090099361626,-2.929319485389413,-2.895836070787386,-2.84031359513304,-2.7631746179914907,-2.6650062135565737,-2.5465555026617417,-2.4087239667394065,-2.252560587002888,-2.0792538610660016,-1.8901227577586024,-1.686606678977327,-1.470254504968077,-1.2427128064120867,-1.0057133130287923,-0.7610597340670378,-0.5106140309886111,-0.2562822468171692,2.8826880756446834e-15,0.2562822468171646,0.5106140309886064,0.7610597340670333,1.0057133130287783,1.242712806412083,1.4702545049680824,1.6866066789773233,1.8901227577585986,2.079253861065998,2.2525605870028853,2.408723966739404,2.5465555026617444,2.6650062135565764,2.7631746179914893,2.840313595133036,2.8958360707873845,2.9293194853894127,2.9405090099361626,2.929319485389413,2.895836070787386,2.8403135951330376,2.7631746179914907,2.665006213556578
-5.67102015634131,-5.692682532043582,-5.671020156341309,-5.606197892993688,-5.498709078565546,-5.349371767838196,-5.159322507918611,-4.930007688429657,-4.663172533611733,-4.360847820112465,-4.025334421550221,-3.659185797476618,-3.2651885600074078,-2.8463412660217835,-2.405831596333903,-1.9470120955170884,-1.4733746570153226,-0.9885239477257483,-0.49614997430688157,5.580744013400957e-15,0.49614997430687274,0.9885239477257393,1.4733746570153143,1.947012095517061,2.4058315963338957,2.8463412660217924,3.2651885600074,3.6591857974766113,4.025334421550216,4.3608478201124585,4.663172533611728,4.930007688429663,5.159322507918616,5.349371767838193,5.498709078565538,5.606197892993686,5.671020156341308,5.692682532043582,5.671020156341309,5.606197892993688,5.4987090785655415,5.349371767838196,5.15932250791862
-8.34479065694242,-8.376666401585181,-8.344790656942417,-8.249406016677963,-8.091238415499047,-7.871491604354847,-7.591837989164922,-7.254405902800338,-6.861763407185412,-6.416898748795782,-5.923197616298397,-5.384417373416495,-4.804658463122769,-4.188333200792579,-3.5401321938196504,-2.8649886432614946,-2.168040799200649,-1.4545928555590892,-0.7300745819795152,8.211951151282918e-15,0.730074581979502,1.454592855559076,2.1680407992006367,2.8649886432614537,3.5401321938196384,4.188333200792593,4.804658463122758,5.384417373416484,5.923197616298387,6.416898748795773,6.8617634071854035,7.254405902800346,7.591837989164928,7.8714916043548415,8.091238415499037,8.249406016677959,8.344790656942417,8.376666401585181,8.344790656942417,8.249406016677963,8.091238415499042,7.871491604354847,7.591837989164934
-10.904792857060709,-10.946447394218536,-10.904792857060707,-10.780146261766696,-10.573456244190364,-10.286295840168297,-9.920850513767302,-9.47990152458321,-8.966804760676018,-8.385465198235336,-7.740307182353737,-7.036240755089193,-6.2786242870800635,-5.473223697109252,-4.626168569980648,-3.7439055066775384,-2.833149061836623,-1.9008306419329921,-0.9540457530912914,1.0731201049668144e-14,0.954045753091274,1.9008306419329752,2.8331490618366066,3.7439055066774856,4.626168569980632,5.473223697109272,6.278624287080048,7.036240755089181,7.7403071823537255,8.385465198235323,8.966804760676009,9.479901524583221,9.92085051376731,10.28629584016829,10.57345624419035,10.780146261766694,10.904792857060706,10.946447394218536,10.904792857060707,10.780146261766696,10.573456244190355,10.286295840168297,9.920850513767318
-13.264671437839972,-13.3153403277984,-13.264671437839967,-13.113050388811981,-12.86163110844883,-12.51232704928518,-12.067796626126825,-11.531422983908815,-10.90728824991971,-10.200142466348009,-9.415367439592954,-8.558935781468332,-7.637365454019976,-6.657670163899182,-5.627305983819998,-4.554114607343693,-3.446263668855874,-2.31218458293721,-1.1605083762071249,1.3053513067429273e-14,1.160508376207104,2.3121845829371894,3.4462636688558534,4.554114607343628,5.627305983819978,6.657670163899204,7.637365454019958,8.558935781468316,9.41536743959294,10.200142466347994,10.907288249919699,11.531422983908824,12.067796626126837,12.51232704928517,12.861631108448814,13.113050388811978,13.264671437839967,13.3153403277984,13.264671437839967,13.113050388811981,12.86163110844882,12.51232704928518,12.067796626126846
-15.479255549419292,-15.53838379091003,-15.479255549419289,-15.302320826567426,-15.008926202431446,-14.60130458725753,-14.08255822766582,-13.45663509668042,-12.728298847270883,-11.903092558076644,-10.987296547231615,-9.987880575351147,-8.912450801445035,-7.769191895454993,-6.56680474797426,-5.314440251216328,-4.0216296551998285,-2.698212029180932,-1.354259380394947,1.523284353745932e-14,1.3542593803949223,2.6982120291809077,4.0216296551998045,5.3144402512162525,6.5668047479742375,7.769191895455021,8.912450801445015,9.987880575351127,10.987296547231598,11.90309255807663,12.72829884727087,13.456635096680431,14.08255822766583,14.601304587257522,15.008926202431427,15.302320826567419,15.479255549419289,15.53838379091003,15.479255549419289,15.302320826567426,15.008926202431432,14.60130458725753,14.08255822766584
-17.48508225376347,-17.55187242740491,-17.485082253763462,-17.28522004638956,-16.953806877361412,-16.49336500100805,-15.907398658030933,-15.200367406116271,-14.37765218000832,-13.445514339346758,-12.4110480159392,-11.282126123134702,-10.067340438199093,-8.77593621370243,-7.417741815564379,-6.003093923254916,-4.54275886142221,-3.0478506616613457,-1.529746478022629,1.720673977897972e-14,1.5297464780226013,3.0478506616613177,4.542758861422184,6.0030939232548315,7.417741815564354,8.77593621370246,10.067340438199071,11.282126123134683,12.411048015939182,13.44551433934674,14.377652180008301,15.200367406116289,15.907398658030946,16.49336500100804,16.953806877361394,17.285220046389554,17.485082253763462,17.55187242740491,17.485082253763462,17.28522004638956,16.9538068773614,16.49336500100805,15.90739865803096
-19.18612493760812,-19.25941281795615,-19.186124937608113,-18.966819061585916,-18.603164240026583,-18.09792810570294,-17.454955810667123,-16.679140762321648,-15.776387381634388,-14.753566166929744,-13.618461405247906,-12.379711929220354,-11.046745370336946,-9.629706408978047,-8.139379567271178,-6.587107132365623,-4.984702834778668,-3.34436193877325,-1.6785684290327498,1.8880703812380377e-14,1.6785684290327194,3.3443619387732193,4.984702834778639,6.587107132365529,8.13937956727115,9.62970640897808,11.046745370336922,12.379711929220331,13.618461405247885,14.753566166929726,15.776387381634368,16.679140762321662,17.454955810667137,18.097928105702927,18.603164240026555,18.96681906158591,19.186124937608113,19.25941281795615,19.186124937608113,18.966819061585916,18.60316424002656,18.09792810570294,17.454955810667155
-20.688335392994045,-20.76736147323756,-20.688335392994038,-20.451858588451383,-20.059730790880767,-19.514936329594917,-18.82162141940011,-17.985062605397932,-17.011626605290992,-15.908721854816807,-14.684742125078529,-13.34900264087873,-11.911669186233613,-10.383680736618752,-8.776666206760433,-7.102855947572723,-5.374988665802235,-3.606214474778169,-1.8099948141091347,2.035900079857412e-14,1.809994814109102,3.6062144747781364,5.374988665802203,7.102855947572624,8.776666206760405,10.383680736618787,11.911669186233585,13.349002640878703,14.684742125078504,15.908721854816788,17.01162660529097,17.98506260539795,18.82162141940013,19.514936329594903,20.059730790880742,20.45185858845138,20.688335392994038,20.76736147323756,20.688335392994038,20.451858588451383,20.05973079088075,19.514936329594917,18.82162141940014
-21.92269392111201,-22.006435050403187,-21.922693921112007,-21.67210785379666,-21.256583959737426,-20.679284626668256,-19.944603451096675,-19.058131800381418,-18.026616259050694,-16.85790728322009,-15.560899453881413,-14.145463783770772,-12.622372593001014,-11.003217525201562,-9.300321328111,-7.526644070025963,-5.695684505856007,-3.8213773434482277,-1.9179871920460032,2.1573709753272844e-14,1.9179871920459683,3.8213773434481926,5.695684505855973,7.526644070025856,9.300321328110972,11.0032175252016,12.622372593000984,14.145463783770746,15.56089945388139,16.857907283220065,18.026616259050666,19.058131800381442,19.944603451096697,20.679284626668238,21.256583959737398,21.672107853796653,21.922693921112007,22.006435050403187,21.922693921112007,21.67210785379666,21.25658395973741,20.679284626668256,19.944603451096707
