hough_viz/data/file_3_0_2.json
{"header": {"discipline": 0, "disciplineName": "Meteorological products", "gribEdition": 2, "gribLength": 133963, "center": 7, "centerName": "US National Weather Service - NCEP(WMC)", "subcenter": 0, "refTime": "2014-11-30T06:00:00.000Z", "significanceOfRT": 1, "significanceOfRTName": "Start of forecast", "productStatus": 0, "productStatusName": "Operational products", "productType": 1, "productTypeName": "Forecast products", "productDefinitionTemplate": 0, "productDefinitionTemplateName": "Analysis/forecast at horizontal level/layer at a point in time", "parameterCategory": 2, "parameterCategoryName": "Momentum", "parameterNumber": 2, "parameterNumberName": "U-component_of_wind", "parameterUnit": "m.s-1", "genProcessType": 2, "genProcessTypeName": "Forecast", "forecastTime": 6, "surface1Type": 100, "surface1TypeName": "Isobaric surface", "surface1Value": 85000, "surface2Type": 255, "surface2TypeName": "Missing", "surface2Value": 0, "gridDefinitionTemplate": 0, "gridDefinitionTemplateName": "Latitude_Longitude", "numberPoints": 65160, "shape": 6, "shapeName": "Earth spherical with radius of 6,371,229.0 m", "gridUnits": "degrees", "resolution": 48, "winds": "true", "scanMode": 0, "nx": 360, "ny": 181, "basicAngle": 0, "subDivisions": 0, "lo1": 0, "la1": 90, "lo2": 359, "la2": -90, "dx": 1, "dy": 1}, "data":
[rows 152 to 170 of 181, columns 43 to 85 of 360]
-1.6694065228571264,-1.775011607418836,-1.8757515085441536,-1.9713501051664406,-2.0615453681773332,-2.1460900786303125,-2.224752505350659,-2.297317040094489,-2.36358478851597,-2.423374115322893,-2.4765211421263853,-2.5228801966201835,-2.562324211858298,-2.594745074536681,-2.6200539213242773,-2.6381813824312395,-2.6490777717466973,-2.6527132230249353,-2.6490777717466973,-2.6381813824312395,-2.6200539213242777,-2.594745074536681,-2.562324211858299,-2.5228801966201835,-2.4765211421263853,-2.423374115322894,-2.363584788515971,-2.2973170400944887,-2.2247525053506587,-2.1460900786303125,-2.0615453681773332,-1.971350105166441,-1.8757515085441545,-1.7750116074188367,-1.6694065228571262,-1.5592257110552916,-1.4447711699599028,-1.3263566115124688,-1.2043066017867947,-1.0789556713759483,-0.9506473984671518,-0.8197334671178454,-0.6865727033141436
-1.5312374858047442,-1.628102127195815,-1.720504253824232,-1.8081905978837014,-1.8909208172001595,-1.968468153992967,-2.040620056402223,-2.107178761078641,-2.1679618352391428,-2.2228026767024334,-2.2715509705340025,-2.3140731010489093,-2.350252518043091,-2.379990056249366,-2.4032042071425415,-2.419831342348616,-2.429825888045727,-2.4331604498788315,-2.429825888045727,-2.4198313423486164,-2.4032042071425415,-2.379990056249366,-2.3502525180430918,-2.3140731010489093,-2.2715509705340025,-2.2228026767024343,-2.1679618352391437,-2.107178761078641,-2.0406200564022225,-1.9684681539929674,-1.8909208172001595,-1.8081905978837018,-1.7205042538242326,-1.6281021271958152,-1.531237485804744,-1.4301758289000968,-1.3251941594587358,-1.2165802249394166,-1.1046317285869915,-0.9896555134485194,-0.8719667213377982,-0.7518879290535516,-0.6297482642188588
-1.3991811315369684,-1.487692012314063,-1.572125232693607,-1.652249367087423,-1.7278448008124985,-1.7987043320395661,-1.864633739718919,-1.925452315926804,-1.9809933611732828,-2.0311046413139464,-2.0756488048131203,-2.1145037592148817,-2.147563005789989,-2.1747359314415005,-2.1959480570689713,-2.2111412417104943,-2.2202738419030323,-2.223320825824257,-2.2202738419030323,-2.211141241710495,-2.1959480570689713,-2.1747359314415005,-2.1475630057899893,-2.1145037592148817,-2.0756488048131203,-2.031104641313947,-1.9809933611732837,-1.9254523159268035,-1.8646337397189188,-1.7987043320395666,-1.7278448008124985,-1.6522493670874234,-1.5721252326936073,-1.4876920123140631,-1.3991811315369684,-1.306835192534221,-1.210907309105736,-1.1116604129121295,-1.0093665327972967,-0.9043060491762739,-0.7967669255320037,-0.6870439191274382,-0.5754377730963819
-1.2731154003772025,-1.353651481716784,-1.4304772984361398,-1.50338227631174,-1.572166587866791,-1.6366417000844589,-1.696630891163765,-1.751969734901758,-1.8025065513743086,-1.8481028226802363,-1.8886335726092502,-1.9239877091930515,-1.9540683292007008,-1.9787929837436355,-1.9980939042623425,-2.011918188275271,-2.0202279443808555,-2.0230003961152145,-2.0202279443808555,-2.011918188275271,-1.9980939042623425,-1.9787929837436355,-1.9540683292007017,-1.9239877091930515,-1.8886335726092502,-1.848102822680237,-1.8025065513743093,-1.7519697349017576,-1.696630891163765,-1.6366417000844589,-1.5721665878667912,-1.5033822763117406,-1.4304772984361405,-1.3536514817167846,-1.2731154003772023,-1.1890897982183546,-1.101804983575208,-1.0115001980576082,-0.9184229608056476,-0.8228283900569161,-0.7249785038851407,-0.6251415020268519,-0.5235910307645608
-1.1580769144661776,-1.231335769518364,-1.3012196188153995,-1.3675369155839288,-1.4301058887231688,-1.48875504102686,-1.5433236192451907,-1.5936620546982794,-1.6396323732335312,-1.6811085734031992,-1.7179769718255933,-1.7501365147833279,-1.7774990552045395,-1.7999895942678805,-1.817546486969075,-1.830121611085595,-1.8376804990763222,-1.8402024325546875,-1.8376804990763222,-1.830121611085595,-1.817546486969075,-1.7999895942678805,-1.7774990552045402,-1.7501365147833279,-1.7179769718255928,-1.6811085734031996,-1.6396323732335318,-1.5936620546982792,-1.5433236192451907,-1.48875504102686,-1.430105888723169,-1.3675369155839294,-1.3012196188154002,-1.2313357695183644,-1.1580769144661773,-1.08164385108838,-1.0022460770988901,-0.9201012162773445,-0.8354344219774323,-0.748477759997215,-0.6594695725028978,-0.5686538247495166,-0.4762794363891399
-1.0486783559316577,-1.115016761191187,-1.1782989830121553,-1.2383515692232454,-1.2950099198598568,-1.3481187383211686,-1.3975324570273266,-1.4431156364100626,-1.4847433361431364,-1.5223014575950855,-1.555687056565644,-1.584808625448637,-1.6095863440479725,-1.629952298359248,-1.6458506667173152,-1.6572378727995878,-1.6640827050657088,-1.666366402306215,-1.6640827050657088,-1.6572378727995878,-1.6458506667173152,-1.629952298359248,-1.6095863440479732,-1.584808625448637,-1.5556870565656438,-1.5223014575950862,-1.4847433361431368,-1.4431156364100621,-1.3975324570273264,-1.3481187383211686,-1.295009919859857,-1.2383515692232456,-1.1782989830121557,-1.1150167611911872,-1.0486783559316577,-0.9794655961912597,-0.9075681893335193,-0.8331832011531084,-0.7565145157321895,-0.6777722766083282,-0.597172310785658,-0.5149355371680614,-0.43128736103581733
-0.9446665366553526,-1.0044252521750259,-1.0614309078952302,-1.1155272552760516,-1.16656601998951,-1.214407308329187,-1.2589199906491517,-1.2999820607812014,-1.3374809704452955,-1.3713139377365613,-1.4013882288433541,-1.4276214122241888,-1.449941584546865,-1.4682875677705023,-1.4826090768302977,-1.4928668574653945,-1.4990327938120818,-1.5010899854674222,-1.4990327938120818,-1.4928668574653945,-1.482609076830298,-1.4682875677705023,-1.4499415845468653,-1.4276214122241888,-1.401388228843354,-1.3713139377365615,-1.3374809704452957,-1.2999820607812012,-1.2589199906491513,-1.2144073083291873,-1.16656601998951,-1.1155272552760516,-1.0614309078952306,-1.004425252175026,-0.9446665366553526,-0.8823185558216737,-0.8175522011556977,-0.7505449927337117,-0.6814805926563842,-0.6105483016437208,-0.5379425401749452,-0.4638623155954765,-0.3885106766516347
-0.850393253676697,-0.9041883300919584,-0.9555050891437975,-1.0042028751626377,-1.050148210901944,-1.0932151633900746,-1.1332856891038077,-1.1702499575174294,-1.2040066521405728,-1.2344632482196756,-1.2615362663418963,-1.2851515012463848,-1.3052442252157421,-1.3217593654901976,-1.3346516552182104,-1.3438857575297698,-1.3494363623922936,-1.3512882559836719,-1.3494363623922936,-1.3438857575297698,-1.3346516552182104,-1.3217593654901976,-1.3052442252157426,-1.2851515012463846,-1.261536266341896,-1.2344632482196758,-1.2040066521405732,-1.1702499575174294,-1.1332856891038074,-1.0932151633900749,-1.050148210901944,-1.0042028751626382,-0.9555050891437977,-0.9041883300919586,-0.8503932536766968,-0.7942673084632188,-0.7359643317660858,-0.6756441279918366,-0.6134720306262079,-0.5496184490665511,-0.4842584015415138,-0.417571035398239,-0.3497391360719444
-0.7612563607798208,-0.8094127212903236,-0.8553505377933573,-0.8989438979269865,-0.9400733153212223,-0.9786260571018576,-1.0144964528834397,-1.0475861844044523,-1.0778045550108348,-1.1050687382492088,-1.129304004888428,-1.1504439277472072,-1.1684305637664079,-1.1832146128269379,-1.194755552877948,-1.2030217510049603,-1.2079905501334847,-1.2096483311304866,-1.2079905501334847,-1.2030217510049603,-1.194755552877948,-1.1832146128269379,-1.168430563766408,-1.1504439277472072,-1.129304004888428,-1.1050687382492093,-1.077804555010835,-1.0475861844044523,-1.0144964528834395,-0.9786260571018576,-0.9400733153212223,-0.8989438979269867,-0.8553505377933576,-0.8094127212903238,-0.7612563607798207,-0.7110134494987024,-0.6588216997744462,-0.6048241655652439,-0.5491688503590386,-0.49200830150625796,-0.43349919209812743,-0.37380189153661436,-0.3130800259730502
-0.6769021648964298,-0.7197223584113976,-0.7605698429692473,-0.7993326584540799,-0.8359045586830217,-0.870185302619627,-0.9020809291275909,-0.9315040145116922,-0.9583739121400671,-0.9826169734910198,-1.0041667500185023,-1.0229641752829592,-1.0389577268483332,-1.0521035675014823,-1.062365665406932,-1.0697158928676334,-1.0741341034210246,-1.0756081870590848,-1.0741341034210246,-1.0697158928676336,-1.062365665406932,-1.0521035675014823,-1.0389577268483337,-1.0229641752829592,-1.0041667500185023,-0.9826169734910203,-0.9583739121400672,-0.931504014511692,-0.9020809291275907,-0.870185302619627,-0.8359045586830218,-0.7993326584540802,-0.7605698429692477,-0.7197223584113979,-0.6769021648964296,-0.632226629598374,-0.5858182050541226,-0.5378040935295428,-0.488315898366902,-0.43748926326925947,-0.3854635005105025,-0.33238120909008484,-0.27838788387908575
-0.6010543236653692,-0.6390764541697046,-0.6753469205348205,-0.709766307933539,-0.742240275217463,-0.7726798134995051,-0.8010014901210604,-0.8271276773351243,-0.8509867650785529,-0.8725133572502657,-0.8916484509574159,-0.9083395982382153,-0.9225410498181551,-0.9342138805055857,-0.9433260958829611,-0.9498527200013142,-0.9537758638375967,-0.9550847743272478,-0.9537758638375967,-0.9498527200013142,-0.9433260958829611,-0.9342138805055857,-0.9225410498181554,-0.9083395982382151,-0.8916484509574156,-0.872513357250266,-0.8509867650785532,-0.8271276773351242,-0.8010014901210601,-0.7726798134995051,-0.742240275217463,-0.7097663079335391,-0.6753469205348206,-0.6390764541697049,-0.6010543236653692,-0.5613847450386412,-0.5201764498471371,-0.4775423871636244,-0.4335994139904597,-0.38846797496267294,-0.3422717722175921,-0.29513742633588125,-0.24719412928333473
-0.5298413905710317,-0.5633586579887873,-0.5953317984835754,-0.625673175899726,-0.6542996266307449,-0.6811326875649782,-0.7060988111475487,-0.7291295669690901,-0.750161829328744,-0.7691379502573173,-0.7860059175263588,-0.800719497210062,-0.8132383604092421,-0.8235281937900462,-0.8315607936344143,-0.8373141431445128,-0.8407724727892444,-0.8419263035274389,-0.8407724727892444,-0.8373141431445128,-0.8315607936344144,-0.8235281937900462,-0.8132383604092425,-0.800719497210062,-0.7860059175263587,-0.7691379502573177,-0.7501618293287443,-0.7291295669690901,-0.7060988111475487,-0.6811326875649784,-0.6542996266307449,-0.6256731758997263,-0.5953317984835755,-0.5633586579887874,-0.5298413905710317,-0.4948718647305451,-0.45854592950695305,-0.4209631517637198,-0.38222654328229144,-0.34244227841396757,-0.3017194030633828,-0.260169535801259,-0.2179065619256667
-0.4628379401204486,-0.4921166323596131,-0.5200464671160873,-0.546550890654183,-0.5715572561912824,-0.5949970230176193,-0.616805944361601,-0.6369242434857427,-0.6552967775305514,-0.6718731886572694,-0.6866080420752106,-0.6994609505753636,-0.7103966852289241,-0.71938527194734,-0.7264020736392056,-0.7314278577388152,-0.7344488489212898,-0.7354567668597844,-0.7344488489212898,-0.7314278577388152,-0.7264020736392057,-0.71938527194734,-0.7103966852289242,-0.6994609505753635,-0.6866080420752105,-0.6718731886572696,-0.6552967775305517,-0.6369242434857427,-0.6168059443616007,-0.5949970230176194,-0.5715572561912825,-0.5465508906541832,-0.5200464671160874,-0.4921166323596133,-0.4628379401204485,-0.4322906412588851,-0.4005584637977847,-0.3677283834298926,-0.33389038512350505,-0.2991372164799301,-0.26356413351875724,-0.22726863958772717,-0.1903502181128366
-0.40321489298619484,-0.42872188741045947,-0.45305378494142495,-0.47614389353924846,-0.49792892482123713,-0.518349167530906,-0.5373486512023817,-0.5548752995715581,-0.5708810733135182,-0.5853221017149829,-0.5981588029208873,-0.609355992425494,-0.6188829795106783,-0.6267136513670523,-0.6328265446673608,-0.6372049043959699,-0.6398367297731996,-0.6407148071486267,-0.6398367297731996,-0.63720490439597,-0.6328265446673608,-0.6267136513670523,-0.6188829795106784,-0.609355992425494,-0.5981588029208872,-0.5853221017149832,-0.5708810733135185,-0.5548752995715581,-0.5373486512023816,-0.518349167530906,-0.49792892482123713,-0.4761438935392486,-0.45305378494142506,-0.4287218874104597,-0.4032148929861948,-0.37660271456737887,-0.34895829428526715,-0.32035740357431364,-0.29087843548793246,-0.26060218982859107,-0.22961165168116612,-0.1979917639565928,-0.1658291945692532
-0.3477571270011707,-0.36975591537360525,-0.3907412284834192,-0.4106555470460498,-0.42944428729854434,-0.4470559506098601,-0.46344226463503235,-0.4785583156263167,-0.49236267153865,-0.5048174955920057,-0.5158886499793773,-0.5255457894361361,-0.5337624444142902,-0.5405160936336775,-0.5457882258112279,-0.549564390399104,-0.5518342371926486,-0.5525915446995757,-0.5518342371926486,-0.549564390399104,-0.5457882258112279,-0.5405160936336775,-0.5337624444142903,-0.5255457894361361,-0.5158886499793773,-0.5048174955920057,-0.4923626715386502,-0.4785583156263167,-0.46344226463503235,-0.4470559506098602,-0.42944428729854445,-0.41065554704604995,-0.3907412284834193,-0.36975591537360536,-0.3477571270011705,-0.3248051605159276,-0.30096292566264005,-0.2762957723497881,-0.2508713115300086,-0.22475922988317637,-0.19803109881005734,-0.1707601782600724,-0.14302121593087105
-0.29599177151507267,-0.31471593224670924,-0.3325774784836938,-0.3495274529693315,-0.3655193970017358,-0.3805094777739002,-0.3944566085163758,-0.4073225611132506,-0.41907207088275805,-0.42967293323531836,-0.4390960919440801,-0.4473157187860183,-0.4543092843352983,-0.46005761971486653,-0.4645449691370092,-0.46775903308887246,-0.4696910020445706,-0.4703355806114861,-0.4696910020445706,-0.46775903308887246,-0.4645449691370093,-0.46005761971486653,-0.4543092843352984,-0.4473157187860182,-0.4390960919440801,-0.42967293323531847,-0.4190720708827582,-0.4073225611132506,-0.39445660851637576,-0.3805094777739002,-0.3655193970017359,-0.34952745296933163,-0.33257747848369396,-0.3147159322467094,-0.29599177151507267,-0.27645631791184916,-0.2561631167574722,-0.23516779030574322,-0.21352788528709848,-0.19130271517702319,-0.16855319762193677,-0.1453416874681573,-0.12173180585160442
-0.2506241587488483,-0.26647840701941444,-0.28160225649902726,-0.29595425376750906,-0.3094950609979421,-0.3221875637789178,-0.33399697284255847,-0.34489091941948247,-0.3548395439593516,-0.36381557797382236,-0.3717944187775778,-0.378754196922577,-0.3846758361406928,-0.3895431056304366,-0.3933426645444565,-0.39606409855587354,-0.39769994840322687,-0.39824573033579147,-0.39769994840322687,-0.3960640985558736,-0.39334266454445654,-0.3895431056304366,-0.3846758361406928,-0.3787541969225769,-0.3717944187775777,-0.36381557797382247,-0.35483954395935174,-0.34489091941948247,-0.3339969728425584,-0.32218756377891783,-0.30949506099794216,-0.2959542537675091,-0.28160225649902737,-0.26647840701941455,-0.25062415874884825,-0.23408296707982346,-0.21690017026894012,-0.1991228651678959,-0.18079977813428683,-0.16198113147605014,-0.14271850579560835,-0.12306469861102215,-0.10307357964166547
-0.2090105434373139,-0.22223235359066706,-0.23484504031000966,-0.24681403309774108,-0.25810652577658477,-0.2686915664090395,-0.27854014213448886,-0.28762525869143535,-0.2959220144068953,-0.3034076684501529,-0.31006170316379716,-0.3158658803011942,-0.32080429101625374,-0.3248633994684707,-0.32803207992372246,-0.3303016472491337,-0.331665880718421,-0.33212104106247187,-0.331665880718421,-0.3303016472491338,-0.3280320799237225,-0.3248633994684707,-0.3208042910162538,-0.3158658803011941,-0.3100617031637971,-0.303407668450153,-0.29592201440689536,-0.28762525869143535,-0.2785401421344888,-0.2686915664090395,-0.2581065257765848,-0.2468140330977412,-0.23484504031000972,-0.22223235359066718,-0.20901054343731384,-0.19521584991254393,-0.18088608331245085,-0.16606052053123613,-0.15077979740597022,-0.13508579733658982,-0.11902153648640867,-0.10263104587780361,-0.08595925070624402
-0.17064841079701962,-0.18144346856503277,-0.19174120239768994,-0.2015133869223426,-0.2107332372604649,-0.2193754824431441,-0.22741643467704947,-0.2348340542710275,-0.24160801004536353,-0.2477197350581322,-0.25315247749589426,-0.25789134658925295,-0.2619233534274181,-0.265237446559908,-0.2678245422878059,-0.2696775495615487,-0.2707913894169999,-0.2711630088965377,-0.2707913894169999,-0.2696775495615487,-0.26782454228780594,-0.265237446559908,-0.26192335342741824,-0.2578913465892529,-0.2531524774958942,-0.2477197350581323,-0.24160801004536364,-0.23483405427102744,-0.22741643467704944,-0.21937548244314412,-0.21073323726046495,-0.20151338692234264,-0.19174120239768996,-0.18144346856503282,-0.17064841079701962,-0.15938561759663758,-0.1476859594971815,-0.13558150444826902,-0.1231054299198184,-0.11029193196491106,-0.09717613149078637,-0.08379397799487526,-0.0701821510297282
