hough_viz/data/file_5_0_1.json
{"header": {"discipline": 0, "disciplineName": "Meteorological products", "gribEdition": 2, "gribLength": 133963, "center": 7, "centerName": "US National Weather Service - NCEP(WMC)", "subcenter": 0, "refTime": "2014-11-30T06:00:00.000Z", "significanceOfRT": 1, "significanceOfRTName": "Start of forecast", "productStatus": 0, "productStatusName": "Operational products", "productType": 1, "productTypeName": "Forecast products", "productDefinitionTemplate": 0, "productDefinitionTemplateName": "Analysis/forecast at horizontal level/layer at a point in time", "parameterCategory": 2, "parameterCategoryName": "Momentum", "parameterNumber": 2, "parameterNumberName": "U-component_of_wind", "parameterUnit": "m.s-1", "genProcessType": 2, "genProcessTypeName": "Forecast", "forecastTime": 6, "surface1Type": 100, "surface1TypeName": "Isobaric surface", "surface1Value": 85000, "surface2Type": 255, "surface2TypeName": "Missing", "surface2Value": 0, "gridDefinitionTemplate": 0, "gridDefinitionTemplateName": "Latitude_Longitude", "numberPoints": 65160, "shape": 6, "shapeName": "Earth spherical with radius of 6,371,229.0 m", "gridUnits": "degrees", "resolution": 48, "winds": "true", "scanMode": 0, "nx": 360, "ny": 181, "basicAngle": 0, "subDivisions": 0, "lo1": 0, "la1": 90, "lo2": 359, "la2": -90, "dx": 1, "dy": 1}, "data":
[rows 140 to 159 of 181, columns 220 to 263 of 360]
-3.1239504722661646,-3.0129646404626746,-2.8790483284674733,-2.7232207202757284,-2.5466677580770583,-2.3507331165193786,-2.136907976533532,-1.906819676545941,-1.662219327450635,-1.4049684855979685,-1.1370249852267358,-0.8604280381634593,-0.577282714189116,-0.28974392018694894,3.2590682893041768e-15,0.2897439201869437,0.5772827141891108,0.8604280381634543,1.1370249852267196,1.4049684855979636,1.6622193274506407,1.9068196765459369,2.1369079765335277,2.3507331165193754,2.5466677580770547,2.7232207202757257,2.879048328467476,3.0129646404626778,3.1239504722661624,3.2111611546828343,3.273932961760256,3.3117881621439076,3.3244386549012797,3.311788162143908,3.2739329617602566,3.2111611546828365,3.1239504722661646,3.01296464046268,2.879048328467479,2.7232207202757284,2.5466677580770583,2.3507331165193786,2.136907976533532,1.9068196765459515
-2.89189374515077,-2.789152285053281,-2.66518369193034,-2.520931441629902,-2.3574933808786382,-2.176113372005459,-1.978171826398146,-1.7651751987391286,-1.53874452197578,-1.3006030702808595,-1.0525632438954968,-0.796512775669016,-0.5344003642721407,-0.26822084342338154,3.016974591796588e-15,0.26822084342337665,0.5344003642721358,0.7965127756690112,1.052563243895482,1.3006030702808553,1.5387445219757852,1.7651751987391247,1.9781718263981423,2.1761133720054553,2.3574933808786356,2.520931441629899,2.6651836919303427,2.7891522850532837,2.8918937451507682,2.9726261476744718,3.030735070293632,3.065778269019987,3.077489043951568,3.065778269019987,3.030735070293633,2.972626147674473,2.89189374515077,2.7891522850532855,2.6651836919303453,2.520931441629902,2.3574933808786387,2.176113372005459,1.978171826398146,1.7651751987391378
-2.666133258012941,-2.5714124805977794,-2.457121701543961,-2.3241307426907487,-2.1734517455371503,-2.0062314682339624,-1.8237425580618398,-1.6273738658169943,-1.4186198758180746,-1.1990693319780874,-0.9703931465038891,-0.7343316832453847,-0.49268151247579933,-0.24728173790703242,2.7814494606715024e-15,0.24728173790702795,0.4926815124757949,0.7343316832453806,0.9703931465038753,1.1990693319780832,1.4186198758180795,1.6273738658169905,1.8237425580618365,2.0062314682339593,2.1734517455371476,2.3241307426907465,2.457121701543963,2.5714124805977816,2.66613325801294,2.740563151479344,2.794135704565719,2.82644319779508,2.837239751636157,2.8264431977950806,2.79413570456572,2.7405631514793454,2.666133258012941,2.571412480597784,2.457121701543966,2.3241307426907487,2.1734517455371507,2.0062314682339624,1.8237425580618398,1.627373865817003
-2.447088466261784,-2.3601497803460076,-2.255248929504397,-2.133184272552726,-1.9948847952350495,-1.8414030400812555,-1.6739070959228952,-1.4936717080318151,-1.3020685765389766,-1.100555916968182,-0.890667362335428,-0.6740002912756359,-0.45220367102674197,-0.22696550779328345,2.5529304937188755e-15,0.22696550779327934,0.45220367102673786,0.6740002912756319,0.8906673623354157,1.1005559169681782,1.3020685765389812,1.4936717080318118,1.6739070959228919,1.8414030400812533,1.9948847952350466,2.133184272552724,2.2552489295043987,2.3601497803460094,2.4470884662617824,2.5154033313568895,2.5645744582583143,2.594227624999996,2.60413715307796,2.5942276249999963,2.564574458258315,2.5154033313568904,2.447088466261784,2.360149780346011,2.255248929504401,2.133184272552726,1.99488479523505,1.8414030400812555,1.6739070959228952,1.4936717080318234
-2.241429612801409,-2.161797450827573,-2.0657127049239503,-1.9539066380244257,-1.8272301618084514,-1.6866473607493717,-1.5332281548494744,-1.3681401569026943,-1.1926397862562708,-1.0080627067008523,-0.8158136612625364,-0.6173557812602478,-0.41419945099296424,-0.20789081280314933,2.338376436707482e-15,0.20789081280314559,0.4141994509929604,0.6173557812602443,0.8158136612625249,1.008062706700849,1.1926397862562748,1.368140156902691,1.5332281548494715,1.6866473607493693,1.8272301618084488,1.9539066380244237,2.0657127049239525,2.1617974508275757,2.241429612801407,2.3040031420096168,2.3490418161120026,2.3762028636035453,2.3852795725125477,2.3762028636035453,2.3490418161120035,2.304003142009618,2.241429612801409,2.161797450827577,2.0657127049239543,1.9539066380244257,1.8272301618084517,1.6866473607493717,1.5332281548494744,1.3681401569027014
-2.0431773906626165,-1.9705886142918192,-1.8830024686923235,-1.781085537318106,-1.665613469556047,-1.5374650775657512,-1.39761564798839,-1.2471295194264296,-1.087151982184241,-0.9189005619173227,-0.7436557535268845,-0.5627512758204785,-0.3775639211065754,-0.18950307697371474,2.1315493643218173e-15,0.18950307697371135,0.37756392110657183,0.5627512758204752,0.743655753526874,0.9189005619173196,1.087151982184245,1.2471295194264267,1.3976156479883872,1.537465077565749,1.6656134695560447,1.781085537318104,1.883002468692325,1.970588614291821,2.0431773906626147,2.100216353386227,2.141271401515267,2.166030081343751,2.1743039643684883,2.166030081343751,2.1412714015152674,2.1002163533862284,2.0431773906626165,1.970588614291822,1.8830024686923277,1.781085537318106,1.6656134695560472,1.5374650775657512,1.39761564798839,1.247129519426436
-1.852590419717278,-1.7867727025194942,-1.707356566172681,-1.6149464154272162,-1.5102455473290433,-1.3940507987044983,-1.2672464817509308,-1.1307976538868862,-0.9857427730824709,-0.8331857945671439,-0.6742877690638236,-0.5102580064918342,-0.34234487238824063,-0.1718262870922799,1.9327190823193293e-15,0.17182628709227674,0.3423448723882375,0.5102580064918313,0.6742877690638142,0.8331857945671413,0.9857427730824743,1.130797653886884,1.2672464817509284,1.3940507987044963,1.5102455473290415,1.6149464154272142,1.7073565661726828,1.7867727025194962,1.852590419717277,1.9043088051963304,1.941534250814748,1.9639834484540293,1.9714855461649472,1.9639834484540297,1.941534250814748,1.9043088051963317,1.852590419717278,1.7867727025194975,1.7073565661726846,1.6149464154272162,1.5102455473290435,1.3940507987044983,1.2672464817509308,1.130797653886892
-1.677044838331615,-1.6174637988732774,-1.5455728832541697,-1.4619192247510777,-1.3671394782166677,-1.2619549747516383,-1.1471662319395057,-1.0236468614243999,-0.8923369201989794,-0.7542357562030862,-0.6103944026824868,-0.4619075791912504,-0.3099053601149527,-0.15554457412220132,1.7495807634821365e-15,0.15554457412219846,0.3099053601149499,0.46190757919124764,0.6103944026824782,0.7542357562030838,0.8923369201989825,1.0236468614243972,1.1471662319395037,1.261954974751636,1.3671394782166661,1.4619192247510762,1.545572883254171,1.6174637988732792,1.6770448383316143,1.7238625539428867,1.7575606346219865,1.7778826176274851,1.7846738403979638,1.7778826176274851,1.757560634621987,1.7238625539428876,1.677044838331615,1.6174637988732803,1.5455728832541726,1.4619192247510777,1.367139478216668,1.2619549747516383,1.1471662319395057,1.0236468614244052
-1.509393308993778,-1.4557684921458423,-1.3910643980556272,-1.3157734639485634,-1.2304686992951113,-1.1357993248627063,-1.0324858317537164,-0.921314498033086,-0.8031314046775199,-0.6788359963883617,-0.5493742362743068,-0.4157314065009657,-0.27892460969867117,-0.13999502819728005,1.5746779320291346e-15,0.1399950281972775,0.27892460969866867,0.41573140650096324,0.549374236274299,0.6788359963883595,0.8031314046775226,0.9213144980330839,1.0324858317537147,1.1357993248627047,1.23046869929511,1.3157734639485619,1.3910643980556288,1.4557684921458436,1.5093933089937772,1.5515307313636704,1.5818600680280177,1.6001504944214469,1.6062628093550442,1.6001504944214469,1.5818600680280184,1.551530731363671,1.509393308993778,1.4557684921458447,1.39106439805563,1.3157734639485634,1.2304686992951117,1.1357993248627063,1.0324858317537164,0.921314498033091
-1.3496928797542678,-1.301741803618893,-1.243883686344787,-1.1765588631400945,-1.1002797165612406,-1.0156267769722955,-0.92324430435838,-0.8238353851181406,-0.7181565811517455,-0.6070121719679906,-0.4912480336315889,-0.37174520113557324,-0.24941316319303133,-0.12518294047879983,1.4080701034660933e-15,0.12518294047879755,0.24941316319302897,0.3717452011355711,0.4912480336315819,0.6070121719679885,0.718156581151748,0.8238353851181387,0.9232443043583783,1.015626776972294,1.1002797165612392,1.176558863140093,1.243883686344788,1.3017418036188941,1.349692879754267,1.3873719781078673,1.4144923379899639,1.4308475570861305,1.4363131623034953,1.4308475570861305,1.414492337989964,1.387371978107868,1.3496928797542678,1.3017418036188952,1.2438836863447895,1.1765588631400945,1.1002797165612406,1.0156267769722955,0.92324430435838,0.8238353851181449
-1.2055971801608356,-1.1627654492969888,-1.1110843712670173,-1.05094727028062,-0.9828118259880751,-0.9071965902617529,-0.8246770407032638,-0.7358812009114074,-0.6414848608433975,-0.542206433645224,-0.4388014880938147,-0.33205699826242463,-0.2227853541727644,-0.1118181790163701,1.2577419438684199e-15,0.11181817901636808,0.2227853541727624,0.33205699826242274,0.4388014880938086,0.5422064336452223,0.6414848608433997,0.7358812009114057,0.8246770407032622,0.9071965902617515,0.9828118259880737,1.0509472702806182,1.1110843712670186,1.16276544929699,1.205597180160835,1.2392535885241762,1.263478528797074,1.278087634556631,1.2829697216867986,1.278087634556631,1.2634785287970745,1.2392535885241767,1.2055971801608356,1.1627654492969905,1.1110843712670195,1.05094727028062,0.9828118259880751,0.9071965902617529,0.8246770407032638,0.7358812009114113
-1.0693337421873284,-1.0313430967190902,-0.9855033075428317,-0.932163243133007,-0.8717288535873854,-0.8046600811016882,-0.7314673595317688,-0.6527077296837422,-0.5689805998971195,-0.48092318418540364,-0.3892056526526789,-0.2945260310944651,-0.19760488859994646,-0.09917985358608418,1.1155848086533815e-15,0.09917985358608239,0.19760488859994463,0.29452603109446346,0.38920565265267343,0.480923184185402,0.5689805998971214,0.6527077296837407,0.7314673595317674,0.8046600811016869,0.8717288535873842,0.9321632431330059,0.9855033075428327,1.0313430967190913,1.0693337421873277,1.099186112196152,1.1206730121844437,1.1336309138691452,1.137961199794242,1.1336309138691454,1.120673012184444,1.0991861121961526,1.0693337421873284,1.0313430967190924,0.9855033075428334,0.932163243133007,0.8717288535873855,0.8046600811016882,0.7314673595317688,0.6527077296837456
-0.9408982842701141,-0.9074706164343813,-0.8671365492618429,-0.8202030493580594,-0.7670273089965196,-0.708014027669762,-0.6436123320818816,-0.574312358023104,-0.5006415201404872,-0.4231604979939896,-0.3424589689464633,-0.2591511203628719,-0.17387097527359766,-0.0872675670763226,9.815942310701816e-16,0.08726756707632101,0.1738709752735961,0.25915112036287036,0.34245896894645844,0.4231604979939882,0.5006415201404889,0.5743123580231027,0.6436123320818805,0.7080140276697608,0.7670273089965185,0.8202030493580585,0.8671365492618438,0.9074706164343821,0.9408982842701137,0.9671651480326329,0.9860713010283414,0.997472856017093,1.0012830402809774,0.997472856017093,0.9860713010283418,0.9671651480326333,0.9408982842701141,0.9074706164343829,0.8671365492618446,0.8202030493580594,0.7670273089965196,0.708014027669762,0.6436123320818816,0.5743123580231071
-0.8273884163877786,-0.7979934588067913,-0.7625252891626595,-0.7212538416426435,-0.6744932168827502,-0.6225992914722379,-0.5659670095178932,-0.5050273768808913,-0.440244180961958,-0.3721104609992025,-0.30114475574180366,-0.2278871570570317,-0.15289519950503117,-0.07673961716414858,8.631748085400705e-16,0.07673961716414719,0.15289519950502972,0.2278871570570304,0.3011447557417994,0.3721104609992013,0.44024418096195955,0.5050273768808902,0.5659670095178922,0.6225992914722368,0.6744932168827491,0.7212538416426425,0.7625252891626605,0.797993458806792,0.8273884163877783,0.8504864485292686,0.8671117652596938,0.8771378378800934,0.8804883619239183,0.8771378378800934,0.867111765259694,0.8504864485292689,0.8273884163877786,0.7979934588067926,0.762525289162661,0.7212538416426435,0.6744932168827503,0.6225992914722379,0.5659670095178932,0.505027376880894
-0.7213379092912702,-0.6957106502854622,-0.6647886131494054,-0.6288071332569435,-0.5880400513962682,-0.5427976296761747,-0.4934241902440778,-0.4402954947865493,-0.38381588475600653,-0.3244152040881053,-0.2625455278298377,-0.1986777215754585,-0.13329785789500437,-0.06690351702851936,7.525373807667245e-16,0.06690351702851814,0.13329785789500315,0.19867772157545735,0.26254552782983404,0.3244152040881042,0.3838158847560079,0.44029549478654834,0.49342419024407685,0.5427976296761741,0.5880400513962674,0.6288071332569426,0.6647886131494061,0.6957106502854628,0.7213379092912698,0.7414753512516324,0.7559697180739128,0.7647106988746543,0.7676317695120153,0.7647106988746544,0.7559697180739131,0.7414753512516329,0.7213379092912702,0.6957106502854634,0.6647886131494067,0.6288071332569435,0.5880400513962684,0.5427976296761747,0.4934241902440778,0.4402954947865516
-0.6225968558600543,-0.6004776095597955,-0.5737883660724924,-0.5427322466564909,-0.507545607132743,-0.46849623907429705,-0.4258813317507337,-0.3800252103383665,-0.33127686760982844,-0.28000730788834,-0.22660672348078628,-0.1714815250786608,-0.11505124872731319,-0.05774536290330507,6.495255568127028e-16,0.057745362903304016,0.11505124872731215,0.1714815250786598,0.22660672348078306,0.2800073078883391,0.3312768676098297,0.3800252103383656,0.4258813317507329,0.4684962390742963,0.5075456071327423,0.5427322466564902,0.5737883660724931,0.600477609559796,0.6225968558600539,0.639977764152957,0.6524880552315176,0.6600325182267062,0.6625537352196589,0.6600325182267063,0.6524880552315179,0.6399777641529574,0.6225968558600543,0.6004776095597965,0.5737883660724935,0.5427322466564909,0.507545607132743,0.46849623907429705,0.4258813317507337,0.3800252103383685
-0.5372695289994968,-0.5181817406020636,-0.4951502762719589,-0.46835041935951444,-0.4379861329580289,-0.4042885076214739,-0.3675140026258455,-0.32794249415921084,-0.28587514529493263,-0.24163211395882944,-0.19555011633404015,-0.14797986424755835,-0.09928339604146959,-0.049831321242549624,5.605076329847985e-16,0.04983132124254872,0.09928339604146869,0.1479798642475575,0.19555011633403738,0.2416321139588286,0.2858751452949336,0.3279424941592101,0.3675140026258448,0.4042885076214732,0.4379861329580284,0.4683504193595139,0.49515027627195946,0.518181740602064,0.5372695289994964,0.5522683718690315,0.5630641189598837,0.56957460811804,0.5717502905898667,0.56957460811804,0.5630641189598837,0.5522683718690319,0.5372695289994968,0.5181817406020646,0.49515027627195995,0.46835041935951444,0.437986132958029,0.4042885076214739,0.3675140026258455,0.3279424941592126
-0.4587133154319626,-0.44241642490039745,-0.4227524782369991,-0.39987112994929236,-0.373946520913882,-0.34517595305923304,-0.31377838777886563,-0.27999277950292906,-0.24407625711071246,-0.20630216702461132,-0.16695799287879873,-0.12634316759518446,-0.08476679451808211,-0.04254529495110551,4.785536881836068e-16,0.042545294951104734,0.08476679451808135,0.12634316759518371,0.16695799287879637,0.20630216702461066,0.2440762571107133,0.2799927795029284,0.313778387778865,0.34517595305923254,0.3739465209138815,0.3998711299492919,0.42275247823699946,0.4424164249003979,0.45871331543196237,0.471519120654417,0.4807363806576626,0.4862949465275401,0.48815251422142625,0.4862949465275402,0.4807363806576628,0.4715191206544173,0.4587133154319626,0.44241642490039823,0.42275247823699996,0.39987112994929236,0.3739465209138821,0.34517595305923304,0.31377838777886563,0.27999277950293056
-0.38661448421666866,-0.3728790775580165,-0.356305835968605,-0.33702089182412714,-0.3151710151940893,-0.29092249683296145,-0.2644598826071295,-0.23598456898941295,-0.20571327031030842,-0.17387636943107493,-0.14071616439104867,-0.10648502437326202,-0.07144346902258057,-0.0358581857338898,4.033364219062693e-16,0.03585818573388915,0.07144346902257992,0.10648502437326139,0.1407161643910467,0.17387636943107437,0.20571327031030912,0.23598456898941247,0.26445988260712894,0.290922496832961,0.3151710151940889,0.33702089182412664,0.3563058359686054,0.37287907755801697,0.3866144842166684,0.3974075212062231,0.4051760469981767,0.40986093842048776,0.41142654062061795,0.4098609384204878,0.40517604699817683,0.39740752120622325,0.38661448421666866,0.3728790775580172,0.3563058359686057,0.33702089182412714,0.31517101519408935,0.29092249683296145,0.2644598826071295,0.2359845689894142
-0.3259335296740389,-0.31435395943927796,-0.3003819657610737,-0.2841238839478384,-0.2657034478190684,-0.24526084801626616,-0.22295166506751213,-0.19894568532569723,-0.17342560879186458,-0.14658565865788123,-0.11863010315067078,-0.08977170092766787,-0.0602300818549715,-0.030230075491439832,3.4003088090288317e-16,0.030230075491439287,0.06023008185497094,0.08977170092766734,0.11863010315066912,0.14658565865788076,0.17342560879186517,0.1989456853256968,0.2229516650675117,0.24526084801626585,0.265703447819068,0.28412388394783805,0.300381965761074,0.31435395943927824,0.3259335296740386,0.3350325489439337,0.34158176821818165,0.3455313439835783,0.3468512175837301,0.34553134398357843,0.34158176821818176,0.3350325489439339,0.3259335296740389,0.31435395943927846,0.30038196576107434,0.2841238839478384,0.2657034478190684,0.24526084801626616,0.22295166506751213,0.19894568532569828
