hough_viz/data/file_1_2_2.json
{"header": {"discipline": 0, "disciplineName": "Meteorological products", "gribEdition": 2, "gribLength": 133963, "center": 7, "centerName": "US National Weather Service - NCEP(WMC)", "subcenter": 0, "refTime": "2014-11-30T06:00:00.000Z", "significanceOfRT": 1, "significanceOfRTName": "Start of forecast", "productStatus": 0, "productStatusName": "Operational products", "productType": 1, "productTypeName": "Forecast products", "productDefinitionTemplate": 0, "productDefinitionTemplateName": "Analysis/forecast at horizontal level/layer at a point in time", "parameterCategory": 2, "parameterCategoryName": "Momentum", "parameterNumber": 3, "parameterNumberName": "V-component_of_wind", "parameterUnit": "m.s-1", "genProcessType": 2, "genProcessTypeName": "Forecast", "forecastTime": 6, "surface1Type": 100, "surface1TypeName": "Isobaric surface", "surface1Value": 85000, "surface2Type": 255, "surface2TypeName": "Missing", "surface2Value": 0, "gridDefinitionTemplate": 0, "gridDefinitionTemplateName": "Latitude_Longitude", "numberPoints": 65160, "shape": 6, "shapeName": "Earth spherical with radius of 6,371,229.0 m", "gridUnits": "degrees", "resolution": 48, "winds": "true", "scanMode": 0, "nx": 360, "ny": 181, "basicAngle": 0, "subDivisions": 0, "lo1": 0, "la1": 90, "lo2": 359, "la2": -90, "dx": 1, "dy": 1}, "data":
[rows 80 to 99 of 181, columns 180 to 224 of 360]
-1.928296571437294e-15,0.27480099176165856,0.5495182764791784,0.8240681726063727,1.0983670495852633,1.3723313533207369,1.64587763163191,1.9189225596725266,2.191382965312433,2.463175854472702,2.7342184364063855,3.0044281489173637,3.2737226835096322,3.542020010459248,3.809238403801351,4.075296466224736,4.340113153866232,4.603607800997435,4.865700144596317,5.126310348796045,5.385359029203845,5.642767277082214,5.8984566833852625,6.152349362642918,6.404367976685568,6.65443575820202,6.902476534123548,7.148414748826993,7.392175487149706,7.633684497209412,7.8728682130221115,8.109653776910932,8.343969061699324,8.575742692681686,8.804904069364763,9.031383386973296,9.255111657713183,9.476020731785846,9.694043318147333,9.909113005005821,10.121164280051236,10.330132550411035,10.53595416232573,10.738566420538502,10.937907607392754
-1.7532068257850773e-15,0.24984900228803614,0.4996218981496417,0.7492426043411188,0.9986350839772375,1.2477233696927874,1.4964315867829554,1.7446839763155428,1.9924049182077999,2.23951895426111,2.485950811146252,2.731625423332366,2.9764679559526828,3.220403827599931,3.4633587330445326,3.70525866586874,3.9460299410096833,4.18559921720454,4.4238935193310365,4.660840260636314,4.896367264847628,5.130402788157901,5.362875541079568,5.593714710160079,5.822849979552346,6.05021155243363,6.275730172266323,6.499337143894182,6.720964354467528,6.940544294191048,7.158010076888,7.373295460374328,7.586334866636709,7.797063401808239,8.005416875935726,8.211331822532587,8.414745517911355,8.615596000289887,8.813822088665582,9.009363401451667,9.202160374869997,9.392154281094818,9.579287246141769,9.763502267496907,9.9447432314802
-1.5738199759727675e-15,0.22428463373207325,0.448500948192025,0.6725806449184254,0.896455467064949,1.1200572201920507,1.3433177930396387,1.5661691782744662,1.788543493205759,2.0103730004630114,2.2315901286294073,2.452127492824718,2.671917915231422,2.8908944455577017,3.1089903814311364,3.3261392887169214,3.542275021754333,3.7573317435053246,3.9712439456091655,4.183946468336858,4.395374520439496,4.605463698884266,4.814150008472222,5.021369881331877,5.227060196282576,5.431158298061825,5.6336020164106655,5.834329685011381,6.03328016027163,6.230392839949355,6.425607681612863,6.618865220930289,6.810106589783032,6.999273534197549,7.186308432090059,7.371154310818821,7.553754864538538,7.7340544713516435,7.9119982102513084,8.087531877850893,8.260602004894794,8.431155872545762,8.599141528443502,8.764507802529927,8.927204322636014
-1.3883223805394347e-15,0.19784942456894775,0.3956385822865678,0.5933072246593812,0.7907951399040675,0.9880421712885392,1.1849882354562522,1.3815733407282162,1.5777376053769834,1.773421275867265,1.9685647450574046,2.1631085703562802,2.3569934918301216,2.5501604502536486,2.742550605100064,2.9341053524644813,3.124766342915226,3.3144754992676244,3.5031750342749084,3.690807468230725,3.877315646478063,4.062642756819088,4.246732346820679,4.429528341010407,4.610975057957659,4.791017227234743,4.96960000625278,5.1466689969673185,5.322170262448486,5.4960503433106815,5.668256273996874,5.838735598912372,6.00743638840334,6.1743072545750595,6.339297366945176,6.502356467927169,6.663434888139289,6.82248356153434,6.979454040345662,7.1342985098448155,7.286969802906358,7.437421414375482,7.585607515233861,7.731482966559669,7.875003333277313
-1.1981369949145728e-15,0.1707461597691093,0.3414403086039033,0.5120304514130856,0.6824646247866171,0.8526909128242597,1.0226574629496494,1.1923125017051277,1.3616043505223878,1.5304814414643213,1.6988923329330823,1.866785725339688,2.0341104767303957,2.200815618365025,2.3668503702425165,2.5321641565690376,2.6967066211638473,2.8604276427982627,3.0232773504631054,3.185206138559843,3.3461646820109903,3.506103951284977,3.6649752273310057,3.8227301164193777,3.9793205648826695,4.134698873753359,4.288817713293371,4.441630137411204,4.593089597962153,4.743149958927296,4.891765510467027,5.038890982844673,5.184481560216109,5.328492894281105,5.470881117792232,5.611602857917263,5.750615249450958,5.8878759478722085,6.023343142242599,6.156975567942436,6.288732519240308,6.418573861692504,6.546460044368303,6.672352111897606,6.796211716337099
-1.0049765687936465e-15,0.14321892280079873,0.2863942197303242,0.42948227820615303,0.572439512219552,0.7152223756121865,0.8577873753406912,1.0000910847251012,1.1420901566769972,1.2837413369034936,1.4250014770828912,1.5658275480080663,1.7061766526936062,1.8460060394426347,1.9852731148693832,2.12393545687357,2.261950827562572,2.399277186117486,2.535872701599195,2.671695765690439,2.8067050053701563,2.9408592955160793,3.074117771431841,3.206439841294776,3.3377851985205735,3.4681138340410533,3.597386048491308,3.725562464302531,3.8526040376968003,3.978472070580167,4.103128222330514,4.22653452147644,4.3486533772637666,4.469447591106028,4.588880367915526,4.706915327311474,4.823516514701813,4.9386484122353185,5.052275949620695,5.164364514809327,5.274879964538419,5.383788634731406,5.49105735075232,5.5966534375111285,5.7005447294168725
-8.07860265077157e-16,0.11512793485006638,0.23022080061591182,0.34524353889568776,0.4601611126490668,0.5749385168698551,0.6895407892488474,0.8039330208237089,0.9180803666125474,1.0319480562280716,1.1455014044689664,1.2587058218853358,1.3715268253150015,1.4839300483874007,1.5958812519919054,1.7073463347074038,1.818291343189918,1.9286824825151103,2.0384861264725678,2.1476688278086367,2.2561973284148205,2.3640385694584976,2.471159701452959,2.577528094263696,2.683111347047845,2.787877298123803,2.8917940347679756,2.9948299029357206,3.0969535169034677,3.198133768829098,3.298339838227728,3.3975412013598962,3.49570764052941,3.5928092532879394,3.6888164615435914,3.78370002057069,3.8774310279179995,3.969980932212685,4.061321541857349,4.151425033617463,4.240263961096575,4.327811263096781,4.414040271861795,4.498924721200233,4.582438754486533
-6.080255254734011e-16,0.08664954338012092,0.1732726924699381,0.2598430610190965,0.3463342788547122,0.4327199999139754,0.5189739102694099,0.6050697361443675,0.6909812519162493,0.7766822881051113,0.8621467393451286,0.9473485723365361,1.0322618337756384,1.1168606582604297,1.2011192761694407,1.2850120215114265,1.3685133397434712,1.451597795555142,1.5342400806163468,1.6164150212864745,1.6980975862825545,1.779262894304014,1.8598862216117595,1.93994300955928,2.019408872073439,2.098259603082713,2.1764711838905892,2.2540197904919026,2.330881800829856,2.4070338019915134,2.482452597339626,2.5571152135785287,2.630998907752045,2.7040811741712023,2.776339751269683,2.8477526283849204,2.9182980524627533,2.987954534683617,3.0567008570082503,3.1245160786409163,3.1913795424081575,3.257270881051196,3.3221700234299725,3.386057200637029,3.4489129520193
-4.066692953178039e-16,0.05795432472767916,0.11589099600663201,0.17379236576553847,0.23164079668626833,0.28941866757637424,0.3471083787366733,0.40469235732229775,0.462153062695536,0.5194729917688999,0.5766346843367247,0.6336207283937133,0.6904137654388113,0.74699649576277,0.8033516837178003,0.8594621629677275,0.9153108417170195,0.9708807079171078,1.0261548344484344,1.0811163842766007,1.1357486155811063,1.1900348868550636,1.2439586619743563,1.2975035152347143,1.3506531363551326,1.4033913354461476,1.4557020479414267,1.507569339491201,1.558977410816017,1.6099106025193426,1.6603533998575872,1.7102904374660297,1.7597065040392652,1.8085865469647113,1.8569156769077793,1.9046791723473155,1.9518624840599146,1.998451239551751,2.0444312474365876,2.0897885017586084,2.134509186258754,2.1785796785833127,2.221986554433398,2.2647165916541354,2.306756774262255
-2.0361416922670957e-16,0.029016996902359277,0.05802515494636906,0.08701563796607917,0.11597961517952539,0.1449082638786689,0.1737927721168764,0.2026243413931301,0.23139418933212796,0.2600935523594894,0.28871368837122,0.3172458793966399,0.3456814342539655,0.374011691197727,0.4022280205572162,0.43032182736517344,0.45828455397589474,0.48610768267197224,0.5137827382588782,0.5413012906465842,0.5686549574174558,0.5958354063796144,0.6228343581050019,0.6496435884513787,0.6762549310674746,0.7026602798805393,0.7288515915655287,0.7548208879951834,0.7805602586702419,0.8060618631290511,0.8313179333358555,0.8563207760470072,0.8810627751544096,0.9055363940054535,0.929734177698755,0.9536487553549922,0.977272842362146,1.0005992425944608,1.0236208506044588,1.0463306537873267,1.0687217345170161,1.0907872722534333,1.1125205456200273,1.1339149344511972,1.1549639218088532
0.0,0.0,0.0,0.0,0.0,0.0,0.0,0.0,0.0,0.0,0.0,0.0,0.0,0.0,0.0,0.0,0.0,0.0,0.0,0.0,0.0,0.0,0.0,0.0,0.0,0.0,0.0,0.0,0.0,0.0,0.0,0.0,0.0,0.0,0.0,0.0,0.0,0.0,0.0,0.0,0.0,0.0,0.0,0.0,0.0
2.0361416922670952e-16,-0.029016996902359274,-0.05802515494636906,-0.08701563796607915,-0.11597961517952537,-0.1449082638786689,-0.17379277211687638,-0.2026243413931301,-0.23139418933212796,-0.2600935523594894,-0.28871368837122,-0.31724587939663984,-0.34568143425396547,-0.374011691197727,-0.4022280205572162,-0.4303218273651733,-0.45828455397589474,-0.48610768267197213,-0.5137827382588782,-0.5413012906465842,-0.5686549574174558,-0.5958354063796143,-0.6228343581050019,-0.6496435884513787,-0.6762549310674746,-0.7026602798805393,-0.7288515915655287,-0.7548208879951833,-0.7805602586702419,-0.8060618631290511,-0.8313179333358552,-0.8563207760470072,-0.8810627751544094,-0.9055363940054535,-0.929734177698755,-0.9536487553549922,-0.9772728423621457,-1.0005992425944608,-1.0236208506044588,-1.0463306537873265,-1.0687217345170161,-1.090787272253433,-1.1125205456200273,-1.1339149344511972,-1.154963921808853
4.066692953178039e-16,-0.057954324727679175,-0.11589099600663201,-0.17379236576553847,-0.23164079668626833,-0.28941866757637424,-0.3471083787366733,-0.40469235732229775,-0.462153062695536,-0.5194729917688999,-0.5766346843367247,-0.6336207283937133,-0.6904137654388113,-0.74699649576277,-0.8033516837178003,-0.8594621629677275,-0.9153108417170195,-0.9708807079171078,-1.0261548344484344,-1.0811163842766007,-1.1357486155811063,-1.1900348868550636,-1.2439586619743563,-1.2975035152347143,-1.3506531363551326,-1.4033913354461476,-1.4557020479414267,-1.507569339491201,-1.558977410816017,-1.6099106025193426,-1.6603533998575872,-1.7102904374660297,-1.7597065040392652,-1.8085865469647113,-1.8569156769077797,-1.9046791723473155,-1.9518624840599146,-1.998451239551751,-2.0444312474365876,-2.0897885017586084,-2.134509186258754,-2.1785796785833127,-2.221986554433398,-2.2647165916541354,-2.306756774262255
6.080255254734011e-16,-0.08664954338012092,-0.1732726924699381,-0.2598430610190965,-0.3463342788547122,-0.4327199999139754,-0.5189739102694099,-0.6050697361443675,-0.6909812519162493,-0.7766822881051113,-0.8621467393451286,-0.9473485723365361,-1.0322618337756384,-1.1168606582604297,-1.2011192761694407,-1.2850120215114265,-1.3685133397434712,-1.451597795555142,-1.5342400806163468,-1.6164150212864745,-1.6980975862825545,-1.779262894304014,-1.8598862216117595,-1.93994300955928,-2.019408872073439,-2.098259603082713,-2.1764711838905892,-2.2540197904919026,-2.330881800829856,-2.4070338019915134,-2.482452597339626,-2.5571152135785287,-2.630998907752045,-2.7040811741712023,-2.776339751269683,-2.8477526283849204,-2.9182980524627533,-2.987954534683617,-3.0567008570082503,-3.1245160786409163,-3.1913795424081575,-3.257270881051196,-3.3221700234299725,-3.386057200637029,-3.4489129520193
8.07860265077157e-16,-0.11512793485006638,-0.23022080061591182,-0.34524353889568776,-0.4601611126490668,-0.5749385168698551,-0.6895407892488474,-0.8039330208237089,-0.9180803666125474,-1.0319480562280716,-1.1455014044689664,-1.2587058218853358,-1.3715268253150015,-1.4839300483874007,-1.5958812519919054,-1.7073463347074038,-1.818291343189918,-1.9286824825151103,-2.0384861264725678,-2.1476688278086367,-2.2561973284148205,-2.3640385694584976,-2.471159701452959,-2.577528094263696,-2.683111347047845,-2.787877298123803,-2.8917940347679756,-2.9948299029357206,-3.0969535169034677,-3.198133768829098,-3.298339838227728,-3.3975412013598962,-3.49570764052941,-3.5928092532879394,-3.6888164615435914,-3.78370002057069,-3.8774310279179995,-3.969980932212685,-4.061321541857349,-4.151425033617463,-4.240263961096575,-4.327811263096781,-4.414040271861795,-4.498924721200233,-4.582438754486533
1.0049765687936465e-15,-0.14321892280079873,-0.2863942197303242,-0.42948227820615303,-0.572439512219552,-0.7152223756121865,-0.8577873753406912,-1.0000910847251012,-1.1420901566769972,-1.2837413369034936,-1.4250014770828912,-1.5658275480080663,-1.7061766526936062,-1.8460060394426347,-1.9852731148693832,-2.1239354568735704,-2.2619508275625724,-2.399277186117486,-2.535872701599195,-2.6716957656904397,-2.8067050053701563,-2.9408592955160793,-3.074117771431841,-3.206439841294776,-3.3377851985205735,-3.468113834041054,-3.597386048491308,-3.7255624643025316,-3.852604037696801,-3.978472070580167,-4.103128222330514,-4.22653452147644,-4.3486533772637666,-4.469447591106028,-4.588880367915526,-4.706915327311474,-4.823516514701813,-4.9386484122353185,-5.052275949620695,-5.164364514809327,-5.274879964538419,-5.383788634731406,-5.49105735075232,-5.5966534375111285,-5.7005447294168725
1.1981369949145726e-15,-0.1707461597691093,-0.34144030860390323,-0.5120304514130856,-0.6824646247866171,-0.8526909128242597,-1.0226574629496494,-1.1923125017051277,-1.3616043505223878,-1.5304814414643213,-1.6988923329330823,-1.866785725339688,-2.0341104767303957,-2.200815618365025,-2.3668503702425165,-2.532164156569037,-2.6967066211638473,-2.8604276427982627,-3.0232773504631054,-3.185206138559843,-3.3461646820109903,-3.506103951284977,-3.6649752273310057,-3.8227301164193777,-3.9793205648826686,-4.134698873753359,-4.288817713293371,-4.441630137411204,-4.593089597962153,-4.743149958927296,-4.891765510467027,-5.038890982844672,-5.184481560216109,-5.328492894281104,-5.470881117792232,-5.611602857917263,-5.750615249450958,-5.8878759478722085,-6.023343142242599,-6.1569755679424345,-6.288732519240306,-6.418573861692504,-6.546460044368303,-6.672352111897604,-6.796211716337099
1.3883223805394347e-15,-0.19784942456894777,-0.3956385822865678,-0.5933072246593812,-0.7907951399040676,-0.9880421712885392,-1.1849882354562522,-1.3815733407282165,-1.5777376053769834,-1.773421275867265,-1.968564745057405,-2.1631085703562802,-2.3569934918301216,-2.550160450253649,-2.742550605100064,-2.9341053524644813,-3.124766342915226,-3.3144754992676244,-3.5031750342749084,-3.690807468230725,-3.877315646478063,-4.062642756819088,-4.246732346820679,-4.429528341010407,-4.610975057957659,-4.791017227234743,-4.96960000625278,-5.146668996967319,-5.322170262448486,-5.4960503433106815,-5.6682562739968745,-5.838735598912372,-6.00743638840334,-6.1743072545750595,-6.339297366945176,-6.502356467927169,-6.663434888139291,-6.82248356153434,-6.979454040345662,-7.1342985098448155,-7.286969802906358,-7.437421414375482,-7.585607515233861,-7.731482966559669,-7.875003333277313
1.5738199759727675e-15,-0.2242846337320733,-0.448500948192025,-0.6725806449184255,-0.8964554670649488,-1.120057220192051,-1.343317793039639,-1.5661691782744664,-1.788543493205759,-2.0103730004630114,-2.2315901286294073,-2.452127492824718,-2.671917915231422,-2.890894445557702,-3.1089903814311373,-3.326139288716921,-3.542275021754332,-3.7573317435053246,-3.9712439456091655,-4.183946468336859,-4.395374520439497,-4.605463698884266,-4.814150008472222,-5.021369881331877,-5.227060196282576,-5.431158298061825,-5.6336020164106655,-5.834329685011383,-6.03328016027163,-6.230392839949355,-6.425607681612863,-6.618865220930289,-6.810106589783034,-6.999273534197549,-7.186308432090059,-7.371154310818822,-7.553754864538538,-7.734054471351645,-7.91199821025131,-8.087531877850894,-8.260602004894793,-8.431155872545762,-8.599141528443504,-8.764507802529927,-8.927204322636015
1.7532068257850773e-15,-0.24984900228803614,-0.4996218981496417,-0.7492426043411188,-0.9986350839772375,-1.2477233696927874,-1.4964315867829554,-1.7446839763155428,-1.9924049182077999,-2.23951895426111,-2.485950811146252,-2.731625423332366,-2.9764679559526828,-3.220403827599931,-3.4633587330445326,-3.70525866586874,-3.9460299410096833,-4.18559921720454,-4.4238935193310365,-4.660840260636314,-4.896367264847628,-5.130402788157901,-5.362875541079568,-5.593714710160079,-5.822849979552346,-6.05021155243363,-6.275730172266323,-6.499337143894182,-6.720964354467528,-6.940544294191048,-7.158010076888,-7.373295460374328,-7.586334866636709,-7.797063401808239,-8.005416875935726,-8.211331822532587,-8.414745517911355,-8.615596000289887,-8.813822088665582,-9.009363401451667,-9.202160374869997,-9.392154281094818,-9.579287246141769,-9.763502267496907,-9.9447432314802
