hough_viz/data/file_2_0_2.json
{"header": {"discipline": 0, "disciplineName": "Meteorological products", "gribEdition": 2, "gribLength": 133963, "center": 7, "centerName": "US National Weather Service - NCEP(WMC)", "subcenter": 0, "refTime": "2014-11-30T06:00:00.000Z", "significanceOfRT": 1, "significanceOfRTName": "Start of forecast", "productStatus": 0, "productStatusName": "Operational products", "productType": 1, "productTypeName": "Forecast products", "productDefinitionTemplate": 0, "productDefinitionTemplateName": "Analysis/forecast at horizontal level/layer at a point in time", "parameterCategory": 2, "parameterCategoryName": "Momentum", "parameterNumber": 2, "parameterNumberName": "U-component_of_wind", "parameterUnit": "m.s-1", "genProcessType": 2, "genProcessTypeName": "Forecast", "forecastTime": 6, "surface1Type": 100, "surface1TypeName": "Isobaric surface", "surface1Value": 85000, "surface2Type": 255, "surface2TypeName": "Missing", "surface2Value": 0, "gridDefinitionTemplate": 0, "gridDefinitionTemplateName": "Latitude_Longitude", "numberPoints": 65160, "shape": 6, "shapeName": "Earth spherical with radius of 6,371,229.0 m", "gridUnits": "degrees", "resolution": 48, "winds": "true", "scanMode": 0, "nx": 360, "ny": 181, "basicAngle": 0, "subDivisions": 0, "lo1": 0, "la1": 90, "lo2": 359, "la2": -90, "dx": 1, "dy": 1}, "data":
[rows 114 to 132 of 181, columns 0 to 42 of 360]
-22.322074160424297,-22.30847615596803,-22.267698709673027,-22.199791502576332,-22.104837269149478,-21.98295169649932,-21.834283283421104,-21.659013159475546,-21.457354864310382,-21.229554087495195,-20.975888369186514,-20.69666676198789,-20.392229454416892,-20.062947356437835,-19.709221647565087,-19.33148328808764,-18.930192494010374,-18.50583817635178,-18.058937345481144,-17.59003448122109,-17.099700869482763,-16.588533906241967,-16.057156369704177,-15.506215661545234,-14.936383018152114,-14.348352692824797,-13.74284110993558,-13.120585992076293,-12.482345461256998,-11.828897115251078,-11.16103708021215,-10.479579040716947,-9.785353248416031,-9.079205510500039,-8.361996159213897,-7.634599003674527,-6.897900265268994,-6.152797497930315,-5.400198494606211,-4.641020181253234,-3.876187499703755,-3.106632280766804,-2.3332921089357472
-21.772385958088044,-21.759122808832554,-21.719349520170432,-21.6531145497273,-21.560498594611932,-21.441614493099234,-21.29660708715422,-21.12565304596434,-20.92896065069535,-20.706769540732736,-20.459350421718064,-20.18700473573587,-19.890064294052877,-19.568890872857118,-19.22387577248934,-18.85543934070384,-18.464030460539465,-18.050126003424786,-17.6142302481837,-17.15687426664937,-16.678615276635014,-16.180035963049807,-15.661743767987103,-15.124370150649797,-14.568569818014545,-13.995019927172187,-13.404419260316132,-12.797487373383882,-12.174963719388973,-11.537606747511377,-10.886192979044022,-10.221516061321179,-9.54438580078146,-8.85562717634342,-8.156079334295798,-7.446594565927052,-6.728037269139677,-6.001282895314551,-5.267216882708251,-4.526733577682928,-3.7807351450830535,-3.0301304690865036,-2.2758340458691793
-21.215058710358537,-21.202135069803887,-21.163379893605224,-21.098840398974964,-21.00859521734578,-20.89275429857026,-20.75145877696403,-20.584880799355243,-20.39322331535025,-20.17671983007074,-19.935634119663728,-19.670259909930927,-19.380920518469136,-19.067968460757537,-18.731785020671882,-18.37277978594883,-17.99139014916636,-17.588080774848333,-17.16334303334231,-16.71769440216048,-16.251677835513032,-15.765861102802068,-15.260836096882073,-14.737218112929618,-14.195645098800986,-13.636776877790957,-13.061294344739796,-12.469898636467725,-11.86331027754775,-11.24226830245744,-10.607529355179272,-9.959866767346448,-9.300069616057478,-8.628941762507246,-7.947300872605981,-7.255977420779305,-6.555813678163044,-5.847662686425623,-5.132387218468183,-4.410858727268679,-3.6839562841506988,-2.9525655077704496,-2.2175774851268235
-20.650174745257733,-20.63759521675197,-20.599871957452436,-20.53705092733977,-20.449208664162324,-20.33645219018671,-20.198918881807675,-20.03677630217609,-19.850221997049086,-19.63948325411098,-19.404816826058212,-19.146508617785788,-18.86487333805615,-18.56025411607507,-18.23302208344152,-17.883575921981045,-17.51234137801333,-17.119770743645894,-16.706342305725855,-16.27255976312104,-15.818951613040543,-15.34607050714225,-14.854492578211955,-14.344816738234275,-13.817663948710688,-13.273676464113558,-12.713517049398025,-12.137868172524973,-11.54743117297896,-10.942925407294085,-10.325087372628868,-9.694669809457881,-9.052440784473477,-8.399182754814795,-7.7356916147642965,-7.062775726073155,-6.381254933096989,-5.691959563941816,-4.995729418837139,-4.29341274696873,-3.585865213017674,-2.8739488546647527,-2.1585310323302975
-20.081910939052722,-20.069677581503726,-20.032992413318507,-19.971900129723576,-19.886475162255955,-19.77682158807979,-19.643073003184387,-19.48539235961804,-19.3039717669561,-19.09903225824502,-18.870823520707656,-18.619623591537838,-18.345738519154875,-18.0495019903307,-17.731274923643955,-17.391445029756273,-17.030426339046567,-16.64865869717881,-16.246607229217812,-15.824761772946012,-15.383636282071556,-14.923768200054914,-14.445717805316761,-13.950067528625075,-13.437421243492938,-12.908403530451668,-12.363658916095675,-11.803851087826084,-11.229662085249846,-10.64179146921957,-10.040955469526365,-9.42788611228416,-8.803330328068661,-8.168049041897495,-7.5228162461602786,-6.868418057628128,-6.2056517596914516,-5.5353248309929635,-4.858253961639341,-4.175264058190111,-3.4871872386361007,-2.7948618185918326,-2.0991312899370604
-19.509928647823372,-19.49804372643175,-19.46240344220286,-19.403051217333076,-19.32005936336589,-19.213528993091444,-19.083589897356177,-18.93040038693265,-18.754147099642285,-18.555044772965914,-18.333335982419218,-18.089290846011863,-17.82320669515029,-17.535407712385208,-17.22624453644507,-16.896093835036826,-16.54535784593432,-16.174463886913557,-15.783863835131747,-15.374033576584672,-14.945472426312856,-14.498702520063112,-14.034268178146597,-13.552735242268295,-13.054690386136112,-12.540740400689325,-12.011511454817263,-11.467648332469013,-10.909813647083455,-10.338687034296887,-9.75496432391169,-9.15935669213486,-8.552589795119408,-7.935402884864064,-7.308547908548623,-6.672788592402121,-6.02889951122006,-5.3776651446643555,-4.719878921495695,-4.056342252902801,-3.387863556106368,-2.7152572694272,-2.039342860018545
-18.935312044869605,-18.92377716438688,-18.889186576413753,-18.831582424253412,-18.751034889692015,-18.64764210749303,-18.52153004583513,-18.372852352839374,-18.20179016937263,-18.008551908355344,-17.793373000842497,-17.556515609187116,-17.29826830763585,-17.018945730745703,-16.71888819005026,-16.398461259442545,-16.058055329779506,-15.698085133250935,-15.318989238092147,-14.921229514256135,-14.505290570696214,-14.071679164944623,-13.620923585706558,-13.153573009221743,-12.67019683017779,-12.171383967990469,-11.657742149296128,-11.129897167530386,-10.58849212049524,-10.034186626843443,-9.467656022434804,-8.889590537543434,-8.300694455918517,-7.701685256723026,-7.093292740395888,-6.476258139502565,-5.851333215657344,-5.219279343617633,-4.580866583666078,-3.9368727434107247,-3.288082430146284,-2.6352860949309846,-1.9792790695437081
-18.360192207970023,-18.349007674952716,-18.31546770253144,-18.259613153996145,-18.1815120795105,-18.081259633203207,-17.95897795723739,-17.81481603299916,-17.64894949958677,-17.461580439821393,-17.252937134040362,-17.02327378197274,-16.772870193036088,-16.50203144543181,-16.211087514454356,-15.900392870467142,-15.570326047035024,-15.221289179739458,-14.853707516238238,-14.468028898166724,-14.064723215511796,-13.644281834123294,-13.207216997060417,-12.754061200502436,-12.28536654498417,-11.801704062746476,-11.30366302202148,-10.79185020909996,-10.266889189055739,-9.729419546027696,-9.180096103985013,-8.619588128925024,-8.048578513475702,-7.467762944896189,-6.877849057489021,-6.2795555704567345,-5.673611412253226,-5.060754832496729,-4.44173250252636,-3.8172986056980998,-3.18821391852857,-2.555244883806023,-1.9191626767978514
-17.784882531280974,-17.77404846137436,-17.741559451299842,-17.687455083911647,-17.611801277047306,-17.514690203216887,-17.396240177305057,-17.256595512422557,-17.09592634408293,-16.914428422918615,-16.71232287618894,-16.489855938370617,-16.247298651158975,-15.984946533245397,-15.703119220273315,-15.402160075411416,-15.082435771018508,-14.744335841909741,-14.388272210768442,-14.014678686281744,-13.624010434611575,-13.216743424844756,-12.793373849098021,-12.35441751798433,-11.900409232177108,-11.431902130837985,-10.949467017701972,-10.453691665640989,-9.945180100553175,-9.424551865450393,-8.89244126564049,-8.34949659592397,-7.796379350746669,-7.233763418270664,-6.662334259345328,-6.082788072378903,-5.4958309451279534,-4.902177994438228,-4.302552494984914,-3.697684998073861,-3.088312441577366,-2.475177252088876,-1.8590264403905346
-17.211581965153034,-17.201097134461246,-17.169655416537005,-17.117295118270384,-17.04408003261934,-16.9500993608878,-16.83546760404768,-16.700324423237006,-16.544834469604385,-16.369187183706938,-16.17359656470613,-15.958300909642794,-15.723562523108864,-15.469667397669664,-15.196924865425993,-14.905667221140616,-14.59624931738831,-14.269048132222602,-13.92446230988616,-13.56291167512411,-13.184836721692303,-12.790698075683517,-12.380975934325514,-11.956169480934676,-11.51679627673804,-11.06339163030467,-10.59650794535461,-10.116714047740059,-9.62459449241867,-9.120748851263395,-8.60579098257652,-8.08034828319785,-7.545060924118339,-7.0005810705303295,-6.447572087264727,-5.886707730583137,-5.318671327309642,-4.744154942302332,-4.163858535278879,-3.5784891080234225,-2.9887598430138294,-2.3953892345186887,-1.7991002132227056
-16.64037711265932,-16.630240244530228,-16.59984199035531,-16.54921938572478,-16.478434106484574,-16.3875723935938,-16.276744948053445,-16.14608679603424,-15.995757124368081,-15.825939086603375,-15.636839579860684,-15.428688992760417,-15.201740924729817,-14.956271877031119,-14.692580915887325,-14.410989308116118,-14.111840129715699,-13.795497847879552,-13.462347876949307,-13.11279610884672,-12.747268418556894,-12.366210145265235,-11.970085549780215,-11.559377248903118,-11.134585627433797,-10.696228228528883,-10.244839123155153,-9.780968259406356,-9.305180792476127,-8.818056396103488,-8.320188556329661,-7.81218384842674,-7.294661197879182,-6.768251126318427,-6.233594983329416,-5.691344165064919,-5.1421593206196485,-4.586709547131125,-4.025671574587871,-3.4597289413381453,-2.8895711613037878,-2.315892883913701,-1.7393930477805108
-16.072033878643104,-16.06224322985606,-16.032883211892333,-15.983989595411245,-15.915621949753001,-15.827863570362602,-15.720821377307196,-15.594625785010432,-15.449430543362588,-15.285412550399997,-15.10277163678205,-14.901730322328312,-14.682533544912404,-14.445448362042935,-14.190763625495057,-13.918789629389076,-13.629857732144867,-13.32431995277267,-13.002548541992175,-12.664935528702323,-12.31189224235451,-11.943848811810998,-11.561253641299169,-11.164572864100021,-10.754289774636575,-10.330904239654084,-9.894932089209378,-9.446904488211416,-8.987367289278648,-8.516880367701699,-8.036016939321556,-7.545362862154362,-7.045515922613683,-6.53708510719983,-6.02068986054362,-5.496959330708521,-4.966531602670622,-4.430052920910415,-3.8881769020634236,-3.341563738589001,-2.7908793944275425,-2.236794793625993,-1.679985002920228
-15.509918489267577,-15.50047026598789,-15.472137107353499,-15.424953532953815,-15.35897702870618,-15.274287976818105,-15.170989557853973,-15.04920762502539,-14.90909055085844,-14.750809046424614,-14.574555953355667,-14.380546008895797,-14.169015584277387,-13.940222396739069,-13.694445195536973,-13.431983422331685,-13.153156846364718,-12.85830517486895,-12.547787639187682,-12.221982557106573,-11.881286871931723,-11.526115668875365,-11.156901669338493,-10.77409470370649,-10.378161163300081,-9.969583432149369,-9.548859299283182,-9.11650135224984,-8.673036352608158,-8.219004594149656,-7.75495924463379,-7.281465671838234,-6.799100754745343,-6.308452180703979,-5.810117729422995,-5.304704544668738,-4.792828394553893,-4.275112921318901,-3.7521888815199493,-3.2246933775492512,-2.6932690814239453,-2.1585634517892256,-1.6212279450897051
-14.952153958329596,-14.943045510131864,-14.915731262779735,-14.870244494476182,-14.806640623841677,-14.724997142395162,-14.62541352014257,-14.508011084387933,-14.37293287191476,-14.220343454717739,-14.050428739497134,-13.863395741160085,-13.659472330604839,-13.438906957095167,-13.201968345563197,-12.948945169209484,-12.680145697799183,-12.395897422082827,-12.096546654799285,-11.782458108747038,-11.454014452437821,-11.111615843873981,-10.755679443017586,-10.386638903545286,-10.004943844508087,-9.611059302539811,-9.205465165281582,-8.788655586712665,-8.361138385099949,-7.923434424299623,-7.4760769791648,-7.019611085832241,-6.55459287767979,-6.081588907763519,-5.601175458560095,-5.113937839855356,-4.620469675634486,-4.121372180842648,-3.617253428897174,-3.108727610843762,-2.596414287059315,-2.080937632413051,-1.5629256758055543
-14.399774140289491,-14.391002186952106,-14.364697014213863,-14.320890670875755,-14.259636528219282,-14.181009214981795,-14.085104526432865,-13.972039307662504,-13.841951311223424,-13.694999029300764,-13.531361500613782,-13.351238092284758,-13.154848256940852,-12.9424312653449,-12.71424591488083,-12.470570214248925,-12.211701044755038,-11.93795379860646,-11.649661994655096,-11.347176872056107,-11.030866962337125,-10.701117640399328,-10.358330654997516,-10.002923639271108,-9.635329601922516,-9.255996399662724,-8.865386191566891,-8.463974876004691,-8.052251510831459,-7.630717717546538,-7.199887070144746,-6.760284469405565,-6.312445503382405,-5.856915794871064,-5.394250336652389,-4.9250128153190715,-4.4497749245103515,-3.9691156683913977,-3.4836206562259124,-2.993881388901437,-2.5004945382766595,-2.0040612202286523,-1.5051862622857557
-13.857303854704078,-13.84886235960761,-13.823548158979674,-13.781392094274377,-13.722445526162925,-13.64678027195853,-13.55448851811811,-13.445682707927258,-13.320495404505444,-13.17907912929826,-13.021606176253545,-12.848268401907728,-12.659276991638212,-12.454862202366522,-12.235273082025696,-12.000777166133759,-11.751660151842895,-11.48822554986149,-11.210794314673066,-10.919704453502693,-10.615310614507253,-10.297983654691283,-9.968110188074851,-9.62609211466392,-9.272346130797084,-8.907303221465302,-8.531408135223044,-8.145118842330698,-7.748905976788346,-7.34325226294074,-6.928651927352039,-6.505610096666871,-6.07464218219133,-5.636273251943682,-5.191037390939879,-4.739477050493231,-4.282142387321028,-3.819590593263342,-3.352385216430595,-2.88109547460698,-2.406295561746293,-1.9285639484050379,-1.4484826769651475
-13.321053366401323,-13.312938540613324,-13.288603949914569,-13.24807924225536,-13.191413790749632,-13.118676633521392,-13.029956389592437,-12.925361150913679,-12.805018350671785,-12.669074608031469,-12.517695549502607,-12.351065607149856,-12.169387793890603,-11.972883456154984,-11.761792004209351,-11.53637062047176,-11.296893946174789,-11.043653746757517,-10.776958556394273,-10.497133302093268,-10.20451890782309,-9.899471879149365,-9.582363868887644,-9.253581224301684,-8.913524516398827,-8.562608051895934,-8.201259368450465,-7.829918713771701,-7.449038509246723,-7.059082798734646,-6.660526683200661,-6.253855741878681,-5.839565440667848,-5.418160528483662,-4.990154422299165,-4.556068581625462,-4.116431873193612,-3.6717799266119955,-3.222654481784145,-2.7696027288821052,-2.3131766416795188,-1.8539323050565937,-1.3924292374963316
-12.792163334119657,-12.784370693849196,-12.761002267169625,-12.722086524909212,-12.667670879905403,-12.597821629239535,-12.512623873464102,-12.412181412920805,-12.29661662127584,-12.166070296426437,-12.020701488960302,-11.860687308376994,-11.686222707307243,-11.49752024399325,-11.29480982331918,-11.078338416707469,-10.848369761222214,-10.605184038246168,-10.349077532122891,-10.08036226917991,-9.799365637572702,-9.506429988412675,-9.20191221866505,-8.886183336324896,-8.55962800840104,-8.222644092258566,-7.875642150890901,-7.519044952712047,-7.153286956478403,-6.778813781967671,-6.39608166705983,-6.005556911881527,-5.607715310691222,-5.203041572197165,-4.792028729014499,-4.375177536980971,-3.952995865063064,-3.52599807659591,-3.0947044026107955,-2.659640308013765,-2.2213358513876034,-1.7803250391970857,-1.33714517518435
-12.27625096019171,-12.268772599799961,-12.246346629854898,-12.209000372946445,-12.156779329735894,-12.089747123520358,-12.0079854227176,-11.911593841365612,-11.800689817758297,-11.67540847136496,-11.535902438208073,-11.382341684899774,-11.214913301563755,-11.033821273894741,-10.839286234633361,-10.63154519475913,-10.410851254729078,-10.177473296113835,-9.931695654006859,-9.673817770605915,-9.404153830388877,-9.12303237732836,-8.83079591461148,-8.527800487352474,-8.214415248806596,-7.891022010613712,-7.5580147776196585,-7.215799267842001,-6.864792418165148,-6.505421876366967,-6.138125480095856,-5.763350723432995,-5.381554211689752,-4.993201105104445,-4.598764552116235,-4.198725112906649,-3.7935701739110046,-3.38379335401314,-2.9698939031468212,-2.552376094036602,-2.1317486078191954,-1.7085239142938644,-1.2832176475568946
