hough_viz/data/file_2_2_1.json
{"header": {"discipline": 0, "disciplineName": "Meteorological products", "gribEdition": 2, "gribLength": 133963, "center": 7, "centerName": "US National Weather Service - NCEP(WMC)", "subcenter": 0, "refTime": "2014-11-30T06:00:00.000Z", "significanceOfRT": 1, "significanceOfRTName": "Start of forecast", "productStatus": 0, "productStatusName": "Operational products", "productType": 1, "productTypeName": "Forecast products", "productDefinitionTemplate": 0, "productDefinitionTemplateName": "Analysis/forecast at horizontal level/layer at a point in time", "parameterCategory": 2, "parameterCategoryName": "Momentum", "parameterNumber": 2, "parameterNumberName": "U-component_of_wind", "parameterUnit": "m.s-1", "genProcessType": 2, "genProcessTypeName": "Forecast", "forecastTime": 6, "surface1Type": 100, "surface1TypeName": "Isobaric surface", "surface1Value": 85000, "surface2Type": 255, "surface2TypeName": "Missing", "surface2Value": 0, "gridDefinitionTemplate": 0, "gridDefinitionTemplateName": "Latitude_Longitude", "numberPoints": 65160, "shape": 6, "shapeName": "Earth spherical with radius of 6,371,229.0 m", "gridUnits": "degrees", "resolution": 48, "winds": "true", "scanMode": 0, "nx": 360, "ny": 181, "basicAngle": 0, "subDivisions": 0, "lo1": 0, "la1": 90, "lo2": 359, "la2": -90, "dx": 1, "dy": 1}, "data":
[rows 60 to 79 of 181, columns 45 to 89 of 360]
-1.5595198635672964e-15,0.8888515182327684,1.776620107807664,2.6622241594485323,3.544584701035313,4.4226267121652985,5.295280433899927,6.16148267210128,7.020178092770313,7.870320507808849,8.710874149638556,9.540814933124231,10.359131703263765,11.164827467124793,11.956920608526948,12.734446083990047,13.49645659849085,14.242023759596156,14.970239208565975,15.680215727048733,16.371088318020153,17.042015259648906,17.692179130804973,18.320787806961448,18.927075425276144,19.51030331767762,20.06976091081834,20.6047665917989,21.11466853860834,21.598845514268834,22.0567076237173,22.487697032501607,22.891288646416,23.266990751247437,23.614345611853654,23.932930029842925,24.22235585917608,24.48227047906272,24.712357223575296,24.912335767457755,25.081962467658716,25.221030660172964,25.329370911829745,25.406851226720946,25.45337720701781
-1.6213900995596305e-15,0.9241145850778499,1.8471032788827355,2.7678415618667382,3.685207656260922,4.598083892788674,5.505358072373584,6.40592482118272,7.298686937354304,8.182556727769267,9.056457333237681,9.919324040485856,10.770105579345426,11.607765403564162,12.43128295367783,13.23965490040479,14.031896367048109,14.807042129416116,15.564147791799423,16.3022909375716,17.02057225301175,17.718116622979785,18.394074197109344,19.047621425219667,19.677962060684496,20.284328130536082,20.865980871121828,21.422211628174065,21.95234272019611,22.45572826411277,22.93175496217938,23.379842849190624,23.79944599907884,24.190053190040807,24.551188527382752,24.882412023324758,25.183320133058093,25.45354624640238,25.692761134463662,25.900673350749056,26.077029586249438,26.221614978057453,26.334253371144854,26.41480753298028,26.463179320725953
-1.67462671885514e-15,0.9544569045261917,1.9077509503370476,2.8587206954814115,3.8062075298105036,4.749057086565846,5.686120648797366,6.61625654889808,7.538331559550143,8.45122227438786,9.35381647669523,10.24501449447072,11.123730540208197,11.988894033761772,12.839450906682751,13.674364886439744,14.492618758957047,15.293215607933341,16.075180029430644,16.837559320253742,17.5794246386723,18.299872136071418,18.99802405815193,19.673029814338868,20.324067014094943,20.950342468876883,21.551093158513364,22.125587160827607,22.673124543371813,23.193038216187027,23.684694744549468,24.147495120713216,24.580875493708863,24.984307856309023,25.35730068832387,25.699399555442735,26.01018766289232,26.289286363236936,26.536355617702085,26.75109441045928,26.93324111536753,27.08257381472446,27.19891056963884,27.28210964169511,27.332069665639807
-1.7209797201492125e-15,0.9808758918936481,1.9605567376053865,2.937848946932954,3.9115618398596292,4.880509097214348,5.843510206018896,6.799391897761171,7.746989577842039,8.685148744454578,9.612726395166604,10.52859241949311,11.43163097576179,12.320741850594276,13.194841799346591,14.052865865875978,14.89376868002584,15.716525731248282,16.520134616812395,17.303616263077586,18.066016118343967,18.8064053158266,19.523881805336547,20.21757145229016,20.88662910270727,21.530239612901322,22.147618842606228,22.738014610330563,23.300707609774857,23.835012286195504,24.340277671647613,24.815888178089157,25.261264347380248,25.67586355726352,26.05918068246586,26.410748710115676,26.730139308726184,27.01696335005132,27.2708713831786,27.49155406028118,27.678742513510574,27.83220868257069,27.951765592574194,28.037267581842563,28.088610479372445
-1.7617250989181e-15,1.0040988033972258,2.0069742670720907,3.0074045417532016,4.004170757255349,4.996058507485003,5.981859330007096,6.960372178370382,7.930404885397453,8.8907756156569,9.840314305347665,10.777864087841582,11.702282703147151,12.612443889577412,13.50723875592625,14.385577132481632,15.246388899229373,16.088625289629572,16.9112601683771,17.71329128158939,18.493741477898425,19.25165989895913,19.986123137923816,20.696236364471222,21.381134415019314,22.039982846794,22.671978954468962,23.276352748138535,23.852367891431786,24.399322598624938,24.9165504896592,25.40342140202217,25.85934215850388,26.283757289891742,26.676149711724317,27.036041354279003,27.362993745026422,27.65660854284159,27.91652802332128,28.14243551461603,28.334055783246097,28.491155369430977,28.613542871524256,28.701069179206982,28.75362765515563
-1.792441358075826e-15,1.0216055977796483,2.0419665265046962,3.059839633558015,4.073984797350014,5.083166438215691,6.086155023778161,7.081728566944483,8.068674114708632,9.045789225947983,10.011883436412528,10.965779709122224,11.90631586840522,12.832346015829941,13.74274192630573,14.636394422651435,15.512214726956868,16.369135787091007,17.206113576740645,18.022128367395645,18.81618597073103,19.587318949872337,20.33458779806841,21.057082083335676,21.753921557679213,22.424257229539478,23.067272398157566,23.682183648599423,24.268241806226204,24.824732849448175,25.350978779650042,25.846338447227826,26.3102083327309,26.74202328215744,27.141257195507585,27.50742366775517,27.84007658145739,28.13881065028015,28.403261912777047,28.63310817582033,28.828069407143563,28.987908076517865,29.112429445145874,29.201481802920945,29.254956653262614
-1.8151562285899474e-15,1.0345519844301867,2.0678435266278767,3.0986157200152356,4.125612727452922,5.147583311284132,6.163282357774959,7.171472394093718,8.170925095980897,9.160422784273155,10.138759908457736,11.1047445154501,12.057199701805146,12.994965047592787,13.916898030190834,14.821875416272908,15.70879463029514,16.57657509781467,17.424159562003158,18.250515371751373,19.054635739795494,19.8355409693323,20.59227964762883,21.323929805172245,22.029600038947624,22.70843059847531,23.359594433284332,23.982298200546072,24.575783231640294,25.139326456475956,25.672241284440794,26.173878440906147,26.643626758268166,27.080913920561308,27.485207160737254,27.85601390975944,28.1928823967226,28.49540219926595,28.76320474360973,28.99596375360546,29.193395648253233,29.355259887201473,29.48135926380831,29.571540145407454,29.625692660485985
-1.8315279538040056e-15,1.043883082515285,2.086494354292402,3.1265635540986176,4.162823517824366,5.194011722327451,6.218871823623047,7.236155187545339,8.244622411015852,9.243044832065273,10.230206026768734,11.204903291271012,12.16594910709591,13.112172587954618,14.042420906290236,14.955560697820674,15.85047944236834,16.726086819294668,17.58131603588785,18.41512512708542,19.226498224948216,20.01444679633892,20.778010847297466,21.51626009264582,22.228295089397047,22.91324833258823,23.57028531220149,24.198605529885956,24.797443474241685,25.3660695534774,25.903790984305676,26.409952635992685,26.88393782853409,27.325169083984576,27.733108830025863,28.10726005491569,28.447166913020105,28.752415280191148,29.022633258313334,29.257491628404203,29.456704251716957,29.620028418356434,29.74726514298376,29.838259407249282,29.892900348658593
-1.83697019872103e-15,1.0469849010750218,2.0926942123237597,3.1358538980295996,4.17519302880196,5.2094453300079095,6.2373507245327735,7.257656867990032,8.26912067450997,9.270509831248418,10.26060429977006,11.23819780247736,12.202099292274001,13.151134403672323,14.084146883576715,14.999999999999991,15.89757792699614,16.775787104122397,17.63355756877419,18.469844259769744,19.28362829059617,20.073918190765745,20.839751113769907,21.580194010159534,22.294344764321817,22.98133329356933,23.640322608201654,24.270509831248418,24.87112717665125,25.441442884692776,25.980762113533157,26.488427785767804,26.963821388975006,27.40636372927802,27.815515637003617,28.19077862357725,28.5316954888546,28.837850878149556,29.108871788279888,29.344428022014164,29.54423259036624,29.708042062247102,29.8356568610482,29.92692150779472,29.98172481057287
-1.833647691945954e-15,1.0450912315807395,2.088909180479776,3.130182115314177,4.167641405408666,5.200023066426611,6.226069300340254,7.244530027863903,8.25416441148289,9.25374236722305,10.242046063318483,11.21787140395202,12.180029496260458,13.127348098817428,14.058673049828933,14.972869673301801,15.868824161471519,16.745444931805455,17.601663956928043,18.436438065847593,19.248750214899484,20.037610726857203,20.802058496701537,21.541162162579138,22.254021240523272,22.939767221555034,23.59756462982758,24.226612040524856,24.82614305627426,25.395427240883777,25.93377100926595,26.44051847246451,26.915052236754036,27.356794155839037,27.765206035236247,28.139790287981644,28.48009054086354,28.785692190443026,29.056222908184438,29.291353094080254,29.490796278217974,29.654309469799614,29.781693453188502,29.872793030622883,29.927497211300462
-1.823563644876702e-15,1.0393438084431255,2.0774213365543197,3.112967846769134,4.144721685178603,5.171425818660115,6.1918293663786645,7.204689123792492,8.208771077306247,9.202851907726561,10.185720480687976,11.156179322233633,12.11304607775283,13.05515495249801,13.981358131926005,14.890527180133384,15.78155441468165,16.65335425613772,17.504864550685266,18.335047864195474,19.14289274618077,19.927414962091433,20.68765869245373,21.422697697388827,22.131636445093246,22.813611202906575,23.46779108963658,24.093379087859955,24.68961301496531,25.25576645175527,25.791149627476358,26.2951102601984,26.767034351519634,27.20634693462909,27.612512774815183,27.985037021566697,28.32346581147192,28.62738682118131,28.89642976975999,29.130266869817998,29.328613226868754,29.491227186429107,29.617910628438096,29.708509208635732,29.762912546607673
-1.802221891986113e-15,1.0271800329749778,2.053108605304746,3.0765357810560725,4.096214671862198,5.110902956064157,6.119364392288395,7.1203703256164665,8.11270118451173,9.095147966679487,10.066513712049991,11.025614961089927,11.971283196665562,12.90236626770088,13.817729792896154,14.716258542796902,15.596857798529106,16.45845468554557,17.299999480758288,18.120466891464332,18.91885730450708,19.69419800415085,20.44554435718519,21.171980963815002,21.872622772934037,22.54661616042352,23.193139969161507,23.811406509476395,24.40066251882549,24.960190079529323,25.489307493443782,25.9873701125043,26.45377112413024,26.887942290532475,27.289354641023706,27.65751911648768,27.991987165222444,28.29235128943146,28.558245541696934,28.78934597083034,28.985371016557075,29.146081852554257,29.271282677423848,29.36082095324645,29.414587591425274
-1.7717951321753482e-15,1.0098382393341847,2.018446146327412,3.0245948876091195,4.0270586259234085,5.024616013622838,6.016051680692425,7.000157715490822,7.975735136404515,8.941595352622318,9.896561612250132,10.839470436001871,11.769173034719756,12.684536708996978,13.584446229197363,14.467805194191012,15.333537367150088,16.18058798677765,17.007925052371835,17.814540581159722,18.59945183636908,19.361702524541748,20.100363960629892,20.814536199455734,21.503349132156035,22.16596354627583,22.801572148219417,23.409400546813334,23.98870819678269,24.53878930099149,25.058973670347754,25.548627540325676,26.007154343110106,26.43399543442246,26.82863077414283,27.190579559898666,27.51940081284847,27.81469391494655,28.076099097034415,28.30329787716407,28.496013448619212,28.654011017161594,28.7770980870916,28.865124695774625,28.917983596347458
-1.7345540365835746e-15,0.9886126011549562,1.9760207301395163,2.9610213822470492,3.942414485910698,4.919004364805662,5.88960119459664,6.853022452555531,7.808094358283157,8.753653303779952,9.688547271123017,10.611637236022519,11.52179855554733,12.417922338329225,13.298916795576151,14.163708571248769,15.011244049779375,15.840490639740207,16.65043803189705,17.44009943011538,18.208512753619498,18.9547418091397,19.6778774315196,20.377038591393877,21.051373468586682,21.700060489923526,22.32230933019147,22.917361875028732,23.48449314457024,24.023012176723952,24.532262869001677,25.01162477787891,25.46051387470976,25.87838325727578,26.264723816102165,26.619064854729185,26.940974663183333,27.2300610439494,27.485971789802772,27.708395112919657,27.89706002474252,28.051736666137906,28.17223658744438,28.25841297806943,28.310160845355536
-1.6863395086746176e-15,0.9611326329070856,1.921094273752121,2.878715357146464,3.8328291693102385,4.782273269533281,5.725890906430117,6.6625324272633595,7.591056678618415,8.510332396723223,9.419239585718834,10.316670882201876,11.201532904376277,12.072747584170575,12.929253480697746,13.770007073457524,14.59398403370528,15.400180472438873,16.187614163482746,16.955325740179223,17.702379864229012,18.42786636525681,19.130901349713746,19.810628277765513,20.466219006854157,21.09687480066232,21.701827302250322,22.280339470180753,22.83170647648997,23.355256565412358,23.85035187181127,24.316389198319442,24.752800750242095,25.159054827327218,25.534656471560563,25.87914807019561,26.192109913284284,26.473160705028864,26.721958028332175,26.938198761980033,27.121619449947843,27.271996622381103,27.389147067859028,27.47292805660945,27.523237514403043
-1.6292271361233817e-15,0.9285813200075362,1.8560313067136442,2.7812200051722153,3.703020215468589,4.620308866038952,5.531968381960062,6.436888046542171,7.33396535456615,8.222107355516354,9.100231985172408,9.967269383937808,10.822163200299023,11.663871877827132,12.491369924153824,13.303649160375972,14.09971994936626,14.878612401493609,15.639377556284282,16.38108853858406,17.102841687812823,17.803757658935787,18.482982493809963,19.139688661600648,19.77307606700017,20.38237302502095,20.966837201174616,21.525756515892333,22.058450012084037,22.564268684779766,23.04259627184223,23.492850004787304,23.914481318797687,24.306976521064545,24.669857416643207,25.002681891059904,25.305044448960242,25.576576708142802,25.81694784837612,26.02586501445214,26.203073672985226,26.34835792252187,26.46154075658331,26.542484279320743,26.591089873520094
-1.5656381479332125e-15,0.8923386468514348,1.7835901165159258,2.6726685563644255,3.558490761270033,4.439977493326513,5.316054796733472,6.185655306246092,7.047719547595194,7.90119722829353,8.745048517255324,9.578245311670294,10.39977248958858,11.208629146690456,12.003829815734036,12.784405667195388,13.549405689637993,14.29789784837372,15.028970221003535,15.741732108454444,16.43531512015915,17.10887423205616,17.76158881612144,18.392663640177314,19.00132983676026,19.5868458398676,20.14849828844138,20.685602895488927,21.197505281781176,21.68358177311296,22.143240160153915,22.575920419964394,22.981095398297107,23.35827145185335,23.70698904971141,24.026823333194116,24.31738463349374,24.5783189464234,24.809308363716646,25.010071460349693,25.180363637414473,25.319977420124744,25.428742710592118,25.506526995064178,25.55323550537204
-1.4919706073268128e-15,0.8503516822463848,1.6996673419546007,2.546912218820317,3.3910540754691576,4.231064455078876,5.065919934395594,5.8946033706174035,6.716105140626149,7.529424371057734,8.333570157712103,9.127562772817372,9.910434858677222,10.68123260624724,11.439016917204293,12.182864548093216,12.911869235156706,13.625142798478148,14.321816224091997,15.001040722743461,15.661988764007441,16.303855084506907,16.925857669002244,17.52723870315642,18.107265496814932,18.665231376676022,19.20045654726311,19.712288919150957,20.200104903436156,20.66331017148414,21.101340379027107,21.51366185373053,21.899772245390757,22.259201137971274,22.591510622732265,22.896295831754895,23.173185431210538,23.421842073773814,23.6419628096284,23.83327945556465,23.995558921719553,24.12860349556083,24.232251082769224,24.30637540472539,24.35088615236101
-1.4101313729611823e-15,0.8037072441624072,1.6064352948494247,2.407206151582045,3.20504419842065,3.9989773926026917,4.788038448827086,5.57126601774238,6.347705857202785,7.116411994865323,7.876447880711353,8.62688752808852,9.366816641882862,10.095333732446573,10.811551213924231,11.514596485639533,12.203612995224699,12.877761282197657,13.536220000715316,14.178186920256953,14.802879903018527,15.409537856827122,15.997421662414512,16.565815073920163,17.114025591526417,17.64138530516296,18.14725170825225,18.63100848050486,19.09206623881083,19.52986325531217,19.94386614178172,20.333570499474575,20.698501533660256,21.03821463208691,21.352295906672897,21.640362697765656,21.902064040353515,22.13708109166253,22.345127519617304,22.52594985169245,22.67932778372988,22.805074448345472,22.903036642598188,22.97309501464423,23.01516420914894
-1.3225411192838563e-15,0.7537850009244165,1.5066516309368958,2.257682638018961,3.0059630065759557,3.7505810722425434,4.490629632605323,5.2252070524892495,5.953418362461153,6.6743763492122,7.387202636490595,8.09102875526776,8.784997201834063,9.46826248253502,10.139992143875023,10.799367786733777,11.445586063459478,12.077859656624229,12.69541823824904,13.297509408329816,13.883399611520836,14.45237503085899,15.003742457439749,15.536830134985479,16.050988578276932,16.545591364451017,17.020035896200486,17.47374413594598,17.90616331008577,18.316766582465238,18.705053696245564,19.070551583389655,19.412814941022667,19.731426773964944,20.025998902776443,20.296172436693563,20.541618210882266,20.76203718747472,20.957160819900903,21.126751380071195,21.270602248011436,21.388538163597573,21.480415440083107,21.546122139159245,21.58557820733451
