hough_viz/data/file_1_0_2.json
{"header": {"discipline": 0, "disciplineName": "Meteorological products", "gribEdition": 2, "gribLength": 133963, "center": 7, "centerName": "US National Weather Service - NCEP(WMC)", "subcenter": 0, "refTime": "2014-11-30T06:00:00.000Z", "significanceOfRT": 1, "significanceOfRTName": "Start of forecast", "productStatus": 0, "productStatusName": "Operational products", "productType": 1, "productTypeName": "Forecast products", "productDefinitionTemplate": 0, "productDefinitionTemplateName": "Analysis/forecast at horizontal level/layer at a point in time", "parameterCategory": 2, "parameterCategoryName": "Momentum", "parameterNumber": 2, "parameterNumberName": "U-component_of_wind", "parameterUnit": "m.s-1", "genProcessType": 2, "genProcessTypeName": "Forecast", "forecastTime": 6, "surface1Type": 100, "surface1TypeName": "Isobaric surface", "surface1Value": 85000, "surface2Type": 255, "surface2TypeName": "Missing", "surface2Value": 0, "gridDefinitionTemplate": 0, "gridDefinitionTemplateName": "Latitude_Longitude", "numberPoints": 65160, "shape": 6, "shapeName": "Earth spherical with radius of 6,371,229.0 m", "gridUnits": "degrees", "resolution": 48, "winds": "true", "scanMode": 0, "nx": 360, "ny": 181, "basicAngle": 0, "subDivisions": 0, "lo1": 0, "la1": 90, "lo2": 359, "la2": -90, "dx": 1, "dy": 1}, "data":
[rows 0 to 18 of 181, columns 215 to 257 of 360]
2.1498832956504037,2.123283625097546,2.0960371817837737,2.068152265239662,2.0396373694809156,2.010501180421017,1.980752573225398,1.9504006096079942,1.9194545350709493,1.887923776088347,1.8558179372348216,1.823146798259902,1.7899203111090125,1.7561485968920116,1.7218419428002036,1.6870107989727612,1.6516657753135104,1.6158176382590552,1.579477307499209,1.5426558526507583,1.5053644898855472,1.4676145785139247,1.429417617524582,1.3907852420818643,1.3517292199815703,1.312261448066374,1.2723939486019324,1.232138865614792,1.191508461193188,1.150515111751903,1.1091713042622882,1.0674896324486098,1.025482792951885,0.9831635814623519,0.9405448888217862,0.8976396970968222,0.8544610756244899,0.8110221770311735,0.7673362332261858,0.723416551371202,0.6792765098267789,0.6349295540771638,0.5903891926346758
2.1628716854755967,2.136111314622838,2.108700263570671,2.0806468819907824,2.051959715214959,2.0226475016321026,1.9927191700264213,1.9621838368576472,1.9310508034840643,1.8993295533292307,1.8670297489932353,1.8341612293093728,1.8007340063471442,1.7667582623624791,1.732244346696128,1.6972027726211445,1.6616442141404473,1.6255795027354156,1.5890196240665084,1.5519757146269317,1.5144590583503534,1.4764810831737076,1.4380533575561314,1.39918758695511,1.3598956102608677,1.3201893961901352,1.2800810396403592,1.2395827580054872,1.1987068874544191,1.1574658791732984,1.1158722955727574,1.0739388064612851,1.031678185185888,0.9891033047411926,0.9462271338482139,0.9030627330039568,0.8596232505030597,0.815921918432704,0.7719720486419809,0.7277870286869776,0.6833803177528075,0.6387654425537961,0.593955993213123
2.175860075300789,2.1489390041481298,2.121363345357568,2.0931414987419026,2.0642820609490014,2.034793822843188,2.0046857668274454,1.9739670641072997,1.9426470718971791,1.910735330570114,1.8782415607516487,1.8451756603588436,1.8115477015852757,1.7773679278329468,1.7426467505920515,1.707394746269527,1.6716226529673832,1.6353413672117756,1.5985619406338074,1.561295576603105,1.523553626815159,1.4853475878334905,1.4466890975876803,1.4075899318283551,1.368062000540165,1.3281173443138963,1.2877681306787858,1.2470266503961827,1.2059053137156504,1.1644166465946932,1.122573286883226,1.0803879804739605,1.0378735774198915,0.9950430280200331,0.9519093788746413,0.9084857689110916,0.8647854253816297,0.8208216598342344,0.7766078640577757,0.7321575060027534,0.6874841256788358,0.6426013310304283,0.5975227937915701
2.1927086200864365,2.165579088436642,2.137789900418076,2.1093495208866058,2.0802666130573453,2.050550035865753,2.020208841269111,1.9892522714892167,1.9576897561971078,1.9255309096406934,1.8927855277161674,1.8594635849840728,1.8255752316309648,1.7911307903775562,1.7561407533343258,1.720615778805512,1.6845666880424932,1.648004461947535,1.6109402377288897,1.5733853055083036,1.5353511048819337,1.4968492214357376,1.4578913832163851,1.4184894571587963,1.3786554454713413,1.3384014819798609,1.29773982843158,1.2566828707600737,1.215243115312373,1.1734331850394242,1.13126581565101,1.0887538517363278,1.045910242851414,1.0027480395745674,0.9592803895310278,0.9155205333880795,0.8714818008218124,0.8271776064567833,0.7826214457797782,0.7378268910289623,0.6928075870596514,0.6475772471879444,0.6021496490135223
2.215982510002664,2.1885650195573825,2.1604808710060386,2.1317386190523377,2.1023470188646574,2.0723150234091383,2.0416517807225225,2.0103666311255743,1.9784691043779263,1.9459689167752228,1.9128759681894474,1.8792003390533154,1.844952287289685,1.8101422451868916,1.7747808162209733,1.738878771825745,1.702447048111721,1.6654967425348695,1.6280391105162122,1.5900855620133227,1.5516476580447391,1.5127371071683675,1.473365761914936,1.4335456151776134,1.3932887965588394,1.3526075686755419,1.3115143234238196,1.27002157820426,1.228141972109004,1.1858882620717657,1.1432733189819428,1.1003101237640183,1.057011763423454,1.0133914270602478,0.969462401851416,0.9252380690035868,0.880731899676955,0.835957450881842,0.7909283613490887,0.7456583473755715,0.7001611986460909,0.6544507740328892,0.6085409973741099
2.2484609736087244,2.220641639754671,2.192145876945311,2.1629823652660387,2.1331599882050254,2.102687829947221,2.07157517260722,2.0398314934018433,2.0074664617632854,1.974489936393709,1.9409119622621953,1.9067427675449395,1.8719927605096576,1.836672526345123,1.8007928239368178,1.7643645825896688,1.7273988986988789,1.6899070323698577,1.65190040398828,1.6133905907413286,1.5743893230911723,1.5349084812017506,1.49496009131996,1.454556322112352,1.4137094809584254,1.3724320102016876,1.3307364833595925,1.2886356012935343,1.2461421883400292,1.2032691884043047,1.1600296610174625,1.116436777358412,1.072503816241815,1.0282441600732126,0.983671290772627,0.9387987856678344,0.8936403133585772,0.848209629552985,0.8025205728774397,0.7565870606612025,0.7104230846970666,0.6640427069793092,0.6174600554202796
2.286267064401969,2.2579799704783228,2.2290050739821257,2.199351200947537,2.1690273842315446,2.138042860762477,2.1064070687263334,2.074129644691833,2.0412204206750157,2.0076894211443124,1.9735468599670063,1.938803137297976,1.903468836411717,1.8675547204785692,1.831071729286156,1.7940309759070117,1.756443743313436,1.718321480940597,1.6796758011989084,1.6405184759367908,1.6008614328548432,1.5607167518725555,1.5200966614486422,1.479013534856147,1.4374798864134088,1.3955083676720885,1.3531117635633803,1.3103029885036044,1.2670950824603406,1.2235012069803337,1.1795346411803584,1.1352087777022684,1.0905371186334782,1.0455332713940821,1.0002109445919112,0.9545839438467564,0.9086661675850414,0.8624716028062355,0.8160143208222645,0.7693084729712609,0.7223682863069338,0.675208059264859,0.627842157307045
2.3304510634930087,2.3016172981189125,2.2720824378195434,2.2418554791994567,2.2109456296830636,2.179362304709959,2.147115124866882,2.1142139129572,2.080668691008782,2.046489677221191,2.011687282853129,1.976272109051057,1.9402549436199907,1.9036467577374256,1.866458702611414,1.8287021060837942,1.7903884691796255,1.751529462603864,1.7121369231863464,1.6722228502761836,1.63179940208664,1.5908788919916252,1.549473784774918,1.5075966928332802,1.4652603723345894,1.422477719332189,1.3792617658366262,1.3356256758459835,1.2915827413359815,1.2471463782111258,1.2023301222180887,1.157147624822588,1.1116126490510283,1.0657390652981338,1.0195408471019034,0.973032066887132,0.926226891678811,0.8791395787867254,0.8317844714625255,0.7841759945306384,0.7363286499943361,0.68825701261827,0.6399757254888648
2.384230352386278,2.354731196769827,2.3245147672200472,2.2935902679540923,2.2619671188740096,2.2296549526973517,2.196663612022948,2.1630031463327657,2.1286838089307283,2.093716053819466,2.058110532515929,2.021878090806823,1.9850297654448843,1.9475767807869753,1.9095305453750393,1.8709026484609435,1.831704856476285,1.7919491094482218,1.7516475173624197,1.710812356474239,1.6694560655692647,1.6275912421743342,1.5852306387202044,1.5423871586570488,1.4990738525239264,1.4553039139734707,1.4110906757529709,1.3664476056430965,1.321388302355468,1.275926491390366,1.2300760208558097,1.183850857249284,1.1372650812034215,1.0903328831968906,1.043068559231846,0.9954865064792271,0.9476012188932382,0.8994272827963575,0.8509793724361895,0.8022722455155527,0.7533207386971483,0.7041397630841554,0.6547442996781716
2.4434789651655584,2.4132467494877394,2.382279435472382,2.35058645606332,2.3181774652490974,2.285062335122272,2.2512511528722716,2.2167542177127477,2.1815820377443282,2.145745326753751,2.109255000950345,2.072122175640836,2.034358161843529,1.995974462842853,1.956982770685358,1.917394962618193,1.877223097471192,1.8364794119836345,1.7951763170768107,1.7533263940735424,1.7109423908657853,1.668037218031499,1.6246239449019588,1.5807157955807185,1.5363261449154062,1.4914685144236273,1.4461565681741724,1.4004041086248207,1.354225072417963,1.307633526135374,1.2606436620133936,1.2132697936198322,1.1655263514939282,1.117427878750652,1.0689890266507411,1.0202245501377831,0.971149303343714,0.9217782350641139,0.8721263842046473,0.8222088752000714,0.7720409134071957,0.7216377804731682,0.671014829680546
2.5091395249577197,2.478094916689884,2.4462954567045814,2.4137508314253697,2.380470954260375,2.346465962582575,2.3117462146418446,2.276322286409746,2.24020496835798,2.203405262171496,2.165934377397291,2.1278037280298534,2.08902492903436,2.0496097928086425,2.009570325585021,1.96891872377308,1.9276673702445333,1.8858288305612791,1.843415849147801,1.8004413454091024,1.7569184097953259,1.7128602998142746,1.6682804359930472,1.6231923977900231,1.5776099194584146,1.5315468858626886,1.4850173282490982,1.43803541997164,1.3906154721746962,1.3427719294337341,1.294519365355342,1.2458724781379698,1.1968460860947217,1.1474551231395407,1.0977146342382038,1.0476397708254777,0.9972457861898412,0.946548030827197,0.895561947764946,0.8443030678579,0.7927870050574397,0.7410294516553387,0.68904617350375
2.584871951228766,2.5528903350809893,2.520131083806744,2.486604176191313,2.4523198248555365,2.4172884731449553,2.3815207919486543,2.3450276764488165,2.3078202428019394,2.2699098247527467,2.2313079701818257,2.192026437588021,2.152077192506691,2.111472403864881,2.070224440274564,2.028345866265023,1.9858494384555896,1.9427481016698487,1.8990549849925151,1.8547833977701949,1.8099468255572237,1.7645589260078391,1.7186335247159241,1.672184611003606,1.6252263336599602,1.5777729966311607,1.5298390546633547,1.4814391088996166,1.432587902432285,1.383300315812082,1.3335913625153513,1.283476184370807,1.232970046947192,1.1820883349032285,1.1308465473013063,1.07926029288632,1.0273452853310885,0.9751173384498303,0.9225923613811067,0.869786353741751,0.8167154007532383,0.7633956683419568,0.709843398214918
2.6662770601916796,2.6332882502654713,2.5994973152289975,2.5649145481284084,2.5295504832095723,2.4934158927092467,2.456521783573739,2.4188793941060944,2.380500190542795,2.341395863561031,2.301578324717618,2.2610597028206048,2.2198523402347354,2.1779687891218367,2.135421807617316,2.0922243559438978,2.0483895924638262,2.003930869670696,1.95886173012215,1.9131959023146894,1.8669472965018388,1.8201300004569496,1.7727582751819226,1.7248465505631834,1.6764094209761788,1.627461640839802,1.5780181201220478,1.5280939197983026,1.477704247263608,1.426864451700355,1.3755900194027677,1.3238965690596278,1.2717998469966811,1.2193157223801372,1.1664601823827798,1.113249327314115,1.0596993657160596,1.0058266094256711,0.9516474686063905,0.8971784467493539,0.8424361356462772,0.7874372103354208,0.7321984240222202
2.7541889726719146,2.720112462815958,2.6852073803535075,2.649484357710813,2.6129542764666276,2.575628264037575,2.5375176902886247,2.4986341640697276,2.458989529679642,2.418595863258048,2.3774654691070434,2.3356108759431233,2.2930448330808204,2.2497803065491357,2.205830475141967,2.1612087264037076,2.1159286525512866,2.0700040463338394,2.023448896831299,1.9762773851931945,1.9285038803189316,1.8801429344808869,1.8312092788916428,1.7817178192167284,1.7316836310341928,1.681121955242448,1.6300481934177393,1.5784779031226874,1.5264267931672848,1.4739107188238558,1.420945676997379,1.3675478013526765,1.3137333573999512,1.2595187375401413,1.2049204560716449,1.149955144159902,1.09463954477138,1.0389905075735117,0.9830249838021097,0.926760021097862,0.870212758313465,0.813400420292945,0.7563403126248172
2.852741060584727,2.8174452040432643,2.7812911263994455,2.744289840535554,2.7064526174017005,2.6677909825825936,2.628316712786719,2.588041832259055,2.5469786091183613,2.5051395516201924,2.4625374043467696,2.4191851443248478,2.3750959770727906,2.3302833325780457,2.2847608612062373,2.238542429543128,2.191642116170732,2.1440742073788384,2.0958531928132644,2.046993761062173,1.9975107951817888,1.9474193681628706,1.896734738339332,1.8454723447404164,1.7936478023878009,1.741276897539121,1.6883755828793203,1.6349599726613158,1.5810463377974258,1.5266511009031027,1.4717908312944432,1.4164822399410106,1.3607421743755237,1.3045876135619163,1.248035662723394,1.191103548132013,1.1338086118613893,1.0761683065041445,1.018200189855662,0.9599219195658203,0.9013512477603091,0.8425060156331449,0.7834041480120792
2.9572155227028447,2.9206270442413214,2.8831489144893734,2.844792549648381,2.805569633438641,2.7654921135403936,2.724572197954436,2.68282235128346,2.6402552909351993,2.596883983248591,2.552721639544107,2.5077817120994474,2.462077890051855,2.4156240952282686,2.3684344779046005,2.320523412495421,2.2719054931753795,2.2225955294336766,2.1726085415629415,2.121959756083915,2.0706646011072993,2.0187387016342084,1.9661978747966355,1.9130581250394165,1.8593356392451,1.8050467818032807,1.7502080896258405,1.6948362671096564,1.6389481810482633,1.582560855494075,1.5256914665726926,1.4683573372508838,1.4105759320598543,1.352364851775364,1.29374182805637,1.2347247180437915,1.1753314989210473,1.1155802624380424,1.0554892094002302,0.9950766441244784,0.9343609688634054,0.8733606781998586,0.8120943534132973
3.068332086297972,3.030368805775994,2.9914824455599365,2.95168485081182,2.910988144264532,2.869404722529127,2.8269472523186905,2.783628666589946,2.7394621606037415,2.694461187905651,2.648639456227894,2.6020109233138227,2.554589792666264,2.506390509220992,2.4574277549466617,2.4077164443725367,2.3572717200453805,2.3061089479168984,2.254243712663101,2.2016918129370775,2.1484692565565657,2.094592255627819,2.040077221607233,1.9849407603022764,1.9291996668131801,1.8728709204169944,1.8159716793955394,1.7585192758088304,1.7005312102155519,1.6420251463422255,1.5830189057026685,1.5235304621693833,1.4635779364985535,1.4031795908102676,1.3423538230257157,1.2811191612629964,1.2194942581932735,1.1574978853590017,1.0951489274559156,1.032466376580578,0.9694693264452101,0.9061769665615471,0.8426085763955359
3.1907323943335704,3.1512547023661424,3.1108171076894853,3.069431927986664,3.0271117695843213,2.983869523612675,2.9397183620787417,2.8946717338540298,2.8487433605778705,2.801947232477682,2.7542976041074096,2.705808990005446,2.656496160273366,2.6063741360768096,2.555458185069893,2.503763816744523,2.451306777706066,2.398103046876781,2.344168830628471,2.2895205578458784,2.2341748749222825,2.1781486406888475,2.1214589212792556,2.064122984931211,2.006158296726349,1.947582513270211,1.8884134773138732,1.8286692123188761,1.7683679169670905,1.707527959617232,1.6461678727096791,1.5843063471213101,1.5219622264720902,1.4591545013851082,1.3959023037018568,1.3322249006544886,1.2681416889968258,1.2036721890959332,1.1388360389860077,1.0736529883864514,1.0081428926859257,0.9423257068941886,0.8762214795636173
3.3193351370568878,3.2782662933299416,3.236198857932769,3.1931456450137086,3.149119768998478,3.104134640595404,3.0582039627103765,3.0113417262728213,2.9635622059739215,2.9148799559184075,2.8653098051912482,2.8148668533405474,2.7635664657780907,2.7114242690988872,2.6584561463211624,2.6046782320482227,2.5501069075537153,2.49475879579173,2.4386507563332747,2.3817998802307,2.3242234848115935,2.2659391084037552,2.206964504992849,2.14731763881438,2.0870166788815956,2.026079993451038,1.9645261444273951,1.9023738817093707,1.8396421374782677,1.776350020431076,1.7125168099597714,1.648161950278627,1.5833050445013281,1.5179658486696535,1.4521642657356084,1.3859203394987893,1.3192542485008438,1.2521862998789055,1.1847369231798228,1.1169266641371323,1.048776178412637,0.9803062253044746,0.9115376614236446
