hough_viz/data/file_5_2_2.json
{"header": {"discipline": 0, "disciplineName": "Meteorological products", "gribEdition": 2, "gribLength": 133963, "center": 7, "centerName": "US National Weather Service - NCEP(WMC)", "subcenter": 0, "refTime": "2014-11-30T06:00:00.000Z", "significanceOfRT": 1, "significanceOfRTName": "Start of forecast", "productStatus": 0, "productStatusName": "Operational products", "productType": 1, "productTypeName": "Forecast products", "productDefinitionTemplate": 0, "productDefinitionTemplateName": "Analysis/forecast at horizontal level/layer at a point in time", "parameterCategory": 2, "parameterCategoryName": "Momentum", "parameterNumber": 3, "parameterNumberName": "V-component_of_wind", "parameterUnit": "m.s-1", "genProcessType": 2, "genProcessTypeName": "Forecast", "forecastTime": 6, "surface1Type": 100, "surface1TypeName": "Isobaric surface", "surface1Value": 85000, "surface2Type": 255, "surface2TypeName": "Missing", "surface2Value": 0, "gridDefinitionTemplate": 0, "gridDefinitionTemplateName": "Latitude_Longitude", "numberPoints": 65160, "shape": 6, "shapeName": "Earth spherical with radius of 6,371,229.0 m", "gridUnits": "degrees", "resolution": 48, "winds": "true", "scanMode": 0, "nx": 360, "ny": 181, "basicAngle": 0, "subDivisions": 0, "lo1": 0, "la1": 90, "lo2": 359, "la2": -90, "dx": 1, "dy": 1}, "data":
[rows 20 to 39 of 181, columns 270 to 314 of 360]
-1.4211321041956544,-1.415724267487677,-1.3995419142664334,-1.3727082020111103,-1.3354273514746087,-1.2879830924403042,-1.2307365043670702,-1.1641232683565883,-1.0886503513570616,-1.0048921478386563,-0.9134861083047308,-0.8151278879086052,-0.7105660520978277,-0.600596379579073,-0.48605580596170767,-0.3678160541724587,-0.2467770001175417,-0.12385982408371334,-1.392307906055001e-15,0.12385982408371055,0.24677700011754394,0.3678160541724511,0.48605580596170983,0.6005963795790704,0.7105660520978253,0.815127887908603,0.9134861083047245,1.0048921478386545,1.088650351357063,1.1641232683565865,1.230736504367069,1.287983092440299,1.3354273514746058,1.3727082020111094,1.399541914266434,1.4157242674876767,1.4211321041956544,1.415724267487677,1.3995419142664336,1.3727082020111103,1.3354273514746071,1.2879830924403024,1.2307365043670733,1.1641232683565883,1.0886503513570616
-1.6631894528362645,-1.6568605148375983,-1.6379218678812855,-1.6065176465061328,-1.5628868557991922,-1.5073615524227353,-1.4403643174625453,-1.3624050403307173,-1.2740770381993143,-1.1760525404984685,-1.0690775728444906,-0.9539662793344688,-0.8315947264181329,-0.7028942355031307,-0.5688442950368007,-0.43046510600766996,-0.28880981759987184,-0.14495651209201435,-1.6294557118332558e-15,0.14495651209201113,0.28880981759987445,0.43046510600766114,0.5688442950368032,0.7028942355031276,0.8315947264181301,0.9539662793344664,1.0690775728444835,1.1760525404984663,1.2740770381993158,1.362405040330716,1.440364317462544,1.507361552422729,1.5628868557991893,1.6065176465061317,1.6379218678812861,1.6568605148375977,1.6631894528362645,1.6568605148375983,1.637921867881286,1.6065176465061328,1.5628868557991906,1.507361552422733,1.4403643174625484,1.3624050403307177,1.2740770381993145
-1.92158218446823,-1.9142699841148052,-1.8923890333144473,-1.8561058593148285,-1.8056965989784637,-1.7415448972144574,-1.6641389872090824,-1.5740679746764585,-1.4720173544083146,-1.3587637932447467,-1.2351692191705776,-1.1021742615229433,-0.9607910922341155,-0.8120957225918632,-0.6572198141438765,-0.4973420660700876,-0.33367924457014203,-0.16747692253799434,-1.8826075772060772e-15,0.16747692253799057,0.3336792445701451,0.49734206607007736,0.6572198141438794,0.8120957225918596,0.9607910922341122,1.1021742615229402,1.2351692191705692,1.3587637932447445,1.4720173544083166,1.574067974676457,1.6641389872090802,1.7415448972144494,1.8056965989784601,1.8561058593148274,1.8923890333144477,1.914269984114805,1.92158218446823,1.9142699841148052,1.8923890333144477,1.8561058593148285,1.8056965989784615,1.7415448972144543,1.6641389872090857,1.574067974676459,1.4720173544083148
-2.205647810000515,-2.1972546541801834,-2.172139063702904,-2.130492183377422,-2.0726309711100854,-1.9989957856638045,-1.9101470352619583,-1.8067609125434614,-1.6896242483284378,-1.5596285233606249,-1.4177630836005874,-1.2651076107055819,-1.1028239050002582,-0.9321470434746026,-0.7543759801023245,-0.5708636600168046,-0.38300672278163916,-0.19223487312033852,-2.1609116244508e-15,0.19223487312033422,0.38300672278164266,0.5708636600167929,0.7543759801023279,0.9321470434745985,1.1028239050002544,1.2651076107055783,1.4177630836005781,1.5596285233606217,1.68962424832844,1.8067609125434594,1.9101470352619563,1.9989957856637963,2.0726309711100814,2.1304921833774206,2.1721390637029048,2.197254654180182,2.205647810000515,2.1972546541801834,2.1721390637029043,2.130492183377422,2.0726309711100823,1.9989957856638014,1.9101470352619625,1.8067609125434618,1.689624248328438
-2.5006142265454603,-2.491098634457379,-2.462624277594595,-2.415407863006124,-2.3498087361170334,-2.2663261458927857,-2.1655954452531434,-2.0483832556528516,-1.9155816326294108,-1.7682012767218518,-1.6073638414293177,-1.4342933967506692,-1.2503071132727308,-1.0568052377067112,-0.8552604361652858,-0.6472065862842804,-0.4342271034876129,-0.21794289023992808,-2.4498953667529857e-15,0.21794289023992322,0.43422710348761684,0.6472065862842671,0.8552604361652896,1.0568052377067065,1.2503071132727266,1.4342933967506655,1.607363841429307,1.7682012767218487,1.9155816326294133,2.0483832556528494,2.1655954452531416,2.2663261458927755,2.3498087361170286,2.4154078630061226,2.4626242775945957,2.4910986344573782,2.5006142265454603,2.491098634457379,2.4626242775945952,2.415407863006124,2.3498087361170303,2.2663261458927817,2.1655954452531483,2.048383255652852,1.9155816326294108
-2.8067558544728826,-2.796075301063853,-2.764114926297299,-2.7111179679234003,-2.637487764795818,-2.5437846872194854,-2.430721872194215,-2.2991597960115597,-2.1500997255106102,-1.9846760978328213,-1.8041478866703327,-1.6098890207159877,-1.4033779272364424,-1.1861862803478669,-0.9599670396269766,-0.726441870090588,-0.4873880392851964,-0.24462489120791953,-2.7498276585346483e-15,0.24462489120791406,0.48738803928520086,0.7264418700905728,0.9599670396269809,1.1861862803478618,1.4033779272364373,1.6098890207159837,1.8041478866703207,1.9846760978328175,2.1500997255106133,2.2991597960115575,2.4307218721942125,2.543784687219475,2.6374877647958126,2.7111179679233985,2.7641149262973,2.7960753010638526,2.8067558544728826,2.796075301063853,2.7641149262972995,2.7111179679234003,2.637487764795815,2.5437846872194814,2.43072187219422,2.29915979601156,2.1500997255106107
-3.126501573836836,-3.114604291431754,-3.0790029897193856,-3.019968616102419,-2.9379504578100066,-2.8335727225506733,-2.7076297879147284,-2.5610801556811973,-2.3950391570404475,-2.210770464250444,-2.009676473327792,-1.7932876309672652,-1.563250786918419,-1.321316660464491,-1.069326516391605,-0.8091981518519855,-0.5429113007695476,-0.2724925668694689,-3.063088115942755e-15,0.27249256686946277,0.5429113007695526,0.8091981518519686,1.0693265163916097,1.3213166604644855,1.5632507869184136,1.7932876309672605,2.0096764733277785,2.21077046425044,2.39503915704045,2.5610801556811937,2.7076297879147253,2.833572722550661,2.9379504578100013,3.0199686161024175,3.079002989719387,3.1146042914317538,3.126501573836836,3.114604291431754,3.0790029897193865,3.019968616102419,2.9379504578100035,2.8335727225506684,2.707629787914734,2.5610801556811977,2.395039157040448
-3.4489122460497033,-3.435788093698408,-3.3965155193684957,-3.3313934110640475,-3.240917387351063,-3.125776025400916,-2.986845620502289,-2.8251835169249553,-2.642020060891369,-2.438749236899076,-2.2169180586569324,-1.9782147953766667,-1.7244561230248527,-1.457573298321744,-1.1795974607115756,-0.8926441741649824,-0.5988973264596812,-0.3005925084759528,-3.378959474131902e-15,0.30059250847594604,0.5988973264596866,0.8926441741649641,1.1795974607115807,1.4575732983217378,1.7244561230248465,1.9782147953766613,2.2169180586569173,2.438749236899071,2.642020060891372,2.8251835169249526,2.986845620502286,3.125776025400903,3.2409173873510566,3.331393411064045,3.3965155193684966,3.4357880936984078,3.4489122460497033,3.435788093698408,3.3965155193684957,3.3313934110640475,3.240917387351059,3.1257760254009104,2.9868456205022955,2.825183516924956,2.642020060891369
-3.7738358693189094,-3.759475284483951,-3.7165028227008277,-3.6452455303511933,-3.5462457184561567,-3.4202568353619607,-3.2682377325431062,-3.0913453671637123,-2.890925996934828,-2.6685049342804352,-2.4257749377888356,-2.1645833292976877,-1.886917934659456,-1.5948919551862666,-1.290727884912005,-0.9767405960707704,-0.6553197215213142,-0.32891146819824046,-3.697292814295097e-15,0.328911468198233,0.6553197215213202,0.9767405960707501,1.2907278849120107,1.5948919551862595,1.8869179346594493,2.1645833292976815,2.425774937788819,2.6685049342804303,2.8909259969348318,3.091345367163709,3.2682377325431027,3.420256835361946,3.546245718456149,3.645245530351191,3.716502822700829,3.7594752844839503,3.7738358693189094,3.759475284483951,3.7165028227008277,3.6452455303511933,3.5462457184561527,3.420256835361955,3.268237732543113,3.0913453671637128,2.890925996934828
-4.092997162952662,-4.077422073037998,-4.030815339132753,-3.953531666623864,-3.8461592309242794,-3.709515201102922,-3.5446395207346404,-3.3527869933017205,-3.1354177323816286,-2.8941860493011333,-2.6309278628281403,-2.3476467267213246,-2.046498581476332,-1.7297753463166767,-1.399887476304627,-1.059345617322744,-0.7107414985426344,-0.3567282078011933,-4.00998069962334e-15,0.3567282078011853,0.710741498542641,1.0593456173227225,1.3998874763046332,1.7297753463166692,2.0464985814763255,2.347646726721318,2.630927862828123,2.8941860493011276,3.135417732381633,3.3527869933017165,3.544639520734637,3.7095152011029073,3.846159230924272,3.9535316666238614,4.030815339132754,4.077422073037998,4.092997162952662,4.077422073037998,4.0308153391327535,3.953531666623864,3.8461592309242745,3.7095152011029158,3.544639520734648,3.352786993301721,3.1354177323816295
-4.40317287828084,-4.386417476124743,-4.33627878838405,-4.253138400747036,-4.137629061765158,-3.9906298672545137,-3.8132595698458522,-3.606868064601598,-3.373026115499233,-3.1135134009690764,-2.8303049694667526,-2.525556208161897,-2.201586439140421,-1.8608612679628498,-1.5059738189173126,-1.139624999777975,-0.7646029462659083,-0.3837618026529065,-4.313865257183254e-15,0.38376180265289783,0.7646029462659152,1.1396249997779515,1.5059738189173193,1.8608612679628416,2.2015864391404136,2.52555620816189,2.8303049694667335,3.11351340096907,3.3730261154992376,3.6068680646015934,3.813259569845848,3.9906298672544964,4.13762906176515,4.253138400747034,4.3362787883840515,4.386417476124743,4.40317287828084,4.386417476124743,4.336278788384051,4.253138400747036,4.137629061765153,3.990629867254507,3.8132595698458607,3.6068680646015987,3.373026115499234
-4.704206541158969,-4.686305615031074,-4.632739073504095,-4.543914590303419,-4.420508173379891,-4.263459020081129,-4.073962369292594,-3.8534604049480206,-3.603631280138776,-3.326376345355627,-3.02380567806337,-2.6982220237372365,-2.352103270579486,-1.988083591293841,-1.6089333954407417,-1.2175382449478076,-0.8168768932410957,-0.4099986151330978,-4.608793186526698e-15,0.40999861513308855,0.816876893241103,1.2175382449477827,1.6089333954407485,1.9880835912938324,2.352103270579478,2.698222023737229,3.0238056780633498,3.3263763453556208,3.6036312801387806,3.8534604049480157,4.073962369292589,4.263459020081111,4.420508173379882,4.543914590303417,4.632739073504097,4.686305615031073,4.704206541158969,4.686305615031074,4.632739073504096,4.543914590303419,4.4205081733798846,4.263459020081123,4.073962369292603,3.8534604049480214,3.6036312801387766
-4.9740254383152225,-4.955097769823096,-4.898458815332778,-4.804539631487479,-4.674054999986214,-4.507997987663483,-4.30763238865101,-4.0744831061413675,-3.8103245469538156,-3.51716711722709,-3.197241922014697,-2.852983785228289,-2.487012719157613,-2.1021139845948102,-1.7012168933180973,-1.2873725142604049,-0.8637304530323793,-0.4335148815221047,-4.873139465528198e-15,0.43351488152209505,0.8637304530323872,1.2873725142603782,1.701216893318105,2.1021139845948014,2.4870127191576046,2.852983785228281,3.1972419220146766,3.517167117227083,3.810324546953821,4.074483106141362,4.307632388651005,4.507997987663464,4.674054999986204,4.804539631487475,4.898458815332779,4.9550977698230945,4.9740254383152225,4.955097769823096,4.898458815332778,4.804539631487479,4.674054999986208,4.507997987663476,4.307632388651019,4.074483106141368,3.8103245469538156
-5.220643425497477,-5.200777301108116,-5.1413301211421265,-5.042754314534244,-4.905800102694452,-4.731509789870064,-4.521209830581027,-4.276500734500147,-3.9992448856079683,-3.6915523683262395,-3.355764908501285,-2.994438051456355,-2.6103217127487404,-2.2063392496517653,-1.78556521264086,-1.3512019462080223,-0.9065552170864635,-0.45500905536990643,-5.114755408420127e-15,0.45500905536989616,0.9065552170864717,1.3512019462079947,1.785565212640868,2.2063392496517555,2.610321712748731,2.994438051456346,3.355764908501263,3.6915523683262323,3.9992448856079745,4.276500734500143,4.521209830581022,4.731509789870046,4.905800102694442,5.042754314534241,5.141330121142129,5.200777301108115,5.220643425497477,5.200777301108116,5.1413301211421265,5.042754314534244,4.905800102694447,4.731509789870058,4.521209830581037,4.276500734500148,3.999244885607969
-5.443979449418544,-5.423263464031175,-5.361273169026513,-5.258480347980317,-5.115667316328745,-4.933920967475533,-4.71462450087688,-4.459446895058466,-4.170330205680989,-3.849474785324067,-3.499322537474404,-3.122538332165812,-2.721989724709274,-2.3007251318653665,-1.8619506315521286,-1.4090055626562672,-0.9453371106477343,-0.4744740724170555,-5.333561605883512e-15,0.4744740724170449,0.9453371106477428,1.4090055626562383,1.8619506315521368,2.3007251318653568,2.721989724709265,3.1225383321658033,3.499322537474381,3.8494747853240603,4.170330205680996,4.45944689505846,4.714624500876876,4.933920967475512,5.115667316328734,5.2584803479803135,5.361273169026514,5.423263464031174,5.443979449418544,5.423263464031175,5.361273169026514,5.258480347980317,5.115667316328738,4.933920967475524,4.71462450087689,4.459446895058467,4.17033020568099
-5.608072431488981,-5.586732022763807,-5.522873209984373,-5.416981997274941,-5.269864280703088,-5.082639714924034,-4.856733191932623,-4.593863996774941,-4.296032722750869,-3.9655060456911957,-3.6047994731857966,-3.216658200051989,-2.804036215744492,-2.3700738227118228,-1.918073736798596,-1.4514759515837632,-0.9738315579521973,-0.48877571814908255,-5.494326362087597e-15,0.4887757181490716,0.9738315579522063,1.4514759515837332,1.9180737367986043,2.370073822711812,2.8040362157444827,3.21665820005198,3.6047994731857727,3.965506045691188,4.296032722750875,4.593863996774936,4.8567331919326175,5.082639714924014,5.269864280703078,5.416981997274936,5.5228732099843745,5.586732022763807,5.608072431488981,5.586732022763807,5.522873209984374,5.416981997274941,5.269864280703082,5.082639714924026,4.8567331919326335,4.5938639967749415,4.296032722750869
-5.733068507234905,-5.711252450704172,-5.64597031447506,-5.5377189350227125,-5.38732217070873,-5.195924631721589,-4.964982968901957,-4.696254787750316,-4.391785271987714,-4.053891618472846,-3.685145401934717,-3.288353003736201,-2.8665342536174547,-2.422899446967974,-1.9608249125403632,-1.4838273165498856,-0.9955368987209942,-0.49966984397126096,-5.616787197342178e-15,0.49966984397124975,0.9955368987210035,1.4838273165498554,1.9608249125403714,2.422899446967963,2.866534253617445,3.288353003736192,3.6851454019346925,4.053891618472838,4.391785271987719,4.696254787750311,4.964982968901952,5.195924631721567,5.387322170708718,5.53771893502271,5.645970314475062,5.71125245070417,5.733068507234905,5.711252450704172,5.645970314475061,5.5377189350227125,5.387322170708723,5.195924631721581,4.9649829689019676,4.696254787750317,4.391785271987714
-5.819752730067288,-5.7976068138979935,-5.731337609184227,-5.6214494645883075,-5.4687786952428805,-5.274487217887797,-5.040053707982111,-4.767262346091064,-4.458189239194548,-4.115186620259509,-3.7408649463266794,-3.338073031356259,-2.9098763650336457,-2.459533782541739,-1.9904726628575684,-1.5062628443288175,-1.0105894560483115,-0.5072248717967206,-5.701713242164779e-15,0.5072248717967093,1.0105894560483206,1.5062628443287864,1.9904726628575775,2.459533782541728,2.909876365033635,3.3380730313562497,3.7408649463266546,4.115186620259502,4.458189239194553,4.767262346091059,5.040053707982105,5.274487217887776,5.46877869524287,5.621449464588304,5.73133760918423,5.797606813897993,5.819752730067288,5.7976068138979935,5.73133760918423,5.6214494645883075,5.468778695242875,5.274487217887789,5.040053707982122,4.767262346091065,4.458189239194549
-5.819884731012365,-5.797738312539623,-5.731467604738345,-5.6215769677102525,-5.468902735556907,-5.2746068513722175,-5.04016802415387,-4.767370474935071,-4.45829035778501,-4.115279959022897,-3.740949794898642,-3.338148743987931,-2.9099423655061845,-2.4595895685516957,-1.9905178098397232,-1.506297008687375,-1.0106123777718743,-0.5072363764371323,-5.701842565792678e-15,0.5072363764371208,1.0106123777718836,1.506297008687344,1.9905178098397318,2.459589568551685,2.9099423655061742,3.3381487439879223,3.7409497948986172,4.115279959022889,4.458290357785016,4.767370474935067,5.040168024153866,5.274606851372195,5.468902735556896,5.621576967710249,5.731467604738348,5.797738312539621,5.819884731012365,5.797738312539623,5.731467604738346,5.6215769677102525,5.468902735556901,5.274606851372209,5.040168024153882,4.767370474935073,4.45829035778501
-5.765330205357805,-5.74339138332564,-5.67774188491183,-5.568881342439564,-5.4176382503688405,-5.225163659953399,-4.9929224190456125,-4.722682023719924,-4.416499166560342,-4.076704083988141,-3.7058828217555644,-3.3068575535761666,-2.882665102678904,-2.4365338297494765,-1.9718590631562867,-1.4921772584514403,-1.0011390838084762,-0.502481636233463,-5.64839454561519e-15,0.5024816362334517,1.0011390838084855,1.4921772584514097,1.971859063156295,2.4365338297494663,2.882665102678894,3.3068575535761577,3.7058828217555395,4.076704083988133,4.416499166560349,4.722682023719918,4.992922419045607,5.225163659953377,5.417638250368829,5.56888134243956,5.677741884911833,5.743391383325639,5.765330205357805,5.74339138332564,5.677741884911832,5.568881342439564,5.417638250368834,5.22516365995339,4.992922419045623,4.722682023719924,4.416499166560342
