hough_viz/data/file_3_0_2.json
{"header": {"discipline": 0, "disciplineName": "Meteorological products", "gribEdition": 2, "gribLength": 133963, "center": 7, "centerName": "US National Weather Service - NCEP(WMC)", "subcenter": 0, "refTime": "2014-11-30T06:00:00.000Z", "significanceOfRT": 1, "significanceOfRTName": "Start of forecast", "productStatus": 0, "productStatusName": "Operational products", "productType": 1, "productTypeName": "Forecast products", "productDefinitionTemplate": 0, "productDefinitionTemplateName": "Analysis/forecast at horizontal level/layer at a point in time", "parameterCategory": 2, "parameterCategoryName": "Momentum", "parameterNumber": 2, "parameterNumberName": "U-component_of_wind", "parameterUnit": "m.s-1", "genProcessType": 2, "genProcessTypeName": "Forecast", "forecastTime": 6, "surface1Type": 100, "surface1TypeName": "Isobaric surface", "surface1Value": 85000, "surface2Type": 255, "surface2TypeName": "Missing", "surface2Value": 0, "gridDefinitionTemplate": 0, "gridDefinitionTemplateName": "Latitude_Longitude", "numberPoints": 65160, "shape": 6, "shapeName": "Earth spherical with radius of 6,371,229.0 m", "gridUnits": "degrees", "resolution": 48, "winds": "true", "scanMode": 0, "nx": 360, "ny": 181, "basicAngle": 0, "subDivisions": 0, "lo1": 0, "la1": 90, "lo2": 359, "la2": -90, "dx": 1, "dy": 1}, "data":
[rows 0 to 18 of 181, columns 129 to 171 of 360]
-0.006985480696360635,-0.006789629005471991,-0.00657516741342067,-0.006342683744523441,-0.006092815220357028,-0.005826246713177995,-0.005543708868735601,-0.005245976103622474,-0.004933864482652635,-0.004608229482084581,-0.004269963644820217,-0.003919994134006942,-0.0035592801917478105,-0.003188810509885625,-0.0028096005200673457,-0.0024226896105165032,-0.0020291382771423206,-0.0016300252167941618,-0.0012264443706284408,-0.0008195019256919239,-0.0004103132829399726,-2.4003041344440024e-18,0.00041031328293996767,0.0008195019256919189,0.0012264443706284294,0.0016300252167941705,0.002029138277142315,0.0024226896105164993,0.0028096005200673457,0.003188810509885627,0.0035592801917478127,0.003919994134006936,0.004269963644820214,0.00460822948208457,0.004933864482652635,0.005245976103622468,0.0055437088687356,0.005826246713177994,0.006092815220357021,0.006342683744523443,0.006575167413420667,0.006789629005471991,0.006985480696360639
0.0017741298299872828,0.0017243886107122777,0.0016699209621160913,0.001610876176237527,0.0015474160907305292,0.0014797146452784082,0.0014079574048372874,0.0013323410510154242,0.0012530728429826176,0.0011703700493872248,0.0010844593528378818,0.0009955762285822577,0.0009039642990857458,0.0008098746662792262,0.0007135652233061334,0.0006152999476552707,0.0005153481776168579,0.00041398387404501,0.0003114848694500729,0.00020813210647901908,0.00010420886787119338,6.096146208202278e-19,-0.00010420886787119218,-0.00020813210647901786,-0.0003114848694500699,-0.00041398387404501235,-0.0005153481776168567,-0.0006152999476552693,-0.0007135652233061339,-0.0008098746662792268,-0.0009039642990857461,-0.0009955762285822566,-0.001084459352837881,-0.0011703700493872222,-0.0012530728429826178,-0.0013323410510154231,-0.0014079574048372866,-0.0014797146452784073,-0.0015474160907305269,-0.0016108761762375272,-0.001669920962116091,-0.0017243886107122775,-0.0017741298299872837
0.010533740356335199,0.010238406226896549,0.009915009337652853,0.009564436096998495,0.009187647401818086,0.008785676003734812,0.008359623678410177,0.007910658205653322,0.00744001016861787,0.006948969580859029,0.006438882350495981,0.005911146591171456,0.005367208789919303,0.004808559842444078,0.0042367309666796115,0.0036532895058270444,0.0030598346323760365,0.0024579929648841812,0.0018494141095285867,0.0012357661386499616,0.0006187310186823592,3.619533376084458e-18,-0.0006187310186823521,-0.0012357661386499547,-0.0018494141095285691,-0.002457992964884195,-0.0030598346323760283,-0.003653289505827037,-0.004236730966679613,-0.00480855984244408,-0.005367208789919304,-0.005911146591171449,-0.006438882350495974,-0.006948969580859013,-0.00744001016861787,-0.007910658205653315,-0.00835962367841017,-0.008785676003734809,-0.009187647401818076,-0.009564436096998497,-0.00991500933765285,-0.010238406226896545,-0.010533740356335208
0.021923769183296967,0.021309093192933407,0.0206360104593049,0.01990636585539893,0.019122159286357875,0.01828554020787786,0.01739880173470042,0.016464374355344015,0.015484819270304222,0.014462821371981169,0.013401181885575847,0.012302810691126912,0.011170718347731508,0.010008007841812055,0.0088178660820463,0.007603555164272028,0.006368403430309106,0.005115796345206001,0.0038491672179153526,0.002571987790832709,0.0012877587239920947,7.533298866702209e-18,-0.0012877587239920798,-0.002571987790832694,-0.003849167217915316,-0.005115796345206029,-0.0063684034303090895,-0.007603555164272013,-0.008817866082046304,-0.010008007841812062,-0.011170718347731512,-0.012302810691126898,-0.013401181885575835,-0.014462821371981136,-0.015484819270304222,-0.016464374355344,-0.01739880173470041,-0.018285540207877853,-0.01912215928635785,-0.019906365855398938,-0.0206360104593049,-0.021309093192933407,-0.02192376918329698
0.03769220913426194,0.03663543391532539,0.03547824351852469,0.03422380972230216,0.03287557084249873,0.03143722230816883,0.029912706532666852,0.028306202107765535,0.02662211235042677,0.024865053233615916,0.023039840734240292,0.02115147763289184,0.019205139801572846,0.017206162016990607,0.015160023338305458,0.013072332089410344,0.010948810486904789,0.008795278955897112,0.006617640176623702,0.004421862905612659,0.0022139656157372915,1.2951544690178921e-17,-0.002213965615737266,-0.004421862905612634,-0.00661764017662364,-0.008795278955897162,-0.010948810486904763,-0.01307233208941032,-0.015160023338305465,-0.017206162016990618,-0.019205139801572856,-0.021151477632891817,-0.023039840734240268,-0.024865053233615864,-0.026622112350426774,-0.028306202107765507,-0.029912706532666842,-0.031437222308168825,-0.03287557084249868,-0.03422380972230218,-0.03547824351852468,-0.03663543391532538,-0.03769220913426196
0.059841015874320835,0.058163255294496195,0.056326073274787614,0.05433450540341012,0.05219401042946718,0.04991045530089813,0.04749009908358264,0.04493957580567529,0.04226587627419615,0.03947632891371462,0.036578579679646436,0.033580571101222284,0.03049052051156661,0.027316897524558768,0.024068400820210382,0.02075393430218788,0.01738258269283132,0.013963586632562208,0.010506317351930312,0.0070202509857218804,0.0035149425995333085,2.0562169456326e-17,-0.0035149425995332673,-0.0070202509857218405,-0.010506317351930212,-0.013963586632562284,-0.017382582692831276,-0.020753934302187842,-0.024068400820210393,-0.02731689752455878,-0.03049052051156662,-0.03358057110122224,-0.036578579679646395,-0.03947632891371454,-0.04226587627419617,-0.04493957580567526,-0.047490099083582614,-0.049910455300898104,-0.05219401042946712,-0.054334505403410144,-0.05632607327478759,-0.05816325529449619,-0.05984101587432088
0.0857515236092193,0.08334731098232125,0.08071464916942112,0.07786075411355402,0.0747934481426965,0.07152113852930853,0.06805279444658525,0.06439792238457553,0.06056654009355433,0.05656914912606546,0.0524167060528952,0.04812059243187458,0.04369258361181964,0.03914481645711886,0.03448975608143197,0.02974016168167949,0.02490905156597075,0.020009667471326615,0.015055438268998602,0.010059943156865855,0.005036874439798304,2.946536474738479e-17,-0.005036874439798247,-0.010059943156865798,-0.015055438268998455,-0.020009667471326723,-0.024909051565970685,-0.029740161681679436,-0.03448975608143198,-0.03914481645711889,-0.04369258361181966,-0.04812059243187452,-0.05241670605289513,-0.05656914912606534,-0.06056654009355434,-0.06439792238457548,-0.06805279444658521,-0.07152113852930846,-0.0747934481426964,-0.07786075411355405,-0.08071464916942109,-0.08334731098232122,-0.08575152360921935
0.11618903673581943,0.11293144856163863,0.10936432313671895,0.10549743770390242,0.10134139112737667,0.09690757484192429,0.09220814162979336,0.08725597231076435,0.08206464043671972,0.07664837508748151,0.07102202186989148,0.06520100222703637,0.05920127116914315,0.05303927354200512,0.04673189895280315,0.04029643547686613,0.033750522272257784,0.027112101232071223,0.020399367806946716,0.013630721132605935,0.0068247135991005995,3.9924099339269795e-17,-0.0068247135991005205,-0.013630721132605855,-0.020399367806946525,-0.027112101232071372,-0.0337505222722577,-0.04029643547686605,-0.04673189895280317,-0.05303927354200515,-0.05920127116914318,-0.06520100222703629,-0.0710220218698914,-0.07664837508748135,-0.08206464043671974,-0.08725597231076428,-0.09220814162979331,-0.09690757484192422,-0.10134139112737654,-0.10549743770390245,-0.10936432313671894,-0.11293144856163859,-0.1161890367358195
0.1536400103384059,0.1493324104578992,0.14461550082029576,0.13950221014704403,0.13400655361245933,0.12814359442910386,0.12192940256057058,0.11538101067482741,0.10851636745886015,0.10135428842256873,0.09391440432676088,0.0862171073766037,0.07828349532800503,0.07013531366013123,0.061794895972560895,0.05328510277044044,0.04462925880542817,0.035851089144171934,0.02697465413955035,0.018024283482917316,0.00902450951811035,5.279275229025071e-17,-0.009024509518110246,-0.018024283482917215,-0.026974654139550094,-0.035851089144172135,-0.04462925880542804,-0.05328510277044034,-0.06179489597256092,-0.07013531366013126,-0.07828349532800506,-0.0862171073766036,-0.09391440432676076,-0.10135428842256851,-0.10851636745886016,-0.11538101067482733,-0.1219294025605705,-0.12814359442910378,-0.13400655361245914,-0.1395022101470441,-0.14461550082029573,-0.1493324104578991,-0.15364001033840602
0.19519985208418816,0.1897270402973317,0.18373419988078488,0.17723775679357237,0.17025551733463448,0.1628066193369979,0.15491147971230831,0.14659173848949197,0.1378701995009426,0.1287707678788017,0.11931838453265081,0.1095389577882153,0.09945929237444208,0.089107015953601,0.07851050339578383,0.06769879900535716,0.05670153691254247,0.04554885984832598,0.034271336525327864,0.022899877851085024,0.011465652203403552,6.70732670186375e-17,-0.01146565220340342,-0.0228998778510849,-0.034271336525327545,-0.04554885984832625,-0.05670153691254232,-0.06769879900535704,-0.07851050339578387,-0.08910701595360104,-0.09945929237444212,-0.1095389577882152,-0.11931838453265069,-0.1287707678788014,-0.13787019950094265,-0.1465917384894919,-0.15491147971230823,-0.1628066193369978,-0.17025551733463426,-0.17723775679357243,-0.18373419988078482,-0.18972704029733162,-0.19519985208418833
0.24160801004536347,0.23483405427102755,0.22741643467704944,0.21937548244314398,0.2107332372604651,0.2015133869223426,0.19174120239769013,0.18144346856503296,0.17064841079701962,0.15938561759663786,0.14768595949718155,0.1355815044482688,0.12310542991981843,0.1102919319649111,0.09717613149078619,0.0837939779948753,0.07018215102972825,0.05637795966691019,0.042419240235429326,0.028344252614988137,0.014191575368314351,8.301972772307757e-17,-0.014191575368314184,-0.028344252614987974,-0.04241924023542892,-0.05637795966691051,-0.07018215102972807,-0.08379397799487516,-0.09717613149078623,-0.11029193196491119,-0.12310542991981846,-0.13558150444826866,-0.14768595949718138,-0.15938561759663747,-0.17064841079701965,-0.1814434685650328,-0.19174120239769002,-0.20151338692234247,-0.21073323726046483,-0.21937548244314406,-0.2274164346770494,-0.2348340542710275,-0.24160801004536364
0.2959220144068952,0.28762525869143546,0.27854014213448886,0.26869156640903935,0.25810652577658505,0.24681403309774114,0.23484504031001,0.22223235359066734,0.2090105434373139,0.19521584991254423,0.1808860833124509,0.1660605205312359,0.15077979740597028,0.13508579733658982,0.11902153648640847,0.10263104587780365,0.08595925070624408,0.0690518472034529,0.05195517738721244,0.03471610204111343,0.017381872272406684,1.0168274246666074e-16,-0.01738187227240648,-0.03471610204111323,-0.05195517738721195,-0.0690518472034533,-0.08595925070624387,-0.10263104587780347,-0.11902153648640851,-0.1350857973365899,-0.1507797974059703,-0.16606052053123568,-0.18088608331245074,-0.1952158499125438,-0.20901054343731393,-0.22223235359066712,-0.23484504031000983,-0.24681403309774097,-0.2581065257765847,-0.26869156640903946,-0.27854014213448886,-0.2876252586914354,-0.29592201440689536
0.3548395439593514,0.3448909194194826,0.33399697284255847,0.3221875637789176,0.3094950609979424,0.29595425376750906,0.28160225649902765,0.2664784070194148,0.2506241587488483,0.23408296707982382,0.21690017026894015,0.19912286516789562,0.18079977813428685,0.1619811314760502,0.14271850579560805,0.1230646986110222,0.10307357964166555,0.08279994315506771,0.06229935777963569,0.041628014194904604,0.020842571116793426,1.2192758973245672e-16,-0.020842571116793183,-0.04162801419490436,-0.06229935777963509,-0.08279994315506818,-0.10307357964166529,-0.12306469861102197,-0.14271850579560813,-0.1619811314760503,-0.1807997781342869,-0.1991228651678954,-0.21690017026893996,-0.23408296707982326,-0.25062415874884836,-0.2664784070194145,-0.2816022564990274,-0.2959542537675089,-0.309495060997942,-0.3221875637789178,-0.3339969728425583,-0.3448909194194825,-0.35483954395935163
0.419072070882758,0.4073225611132507,0.3944566085163759,0.3805094777739,0.3655193970017362,0.3495274529693315,0.33257747848369423,0.31471593224670963,0.29599177151507267,0.27645631791184966,0.2561631167574722,0.23516779030574297,0.2135278852870986,0.19130271517702327,0.16855319762193646,0.14534168746815737,0.12173180585160451,0.09778826581668647,0.07357669494234435,0.04916345546141819,0.024615462366382596,1.4399874083024209e-16,-0.02461546236638231,-0.049163455461417906,-0.07357669494234363,-0.09778826581668702,-0.1217318058516042,-0.14534168746815707,-0.16855319762193652,-0.19130271517702338,-0.21352788528709865,-0.23516779030574259,-0.256163116757472,-0.27645631791184905,-0.2959917715150727,-0.31471593224670935,-0.332577478483694,-0.34952745296933135,-0.36551939700173575,-0.38050947777390015,-0.39445660851637576,-0.40732256111325066,-0.4190720708827582
0.4923626715386499,0.4785583156263169,0.46344226463503246,0.44705595060985986,0.4294442872985448,0.4106555470460498,0.3907412284834196,0.3697559153736056,0.34775712700117056,0.32480516051592806,0.3009629256626401,0.2762957723497877,0.25087131153000863,0.22475922988317643,0.19803109881005695,0.17076017826007248,0.1430212159308711,0.11489024239008606,0.08644436268083312,0.05776154498214548,0.028920406903618065,1.6918236661305675e-16,-0.028920406903617725,-0.057761544982145155,-0.08644436268083229,-0.11489024239008669,-0.14302121593087075,-0.1707601782600721,-0.19803109881005704,-0.22475922988317654,-0.25087131153000874,-0.2762957723497874,-0.30096292566263977,-0.32480516051592734,-0.3477571270011707,-0.36975591537360525,-0.39074122848341936,-0.4106555470460495,-0.4294442872985442,-0.44705595060986003,-0.4634422646350323,-0.4785583156263168,-0.4923626715386501
0.5708810733135181,0.5548752995715583,0.5373486512023817,0.5183491675309058,0.49792892482123763,0.47614389353924846,0.45305378494142545,0.42872188741045997,0.40321489298619484,0.3766027145673795,0.34895829428526726,0.32035740357431325,0.2908784354879326,0.2606021898285912,0.22961165168116573,0.19799176395659288,0.16582919456925332,0.13321209888624538,0.10022987809965031,0.0669729341840769,0.033532422111137106,1.9616233443521986e-16,-0.03353242211113672,-0.06697293418407652,-0.10022987809964934,-0.13321209888624613,-0.16582919456925288,-0.19799176395659246,-0.22961165168116585,-0.2606021898285913,-0.2908784354879327,-0.3203574035743128,-0.3489582942852669,-0.37660271456737865,-0.40321489298619495,-0.4287218874104596,-0.45305378494142523,-0.47614389353924813,-0.4979289248212369,-0.518349167530906,-0.5373486512023816,-0.5548752995715582,-0.5708810733135185
0.655296777530551,0.6369242434857428,0.616805944361601,0.594997023017619,0.571557256191283,0.5465508906541829,0.5200464671160879,0.4921166323596136,0.4628379401204486,0.4322906412588858,0.40055846379778487,0.36772838342989217,0.33389038512350505,0.29913721647993013,0.26356413351875674,0.22726863958772725,0.1903502181128367,0.1529100599211802,0.1150507858839284,0.07687616563965018,0.038490833168951064,2.251686938615241e-16,-0.03849083316895062,-0.07687616563964972,-0.11505078588392731,-0.15291005992118104,-0.1903502181128362,-0.2272686395877268,-0.2635641335187569,-0.2991372164799303,-0.3338903851235053,-0.36772838342989167,-0.40055846379778437,-0.4322906412588848,-0.4628379401204487,-0.4921166323596131,-0.5200464671160876,-0.5465508906541827,-0.5715572561912823,-0.5949970230176193,-0.6168059443616007,-0.6369242434857427,-0.6552967775305515
0.750161829328744,0.7291295669690905,0.7060988111475488,0.6811326875649779,0.6542996266307455,0.625673175899726,0.5953317984835762,0.5633586579887878,0.5298413905710317,0.4948718647305458,0.4585459295069531,0.42096315176371923,0.3822265432822916,0.34244227841396774,0.3017194030633822,0.2601695358012591,0.2179065619256668,0.17504632131033565,0.13170629089561423,0.08800526269233916,0.044063018181195984,2.5776558818321024e-16,-0.044063018181195485,-0.08800526269233865,-0.13170629089561295,-0.1750463213103366,-0.21790656192566626,-0.26016953580125857,-0.30171940306338235,-0.34244227841396785,-0.3822265432822918,-0.42096315176371873,-0.4585459295069526,-0.49487186473054473,-0.529841390571032,-0.5633586579887874,-0.5953317984835759,-0.6256731758997256,-0.6542996266307446,-0.6811326875649781,-0.7060988111475487,-0.7291295669690904,-0.7501618293287443
0.8509867650785525,0.8271276773351246,0.8010014901210604,0.7726798134995047,0.7422402752174636,0.709766307933539,0.675346920534821,0.6390764541697052,0.6010543236653692,0.561384745038642,0.5201764498471372,0.4775423871636237,0.43359941399045987,0.388467974962673,0.3422717722175915,0.29513742633588136,0.24719412928333487,0.1985732903046759,0.14940817573995294,0.09983354375076084,0.049985274957493296,2.924103779485591e-16,-0.04998527495749271,-0.09983354375076026,-0.1494081757399515,-0.19857329030467702,-0.24719412928333426,-0.29513742633588075,-0.3422717722175916,-0.38846797496267316,-0.4335994139904599,-0.4775423871636232,-0.5201764498471367,-0.5613847450386409,-0.6010543236653693,-0.6390764541697046,-0.6753469205348208,-0.7097663079335383,-0.7422402752174627,-0.7726798134995048,-0.8010014901210601,-0.8271276773351245,-0.8509867650785532
