hough_viz/data/file_3_0_1.json
{"header": {"discipline": 0, "disciplineName": "Meteorological products", "gribEdition": 2, "gribLength": 133963, "center": 7, "centerName": "US National Weather Service - NCEP(WMC)", "subcenter": 0, "refTime": "2014-11-30T06:00:00.000Z", "significanceOfRT": 1, "significanceOfRTName": "Start of forecast", "productStatus": 0, "productStatusName": "Operational products", "productType": 1, "productTypeName": "Forecast products", "productDefinitionTemplate": 0, "productDefinitionTemplateName": "Analysis/forecast at horizontal level/layer at a point in time", "parameterCategory": 2, "parameterCategoryName": "Momentum", "parameterNumber": 3, "parameterNumberName": "V-component_of_wind", "parameterUnit": "m.s-1", "genProcessType": 2, "genProcessTypeName": "Forecast", "forecastTime": 6, "surface1Type": 100, "surface1TypeName": "Isobaric surface", "surface1Value": 85000, "surface2Type": 255, "surface2TypeName": "Missing", "surface2Value": 0, "gridDefinitionTemplate": 0, "gridDefinitionTemplateName": "Latitude_Longitude", "numberPoints": 65160, "shape": 6, "shapeName": "Earth spherical with radius of 6,371,229.0 m", "gridUnits": "degrees", "resolution": 48, "winds": "true", "scanMode": 0, "nx": 360, "ny": 181, "basicAngle": 0, "subDivisions": 0, "lo1": 0, "la1": 90, "lo2": 359, "la2": -90, "dx": 1, "dy": 1}, "data":
[rows 95 to 113 of 181, columns 43 to 85 of 360]
-23.051757894061637,-22.04321381920747,-20.97425082747987,-19.847798872136444,-18.666945479688085,-17.434927287203354,-16.155121170911332,-14.831034990418567,-13.466297973909665,-12.06465077068517,-10.629935198301808,-9.166083712417649,-7.677108628204422,-6.16709112287055,-4.640170049438152,-3.1005305924345095,-1.5523927965922297,-3.632555905811699e-15,1.5523927965922222,3.100530592434489,4.6401700494381455,6.167091122870543,7.677108628204404,9.166083712417656,10.629935198301814,12.064650770685153,13.466297973909647,14.831034990418575,16.15512117091134,17.434927287203347,18.66694547968808,19.84779887213644,20.974250827479867,22.043213819207462,23.051757894061637,23.997118702836215,24.876705077265598,25.688106132236754,26.429097873857824,27.09764929527072,27.691927943499774,28.210304942078018,28.651359455684283
-22.933169507805076,-21.929813827469673,-20.86635005175586,-19.74569306095239,-18.57091449797515,-17.34523434920739,-16.072012118740908,-14.754737620208832,-13.397021411449003,-12.002584898215929,-10.575250134066286,-9.1189293443758,-7.637614203201387,-6.135364892380041,-4.616298972852679,-3.084580098715735,-1.5444066049347327,-3.613868439769557e-15,1.5444066049347254,3.084580098715716,4.616298972852673,6.135364892380035,7.637614203201367,9.118929344375807,10.575250134066291,12.002584898215911,13.397021411448986,14.754737620208836,16.07201211874091,17.345234349207384,18.570914497975146,19.745693060952387,20.866350051755855,21.92981382746967,22.933169507805076,23.873666964584626,24.748728359652514,25.555955210549598,26.293134964587246,26.95824706330036,27.549468480657737,28.065178719849715,28.50396425495724
-22.79922834186342,-21.80173275991663,-20.74448014389477,-19.630368349729643,-18.462451080408076,-17.243929515984345,-15.97814353936814,-14.668562581937678,-13.318776114069411,-11.932483806649255,-10.513485390531843,-9.065670241742405,-7.59300672096736,-6.099531296553559,-4.58933748082914,-3.0665646100707056,-1.5353864988703465,-3.5927616428125235e-15,1.5353864988703394,3.0665646100706856,4.589337480829134,6.099531296553554,7.593006720967341,9.065670241742408,10.51348539053185,11.932483806649238,13.318776114069394,14.668562581937683,15.97814353936814,17.243929515984338,18.462451080408073,19.630368349729636,20.74448014389477,21.801732759916618,22.79922834186342,23.73423282368008,24.60418342307334,25.406695665919766,26.139569921943682,26.80079743375078,27.38856582269255,27.901264056470183,28.33748686486212
-22.643635636671984,-21.65294743582092,-20.602910011126202,-19.496401442181707,-18.336454592062434,-17.126248794457652,-15.869101139338206,-14.568457381043542,-13.2278824937085,-11.851050899917038,-10.44173639936534,-9.003801825139192,-7.541188455956929,-6.057905213398456,-4.558017673729903,-3.045636924441578,-1.5249082960429734,-3.5682429400419225e-15,1.5249082960429658,3.045636924441559,4.558017673729896,6.057905213398451,7.541188455956909,9.003801825139197,10.441736399365345,11.85105089991702,13.22788249370848,14.568457381043551,15.869101139338213,17.126248794457645,18.33645459206243,19.496401442181703,20.6029100111262,21.652947435820913,22.643635636671984,23.572259206182732,24.43627285169699,25.23330837186924,25.96118114773996,26.617896130624306,27.20165331040188,27.710852649219383,28.144098467083126
-22.465240331055682,-21.482357154415265,-20.440592330034942,-19.34280126288614,-18.191992921977405,-16.99132159297945,-15.744078232547412,-14.453681448037434,-13.123668127341467,-11.75768374452344,-10.359472367828243,-8.932866397450935,-7.481776061194146,-6.010178696805486,-4.522107850371295,-3.021642220647099,-1.5128944796278718,-3.5401309442469053e-15,1.5128944796278647,3.021642220647079,4.522107850371288,6.010178696805479,7.481776061194126,8.932866397450942,10.35947236782825,11.757683744523424,13.12366812734145,14.45368144803744,15.744078232547418,16.991321592979443,18.191992921977405,19.342801262886137,20.44059233003494,21.482357154415258,22.465240331055682,23.386547845488366,24.24375445785559,25.034510624416537,25.75664893748346,26.40819006613546,26.98734818142696,27.492535851220747,27.922368391229075
-22.272440350937977,-21.29799242155607,-20.265168175351995,-19.176798511793837,-18.03586657647778,-16.845499584533307,-15.608960249143935,-14.329637838677202,-13.01103888693557,-11.65677758199107,-10.270565859946993,-8.856203230779096,-7.4175663641427745,-5.958598463691038,-4.48329845902744,-2.995710044917902,-1.499910597804484,-3.509749022415367e-15,1.4999105978044769,2.9957100449178826,4.483298459027434,5.958598463691033,7.417566364142754,8.856203230779103,10.270565859947,11.65677758199105,13.011038886935552,14.329637838677208,15.608960249143943,16.8454995845333,18.035866576477776,19.176798511793837,20.265168175351985,21.297992421556067,22.272440350937977,23.185841069456295,24.035691009231297,24.819660790650385,25.535601607035783,26.181551114374194,26.755738809965408,27.25659088524711,27.682734539494756
-22.059779322787254,-21.09463558707594,-20.07167292149059,-18.993695195592313,-17.86365707139849,-16.684655904859532,-15.459923256221565,-14.192816032544393,-12.886807286652564,-11.545476697739016,-10.172500759713195,-8.77164270418687,-7.3467421857177815,-5.901704757583414,-4.440491166930991,-2.967106498644768,-1.4855891976867897,-3.4762373450285453e-15,1.4855891976867823,2.9671064986447484,4.440491166930985,5.901704757583408,7.346742185717763,8.77164270418688,10.172500759713202,11.545476697738998,12.886807286652548,14.192816032544396,15.459923256221566,16.684655904859525,17.863657071398485,18.993695195592306,20.07167292149058,21.094635587075924,22.059779322787254,22.964458736731263,23.806194165517855,24.58267847084502,25.291783363204644,25.931565235376024,26.500270489718236,26.996340344659348,27.41841510720836
-21.825792418533855,-20.870885911018437,-19.858773755938415,-18.79223008235981,-17.674178212357358,-16.50768264839189,-15.29594067372212,-14.042273588873497,-12.75011760818424,-11.423014441380758,-10.064601585997439,-8.678602357248792,-7.268815682681178,-5.839105689576508,-4.393391113647981,-2.935634558057815,-1.4698316321974576,-3.4393650806730694e-15,1.469831632197451,2.9356345580577963,4.393391113647973,5.839105689576501,7.2688156826811605,8.678602357248797,10.064601585997444,11.42301444138074,12.750117608184222,14.042273588873503,15.295940673722127,16.507682648391878,17.674178212357354,18.79223008235981,19.85877375593841,20.87088591101843,21.825792418533855,22.72087594612228,23.553683132051127,24.321931309711452,25.023514764248585,25.656510504180094,26.219183532181823,26.709991600594943,27.127589438619587
-21.578670297269905,-20.634575700599267,-19.633923166225074,-18.579455413189518,-17.47406266430853,-16.320774724271864,-15.122752675159102,-13.883280212133396,-12.605754643061205,-11.293677576727648,-9.950645325170171,-8.580339046437292,-7.186514654790184,-5.772992526002788,-4.3436470259774245,-2.9023958913770596,-1.453189491381482,-3.4004229346909898e-15,1.4531894913814756,2.902395891377041,4.343647025977418,5.772992526002783,7.186514654790165,8.580339046437299,9.950645325170179,11.293677576727633,12.605754643061191,13.883280212133402,15.12275267515911,16.320774724271857,17.474062664308526,18.579455413189514,19.633923166225067,20.634575700599264,21.578670297269905,22.46361925857068,23.286997000910766,24.04654670313066,24.74018649229225,25.366015149947742,25.922317323247313,26.40756822660206,26.820437821015247
-21.31384624854593,-20.381338044828354,-19.392966010219357,-18.35143920376488,-17.259612378045798,-16.12047815449942,-14.937158820852257,-13.712897773146327,-12.451050625816043,-11.155076014182313,-9.828526114573528,-8.475036908057179,-7.09831821446844,-5.702143524051878,-4.290339654587042,-2.8667762623468342,-1.4353552356386956,-3.3586912729837046e-15,1.435355235638689,2.8667762623468147,4.290339654587036,5.702143524051873,7.098318214468422,8.475036908057186,9.828526114573533,11.155076014182297,12.451050625816027,13.712897773146333,14.937158820852261,16.120478154499413,17.25961237804579,18.35143920376488,19.392966010219354,20.38133804482835,21.31384624854593,22.187934681203505,23.001207527164343,23.75143566208755,24.436562762803042,25.054710943550337,25.60418590313295,26.08348156888023,26.491284224687785
-21.029675568977346,-20.109600198210877,-19.134405811102294,-18.10676534768172,-17.029495499028982,-15.905548986919115,-14.738006470617254,-13.530068103005712,-12.285044759187333,-11.006348961607014,-9.697485526564854,-8.362041957758347,-7.003678613184033,-5.626118672350701,-4.233137931303183,-2.8285544534277722,-1.4162181044059134,-3.3139109189183298e-15,1.4162181044059068,2.828554453427754,4.233137931303177,5.626118672350695,7.003678613184015,8.362041957758352,9.697485526564861,11.006348961606996,12.285044759187318,13.530068103005716,14.738006470617258,15.905548986919108,17.02949549902898,18.10676534768172,19.13440581110229,20.109600198210874,21.029675568977346,21.892110060764054,22.694539800576134,23.434765384272946,24.110757904982048,24.720664514191824,25.262813500280515,25.735718870561577,26.13808442428632
-20.733907200091465,-19.826772076109652,-18.865293148009254,-17.852105762700614,-16.789986996381067,-15.681848042762121,-14.530726233689855,-13.339776714029451,-12.112263793632403,-10.851552000090143,-9.561096856797755,-8.244435411604591,-6.905176542011896,-5.546991063490472,-4.173601668030656,-2.7887727205022603,-1.3962999407921721,-3.2673029708353133e-15,1.3962999407921655,2.788772720502242,4.17360166803065,5.546991063490467,6.905176542011879,8.244435411604595,9.56109685679776,10.851552000090127,12.112263793632389,13.339776714029457,14.53072623368986,15.68184804276212,16.789986996381064,17.852105762700607,18.865293148009247,19.826772076109645,20.733907200091465,21.584212125634036,22.375356226040445,23.105171030323206,23.771656166832614,24.372984846136298,24.907508868122108,25.373763139600122,25.770469690021145
-20.422869728181407,-19.52934289389247,-18.582287488199363,-17.584299324140062,-16.53811381790296,-15.446598491241177,-14.31274511179479,-13.139661492863702,-11.930562975107348,-10.68876361351949,-9.417667093833808,-8.120757403257956,-6.801589281106699,-5.463778475508591,-4.110991832891712,-2.746937247412416,-1.375353497875217,-3.2182888778230542e-15,1.3753534978752104,2.7469372474123985,4.110991832891707,5.463778475508586,6.801589281106681,8.12075740325796,9.417667093833813,10.68876361351947,11.930562975107332,13.13966149286371,14.312745111794797,15.44659849124117,16.53811381790296,17.584299324140062,18.58228748819936,19.529342893892462,20.422869728181407,21.260418896121653,22.039694733661243,22.758561299896247,23.415048231536456,24.007356143534068,24.53386156107311,24.99312136940106,25.383876769306053
-20.0948937881185,-19.215716323303482,-18.28386991571436,-17.301908691582476,-16.272524138367896,-15.198537727579328,-14.082893181316864,-12.928648403734327,-11.738967099536486,-10.517110102484414,-9.26642643767678,-7.990344142104889,-6.6923608686415035,-5.376034299217458,-4.044972393462832,-2.7028234995403073,-1.3532663542764904,-3.166605576986957e-15,1.3532663542764838,2.7028234995402904,4.044972393462826,5.376034299217452,6.692360868641487,7.990344142104898,9.266426437676788,10.517110102484397,11.73896709953647,12.928648403734332,14.082893181316871,15.198537727579321,16.272524138367896,17.301908691582472,18.283869915714355,19.215716323303475,20.0948937881185,20.918992545839217,21.68575379905314,22.393075908462116,23.03902015332963,23.621816045379518,24.13986618158132,24.59175062252094,24.97623078435585
-19.757063366532602,-18.892666417440584,-17.976485982911505,-17.011033249833485,-15.9989544570401,-14.943023642153648,-13.846135038140886,-12.71129514042164,-11.541614466273789,-10.340299029121669,-9.110641551076085,-7.856012437811945,-6.57985054052049,-5.285653730257261,-3.9769693105206954,-2.6573842943397374,-1.3305155725205025,-3.113369381346934e-15,1.3305155725204962,2.657384294339721,3.9769693105206887,5.2856537302572555,6.579850540520474,7.856012437811949,9.11064155107609,10.34029902912165,11.541614466273774,12.711295140421644,13.846135038140892,14.94302364215364,15.998954457040096,17.01103324983348,17.9764859829115,18.892666417440577,19.757063366532602,20.567307578233578,21.32117822947865,22.016609013213646,22.65169380199915,23.224691872573317,23.734032677053285,24.17832014769784,24.556336523431984
-19.406570125470825,-18.557507706750577,-17.657580449322676,-16.709254991246556,-15.715130626685504,-14.677932181422031,-13.600502544299836,-12.48579487506307,-11.336864509950713,-10.156860587232371,-8.94901741563914,-7.716645609348227,-6.4631230138195495,-5.191885447356153,-3.906417283765098,-2.610241901930979,-1.3069120284793458,-3.0581377457112828e-15,1.3069120284793394,2.610241901930962,3.906417283765093,5.191885447356146,6.463123013819533,7.716645609348232,8.949017415639146,10.156860587232357,11.336864509950699,12.485794875063073,13.600502544299841,14.677932181422026,15.7151306266855,16.709254991246556,17.657580449322673,18.55750770675057,19.406570125470825,20.20244048441129,20.94293735823842,21.626031096492333,22.249849386717766,22.812682386342267,23.31298740923591,23.74939315410673,24.12070346314222
-19.04188599730422,-18.20877897852987,-17.32576296225209,-16.395258233993786,-15.419815242536542,-14.402107609317714,-13.344924800219964,-12.251164479839174,-11.123824569187144,-9.965995028598542,-8.78084938836436,-7.571636050306038,-6.341669384131798,-5.094320642979675,-3.833008723047042,-2.561190792633707,-1.2823528162839408,-3.000669873212559e-15,1.282352816283935,2.5611907926336905,3.8330087230470364,5.094320642979669,6.341669384131782,7.571636050306044,8.780849388364366,9.965995028598527,11.12382456918713,12.25116447983918,13.34492480021997,14.402107609317708,15.419815242536542,16.395258233993786,17.32576296225208,18.208778978529867,19.04188599730422,19.82280053014521,20.549382144599058,21.219639330964583,21.831734960882994,22.383991322778915,22.87489472035125,23.303099621509542,23.66743234638388
-18.66922860589108,-17.852425827591045,-16.98669079100449,-16.07439641569019,-15.118043237118087,-14.120252552875328,-13.083759237871861,-12.011404248238351,-10.906126834462892,-9.770956485109751,-8.609004623201773,-7.423456078026183,-6.21756035573883,-4.994622732693706,-3.757995195910249,-2.5110672555098454,-1.2572566543042234,-2.9419455531740044e-15,1.2572566543042178,2.511067255509829,3.757995195910244,4.994622732693699,6.217560355738813,7.423456078026189,8.609004623201779,9.770956485109737,10.906126834462878,12.011404248238357,13.083759237871867,14.120252552875325,15.118043237118084,16.07439641569019,16.986690791004488,17.85242582759104,18.66922860589108,19.434860326264534,20.147222445384276,20.80436242819748,21.404479099688498,21.945927581774374,22.42722380180132,22.84704856028475,23.20425114674331
-18.286588327719315,-17.486526554036978,-16.63853542654359,-15.74493922997647,-14.80818724939729,-13.83084705687198,-12.815597473934172,-11.765221229121579,-10.682597330710465,-9.57069317555411,-8.432556415654274,-7.271306604758953,-6.090126647882313,-4.8922540771833285,-3.6809721781152067,-2.45960099016811,-1.2314882068717212,-2.8816481039008463e-15,1.2314882068717155,2.4596009901680937,3.6809721781152014,4.892254077183322,6.090126647882297,7.2713066047589585,8.43255641565428,9.570693175554094,10.68259733071045,11.765221229121583,12.815597473934176,13.830847056871976,14.808187249397289,15.744939229976469,16.638535426543587,17.486526554036974,18.286588327719315,19.036527833880534,19.734289540461912,20.37796093112653,20.965777747333632,21.49612882404864,21.96756050583451,22.37878063122031,22.728662074425905
