hough_viz/data/file_1_3_0.json
{"header": {"discipline": 0, "disciplineName": "Meteorological products", "gribEdition": 2, "gribLength": 133963, "center": 7, "centerName": "US National Weather Service - NCEP(WMC)", "subcenter": 0, "refTime": "2014-11-30T06:00:00.000Z", "significanceOfRT": 1, "significanceOfRTName": "Start of forecast", "productStatus": 0, "productStatusName": "Operational products", "productType": 1, "productTypeName": "Forecast products", "productDefinitionTemplate": 0, "productDefinitionTemplateName": "Analysis/forecast at horizontal level/layer at a point in time", "parameterCategory": 2, "parameterCategoryName": "Momentum", "parameterNumber": 2, "parameterNumberName": "U-component_of_wind", "parameterUnit": "m.s-1", "genProcessType": 2, "genProcessTypeName": "Forecast", "forecastTime": 6, "surface1Type": 100, "surface1TypeName": "Isobaric surface", "surface1Value": 85000, "surface2Type": 255, "surface2TypeName": "Missing", "surface2Value": 0, "gridDefinitionTemplate": 0, "gridDefinitionTemplateName": "Latitude_Longitude", "numberPoints": 65160, "shape": 6, "shapeName": "Earth spherical with radius of 6,371,229.0 m", "gridUnits": "degrees", "resolution": 48, "winds": "true", "scanMode": 0, "nx": 360, "ny": 181, "basicAngle": 0, "subDivisions": 0, "lo1": 0, "la1": 90, "lo2": 359, "la2": -90, "dx": 1, "dy": 1}, "data":
[rows 0 to 18 of 181, columns 258 to 300 of 360]
6.232335094141637,5.7196668137604005,5.205256267460012,4.689260149676128,4.171835637824744,3.6531403444246267,3.1333322690868313,2.6125697503866014,2.0910114176318726,1.5688161425432507,1.0461429908601465,0.5231511738877856,5.506479116855641e-15,-0.5231511738877745,-1.0461429908601358,-1.5688161425432399,-2.091011417631862,-2.6125697503865912,-3.1333322690868215,-3.653140344424642,-4.171835637824758,-4.689260149676117,-5.2052562674599985,-5.719666813760363,-6.232335094141599,-6.743104944879203,-7.251820780528641,-7.758327641318394,-8.26247124035197,-8.764098010605375,-9.263055151705027,-9.759190676472238,-10.252353457219998,-10.742393271787902,-11.229160849301355,-11.712507915640753,-12.192287238607463,-12.668352672771928,-13.140559203991183,-13.608762993581442,-14.07282142213281,-14.532593132952513,-14.987938075123552
6.207409604470691,5.696791680454162,5.184438458505681,4.6705060063799815,4.155150872880505,3.638530040173325,3.1208008759686754,2.6021210855853294,2.082648663912002,1.5625418472805759,1.0419590652657849,0.521058892426004,5.4844566026170395e-15,-0.5210588924259929,-1.0419590652657742,-1.5625418472805648,-2.082648663911991,-2.6021210855853187,-3.120800875968665,-3.63853004017334,-4.155150872880519,-4.67050600637997,-5.18443845850567,-5.696791680454124,-6.207409604470654,-6.71613669138916,-7.222817978010764,-7.727299124307288,-8.22942646043449,-8.729047033541603,-9.22600865436212,-9.720159943572163,-10.211350377902095,-10.699430335987342,-11.184251143944566,-11.665665120659042,-12.14352562276996,-12.61768708933918,-13.088005086190707,-13.554336349906631,-14.016538831466566,-14.474471739517176,-14.927995583258596
6.1824841147997445,5.673916547147923,5.16362064955135,4.651751863083835,4.138466107936265,3.6239197359220223,3.108269482850519,2.5916724207840574,2.0742859101921307,1.5562675520179006,1.0377751396714232,0.5189666109642223,5.462434088378437e-15,-0.5189666109642113,-1.0377751396714125,-1.5562675520178897,-2.0742859101921205,-2.5916724207840467,-3.108269482850509,-3.623919735922038,-4.138466107936279,-4.651751863083823,-5.16362064955134,-5.673916547147885,-6.182484114799706,-6.689168437899117,-7.193815175492888,-7.69627060729618,-8.196381680517012,-8.693996056477827,-9.188962157019208,-9.681129210672088,-10.170347298584192,-10.65646740018678,-11.139341438587781,-11.618822325677336,-12.094764006932454,-12.567021505906428,-13.035450968390235,-13.499909706231817,-13.96025624080032,-14.416350346081835,-14.868053091393637
6.150261758006624,5.644344782788846,5.1367084854722105,4.627507496990512,4.116896924897533,3.605032306119981,3.0920695595792527,2.5781649386971264,2.063474983799428,1.5481564744323333,1.032366381605798,0.5162618199786415,5.433964544925299e-15,-0.5162618199786306,-1.0323663816057873,-1.5481564744323226,-2.0634749837994177,-2.5781649386971157,-3.092069559579243,-3.605032306119997,-4.116896924897548,-4.627507496990502,-5.136708485472198,-5.644344782788808,-6.150261758006586,-6.654305303913977,-7.156321883964066,-7.656158579043481,-8.153663134052817,-8.648684004285213,-9.141070401588221,-9.63067234029537,-10.117340682913245,-10.600927185550223,-11.081284543073021,-11.558266433977161,-12.031727564958095,-12.501523715168755,-12.967511780150797,-13.4295498154255,-13.887497079731448,-14.341214077895707,-14.7905626033254
6.1058935443470705,5.603626272724631,5.099652082255946,4.594124488361594,4.087197479643775,3.5790254709801133,3.0697632564871915,2.5595659623688807,2.04858899966336,1.5369880169034142,1.0249188527043827,0.5125374882941792,5.3947637256050794e-15,-0.5125374882941685,-1.024918852704372,-1.5369880169034038,-2.0485889996633495,-2.5595659623688705,-3.0697632564871817,-3.5790254709801284,-4.087197479643789,-4.594124488361582,-5.099652082255935,-5.603626272724594,-6.105893544347034,-6.606300901646773,-7.104695915695172,-7.600926770542944,-8.094842309464545,-8.586292081002188,-9.075126384794677,-9.56119631717764,-10.044353816540998,-10.524451708429995,-11.001343750375982,-11.474884676443164,-11.944930241478225,-12.411337265048568,-12.873963675056656,-13.332668551016436,-13.787312166979111,-14.237756034095035,-14.683862942798754
6.044568266565316,5.547345576825808,5.048433111885232,4.54798284531353,4.0461472191098204,3.543079097267287,3.0389317192091485,2.5338586531105465,2.0280137491201677,1.5215510924959958,1.0146249566694534,0.5073897562521912,5.3405807658733364e-15,-0.5073897562521805,-1.0146249566694427,-1.5215510924959852,-2.0280137491201566,-2.5338586531105363,-3.0389317192091387,-3.5430790972673023,-4.046147219109835,-4.547982845313518,-5.04843311188522,-5.547345576825772,-6.044568266565281,-6.53994972225577,-7.033339045906921,-7.524585946351229,-8.013540785023949,-8.50005462154464,-8.983979259085729,-9.465167289514742,-9.943472138296231,-10.418748109139822,-10.890850428380713,-11.359635289079055,-11.82495989482511,-12.28668250323622,-12.744662469133077,-13.19876028738152,-13.648837635387164,-14.094757415229807,-14.536383795424815
5.973708353367205,5.482314559105635,4.989250798720963,4.49466726421107,3.998714610511651,3.5015439096054783,3.003306604504222,2.50415446311755,2.0042395320231225,1.5037140901517367,1.0027306024016855,0.5014416731964478,5.277973632855989e-15,-0.5014416731964372,-1.002730602401675,-1.5037140901517263,-2.004239532023112,-2.5041544631175388,-3.003306604504212,-3.5015439096054926,-3.9987146105116653,-4.494667264211059,-4.989250798720954,-5.4823145591056,-5.9737083533671695,-6.463282498195715,-6.950887864564062,-7.436375923154127,-7.919598789600182,-8.400409269536048,-8.87866090343182,-9.354208011206891,-9.826905736605498,-10.296610091321364,-10.763177998857934,-11.226467338110783,-11.686336986659233,-12.142646863753436,-12.595257972984475,-13.044032444623946,-13.488833577620403,-13.929525881239847,-14.365975116337546
5.891530875457513,5.406896953001557,4.920616037355907,4.432836254398225,3.9437061865755787,3.453374827644986,2.9619915372883003,2.4697059956159007,1.9766681575726568,1.4830282072602021,0.9889365121893992,0.49454357747691496,5.205367048140906e-15,-0.4945435774769046,-0.9889365121893887,-1.483028207260192,-1.976668157572647,-2.4697059956158904,-2.9619915372882906,-3.4533748276450007,-3.9437061865755925,-4.4328362543982145,-4.920616037355897,-5.406896953001523,-5.891530875457478,-6.374370180536251,-6.8552677907080986,-7.334077219902454,-7.810652618128795,-8.284848815904166,-8.75652136847308,-9.22552659980683,-9.691721646368597,-10.154964500631065,-10.615114054333311,-11.072030141463667,-11.525573580955793,-11.975606219084394,-12.421990971548363,-12.864591865227869,-13.30327407960313,-13.737903987822028,-14.168349197404194
5.7931487073843195,5.316607645174866,4.838447092773534,4.358812702516679,3.8778505756858457,3.3957072180041012,2.9125294950087977,2.428464587315008,1.9436599457828578,1.458263246602565,0.9724223463108437,0.48628523675234486,5.118443070886336e-15,-0.48628523675233465,-0.9724223463108337,-1.458263246602555,-1.9436599457828474,-2.428464587314998,-2.912529495008788,-3.395707218004115,-3.87785057568586,-4.358812702516669,-4.838447092773525,-5.316607645174831,-5.793148707384284,-6.267925120377999,-6.74079226266127,-7.211606094321838,-7.680223200905651,-8.146500837102481,-8.610296970227397,-9.071470323485368,-9.529880419005497,-9.985387620631972,-10.437853176458605,-10.88713926109391,-11.333109017644222,-11.775626599401447,-12.214557211223438,-12.649767150593814,-13.081123848349076,-13.508495909060434,-13.93175315105818
5.685977545844305,5.218252321400833,4.748937566749893,4.278176239712155,3.806111738748151,3.3328878592779168,2.858648749879336,2.383538868379191,1.9077029378498778,1.4312859025253624,0.9544328836497596,0.4772891352719739,5.02375372026012e-15,-0.4772891352719639,-0.9544328836497498,-1.4312859025253524,-1.9077029378498682,-2.3835388683791807,-2.8586487498793267,-3.332887859277931,-3.8061117387481644,-4.278176239712145,-4.748937566749883,-5.218252321400798,-5.685977545844271,-6.151970766446001,-6.616090037156769,-7.078193982750741,-7.538141841889536,-7.995793509999675,-8.451009581949672,-8.903651394514242,-9.353581068612437,-9.800661551306957,-10.24475665755183,-10.685731111675604,-11.123450588587785,-11.557781754695371,-11.988592308517733,-12.415751020986818,-12.839127775420831,-13.258593607159025,-13.674020742845617
5.568628641630744,5.1105564701792945,4.650927573719931,4.189881959667091,3.7275600669810145,3.2641027233888735,2.7996511024871156,2.3343466807387103,1.8683311943780292,1.4017465962366087,0.9347350125029508,0.46743869942947935,4.920071989307419e-15,-0.46743869942946936,-0.934735012502941,-1.4017465962365991,-1.868331194378019,-2.3343466807387014,-2.7996511024871062,-3.2641027233888877,-3.727560066981028,-4.1898819596670815,-4.650927573719922,-5.11055647017926,-5.568628641630711,-6.0250045548534255,-6.47954519332318,-6.932112099558307,-7.382567417295007,-7.830773933479865,-8.27659512006617,-8.719895175601732,-9.16053906659528,-9.598392568649011,-10.033322307344633,-10.465195798870443,-10.893881490377312,-11.319248800050786,-11.741168156887744,-12.159511040164862,-12.574150018587318,-12.984958789105587,-13.39181221538859
5.436450862449281,4.989251558668453,4.540532480530866,4.090430312214607,3.639082159200335,3.186625506507814,2.7331981768164764,2.278938288483395,1.823984213471071,1.3684745351979917,0.9125480063247806,0.4563435064887688,4.803288445133223e-15,-0.45634350648875915,-0.9125480063247711,-1.3684745351979826,-1.8239842134710618,-2.2789382884833858,-2.733198176816467,-3.186625506507828,-3.639082159200348,-4.090430312214598,-4.540532480530857,-4.98925155866842,-5.436450862449249,-5.881994170633316,-6.325745766412828,-6.767570478753039,-7.207333723566471,-7.644901544708696,-8.080140654782577,-8.512918475738934,-8.943103179261087,-9.370563726921048,-9.795169910095126,-10.21679238962662,-10.635302735223972,-11.050573464581658,-11.462478082212725,-11.870891117980431,-12.275688165317696,-12.676745919122544,-13.073942213318048
5.296517066723833,4.860828636048851,4.4236595498834035,3.985142974166131,3.5454124852939586,3.104602029433606,2.6628458817201324,2.22027860535552,1.7770350106193946,1.333250113804509,0.8890590960894755,0.44459726236124175,4.67965219768099e-15,-0.4445972623612323,-0.8890590960894664,-1.3332501138045,-1.7770350106193855,-2.220278605355511,-2.6628458817201235,-3.104602029433619,-3.5454124852939715,-3.985142974166122,-4.423659549883395,-4.8608286360488195,-5.2965170667238,-5.730592126991765,-6.162921593384336,-6.593373774158021,-7.021817549408628,-7.4481224110118145,-7.872158502377021,-8.293796658003094,-8.712908442823327,-9.129366191328035,-9.543043046452732,-9.953812998219924,-10.361550922123127,-10.76613261724083,-11.167434844069458,-11.56533536206321,-11.959712966869757,-12.350447527250255,-12.737420021672499
5.1478233839021454,4.724366409579279,4.299470347482069,3.873264625067133,3.445879068726222,3.017443864240019,2.5880895171221336,2.157946812865947,1.7271467771060611,1.295820635706622,0.8640997747886504,0.4321157007085339,4.5482762933212224e-15,-0.43211570070852473,-0.8640997747886414,-1.295820635706613,-1.7271467771060522,-2.157946812865938,-2.588089517122125,-3.0174438642400325,-3.4458790687262346,-3.8732646250671237,-4.29947034748206,-4.724366409579248,-5.1478233839021135,-5.56971228135418,-5.989904590490309,-6.408272316662689,-6.824688021009063,-7.239024859272003,-7.6511566204367965,-8.060957765176585,-8.468303464092855,-8.873069635739661,-9.275132984420086,-9.674371037743205,-10.070662183930516,-10.46388570885988,-10.85392183283639,-11.240651747078319,-11.623957649907446,-12.003722782632606,-12.37983146511552
4.986237470929449,4.576072460354716,4.164513533779129,3.7516860560386247,3.3377157783820306,2.922728800166184,2.5068515304446968,2.09021064946262,1.6729330700683926,1.255145899054955,0.8369763984417943,0.41855194670967444,4.405509667021142e-15,-0.4185519467096656,-0.8369763984417856,-1.2551458990549464,-1.6729330700683835,-2.090210649462612,-2.5068515304446883,-2.9227288001661966,-3.3377157783820417,-3.751686056038616,-4.16451353377912,-4.576072460354686,-4.98623747092942,-5.394883625267762,-5.801886445792417,-6.2071219555015675,-6.61046671573331,-7.011797863766412,-7.410993150245399,-7.807930976418919,-8.202490431179896,-8.594551327896227,-8.983994241020811,-9.370700542469656,-9.754552437757269,-10.13543300187785,-10.513226214921914,-10.887816997417005,-11.25909124538203,-11.626935865084445,-11.99123880748972
4.818192122731031,4.421850425310292,4.024161789414556,3.6252473548548556,3.2252286348322836,2.824227478924073,2.4223660359668746,2.019766716849135,1.6165521572235235,1.2128451801509292,0.8087687586873659,0.40444597842516705,4.2570359109470916e-15,-0.4044459784251585,-0.8087687586873576,-1.2128451801509206,-1.6165521572235153,-2.019766716849127,-2.4223660359668666,-2.824227478924085,-3.225228634832295,-3.6252473548548463,-4.024161789414548,-4.421850425310263,-4.818192122731002,-5.213066152156302,-5.60635223113153,-5.997930560907222,-6.3876818629307826,-6.775487415180031,-7.161229088326994,-7.544789381721271,-7.926051459181861,-8.304899184586596,-8.681217157248364,-9.054890747067171,-9.42580612944775,-9.79385031997144,-10.158911208812512,-10.520877594887798,-10.879639219729647,-11.235086801071736,-11.587112066137507
4.643033990597996,4.261100699824042,3.8778694364986954,3.4934569365772465,3.1079802958310165,2.7215569341790165,2.3343045599205507,1.9463411338802181,1.5577848334758753,1.1687540167206554,0.7793671861699678,0.38974295282445354,4.10227776938878e-15,-0.3897429528244454,-0.7793671861699596,-1.1687540167206474,-1.5577848334758673,-1.94634113388021,-2.334304559920543,-2.721556934179028,-3.1079802958310276,-3.4934569365772363,-3.877869436498687,-4.261100699824015,-4.643033990597967,-5.023552968240323,-5.402541722984282,-5.779884811183844,-6.155467290478897,-6.52917475480792,-6.900893369257093,-7.270509904735534,-7.637911772465983,-8.002987058280427,-8.36562455671026,-8.725713804860472,-9.083145116057858,-9.437809613262472,-9.789599262232773,-10.138406904433818,-10.48412628967882,-10.826652108493974,-11.165880024196762
4.4574257610376105,4.0907604958810175,3.722849145449275,3.3538037791037985,2.9837368116381606,2.6127609690356084,2.2409892541315046,1.8685349121916424,1.4955113964166225,1.1220323333829094,0.748211488431077,0.37416273101176195,3.9382866128555686e-15,-0.37416273101175407,-0.7482114884310693,-1.1220323333829019,-1.4955113964166145,-1.8685349121916346,-2.2409892541314975,-2.61276096903562,-2.9837368116381704,-3.3538037791037905,-3.722849145449268,-4.090760495880991,-4.457425761037584,-4.822733251127329,-5.186571689949895,-5.548830248792277,-5.909398580188129,-6.268166851530827,-6.6250257785294515,-6.9798666584978735,-7.332581403466629,-7.683062573107577,-8.031203407461277,-8.37689785945703,-8.72004062721598,-9.060527186126931,-9.398253820685692,-9.73311765608774,-10.065016689564919,-10.393849821456449,-10.719516886004895
4.266877800598697,3.9158869004646455,3.5637031832466475,3.2104339275166827,2.856186742512206,2.5010695353574754,2.145190478193871,1.7886579752296818,1.4315806297191185,1.0740672108807103,0.7162266207651447,0.3581678610826331,3.769931036804692e-15,-0.35816786108262555,-0.7162266207651372,-1.0740672108807028,-1.4315806297191114,-1.788657975229674,-2.145190478193864,-2.5010695353574866,-2.856186742512216,-3.210433927516675,-3.563703183246641,-3.9158869004646206,-4.266877800598672,-4.616568968420504,-4.964853884612831,-5.311626458216303,-5.656781058945702,-6.000212549366079,-6.341816316918555,-6.681488305786343,-7.019125048591159,-7.354623697910381,-7.687882057605399,-8.018798613951466,-8.347272566559894,-8.673203859082687,-8.99649320969079,-9.317042141316236,-9.634753011649222,-9.949529042880911,-10.261274351182903
