hough_viz/data/file_5_3_0.json
{"header": {"discipline": 0, "disciplineName": "Meteorological products", "gribEdition": 2, "gribLength": 133963, "center": 7, "centerName": "US National Weather Service - NCEP(WMC)", "subcenter": 0, "refTime": "2014-11-30T06:00:00.000Z", "significanceOfRT": 1, "significanceOfRTName": "Start of forecast", "productStatus": 0, "productStatusName": "Operational products", "productType": 1, "productTypeName": "Forecast products", "productDefinitionTemplate": 0, "productDefinitionTemplateName": "Analysis/forecast at horizontal level/layer at a point in time", "parameterCategory": 2, "parameterCategoryName": "Momentum", "parameterNumber": 3, "parameterNumberName": "V-component_of_wind", "parameterUnit": "m.s-1", "genProcessType": 2, "genProcessTypeName": "Forecast", "forecastTime": 6, "surface1Type": 100, "surface1TypeName": "Isobaric surface", "surface1Value": 85000, "surface2Type": 255, "surface2TypeName": "Missing", "surface2Value": 0, "gridDefinitionTemplate": 0, "gridDefinitionTemplateName": "Latitude_Longitude", "numberPoints": 65160, "shape": 6, "shapeName": "Earth spherical with radius of 6,371,229.0 m", "gridUnits": "degrees", "resolution": 48, "winds": "true", "scanMode": 0, "nx": 360, "ny": 181, "basicAngle": 0, "subDivisions": 0, "lo1": 0, "la1": 90, "lo2": 359, "la2": -90, "dx": 1, "dy": 1}, "data":
[rows 19 to 37 of 181, columns 258 to 300 of 360]
-2.1855866729313576,-2.5072020303926226,-2.809736066512609,-3.0908863146014247,-3.3485130515079273,-3.580655582204996,-3.7855471618625396,-3.961628441842436,-4.107559337283255,-4.222229225955205,-4.304765400765926,-4.354539711588402,-4.3711733458627275,-4.354539711588404,-4.304765400765927,-4.222229225955208,-4.107559337283258,-3.961628441842446,-3.785547161862543,-3.580655582205009,-3.3485130515079327,-3.09088631460143,-2.8097360665126265,-2.507202030392616,-2.185586672931365,-1.847337681195792,-1.495029334253315,-1.131342911353792,-0.7590462857753093,-0.3809728596374282,-4.282514757223212e-15,0.3809728596374195,0.7590462857753162,1.1313429113537687,1.4950293342533219,1.8473376811957838,2.1855866729313576,2.5072020303926092,2.8097360665126083,3.090886314601424,3.348513051507937,3.5806555822050044,3.7855471618625396
-2.581966750147604,-2.961910574653118,-3.319312471235003,-3.6514523956551366,-3.955802562537082,-4.2300466833392285,-4.472097594709154,-4.6801131430569844,-4.852510204456568,-4.987976733174462,-5.085481747130201,-5.144283174292448,-5.163933500295222,-5.14428317429245,-5.085481747130203,-4.987976733174465,-4.852510204456571,-4.680113143056995,-4.472097594709159,-4.2300466833392445,-3.9558025625370883,-3.6514523956551423,-3.3193124712350244,-2.96191057465311,-2.581966750147613,-2.1823725996393435,-1.766169275895197,-1.3365243375193392,-0.8967076419194641,-0.45006645971773973,-5.059195705717064e-15,0.45006645971772974,0.8967076419194722,1.3365243375193117,1.7661692758952046,2.1823725996393333,2.5819667501476036,2.961910574653103,3.3193124712350026,3.651452395655136,3.9558025625370927,4.23004668333924,4.472097594709154
-3.0010883198696745,-3.442707087371202,-3.8581247751744434,-4.24417980383919,-4.597934061490873,-4.916695264626119,-5.198037448015802,-5.439819427765259,-5.640201097016643,-5.797657430273187,-5.910990089764086,-5.979336545518481,-6.002176639739364,-5.9793365455184855,-5.910990089764089,-5.79765743027319,-5.6402010970166465,-5.439819427765271,-5.198037448015807,-4.916695264626137,-4.59793406149088,-4.244179803839197,-3.8581247751744674,-3.4427070873711934,-3.001088319869684,-2.5366294581472952,-2.052865314589641,-1.5534776264340133,-1.0422670355257437,-0.523124163139122,-5.8804371278190626e-15,0.5231241631391103,1.0422670355257533,1.5534776264339814,2.0528653145896505,2.5366294581472832,3.0010883198696736,3.442707087371185,3.8581247751744425,4.244179803839189,4.597934061490886,4.916695264626131,5.198037448015802
-3.4441967942358005,-3.9510202466589464,-4.427774049313746,-4.870829817890218,-5.276815630465073,-5.642641689863696,-5.965523838882264,-6.243004749405161,-6.472972624155747,-6.653677268748768,-6.783743411726434,-6.862181171204598,-6.8883935884716205,-6.862181171204601,-6.7837434117264355,-6.653677268748772,-6.472972624155751,-6.243004749405174,-5.965523838882271,-5.642641689863718,-5.27681563046508,-4.870829817890227,-4.427774049313774,-3.9510202466589375,-3.4441967942358125,-2.911160924545669,-2.3559693624126843,-1.7828474508585672,-1.1961569936906447,-0.6003630595414442,-6.748679327511135e-15,0.6003630595414308,1.1961569936906558,1.7828474508585306,2.355969362412695,2.911160924545656,3.4441967942358,3.9510202466589264,4.4277740493137445,4.870829817890218,5.276815630465087,5.642641689863711,5.965523838882264
-3.9214089482438794,-4.49845554001767,-5.041266168890183,-5.545709718217724,-6.0079470679985265,-6.42446031289424,-6.792079535613643,-7.108006931897273,-7.369838103497231,-7.575580357099651,-7.723667869924059,-7.812973606580179,-7.842817896487781,-7.812973606580184,-7.7236678699240615,-7.575580357099654,-7.369838103497235,-7.108006931897291,-6.79207953561365,-6.424460312894262,-6.007947067998536,-5.545709718217734,-5.041266168890214,-4.498455540017659,-3.9214089482438927,-3.3145180665625307,-2.682401701033875,-2.0298706388819463,-1.3618910354986697,-0.6835466190030116,-7.68374546658347e-15,0.6835466190029964,1.3618910354986822,2.0298706388819046,2.6824017010338865,3.314518066562516,3.9214089482438794,4.4984555400176465,5.041266168890182,5.545709718217724,6.007947067998544,6.424460312894254,6.792079535613643
-4.410820548943091,-5.059885463693501,-5.670441594822801,-6.237842241509275,-6.757769142225718,-7.226265339317253,-7.63976529383829,-7.995122021456809,-8.28963104290537,-8.521050966701333,-8.687620547489457,-8.788072090182478,-8.821641097886204,-8.788072090182483,-8.687620547489459,-8.52105096670134,-8.289631042905375,-7.995122021456828,-7.639765293838297,-7.226265339317278,-6.757769142225728,-6.237842241509287,-5.670441594822837,-5.0598854636934885,-4.410820548943105,-3.7281866264890016,-3.017178952666655,-2.2832087251920816,-1.5318619006796141,-0.7688566821395308,-8.642715627002468e-15,0.7688566821395136,1.531861900679628,2.2832087251920345,3.0171789526666672,3.728186626488985,4.41082054894309,5.059885463693474,5.670441594822799,6.237842241509275,6.757769142225737,7.22626533931727,7.63976529383829
-4.912524436914072,-5.635416520025221,-6.315419680661421,-6.947358684173151,-7.526424093168432,-8.04820887023558,-8.508741918158874,-8.904518302366137,-9.232525925597235,-9.490268451782953,-9.67578430466984,-9.787661596599895,-9.82504887382817,-9.7876615965999,-9.675784304669843,-9.490268451782958,-9.23252592559724,-8.904518302366158,-8.508741918158883,-8.04820887023561,-7.526424093168441,-6.947358684173162,-6.315419680661462,-5.635416520025209,-4.9125244369140875,-4.152245076574697,-3.3603646240084166,-2.542909767609827,-1.706101832428761,-0.8563094321305277,-9.62577172383998e-15,0.8563094321305085,1.7061018324287767,2.5429097676097747,3.360364624008431,4.15224507657468,4.9125244369140715,5.635416520025193,6.315419680661421,6.9473586841731505,7.526424093168453,8.048208870235602,8.508741918158874
-5.4225090601826595,-6.2204468456416775,-6.971043274596831,-7.6685858550013215,-8.307765866630486,-8.883718763648409,-9.392061196738943,-9.828924373040685,-10.190983499996783,-10.475483089033814,-10.68025792649367,-10.80374955221686,-10.845018120365346,-10.80374955221687,-10.680257926493676,-10.475483089033819,-10.19098349999679,-9.828924373040708,-9.39206119673895,-8.883718763648442,-8.307765866630497,-7.668585855001335,-6.971043274596876,-6.220446845641662,-5.4225090601826755,-4.583302706575211,-3.709214651896836,-2.806897234032519,-1.8832176333662514,-0.9452056093922436,-1.0625053382240373e-14,0.9452056093922224,1.883217633366268,2.8068972340324607,3.7092146518968523,4.583302706575193,5.422509060182657,6.2204468456416455,6.9710432745968305,7.6685858550013215,8.30776586663051,8.883718763648432,9.392061196738943
-5.928450537770082,-6.80083906507523,-7.621469100636222,-8.384095154372538,-9.082913181528985,-9.712604754961069,-10.268377541576829,-10.746001774885304,-11.141842446073625,-11.4528869686189,-11.676768105890762,-11.81178198725145,-11.856901075540193,-11.811781987251456,-11.676768105890769,-11.452886968618905,-11.141842446073632,-10.74600177488533,-10.268377541576838,-9.712604754961106,-9.082913181528998,-8.384095154372554,-7.62146910063627,-6.8008390650752135,-5.928450537770099,-5.01094292217625,-4.055299005254538,-3.068791814246392,-2.0589292645445885,-1.033397019924202,-1.1616412759973686e-14,1.0333970199241787,2.058929264544607,3.068791814246329,4.0552990052545566,5.010942922176229,5.92845053777008,6.800839065075197,7.6214691006362205,8.384095154372538,9.08291318152901,9.712604754961093,10.268377541576829
-6.42989359045116,-7.376070903454838,-8.266111863089806,-9.09324272023189,-9.851168509622902,-10.534120958357505,-11.136902385922895,-11.65492526168589,-12.084247118771167,-12.421600558614669,-12.664418117839634,-12.810851808203113,-12.859787180902353,-12.81085180820312,-12.66441811783964,-12.421600558614676,-12.084247118771174,-11.654925261685918,-11.136902385922905,-10.534120958357544,-9.851168509622914,-9.093242720231906,-8.26611186308986,-7.37607090345482,-6.42989359045118,-5.434780904748308,-4.398306254749827,-3.328357838382815,-2.23307860914821,-1.1208043033283466,-1.2598957767046586e-14,1.120804303328321,2.23307860914823,3.3283578383827463,4.398306254749847,5.434780904748286,6.429893590451158,7.3760709034548,8.266111863089806,9.09324272023189,9.851168509622928,10.534120958357532,11.136902385922895
-6.903827716555707,-7.919745797687227,-8.87538983122505,-9.763486789040382,-10.577277717036576,-11.310569174871217,-11.957780371776726,-12.513985639747814,-12.97495192084929,-13.337170983342917,-13.597886121449287,-13.755113135543304,-13.80765543311145,-13.755113135543315,-13.597886121449292,-13.337170983342922,-12.9749519208493,-12.513985639747842,-11.957780371776737,-11.31056917487126,-10.57727771703659,-9.763486789040398,-8.875389831225105,-7.919745797687208,-6.90382771655573,-5.8353673378561135,-4.722496290224234,-3.5736841943025706,-2.397674203812655,-1.203416464876554,-1.3527600823911598e-14,1.2034164648765269,2.3976742038126773,3.5736841943024973,4.722496290224255,5.835367337856089,6.903827716555704,7.919745797687186,8.875389831225046,9.763486789040382,10.577277717036603,11.310569174871244,11.957780371776726
-7.353652844330234,-8.43576398522736,-9.453673868543309,-10.39963558543533,-11.266449796050498,-12.047519520849338,-12.736900347603372,-13.329345671961434,-13.82034662727689,-14.206166399805308,-14.48386866811341,-14.651339950258155,-14.707305688660504,-14.651339950258166,-14.483868668113415,-14.206166399805316,-13.820346627276903,-13.329345671961464,-12.736900347603381,-12.047519520849383,-11.266449796050512,-10.399635585435346,-9.453673868543369,-8.435763985227341,-7.353652844330256,-6.215575965030833,-5.030194799570096,-3.8065308143700185,-2.553896831226334,-1.2818261511120514,-1.44090038685598e-14,1.2818261511120226,2.553896831226358,3.8065308143699395,5.030194799570118,6.215575965030806,7.353652844330231,8.435763985227318,9.453673868543305,10.39963558543533,11.266449796050527,12.047519520849368,12.736900347603372
-7.779113941250802,-8.923832904782778,-10.000636111551678,-11.00132843896253,-11.91829401416911,-12.74455417546518,-13.473820584113781,-14.100543082401966,-14.619951933692366,-15.028094122999015,-15.32186344181832,-15.499024128251296,-15.558227882501644,-15.499024128251301,-15.321863441818325,-15.028094122999025,-14.619951933692379,-14.100543082402,-13.473820584113792,-12.744554175465225,-11.918294014169124,-11.001328438962549,-10.000636111551742,-8.923832904782753,-7.779113941250827,-6.57519122346856,-5.321227330266636,-4.026765684036525,-2.7016579195231913,-1.3559889069367417,-1.5242667181368594e-14,1.355988906936711,2.7016579195232167,4.026765684036443,5.321227330266659,6.575191223468531,7.779113941250801,8.92383290478273,10.000636111551676,11.00132843896253,11.91829401416914,12.74455417546521,13.473820584113781
-8.136178405047781,-9.333440430167316,-10.459669337927812,-11.506293846305699,-12.46534851082298,-13.329534346389677,-14.092274376987486,-14.747763690428506,-15.291013617242168,-15.717889697462141,-16.025143146363146,-16.21043557967434,-16.2723568100956,-16.21043557967435,-16.025143146363153,-15.717889697462152,-15.291013617242179,-14.74776369042854,-14.092274376987504,-13.329534346389726,-12.465348510822995,-11.506293846305718,-10.45966933792788,-9.333440430167293,-8.136178405047808,-6.876995149507072,-5.565473808435328,-4.211595851156484,-2.8256651064191214,-1.4182293440387814,-1.5942311745653775e-14,1.4182293440387495,2.8256651064191467,4.211595851156396,5.565473808435353,6.8769951495070405,8.13617840504778,9.333440430167267,10.459669337927808,11.506293846305699,12.465348510823011,13.32953434638971,14.092274376987486
-8.447978472453485,-9.691122773200476,-10.860511777983442,-11.947245730379693,-12.943053928823504,-13.840357671639334,-14.63232793553757,-15.31293734860519,-15.877006062245549,-16.320241172953825,-16.63926939390488,-16.831662727702767,-16.895956944907017,-16.831662727702774,-16.639269393904886,-16.320241172953835,-15.87700606224556,-15.312937348605226,-14.632327935537585,-13.840357671639383,-12.943053928823522,-11.947245730379713,-10.860511777983513,-9.691122773200451,-8.447978472453514,-7.140539954502337,-5.7787576159214336,-4.372995442574177,-2.933952133421973,-1.472579676965809,-1.6553263672889494e-14,1.4725796769657762,2.9339521334219993,4.372995442574088,5.77875761592146,7.140539954502304,8.447978472453483,9.691122773200426,10.860511777983442,11.947245730379692,12.94305392882354,13.840357671639367,14.63232793553757
-8.71451085174471,-9.996876157772528,-11.203159199960787,-12.324179435984913,-13.35140522495815,-14.277018758370563,-15.09397555833219,-15.796058090303276,-16.3779230822865,-16.83514219035316,-17.16423570101446,-17.36269901394216,-17.429021703489465,-17.36269901394217,-17.164235701014466,-16.835142190353174,-16.37792308228651,-15.796058090303317,-15.093975558332207,-14.277018758370616,-13.351405224958171,-12.324179435984934,-11.20315919996086,-9.996876157772503,-8.714510851744738,-7.365822856169678,-5.961076501053668,-4.510962754368294,-3.026517857328276,-1.5190393319326632,-1.7075516513158494e-14,1.5190393319326292,3.0265178573283036,4.510962754368201,5.961076501053693,7.365822856169645,8.714510851744707,9.996876157772476,11.203159199960783,12.324179435984911,13.351405224958187,14.2770187583706,15.09397555833219
-8.875066064987399,-10.18105753187118,-11.409565003446751,-12.551238796062432,-13.59739008279484,-14.540057020668572,-15.372065345088583,-16.08708297032564,-16.679668180512227,-17.14531104438609,-17.48046773859032,-17.68258751830888,-17.750132129974848,-17.68258751830889,-17.480467738590324,-17.145311044386098,-16.67966818051224,-16.087082970325678,-15.372065345088599,-14.540057020668627,-13.597390082794861,-12.551238796062453,-11.409565003446822,-10.18105753187115,-8.87506606498743,-7.5015299864377445,-6.070902735143564,-4.594072248323704,-3.082278097717312,-1.5470259496570136,-1.739011399793303e-14,1.547025949656979,3.0822780977173396,4.59407224832361,6.070902735143591,7.5015299864377125,8.875066064987399,10.181057531871126,11.409565003446746,12.551238796062428,13.59739008279488,14.540057020668609,15.372065345088583
-8.970718772181657,-10.290785809710803,-11.532533753481637,-12.686512151854252,-13.743938532425734,-14.696765241948476,-15.537740693830548,-16.260464557088223,-16.859436466729505,-17.330097884852886,-17.668866793873338,-17.87316495783896,-17.94143754436336,-17.87316495783897,-17.668866793873345,-17.330097884852897,-16.859436466729516,-16.26046455708826,-15.537740693830564,-14.696765241948532,-13.743938532425755,-12.686512151854274,-11.532533753481708,-10.290785809710776,-8.970718772181685,-7.582379148128203,-6.136333040391699,-4.643585732998682,-3.1154979343036944,-1.563699315139693,-1.757753924864539e-14,1.5636993151396577,3.1154979343037223,4.643585732998586,6.136333040391727,7.58237914812817,8.970718772181653,10.29078580971075,11.532533753481632,12.686512151854249,13.743938532425771,14.696765241948512,15.537740693830548
-9.003058369174452,-10.327884271303114,-11.574108737980085,-12.73224724852314,-13.793485669563808,-14.749747335924733,-15.593754518918367,-16.31908381425661,-16.920215028036143,-17.392573188747125,-17.732563365568925,-17.93759802796425,-18.006116738348947,-17.93759802796426,-17.732563365568932,-17.392573188747136,-16.920215028036154,-16.319083814256654,-15.593754518918383,-14.749747335924788,-13.793485669563829,-12.732247248523162,-11.574108737980156,-10.327884271303088,-9.00305836917448,-7.609713756661181,-6.1584546275888385,-4.660325940224033,-3.126729358472257,-1.5693364783318262,-1.7640906582954094e-14,1.5693364783317911,3.1267293584722857,4.660325940223936,6.158454627588865,7.609713756661148,9.003058369174449,10.327884271303057,11.574108737980081,12.732247248523137,13.793485669563847,14.749747335924773,15.593754518918367
