hough_viz/data/file_4_1_2.json
{"header": {"discipline": 0, "disciplineName": "Meteorological products", "gribEdition": 2, "gribLength": 133963, "center": 7, "centerName": "US National Weather Service - NCEP(WMC)", "subcenter": 0, "refTime": "2014-11-30T06:00:00.000Z", "significanceOfRT": 1, "significanceOfRTName": "Start of forecast", "productStatus": 0, "productStatusName": "Operational products", "productType": 1, "productTypeName": "Forecast products", "productDefinitionTemplate": 0, "productDefinitionTemplateName": "Analysis/forecast at horizontal level/layer at a point in time", "parameterCategory": 2, "parameterCategoryName": "Momentum", "parameterNumber": 2, "parameterNumberName": "U-component_of_wind", "parameterUnit": "m.s-1", "genProcessType": 2, "genProcessTypeName": "Forecast", "forecastTime": 6, "surface1Type": 100, "surface1TypeName": "Isobaric surface", "surface1Value": 85000, "surface2Type": 255, "surface2TypeName": "Missing", "surface2Value": 0, "gridDefinitionTemplate": 0, "gridDefinitionTemplateName": "Latitude_Longitude", "numberPoints": 65160, "shape": 6, "shapeName": "Earth spherical with radius of 6,371,229.0 m", "gridUnits": "degrees", "resolution": 48, "winds": "true", "scanMode": 0, "nx": 360, "ny": 181, "basicAngle": 0, "subDivisions": 0, "lo1": 0, "la1": 90, "lo2": 359, "la2": -90, "dx": 1, "dy": 1}, "data":
[rows 60 to 79 of 181, columns 180 to 224 of 360]
-29.11730305669203,-29.046374769876465,-28.833935464913445,-28.481020124742425,-27.9893481174258,-27.361314819560484,-26.599979946244044,-25.709052644450097,-24.69287342243736,-23.556393003229466,-22.305148205190157,-20.94523496720085,-19.483278649859,-17.92640175738732,-16.282189237509293,-14.55865152834606,-12.764185532367216,-10.907533707526168,-8.997741474883407,-7.0441131502249235,-5.056166614370323,-3.043586943014549,-1.0161792220127497,1.0161792220127175,3.0435869430145175,5.056166614370291,7.044113150224892,8.997741474883377,10.907533707526136,12.764185532367188,14.558651528346031,16.282189237509265,17.926401757387296,19.48327864985898,20.94523496720083,22.30514820519014,23.556393003229445,24.692873422437337,25.709052644450075,26.599979946244037,27.361314819560477,27.989348117425788,28.48102012474242,28.83393546491344,29.046374769876465
-29.473461182805117,-29.40166531269478,-29.186627484626054,-28.829395341281785,-28.331709281755472,-27.695993982501886,-26.925346584557158,-26.023521604578786,-24.9949126432182,-23.844530979939684,-22.57798115857075,-21.201433682528023,-19.721594952744685,-18.14567459475932,-16.481350334145162,-14.736730591402598,-12.920314978549653,-11.040952889866782,-9.107800388537084,-7.130275599227424,-5.118012823931128,-3.080815604617436,-1.028608961360602,1.0286089613605696,3.0808156046174044,5.118012823931096,7.130275599227394,9.107800388537054,11.040952889866752,12.920314978549625,14.736730591402571,16.48135033414514,18.145674594759296,19.721594952744656,21.201433682528,22.577981158570733,23.844530979939666,24.99491264321818,26.023521604578768,26.92534658455714,27.695993982501875,28.331709281755465,28.829395341281785,29.186627484626054,29.40166531269478
-29.725701846464307,-29.653291530774872,-29.436413359485936,-29.07612394124753,-28.57417856988911,-27.93302267280457,-27.155779897075764,-26.24623689137781,-25.208824857807606,-24.04859796351239,-22.771208717295515,-21.38288043116191,-19.89037690096732,-18.300969453884864,-16.62240152323014,-14.862850923232196,-13.030890007544777,-11.135443905601122,-9.18574704028019,-7.191298138727175,-5.161813955509044,-3.107181933563345,-1.0374120335702126,1.0374120335701802,3.1071819335633117,5.161813955509011,7.191298138727144,9.185747040280159,11.13544390560109,13.030890007544745,14.862850923232168,16.622401523230113,18.30096945388484,19.890376900967293,21.382880431161897,22.771208717295497,24.048597963512368,25.208824857807585,26.24623689137779,27.15577989707575,27.933022672804558,28.574178569889106,29.07612394124752,29.436413359485936,29.653291530774872
-29.896099062889586,-29.823273668145074,-29.605152281914343,-29.242797569665633,-28.737974887133248,-28.093143679681862,-27.31144550013602,-26.39668870345037,-25.35332989278742,-24.186452207394623,-22.901740558061046,-21.50545393080354,-20.004394893715826,-18.40587645554064,-16.717686437426323,-14.94804953144484,-13.105587230718792,-11.199275826373752,-9.238402675949787,-7.232520956329685,-5.1914031216208105,-3.1249932927413653,-1.0433588106629619,1.0433588106629292,3.124993292741332,5.1914031216207785,7.232520956329654,9.238402675949754,11.19927582637372,13.105587230718761,14.948049531444807,16.7176864374263,18.405876455540607,20.0043948937158,21.505453930803515,22.901740558061025,24.186452207394606,25.353329892787404,26.39668870345035,27.311445500136003,28.09314367968185,28.737974887133237,29.242797569665626,29.605152281914343,29.823273668145074
-30.0,-29.92692150779473,-29.708042062247106,-29.344428022014174,-28.83785087814958,-28.190778623577256,-27.406363729278052,-26.488427785767797,-25.441442884692776,-24.270509831248425,-22.98133329356933,-21.580194010159538,-20.07391819076577,-18.469844259769754,-16.77578710412243,-15.000000000000043,-13.151134403672343,-11.238197802477403,-9.270509831248386,-7.2576568679900175,-5.209445330007921,-3.1358538980295854,-1.0469849010750336,1.0469849010750008,3.135853898029552,5.209445330007888,7.257656867989986,9.270509831248356,11.238197802477373,13.151134403672312,15.000000000000016,16.7757871041224,18.469844259769726,20.073918190765745,21.58019401015952,22.98133329356931,24.270509831248408,25.441442884692755,26.48842778576778,27.40636372927803,28.190778623577245,28.837850878149574,29.344428022014174,29.708042062247106,29.92692150779473
-29.98573299695064,-29.91268925844774,-29.693913904690696,-29.330472787211786,-28.824136554602397,-28.17737202609105,-27.393330173448135,-26.475830769768052,-25.429343779918906,-24.2589675833227,-22.97040413516341,-21.569931187034584,-20.06437170236443,-18.461060615623907,-16.767809097263434,-14.992866498475365,-13.144880161184352,-11.23285328906683,-9.266101084847337,-7.254205367567792,-5.206967890927631,-3.134362590125401,-1.046486989849158,1.0464869898491251,3.1343625901253684,5.206967890927599,7.254205367567759,9.266101084847305,11.232853289066798,13.144880161184322,14.992866498475337,16.767809097263406,18.461060615623882,20.064371702364408,21.569931187034562,22.97040413516339,24.258967583322683,25.42934377991889,26.475830769768034,27.39333017344812,28.177372026091042,28.824136554602394,29.330472787211786,29.69391390469069,29.91268925844774
-29.877820177237023,-29.805039308939264,-29.58705128512043,-29.224918121520492,-28.720404094510993,-28.07596714571796,-27.29474690717735,-26.380549405363293,-25.3378285186099,-24.171664278263457,-22.887738119280492,-21.492305200847806,-19.99216393187556,-18.39462284983247,-16.707465014286058,-14.938910088618552,-13.097574294653247,-11.192428435288004,-9.232754189644908,-7.228098893663168,-5.188229026437461,-3.123082628913857,-1.042720886753405,1.0427208867533722,3.1230826289138243,5.188229026437429,7.228098893663136,9.232754189644877,11.192428435287972,13.09757429465322,14.938910088618528,16.70746501428603,18.394622849832444,19.99216393187554,21.492305200847785,22.88773811928047,24.171664278263446,25.337828518609882,26.380549405363272,27.294746907177338,28.07596714571795,28.720404094510993,29.22491812152048,29.58705128512043,29.805039308939264
-29.695784136232156,-29.623446698581187,-29.40678680635318,-29.046860004764497,-28.545419821012764,-27.904909221268603,-27.12844870879011,-26.219821121144477,-25.183453200603868,-24.02439402750179,-22.748290421621334,-21.361359431456926,-19.870358045378808,-18.28255027226497,-16.605671751980225,-14.84789206811612,-13.017774946601001,-11.12423653408825,-9.17650195938567,-7.18406038955581,-5.156618799647263,-3.104054681288291,-1.0363679205406193,1.0363679205405867,3.1040546812882583,5.156618799647231,7.184060389555778,9.17650195938564,11.12423653408822,13.01777494660097,14.847892068116092,16.605671751980196,18.282550272264945,19.87035804537879,21.361359431456908,22.748290421621313,24.024394027501767,25.18345320060385,26.219821121144467,27.1284487087901,27.904909221268593,28.545419821012757,29.046860004764493,29.40678680635318,29.623446698581187
-29.386467981018797,-29.314884021975757,-29.10048089469948,-28.74430314967435,-28.24808604907125,-27.614247112724748,-26.84587434021948,-25.94671116646647,-24.921138224064762,-23.774152001299466,-22.511340499753214,-21.138856010124233,-19.663385138884305,-18.09211623180426,-16.432704353056064,-14.693233990509443,-12.882179668919736,-11.008364662895268,-9.080918010790025,-7.109230038946995,-5.102906612971522,-3.07172233891998,-1.0255729424017206,1.0255729424016882,3.0717223389199475,5.10290661297149,7.109230038946964,9.080918010789995,11.008364662895238,12.882179668919704,14.693233990509414,16.432704353056035,18.09211623180423,19.663385138884284,21.13885601012422,22.511340499753196,23.77415200129945,24.92113822406474,25.946711166466454,26.845874340219464,27.61424711272474,28.248086049071244,28.744303149674348,29.100480894699473,29.314884021975757
-28.975456291450755,-28.90487353622613,-28.693469142640726,-28.342273051649816,-27.852996255306596,-27.22802246098091,-26.470396478176585,-25.58380938452548,-24.572580543228547,-23.441636559552162,-22.196487278902673,-20.84319894341351,-19.388364637823063,-17.839072168628707,-16.20286953300609,-14.487728145725422,-12.702004003220077,-10.854396974012065,-8.95390841382674,-7.009797311893073,-5.031535182078226,-3.0287599186243908,-1.0112288412969512,1.0112288412969195,3.028759918624359,5.031535182078195,7.009797311893042,8.953908413826712,10.854396974012037,12.702004003220049,14.487728145725397,16.202869533006066,17.83907216862868,19.38836463782304,20.84319894341349,22.196487278902655,23.44163655955214,24.57258054322853,25.583809384525466,26.470396478176568,27.228022460980903,27.852996255306596,28.342273051649816,28.693469142640726,28.90487353622613
-28.48606194272634,-28.41667132753833,-28.208837546076364,-27.863573143632347,-27.382560213669137,-26.768142202830248,-26.023312493903436,-25.1516998223605,-24.157550597523095,-23.04570821448305,-21.821589457568503,-20.491158110315222,-19.06089590051249,-17.537770921876994,-15.929203686200706,-14.243030971363213,-12.48746764133766,-10.671066624199414,-8.802677243119836,-6.891402103353897,-4.946552745261737,-2.977604279420354,-0.9941492248374209,0.9941492248373894,2.977604279420323,4.946552745261705,6.891402103353866,8.802677243119806,10.671066624199383,12.487467641337632,14.243030971363186,15.929203686200683,17.537770921876966,19.060895900512474,20.4911581103152,21.821589457568486,23.045708214483028,24.15755059752307,25.151699822360484,26.023312493903422,26.768142202830237,27.38256021366913,27.86357314363234,28.208837546076364,28.41667132753833
-27.86639927421118,-27.79851812613953,-27.595205392054606,-27.25745159115994,-26.786902226022587,-26.185849765850048,-25.457222477810713,-24.604570160810493,-23.6320468512296,-22.544390584874552,-21.346900313744186,-20.04541009006821,-18.646260643390995,-17.156268489174707,-15.582692719421283,-13.93319963710563,-12.215825406718285,-10.438936902879934,-8.611190947768922,-6.741492135954362,-4.838949452105851,-2.9128318929361314,-0.9725233095809128,0.9725233095808821,2.9128318929361,4.838949452105822,6.741492135954331,8.611190947768893,10.438936902879904,12.21582540671826,13.933199637105607,15.582692719421257,17.156268489174685,18.646260643390974,20.045410090068188,21.34690031374417,22.54439058487453,23.632046851229582,24.604570160810482,25.4572224778107,26.185849765850037,26.786902226022583,27.25745159115993,27.595205392054606,27.79851812613953
-27.141815303133956,-27.07569920519839,-26.877673022374864,-26.548701518320573,-26.090387409135175,-25.50496355508903,-24.795282082352475,-23.9648004877237,-23.017564794052095,-21.958189838421394,-20.791836789127398,-19.524188000984935,-18.161419331466185,-16.71017005254398,-15.177510504826246,-13.570907651567019,-11.898188700372183,-10.16750296983092,-8.387282186854376,-6.566199408150225,-4.713126765961623,-2.837092243931056,-0.947235693671618,0.9472356936715882,2.8370922439310253,4.713126765961595,6.5661994081501955,8.387282186854346,10.167502969830892,11.898188700372152,13.570907651566992,15.177510504826223,16.710170052543962,18.161419331466163,19.52418800098491,20.791836789127384,21.958189838421376,23.017564794052078,23.964800487723682,24.795282082352468,25.50496355508902,26.09038740913517,26.548701518320573,26.877673022374864,27.07569920519839
-26.338571943006205,-26.27441250552504,-26.08224677141167,-25.763010952806255,-25.318260334527583,-24.750161696881705,-24.06148275932619,-23.255578696418986,-22.33637579174547,-21.308352309459206,-20.176516676629316,-18.946383082687287,-17.623944614850174,-16.215644060402198,-14.728342518082812,-13.169285971503141,-11.546069987442268,-9.866602711009511,-8.139066337956065,-6.371877251840273,-4.5736450202523775,-2.7531304498669558,-0.9192029046735337,0.919202904673505,2.753130449866927,4.573645020252349,6.371877251840244,8.139066337956038,9.866602711009483,11.546069987442241,13.169285971503118,14.728342518082789,16.215644060402173,17.623944614850153,18.94638308268727,20.176516676629305,21.308352309459192,22.33637579174545,23.255578696418972,24.06148275932618,24.750161696881698,25.31826033452758,25.763010952806255,26.082246771411665,26.27441250552504
-25.40877466478999,-25.346880166747113,-25.161498216391333,-24.853531975950247,-24.424481825990625,-23.876438055715102,-23.212070679283315,-22.434616427771196,-21.54786298014278,-20.556130510058722,-19.46425063842464,-18.277542894219813,-17.00178879828654,-15.64320369634182,-14.208406478437887,-12.704387332395033,-11.138473688309263,-9.518294520049546,-7.851743177663684,-6.146938931770796,-4.41218741729046,-2.655940169224569,-0.8867534476284324,0.8867534476284045,2.6559401692245403,4.412187417290433,6.1469389317707686,7.851743177663659,9.51829452004952,11.138473688309238,12.70438733239501,14.208406478437865,15.643203696341796,17.001788798286523,18.2775428942198,19.464250638424623,20.5561305100587,21.547862980142764,22.434616427771186,23.2120706792833,23.876438055715095,24.424481825990622,24.85353197595024,25.161498216391323,25.346880166747113
-24.376459828314598,-24.31707999732941,-24.13922979694157,-23.843775695449928,-23.432157115538,-22.906379421551367,-22.26900414956415,-21.52313652783269,-20.672410348435793,-19.72097026380473,-18.673451594393388,-17.534957745862975,-16.311035345802516,-15.00764722111681,-13.63114334773328,-12.188229914157334,-10.685936649596163,-9.131582575824794,-7.532740349647396,-5.897199369675008,-4.232927827157972,-2.5480338857593976,-0.8507261793969163,0.8507261793968897,2.5480338857593705,4.232927827157946,5.897199369674982,7.532740349647369,9.131582575824769,10.68593664959614,12.18822991415731,13.631143347733259,15.00764722111679,16.311035345802498,17.534957745862958,18.67345159439337,19.72097026380471,20.672410348435772,21.523136527832676,22.26900414956414,22.906379421551353,23.432157115537997,23.843775695449917,24.139229796941564,24.31707999732941
-23.269541562208865,-23.212858128486396,-23.043083983310275,-22.761046249250178,-22.368118985796105,-21.866216495078675,-21.25778399558164,-20.54578570928306,-19.73369042026405,-18.82545457514114,-17.8255030076562,-16.738707381331274,-15.57036245521349,-14.326160288341237,-13.01216250860481,-11.634770781104466,-10.200695619881616,-8.716923694969077,-7.190683794036675,-5.629411604464812,-4.040713487422472,-2.4323294204404706,-0.8120952890190212,0.8120952890189956,2.432329420440445,4.040713487422448,5.629411604464786,7.19068379403665,8.716923694969054,10.200695619881595,11.634770781104445,13.012162508604789,14.326160288341216,15.570362455213473,16.738707381331256,17.82550300765618,18.825454575141126,19.73369042026404,20.54578570928305,21.257783995581626,21.866216495078667,22.368118985796098,22.761046249250175,23.04308398331027,23.212858128486396
-22.04657697882223,-21.992872625358906,-21.832021207180652,-21.56480637622812,-21.192529976297365,-20.717005700587737,-20.140550255570997,-19.465972074230113,-18.696557633656276,-17.836055443662676,-16.888657784421547,-15.858980282096688,-14.752039421976578,-13.573228108662391,-12.328289392378945,-11.023288489411145,-9.664583232979988,-8.258793098518296,-6.812766954251526,-5.333549694200659,-3.8283479161661864,-2.3044948119083,-0.7694144405738437,0.7694144405738194,2.3044948119082758,3.8283479161661624,5.333549694200636,6.812766954251504,8.258793098518273,9.664583232979968,11.023288489411126,12.328289392378926,13.57322810866237,14.752039421976564,15.858980282096672,16.888657784421532,17.836055443662662,18.696557633656262,19.465972074230102,20.140550255570986,20.71700570058773,21.192529976297358,21.564806376228116,21.832021207180652,21.992872625358906
-20.72956032262982,-20.67906415554795,-20.527821666552516,-20.276569693847055,-19.926532311786833,-19.479414867311597,-18.937395671666774,-18.30311538788991,-17.579664165766005,-16.770566586928148,-15.879764493450214,-14.911597783588563,-13.870783268233836,-12.762391691082508,-11.591823024483375,-10.36478016131494,-9.087241131064605,-7.765429975470041,-6.405786425613206,-5.014934528198256,-3.59965037386138,-2.166829084738605,-0.7234512221239175,0.7234512221238948,2.166829084738582,3.5996503738613574,5.014934528198233,6.405786425613186,7.76542997547002,9.087241131064584,10.364780161314922,11.591823024483356,12.762391691082488,13.870783268233819,14.911597783588547,15.879764493450201,16.770566586928133,17.579664165765987,18.3031153878899,18.937395671666764,19.479414867311593,19.92653231178683,20.27656969384705,20.527821666552512,20.67906415554795
-19.346358277711218,-19.299231521291283,-19.158080848851583,-18.923593932279832,-18.59691316826303,-18.17963011264561,-17.67377772652943,-17.081820471891483,-16.406642304973108,-15.651532625934818,-14.820170253229515,-13.916605500768803,-12.945240445200637,-11.910807479434455,-10.818346256898666,-9.673179138855637,-8.48088526439264,-7.247273369417158,-5.978353487079183,-4.680307667494212,-3.359459859416093,-2.0222451005945885,-0.675178166918388,0.6751781669183667,2.022245100594567,3.359459859416072,4.6803076674941915,5.978353487079161,7.247273369417138,8.48088526439262,9.67317913885562,10.81834625689865,11.910807479434435,12.945240445200623,13.916605500768785,14.8201702532295,15.651532625934806,16.406642304973097,17.081820471891476,17.673777726529416,18.179630112645608,18.596913168263026,18.92359393227983,19.15808084885158,19.299231521291283
