hough_viz/data/file_2_3_1.json
{"header": {"discipline": 0, "disciplineName": "Meteorological products", "gribEdition": 2, "gribLength": 133963, "center": 7, "centerName": "US National Weather Service - NCEP(WMC)", "subcenter": 0, "refTime": "2014-11-30T06:00:00.000Z", "significanceOfRT": 1, "significanceOfRTName": "Start of forecast", "productStatus": 0, "productStatusName": "Operational products", "productType": 1, "productTypeName": "Forecast products", "productDefinitionTemplate": 0, "productDefinitionTemplateName": "Analysis/forecast at horizontal level/layer at a point in time", "parameterCategory": 2, "parameterCategoryName": "Momentum", "parameterNumber": 2, "parameterNumberName": "U-component_of_wind", "parameterUnit": "m.s-1", "genProcessType": 2, "genProcessTypeName": "Forecast", "forecastTime": 6, "surface1Type": 100, "surface1TypeName": "Isobaric surface", "surface1Value": 85000, "surface2Type": 255, "surface2TypeName": "Missing", "surface2Value": 0, "gridDefinitionTemplate": 0, "gridDefinitionTemplateName": "Latitude_Longitude", "numberPoints": 65160, "shape": 6, "shapeName": "Earth spherical with radius of 6,371,229.0 m", "gridUnits": "degrees", "resolution": 48, "winds": "true", "scanMode": 0, "nx": 360, "ny": 181, "basicAngle": 0, "subDivisions": 0, "lo1": 0, "la1": 90, "lo2": 359, "la2": -90, "dx": 1, "dy": 1}, "data":
[rows 0 to 18 of 181, columns 172 to 214 of 360]
0.02066468012089145,0.0208588887821949,0.021027684100582998,0.021170860424960854,0.021288243317032187,0.021379689763823064,0.02144508835192641,0.02148435940323571,0.021497455072023865,0.02148435940323571,0.02144508835192641,0.021379689763823578,0.021288243317031677,0.021170860424960854,0.021027684100582485,0.0208588887821949,0.02066468012089145,0.02044529473001042,0.020200999896857676,0.0199320932570556,0.019638902431923164,0.019321784629318918,0.018981126208437088,0.018617342209087166,0.018230875846038174,0.017822197969021892,0.01739180648907892,0.0169402257719318,0.01646800599912383,0.015975722497706867,0.015463975039298486,0.014933387109347655,0.014384605147515245,0.013818297760090376,0.013235154905389044,0.012635887053155654,0.01202122431895687,0.011391915574653286,0.010748727536011932,0.010092443828582428,0.009423864032969539,0.008743802710667922,0.008053088411642376
1.534041358404809,1.54845842737743,1.560988938278027,1.5716176246092453,1.580331536954014,1.5871200587524161,1.5919749192363313,1.594890203506095,1.5958623597368888,1.594890203506095,1.5919749192363313,1.5871200587524161,1.5803315369540143,1.5716176246092457,1.5609889382780275,1.54845842737743,1.5340413584048094,1.5177552963379286,1.4996200832347413,1.4796578140588978,1.4578928097604376,1.4343515876444553,1.4090628290638534,1.3820573444755269,1.3533680359025702,1.3230298568482317,1.2910797697104481,1.257556700748867,1.222501492659183,1.1859568548126123,1.1479673112211022,1.1085791462916779,1.0678403484360237,1.0258005516039956,0.9825109748123004,0.9380243597420101,0.8923949064809481,0.8456782074892385,0.7979311798684441,0.7492119960168568,0.6995800127553838,0.6490956990104072,0.5978205621417152
3.0474180366887262,3.0760579659726646,3.100950192455471,3.1220643887935298,3.1393748305909956,3.152860427741008,3.162504750120736,3.1682960476089543,3.1702272644017535,3.1682960476089543,3.162504750120736,3.1528604277410084,3.139374830590996,3.12206438879353,3.100950192455472,3.0760579659726646,3.0474180366887267,3.015065297945847,2.9790391665726244,2.9393835348607396,2.896146717088951,2.8493813906595915,2.7991445319192696,2.745497346741966,2.6885051959591024,2.6282375157274407,2.5647677329318173,2.4981731757258014,2.4285349793192426,2.355937987127518,2.2804706474029053,2.202224905474008,2.121296091724532,2.0377828054479012,1.9517867947192113,1.863412832430865,1.772768588642939,1.6799644994038236,1.5851136322008759,1.488331548205131,1.389736161477798,1.2894475953101467,1.187588035871788
4.544811167553568,4.587523742225149,4.624647125870688,4.656136089365632,4.681952268258468,4.70206420951189,4.716447409823489,4.725084345479249,4.727964493703486,4.725084345479249,4.716447409823489,4.70206420951189,4.681952268258469,4.656136089365633,4.6246471258706885,4.587523742225149,4.5448111675535685,4.496561440548818,4.442833346070949,4.383692343526908,4.319210487118321,4.249466338054549,4.174544868837969,4.0945373597380526,4.009541287580423,3.9196602069863666,3.8250036242074623,3.7256868637091074,3.621830927665389,3.513562348536593,3.401013034908898,3.2843201107840634,3.1636257485149697,3.039076995590495,2.9108255954808206,2.7790278027613633,2.643844192740651,2.50543946582407,2.363982246851742,2.219644879655179,2.0726032170828392,1.9230364067505314,1.7711266727776522
6.015599198459827,6.072134381217888,6.121271603573032,6.162950999388829,6.197121788741698,6.223742339788417,6.242780219488118,6.254212233116948,6.258024452527265,6.254212233116948,6.242780219488118,6.2237423397884175,6.197121788741699,6.162950999388832,6.121271603573033,6.072134381217888,6.015599198459827,5.951734934710467,5.880619398737645,5.802339233867439,5.716989812422608,5.62467511952611,5.525507626411254,5.419608153392819,5.307105722666107,5.1881374011133,5.062848133308531,4.931390564925303,4.793924856761198,4.6506184896066385,4.50164606019536,4.347189068485151,4.1874356965281345,4.022580579199917,3.8528245670669854,3.6783744816812107,3.499442863599651,3.3162477134366553,3.129012226263631,2.937964519680294,2.7433373558884693,2.545367858107213,2.344297221674719
7.427648913215912,7.497454675687402,7.558125944530925,7.609588801151087,7.6517805459843435,7.684649774888756,7.7081564417720205,7.722271907381461,7.726978974196557,7.722271907381461,7.7081564417720205,7.684649774888756,7.651780545984345,7.609588801151089,7.558125944530926,7.4974546756874005,7.427648913215913,7.348793704685278,7.260985123020372,7.164330149452085,7.058946543177149,6.94496269788671,6.822517485338391,6.691760086162444,6.552849808108125,6.405955891951763,6.251257305302909,6.088942524559923,5.919209305280455,5.742264441246793,5.5583235125195065,5.367610622786317,5.170358126326296,4.966806344921954,4.7572032750641995,4.541804285806766,4.320871807638385,4.0946750127516855,3.8634894870982768,3.627596894629777,3.3872846341336373,3.142845489081998,2.894577270920154
8.796960767345162,8.879635454984705,8.951491674625334,9.012441880532018,9.062411814267525,9.10134059516487,9.129180794501055,9.14589849328164,9.15147332356582,9.14589849328164,9.129180794501055,9.101340595164872,9.062411814267527,9.01244188053202,8.951491674625336,8.879635454984703,8.796960767345164,8.70356833807854,8.599571951473893,8.485098311108887,8.360286885480994,8.225289738086609,8.080271342155125,7.925408380263612,7.760889529076316,7.586915229471231,7.403697442333727,7.211459390314913,7.010435285869163,6.800870045902349,6.58301899337833,6.357147546247221,6.12353089407452,5.882453662765006,5.634209567789944,5.379101056339983,5.117438938839856,4.849542010273804,4.5757366617829085,4.296356483007836,4.011741855661203,3.7222395388248977,3.42820224647759
10.112092185994475,10.20712660583214,10.289725214187921,10.359787377380876,10.417227735457404,10.461976306189197,10.493978570335807,10.513195538067942,10.519603796470571,10.513195538067942,10.493978570335807,10.461976306189198,10.417227735457406,10.359787377380878,10.289725214187923,10.20712660583214,10.112092185994477,10.004737739476575,9.885194061134822,9.753606796526995,9.61013626446555,9.454957261693862,9.28825884992332,9.110244125490743,8.92112997191678,8.721146795666765,8.510538245435903,8.289560915300907,8.058484032099587,7.817589127419453,7.567169694594857,7.307530831130532,7.038988866987306,6.761870979182766,6.476514793176474,6.183267971525324,5.882487790310267,5.5745407038505155,5.259801898235284,4.93865483421743,4.611490780025542,4.278708334663883,3.940712942280939
11.327080889889487,11.433533891011837,11.526056892288866,11.6045371686956,11.6688791041042,11.71900430777748,11.754851709875963,11.776377635862058,11.78355585971077,11.776377635862058,11.754851709875963,11.719004307777482,11.668879104104203,11.604537168695604,11.526056892288869,11.433533891011836,11.32708088988949,11.206827585505872,11.07292048798876,10.925522742509688,10.764813930516631,10.590989850941705,10.40426228165033,10.204858721422513,9.99302211278062,9.76901054600136,9.533096944672504,9.285568733177588,9.026727486513508,8.756888562867886,8.47638071940369,8.185545711719259,7.884737877471753,7.574323704671305,7.254681385171846,6.926200353902558,6.589280814401397,6.244333251228805,5.891777929855383,5.5320443846332585,5.16557089547457,4.792803953874935,4.414197718932365
12.477335890187069,12.594599098990283,12.69651772884064,12.782967607587032,12.853843409368798,12.909058782939036,12.948546456870332,12.972258321514609,12.980165487617333,12.972258321514609,12.948546456870332,12.909058782939038,12.8538434093688,12.782967607587038,12.696517728840643,12.594599098990283,12.47733589018707,12.344870969587925,12.197365725293926,12.034999869723821,11.85797122066207,11.666495460248383,11.460805872202245,11.241153057602641,11.007804629569227,10.761044887217007,10.501174469281592,10.228509987837295,9.943383642553998,9.646142815963074,9.337149650225303,9.016780605916376,8.685426003367718,8.343489547121262,7.991387834077687,7.629549845937219,7.2584164265515145,6.878439744823417,6.490082743808663,6.093818576691194,5.69013003031882,5.279508937001831,4.862455575291124
13.549546670784101,13.67688662014738,13.787563389926886,13.881442137527095,13.95840848615497,14.018368664170465,14.061249619332822,14.086999107803486,14.095585757797155,14.086999107803486,14.061249619332822,14.018368664170467,13.958408486154973,13.881442137527099,13.78756338992689,13.67688662014738,13.549546670784105,13.405698685950144,13.245517922256928,13.069199535291077,12.876958341847331,12.669028558207414,12.445663514783574,12.20713534747447,11.953734666109511,11.685770200385576,11.403568423727366,11.10747315552991,10.797845142267521,10.475061617979808,10.139515844670138,9.79161663317643,9.431787845098105,9.060467876386065,8.678109123224743,8.285177430857006,7.882151526023496,7.469522433707913,7.047792878898575,6.617476674095575,6.179098093309332,5.733191233313474,5.280299362930244
14.484040536467857,14.6201629495126,14.738472946066816,14.838826383623969,14.92110099697866,14.985196547187938,15.031034943697046,15.0585603394807,15.06773919908409,15.0585603394807,15.031034943697046,14.98519654718794,14.92110099697866,14.838826383623974,14.73847294606682,14.620162949512599,14.484040536467859,14.330271551124843,14.159043337305896,13.970564510213865,13.765064702266635,13.54279428332536,13.304024055657397,13.04904492400542,12.778167541164816,12.49172192950113,12.190057078868582,11.873540521419798,11.542557883824372,11.197512417442235,10.838824507024018,10.466931158536916,10.082285466740284,9.685356063159439,9.276626545130373,8.856594886610845,8.425772831475816,7.984685270036464,7.533869599542043,7.0738750694442345,6.605262112221235,6.12860166057711,5.6444744518483
15.335061921256916,15.479182315538903,15.604443710554648,15.710693494589377,15.79780221864776,15.8656637541676,15.914195422321145,15.94333809474647,15.953056265586309,15.94333809474647,15.914195422321145,15.865663754167604,15.797802218647764,15.710693494589382,15.604443710554655,15.4791823155389,15.335061921256916,15.172258116209088,14.990969251753851,14.79141620044715,14.573842086943207,14.338511991784594,14.085712628442453,13.815751994000255,13.528958993906812,13.225683041255678,12.906293631079048,12.5711798901751,12.220750103016787,11.855431214320182,11.475668308878122,11.081924069292887,10.67467821226876,10.254426904151096,9.821682156424114,9.376971201903682,8.920835852385395,8.453831838530421,7.976528132793149,7.4895062562160515,6.993359569935754,6.488692552263935,5.976120062223663
16.088982854244577,16.240188670331676,16.371608318133266,16.483081683052145,16.57447295196432,16.645670778686362,16.696588419633603,16.727163839503795,16.737359786857624,16.727163839503795,16.696588419633603,16.645670778686366,16.57447295196432,16.48308168305215,16.371608318133273,16.240188670331676,16.088982854244577,15.918175090867411,15.727973483148912,15.518609762449799,15.290339006213719,15.04343932719473,14.778211534619745,14.494978767698809,14.194086101929736,13.875900128676822,13.54080850853566,13.189219499028518,12.821561457205329,12.438282317756663,12.039849047274334,11.626747075324475,11.199479703026423,10.758567489857825,10.304547619433123,9.83797324502802,9.359412815647435,8.869449383458027,8.368679893428808,7.857714456045774,7.337175603986173,6.807697533658361,6.2699253325312165
16.673633817246635,16.83033423959864,16.966529492193935,17.082053642096508,17.176765940924838,17.250550996332116,17.30331891259404,17.335005400132914,17.34557185384461,17.335005400132914,17.30331891259404,17.250550996332116,17.176765940924845,17.08205364209651,16.966529492193942,16.83033423959864,16.67363381724664,16.496619140464723,16.299505874369526,16.08253417111282,15.845968377293094,15.590096711889942,15.315230915113656,15.02170586859778,14.709879187397414,14.380130784290397,14.032862406912045,13.668497148287633,13.287478931358615,12.89027196813095,12.477360194104309,12.049246678671151,11.6064530122042,11.149518670578898,10.679000357905197,10.195471328269292,9.699520687311832,9.191752674493529,8.672785926922302,8.143252725639393,7.603798225282213,7.055079668062842,6.497765583019662
17.16041987342357,17.321695158186138,17.461866625601044,17.580763498327002,17.678240918839272,17.754180125916196,17.808488599331486,17.84110017257587,17.851975113470772,17.84110017257587,17.808488599331486,17.7541801259162,17.67824091883928,17.58076349832701,17.461866625601047,17.32169515818613,17.160419873423574,16.97823726040529,16.775369280582165,16.552063097338195,16.30859077485998,16.045248946668423,15.762358454216493,15.460263955993282,15.13933350761079,14.79995811338483,14.442551249956477,14.067548362534545,13.675406334372571,13.266602930127016,12.841636213774636,12.401023941798186,11.945302932379954,11.475028411371468,10.990773335836364,10.493127695990387,9.982697796389234,9.460105517239919,8.925987556735382,8.380994655335956,7.825790802942261,7.2610524299258286,6.687467583002931
17.536777421280927,17.70158975065842,17.844835419645605,17.966339905460124,18.06595517360235,18.143559858212605,18.199059409936773,18.23238621112013,18.243499658189034,18.23238621112013,18.199059409936773,18.143559858212605,18.065955173602354,17.966339905460128,17.84483541964561,17.701589750658417,17.53677742128093,17.350599229949086,17.143282006110475,16.915078333867577,16.666266244242937,16.39714887644119,16.108054108520665,15.799334157924433,15.471365152357622,15.124546671533777,14.759301260348463,14.376073914073512,13.975331536198686,13.557562369581786,13.123275401599951,12.672999744026875,12.20728398839166,11.726695537604533,11.231819914663815,10.723260049286306,10.201635543330301,9.66758191590626,9.121749829094512,8.564804295213872,7.997423866606478,7.420299808926315,6.834135258938556
17.7204676586444,17.887006326628843,18.031752432686385,18.154529625983237,18.255188321421738,18.33360588188678,18.389686767660237,18.42336265282139,18.43459250849154,18.42336265282139,18.389686767660237,18.333605881886783,18.25518832142174,18.15452962598324,18.03175243268639,17.887006326628843,17.720467658644406,17.532339330446703,17.32285054742469,17.092256539391208,16.84083824962477,16.568901992583424,16.276779080707815,15.96482542076798,15.633421080245768,15.282969824281192,14.913898623746743,14.526657135049247,14.121717152292687,13.699572032469822,13.2607360943827,12.805743992024382,12.335150063185422,11.849527654078669,11.349468420805243,10.835581608512651,10.308493309123461,9.768845698538792,9.217296254245767,8.6545169542826,8.08119345853678,7.498024273374144,6.905719900616515
17.797225947903897,17.964485997710547,18.109859088545917,18.233168105691835,18.334262816105213,18.41302005145385,18.4693438581781,18.503165614395485,18.51444411350589,18.503165614395485,18.4693438581781,18.413020051453856,18.334262816105216,18.233168105691842,18.10985908854592,17.964485997710543,17.797225947903897,17.608282719732227,17.397886511414583,17.16629365832176,16.9137863206711,16.640672139757754,16.34728386314116,16.033978939243372,15.701139081853224,15.349169805066916,14.978499929231468,14.589581058493309,14.182887030588063,13.7589133395423,13.318176531990444,12.861213577842186,12.388581216067404,11.900855276395475,11.398629977755501,10.882517204311972,10.353145759978235,9.811160602315837,9.257222056752942,8.692005012079647,8.11619809819987,7.530502847141897,6.9356328383497345
