hough_viz/data/file_2_3_1.json
{"header": {"discipline": 0, "disciplineName": "Meteorological products", "gribEdition": 2, "gribLength": 133963, "center": 7, "centerName": "US National Weather Service - NCEP(WMC)", "subcenter": 0, "refTime": "2014-11-30T06:00:00.000Z", "significanceOfRT": 1, "significanceOfRTName": "Start of forecast", "productStatus": 0, "productStatusName": "Operational products", "productType": 1, "productTypeName": "Forecast products", "productDefinitionTemplate": 0, "productDefinitionTemplateName": "Analysis/forecast at horizontal level/layer at a point in time", "parameterCategory": 2, "parameterCategoryName": "Momentum", "parameterNumber": 3, "parameterNumberName": "V-component_of_wind", "parameterUnit": "m.s-1", "genProcessType": 2, "genProcessTypeName": "Forecast", "forecastTime": 6, "surface1Type": 100, "surface1TypeName": "Isobaric surface", "surface1Value": 85000, "surface2Type": 255, "surface2TypeName": "Missing", "surface2Value": 0, "gridDefinitionTemplate": 0, "gridDefinitionTemplateName": "Latitude_Longitude", "numberPoints": 65160, "shape": 6, "shapeName": "Earth spherical with radius of 6,371,229.0 m", "gridUnits": "degrees", "resolution": 48, "winds": "true", "scanMode": 0, "nx": 360, "ny": 181, "basicAngle": 0, "subDivisions": 0, "lo1": 0, "la1": 90, "lo2": 359, "la2": -90, "dx": 1, "dy": 1}, "data":
[rows 20 to 39 of 181, columns 176 to 219 of 360]
3.55033140047625,2.6665403215321333,1.7795004739552798,0.8902925791619678,6.24819301360995e-15,-0.8902925791619554,-1.7795004739552898,-2.6665403215321213,-3.5503314004762143,-4.42979694749548,-5.3038654692921074,-6.1714720480122915,-7.031559638684323,-7.883080357065346,-8.72499675632675,-9.556283091023268,-10.375926566805937,-11.18292857435594,-11.976305906036162,-12.75509195377838,-13.518337886746234,-14.26511380733939,-14.994509884130672,-15.705637460355288,-16.397630136602455,-17.06964482638947,-17.720862783332738,-18.35049059866417,-18.957761167877507,-19.541934625327055,-20.102299245639887,-20.638172310843732,-21.14890094215358,-21.63386289540383,-22.09246731915717,-22.52415547456581,-22.928401416108862,-23.304712632375885,-23.652630646116137,-23.97173157282254,-24.26162663716965,-24.52196264667645,-24.752422422017055,-24.95272518345482
3.6384561142875977,2.7327279745129,1.823670426645733,0.9123910172786154,6.4032828232791485e-15,-0.9123910172786028,-1.8236704266457433,-2.732727974512887,-3.6384561142875613,-4.5397513557482005,-5.435515609476925,-6.32465752471254,-7.206093818993056,-8.078750597968787,-8.941564663777049,-9.793484810384925,-10.633473104322034,-11.460506149242518,-12.273576332775768,-13.071693054147028,-13.853883931071792,-14.619195984453748,-15.366696799443197,-16.095475661440666,-16.80464466566264,-17.493339798916587,-18.160721992267963,-18.805978143316533,-19.428322106836333,-20.02699565257257,-20.60126938902832,-21.150443652115825,-21.67384935758934,-22.170848816221156,-22.64083651072788,-23.08323983349978,-23.497519784235077,-23.88317162662874,-24.239725503315917,-24.566747008320775,-24.863837716313288,-25.130635668029065,-25.36681581126101,-25.572090396885375
3.717102690375679,2.7917969015041044,1.8630897381513936,0.9321126869397415,6.541692152389095e-15,-0.9321126869397286,-1.8630897381514038,-2.791796901504092,-3.717102690375642,-4.63787976219477,-5.553006291934252,-6.461367338882103,-7.36185620502482,-8.253375783388726,-9.134839894695682,-10.00517461070514,-10.863319562630458,-11.708229233034832,-12.53887422963319,-13.354242539448244,-14.153340761792373,-14.93519531857325,-15.698853640448965,-16.44338532738677,-17.167883282212497,-17.871464815768555,-18.553272722334704,-19.212476324001262,-19.848272482722127,-20.459886578814817,-21.046573454715126,-21.60761832283698,-22.142337636430927,-22.65007992238051,-23.130226574922023,-23.582192609320252,-24.00542737458233,-24.3994152243411,-24.763676145090802,-25.097766341009596,-25.40127877465641,-25.673843662883357,-25.915128927359515,-26.124840599157285
3.7782324256748283,2.8377094898325916,1.8937292420926324,0.9474417769778344,6.649273767155744e-15,-0.9474417769778211,-1.8937292420926433,-2.8377094898325788,-3.778232425674791,-4.714152167298434,-5.644328440665673,-6.56762796927015,-7.4829258548595625,-8.389106947951193,-9.28506720646963,-10.169715040851925,-11.041972643981449,-11.900777304329802,-12.745082700707021,-13.573860177042917,-14.38609999564598,-15.180812567413156,-15.95702965749189,-16.713805564924918,-17.45021827484147,-18.165370581790203,-18.85839118284584,-19.52843573915766,-20.17468790464623,-20.79636032059545,-21.392695574927743,-21.96296712499412,-22.50648018275445,-23.022572561269577,-23.510615481474247,-23.970014338247417,-24.40020942484709,-24.800676614826727,-25.170928000602565,-25.510512487893894,-25.819016345311933,-26.096063708427803,-26.341317037705398,-26.554477529741398
3.8299537468992058,2.876555719373085,1.9196530518023478,0.960411582687898,6.74029760732049e-15,-0.9604115826878847,-1.919653051802359,-2.876555719373071,-3.8299537468991685,-4.778685565743841,-5.721595292326715,-6.657534136390126,-7.585361800622815,-8.50394786993686,-9.412173188704163,-10.308931224275138,-11.193129415118456,-12.06369050193889,-12.919553840151757,-13.759676692115102,-14.583035497544843,-15.388627120565214,-16.175470071875516,-16.942605704543343,-17.689099381968536,-18.41404161659369,-19.11654917797467,-19.79576616886096,-20.450865067974505,-21.081047738217016,-21.685546399076955,-22.263624562051973,-22.81457792794662,-23.33773524495235,-23.83245912646466,-24.29814682764026,-24.734230979748972,-25.140180281425074,-25.51550014597616,-25.859733303960866,-26.17246036030125,-26.453300305251073,-26.70191097859748,-26.917989486530548
3.8718446855238504,2.908018663067428,1.9406496678159926,0.9709162898785132,6.81402105466204e-15,-0.9709162898785001,-1.9406496678160035,-2.908018663067414,-3.8718446855238122,-4.830953461642878,-5.784176465120241,-6.730352340558984,-7.668328318402012,-8.596961619404492,-9.51512084693417,-10.421687365403846,-11.315556663156647,-12.195639698143303,-13.060864224752027,-13.910176100174798,-14.742540568717894,-15.556943522492276,-16.352392736947987,-17.127919079746682,-17.882577691500394,-18.61544913693695,-19.325640525090257,-20.012286597150453,-20.674550780648453,-21.311626208690658,-21.92273670300193,-22.507137719579294,-23.064117255804177,-23.59299671790774,-24.093131747733093,-24.563913007786258,-25.004766923620174,-25.415156382646742,-25.79458138852577,-26.142579670333554,-26.458727245768728,-26.742638937709426,-26.993968843492258,-27.21241075634145
3.8952085638576532,2.9255665245532874,1.9523601330877298,0.9767750915380532,6.855138912379919e-15,-0.9767750915380401,-1.9523601330877407,-2.9255665245532736,-3.895208563857614,-4.8601048915378025,-5.819079930049395,-6.7709653160268175,-7.714601323753866,-8.648838278111159,-9.572537955278,-10.484574969482747,-11.383838144112143,-12.269231865508807,-13.139677417807608,-13.994114297184957,-14.831501503919268,-15.650818810688701,-16.451068005561172,-17.23127410816159,-17.99048655753551,-18.72778037026111,-19.442257267398944,-20.133046768906606,-20.79930725418446,-21.440226987460786,-22.05502510676666,-22.64295257529613,-23.203293093992084,-23.735363974246283,-24.23851696965042,-24.712139065784342,-25.15565322707981,-25.568519099849432,-25.95023367062431,-26.3003318789986,-26.61838718423389,-26.904012084933413,-27.156858591152808,-27.37661864837227
3.9089008492933424,2.935850362057385,1.9592229933883407,0.9802086132970437,6.879235829695342e-15,-0.9802086132970301,-1.9592229933883516,-2.935850362057371,-3.908900849293304,-4.877188942964416,-5.839534933181865,-6.7947663495946795,-7.741719389863986,-8.679240337577195,-9.606186967873576,-10.521429939069245,-11.4238541685862,-12.31236019150859,-13.185865500111301,-14.043305862729001,-14.883636620358427,-15.705833959414392,-16.508896159089108,-17.291844811794437,-18.0537260152011,-18.79361153442157,-19.51059993292125,-20.2038176707802,-20.872420168966837,-21.51559283832746,-22.132552072037573,-22.7225462003062,-23.284856406169716,-23.818797601259444,-24.323719260476558,-24.799006214556492,-25.244079399558064,-25.65839656236361,-26.04145292133091,-26.392781781291887,-26.711955102148735,-26.998584020374864,-27.252319322785226,-27.47285187199876
3.912741654326627,2.938735067830773,1.961148085332203,0.9811717459833845,6.885995224373932e-15,-0.9811717459833711,-1.9611480853322143,-2.938735067830759,-3.912741654326587,-4.881981167828292,-5.845272739288523,-6.8014427463112215,-7.749326243029431,-8.687768379412708,-9.615625808273826,-10.531768078261143,-11.435079011139608,-12.324458061681918,-13.198821658513271,-14.057104524276344,-14.898260973507567,-15.721266186643724,-16.525117458606914,-17.308835420445952,-18.07146523254688,-18.81207774795779,-19.529770644411236,-20.22366952366501,-20.89292897682168,-21.5367336143291,-22.15429905940694,-22.74487290368906,-23.30773562391715,-23.842201458568905,-24.347619243353,-24.823373204552293,-25.268883709249355,-25.683607971519855,-26.06704071373357,-26.418714782157405,-26.738201716110236,-27.02511226997622,-27.27909688744066,-27.4998461273705
3.897640718833466,2.9273932383384715,1.9535791801129205,0.9773849865822309,6.859419237795696e-15,-0.9773849865822174,-1.9535791801129314,-2.927393238338457,-3.897640718833427,-4.8631395244980515,-5.822713343761267,-6.775193083735391,-7.719418294575425,-8.65423858330875,-9.5785150154116,-10.491121502425274,-11.39094617392163,-12.27689273214583,-13.147881787686241,-14.002852174544289,-14.8407622430017,-15.660591128710168,-16.46133999645748,-17.242033257094107,-18.001719756138584,-18.739473932612583,-19.45439694669435,-20.145617774816692,-20.812294270874943,-21.453614192252324,-22.068796189412357,-22.657090757853048,-23.217781151262606,-23.75018425476434,-24.253651417187086,-24.727569241346576,-25.17136033137553,-25.584483996191537,-25.96643690824582,-26.316753716750384,-26.635007614636244,-26.92081085855207,-27.173815241269768,-27.393712515921337
3.8729400383432315,2.908841347524093,1.9411986815956574,0.9711909640924552,6.815948755223339e-15,-0.9711909640924419,-1.9411986815956679,-2.9088413475240795,-3.8729400383431924,-4.83232014830629,-5.785812820530507,-6.732256371069099,-7.670497704244089,-8.599393717516053,-9.517812694178307,-10.42463568217933,-11.318757857393647,-12.199089869679744,-13.064559170085353,-13.914111317583277,-14.746711263745295,-15.56134461378915,-16.357018862462525,-17.132764603257552,-17.887636709483587,-18.62071548575834,-19.33110778851501,-20.017948114160266,-20.68039965355694,-21.31765531154713,-21.928938690273256,-22.513505035099346,-23.070642141979786,-23.59967122517019,-24.09994774422341,-24.570862189262648,-25.011840823575447,-25.422346382623452,-25.801878728616483,-26.149975459853433,-26.46621247408748,-26.750204485229347,-27.00160549275909,-27.220109203274394
3.8386422829020663,2.8830814007738694,1.9240079280634745,0.96259034806346,6.75558847564458e-15,-0.9625903480634467,-1.924007928063485,-2.883081400773856,-3.838642282902028,-4.789526370706024,-5.73457515839727,-6.672637249601643,-7.602569760158303,-8.523239710548307,-9.433525406255463,-10.332317804378262,-11.218521864827979,-12.091057884466242,-12.94886281255695,-13.790891545929965,-14.616118202278283,-15.423537370037515,-16.2121653333252,-16.981041270446813,-17.729228424509277,-18.455815244714774,-19.15991649694497,-19.840674342282526,-20.497259382155608,-21.128871668832303,-21.73474168003371,-22.314131256478284,-22.866334501215288,-23.390678639651348,-23.886524839222844,-24.353268987714813,-24.79034242927877,-25.197212657252173,-25.573383962935768,-25.918398039538342,-26.23183454055291,-26.51331159188416,-26.76248625710327,-26.97905495526308
3.785779781356734,2.8433780672065376,1.8975121348702646,0.9493343762870129,6.6625562835531106e-15,-0.9493343762869998,-1.8975121348702748,-2.8433780672065243,-3.785779781356697,-4.723569105997982,-5.655603489293628,-6.580747390916547,-7.497873665530018,-8.405864936040935,-9.303614954951545,-10.190029952151546,-11.064029967508631,-11.924550166633502,-12.770542138216443,-13.600975171355184,-14.414837511317272,-15.211137592207297,-15.988905245037378,-16.747192879728395,-17.485076639602763,-18.201657526961377,-18.89606249837378,-19.5674455283472,-20.214988640078253,-20.837902902031683,-21.435429389131844,-22.006840107396126,-22.55143888088343,-23.0685621998772,-23.557580029270035,-24.01789657616422,-24.448951015753696,-24.850218174602684,-25.221209170488578,-25.561472008029682,-25.870592129371918,-26.148192919263742,-26.393936163903785,-26.60752246300231
3.7236832552432633,2.796739353230025,1.8663880551195473,0.9337628506589701,6.553273223222575e-15,-0.9337628506589571,-1.8663880551195575,-2.7967393532300115,-3.7236832552432264,-4.646090422799386,-5.562837044850706,-6.47280620685228,-7.374889251550122,-8.26798712970955,-9.151011739137235,-10.022887250366058,-10.882551417387734,-11.728956871835887,-12.56107239904299,-13.377884194416728,-14.178397098604684,-14.961635809942614,-15.726646072709489,-16.472495839740848,-17.198276407984952,-17.903103525617333,-18.586118469365427,-19.246489090730673,-19.883410829833235,-20.496107695644305,-21.08383321141158,-21.645871324126286,-22.181537276923446,-22.690178443352526,-23.171175122502454,-23.6239412940115,-24.047925332043,-24.442610677356328,-24.807516466654842,-25.1421981184437,-25.446247874683973,-25.71929529758295,-25.961007720915543,-26.171090655326886
3.652423914646785,2.7432187424608974,1.8306713807977744,0.9158936280504809,6.427864616575422e-15,-0.9158936280504681,-1.8306713807977846,-2.7432187424608845,-3.6524239146467488,-4.557179170905415,-5.456382206323947,-6.348937480515364,-7.233757552365576,-8.109764404913163,-8.975890758746827,-9.831081372320915,-10.674294327604825,-11.504502299499563,-12.320693807475067,-13.121874447903553,-13.9070681055871,-14.675318143003587,-15.42568856582233,-16.157265163268747,-16.869156621949628,-17.560495611781057,-18.2304398426965,-18.8781730908476,-19.502906193047142,-20.103878008242873,-20.68035634485055,-21.23163885281673,-21.75705387932402,-22.25596128709655,-22.727753234308807,-23.17185491514704,-23.587725260121797,-23.974857595277637,-24.33278025949733,-24.6610571791483,-24.959288399371125,-25.227110571362957,-25.46419739506207,-25.670260016694222
3.564003717098559,2.6768091610994063,1.7863533254682966,0.8937210934767615,6.272254788008789e-15,-0.8937210934767491,-1.7863533254683068,-2.676809161099394,-3.5640037170985233,-4.446856083561078,-5.32429064087146,-6.1952383701800855,-7.058638155837917,-7.913438078202715,-8.758596695240936,-9.593084311364377,-10.415884231955781,-11.225994002054534,-12.02242662769358,-12.804211778399635,-13.570396969391355,-14.320048722035256,-15.052253701145805,-15.766119827743406,-16.460777365915487,-17.135379982455593,-17.789105777990002,-18.421158288335615,-19.03076745486879,-19.617190562723234,-20.17971314567354,-20.71764985660236,-21.230345302490246,-21.717174842911014,-22.177545351060054,-22.610895936387788,-23.016698627958547,-23.394459017701784,-23.743716862772096,-24.064046646284325,-24.35505809574029,-24.616396658515693,-24.847743933827914,-25.048818060658313
3.4669269352098935,2.6038978962084776,1.7376964087202547,0.8693778058296393,6.101410322531811e-15,-0.8693778058296273,-1.7376964087202644,-2.6038978962084656,-3.4669269352098593,-4.325732057779878,-5.179266942165412,-6.026491687586873,-6.866374081196848,-7.697890855672728,-8.520028935910181,-9.331786673299051,-10.132175066078052,-10.920218964280979,-11.694958257806688,-12.455449046165478,-13.200764788476382,-13.929997432314442,-14.642258520032875,-15.33668027121163,-16.012416639914406,-16.668644345465168,-17.30456387548879,-17.919400459993852,-18.51240501531045,-19.082855056733305,-19.630055578757986,-20.153339901838216,-20.652070484632112,-21.125639700748042,-21.573470579043953,-21.995017506577682,-22.389766893352366,-22.757237798046706,-23.096982513967873,-23.40858711451319,-23.691671957475897,-23.945892147580718,-24.170937956685634,-24.3665352011379
3.361485933357638,2.5247045333173204,1.6848471697040772,0.8429370793453809,5.915845749311147e-15,-0.842937079345369,-1.6848471697040863,-2.524704533317309,-3.3614859333576046,-4.194171880585339,-5.02174787543921,-5.843205644047861,-6.657544366656027,-7.463771896969519,-8.260905970932498,-9.047975403464887,-9.824021271701925,-10.588098083293884,-11.339274928342807,-12.07663661357295,-12.799284777352735,-13.506338984209977,-14.196937797507022,-14.870239828968396,-15.525424763783018,-16.16169436003134,-16.77827342122012,-17.37441074074004,-17.94938001709517,-18.502480738789522,-19.03303903779232,-19.540408510542477,-20.02397100549175,-20.483137376227088,-20.91734819925493,-21.326074455572467,-21.70881817519583,-22.06511304385981,-22.39452497114995,-22.696652619374873,-22.971127892534412,-23.21761638478789,-23.435817787876143,-23.62546625700086
3.2409380008118025,2.434164838130644,1.6244260205485737,0.8127080900841309,5.703694638618502e-15,-0.8127080900841197,-1.6244260205485823,-2.434164838130633,-3.2409380008117696,-4.043762579767168,-4.841660456912972,-5.63365951659269,-6.418794829950121,-7.196109830546807,-7.964657479790733,-8.72350142075695,-9.471717118994356,-10.208392988928463,-10.932631504487933,-11.64355029260197,-12.34028320823592,-13.021981389655526,-13.68781429263433,-14.336970702343685,-14.968659721693273,-15.582111734917264,-16.176579345232554,-16.75133828542671,-17.30568830026592,-17.838953999648204,-18.350485681462107,-18.839660123148786,-19.3058813410026,-19.74858131628542,-20.167220687270117,-20.56128940636956,-20.930307361551176,-21.273824961279445,-21.591423682273913,-21.882716579415373,-22.14734875717892,-22.384997802019384,-22.595374175182666,-22.778221565464072
3.112718291939066,2.337863117204423,1.5601596163816736,0.7805553013905482,5.478042044869573e-15,-0.7805553013905373,-1.5601596163816822,-2.337863117204412,-3.112718291939035,-3.883781098912447,-4.65011211686743,-5.410777689502909,-6.164851062990101,-6.911413515079547,-7.649555474422527,-8.378377628743593,-9.096992020514174,-9.804523128791974,-10.500108935908335,-11.182901977704082,-11.85207037603401,-12.506798852282209,-13.146289720653614,-13.76976386003106,-14.376461663214581,-14.965643962385643,-15.536592929669254,-16.088612951696742,-16.621031477103426,-17.133199835928902,-17.6244940299214,-18.094315492783636,-18.54209181943357,-18.967277463391778,-19.36935440144598,-19.74783276478233,-20.102251435815248,-20.43217860998807,-20.737212321860472,-21.016980934841357,-21.271143593970884,-21.499390641199636,-21.701443992659343,-21.87705747746519
