hough_viz/data/file_2_3_2.json
{"header": {"discipline": 0, "disciplineName": "Meteorological products", "gribEdition": 2, "gribLength": 133963, "center": 7, "centerName": "US National Weather Service - NCEP(WMC)", "subcenter": 0, "refTime": "2014-11-30T06:00:00.000Z", "significanceOfRT": 1, "significanceOfRTName": "Start of forecast", "productStatus": 0, "productStatusName": "Operational products", "productType": 1, "productTypeName": "Forecast products", "productDefinitionTemplate": 0, "productDefinitionTemplateName": "Analysis/forecast at horizontal level/layer at a point in time", "parameterCategory": 2, "parameterCategoryName": "Momentum", "parameterNumber": 3, "parameterNumberName": "V-component_of_wind", "parameterUnit": "m.s-1", "genProcessType": 2, "genProcessTypeName": "Forecast", "forecastTime": 6, "surface1Type": 100, "surface1TypeName": "Isobaric surface", "surface1Value": 85000, "surface2Type": 255, "surface2TypeName": "Missing", "surface2Value": 0, "gridDefinitionTemplate": 0, "gridDefinitionTemplateName": "Latitude_Longitude", "numberPoints": 65160, "shape": 6, "shapeName": "Earth spherical with radius of 6,371,229.0 m", "gridUnits": "degrees", "resolution": 48, "winds": "true", "scanMode": 0, "nx": 360, "ny": 181, "basicAngle": 0, "subDivisions": 0, "lo1": 0, "la1": 90, "lo2": 359, "la2": -90, "dx": 1, "dy": 1}, "data":
[rows 76 to 94 of 181, columns 0 to 42 of 360]
0.0,-0.27901033412357157,-0.5576807371332609,-0.8356716920688854,-1.1126445097730802,-1.3882617415318643,-1.66218759020392,-1.934088319337683,-2.203632659777799,-2.4704922132655653,-2.73434185254162,-2.994860117463427,-3.251729606654941,-3.5046373642112933,-3.7532752609873565,-3.997340370005638,-4.236535335526151,-4.470568735328565,-4.699155435765304,-4.922016939152968,-5.138881723078862,-5.3494855712092315,-5.553571895196164,-5.7508920472909715,-5.941205623283165,-6.124280755395957,-6.299894394781432,-6.467832583271204,-6.627890714051493,-6.77987378094501,-6.92359661599594,-7.058884115068582,-7.185571451184755,-7.30350427534009,-7.412538904554513,-7.512542496927822,-7.603393213487086,-7.684980366628654,-7.7572045549739626,-7.819977784474795,-7.873223575620482,-7.916877056616397,-7.950885042420245
0.0,-0.3551413273863358,-0.7098499697705791,-1.0636937693106625,-1.4162416218423053,-1.7670640021130315,-2.115733487092526,-2.4618252767217585,-2.804917711466418,-3.1445927860441083,-3.480436658699389,-3.8120401554062124,-4.1389992683834445,-4.460915648316114,-4.7773970896826885,-5.088058008597091,-5.392519912583275,-5.69041186170999,-5.981370920523962,-6.265042600230833,-6.541081290585157,-6.809150680963236,-7.068924170105814,-7.320085264031414,-7.5623279616354875,-7.795357127505632,-8.018888851498623,-8.2326507946412,-8.436382520933146,-8.62983581464844,-8.812774982747888,-8.984977142034776,-9.146232490703726,-9.296344563951862,-9.43513047334093,-9.562421129618663,-9.678061448728016,-9.781910540753175,-9.873841881572233,-9.953743467007342,-10.021517949284545,-10.077082755637045,-10.120370188907406
0.0,-0.42799555254409266,-0.8554696584350714,-1.2819015063222456,-1.7067715546857563,-2.1295621648178855,-2.5497582314860887,-2.966847810509373,-3.3803227424834223,-3.7896792718945576,-4.194418660868231,-4.5940477968043005,-4.988079793158778,-5.3760345826400835,-5.757439502097085,-6.1318298683863475,-6.498749544516968,-6.85775149538322,-7.208398332407986,-7.550262846433354,-7.882928528209176,-8.205990075845431,-8.519053888610138,-8.821738546471227,-9.113675274798092,-9.394508393656674,-9.663895751150667,-9.921509140280907,-10.167034698815039,-10.400173291680302,-10.620640875413539,-10.828168844224395,-11.02250435725011,-11.203410646603153,-11.370667305836426,-11.524070558474557,-11.663433506284182,-11.788586356980604,-11.899376631093562,-11.995669347739991,-12.077347189077406,-12.144310643237654,-12.196478125566765
0.0,-0.4982208231537326,-0.9958346409794869,-1.4922351876917748,-1.9868176756890703,-2.4789795323943395,-2.9681211343969096,-3.4536465380012307,-3.9349642052924616,-4.411487724834314,-4.882636526121048,-5.347836586913202,-5.806521132595278,-6.258131326703302,-6.702116951780969,-7.137937079734863,-7.565060730872022,-7.982967520816887,-8.391148294519514,-8.789105746582575,-9.176355027151379,-9.552424332628735,-9.91685548049495,-10.269204467532665,-10.609042010776374,-10.935954070527597,-11.24954235479847,-11.549424804569178,-11.835236059268032,-12.106627901907023,-12.363269683330605,-12.604848725060755,-12.83107070024752,-13.041659992260954,-13.23636003048754,-13.414933602921936,-13.577163145173284,-13.722851005533895,-13.851819685787415,-13.963912057463052,-14.05899155327243,-14.136942333495778,-14.197669427114793
0.0,-0.5637240769705621,-1.1267613429883732,-1.688425823874032,-2.248033217975361,-2.8049017298835577,-3.3583529010958815,-3.9077124366128277,-4.452311026462716,-4.991485161152799,-5.524577940053364,-6.05093987172997,-6.569929665248704,-7.080915011490419,-7.583273353521975,-8.076392645085974,-8.559672096284856,-9.032522905550826,-9.49436897700987,-9.944647622365853,-10.38281024644952,-10.808323015597203,-11.22066750804491,-11.619341345545392,-12.003858805438652,-12.373751412430192,-12.728568509355974,-13.067877806238773,-13.391265906966938,-13.698338812953844,-13.988722403164505,-14.262062889924405,-14.518027249955315,-14.756303630112807,-14.976601727331333,-15.17865314231375,-15.362211706534536,-15.527053782158223,-15.672978534507626,-15.799808176750002,-15.907388186502885,-15.995587494095822,-16.064298642258574
0.0,-0.6242187337811287,-1.24767695318867,-1.869615070418652,-2.489275349677454,-3.105902830366145,-3.718746246883692,-4.327058943928356,-4.930099786182178,-5.527134061270192,-6.117434374894282,-6.700281537051091,-7.274965438254255,-7.840785914693424,-8.397053601276022,-8.943090771512413,-9.478232163221248,-10.001825789048938,-10.513233730815827,-11.011832916721223,-11.497015880460424,-11.968191501328821,-12.424785724411421,-12.866242259980345,-13.292023261248174,-13.7016099796514,-14.094503396865637,-14.470224832782607,-14.828316528708092,-15.168342205070411,-15.48988759295985,-15.792560938851537,-16.075993481896766,-16.33983990320126,-16.583778746543093,-16.807512810017545,-17.01076950813187,-17.193301203908703,-17.3548855105936,-17.49532556259901,-17.614450255354708,-17.712114453772315,-17.788199169070083
0.0,-0.6809197475245197,-1.3610098992243274,-2.0394418700094334,-2.71538909502787,-3.3880280367076407,-4.056539188110395,-4.720108071374396,-5.377926230030337,-6.029192213981019,-6.673112555944829,-7.30890273817341,-7.935788148265685,-8.553005022913753,-9.159801378430826,-9.75543792692752,-10.339188977020264,-10.910343317974487,-11.468205086205305,-12.012094613080153,-12.541349252990296,-13.055324190682427,-13.553393226866737,-14.034949541144295,-14.499406431324203,-14.946198028229901,-15.374779985123501,-15.78463014090854,-16.175249156302762,-16.546161122206147,-16.896914139522863,-17.227080869730663,-17.536259055527086,-17.82407201091797,-18.090169080151377,-18.334226064937535,-18.5559456194346,-18.75505761251869,-18.931319456897075,-19.084516404663443,-19.214461808935123,-19.320997351253563,-19.403993234470995
0.0,-0.7312847758065899,-1.461678593759644,-2.1902915815005284,-2.91623603633791,-3.638627506776737,-4.356585870086157,-5.069236404593488,-5.775710855397827,-6.475148492204919,-7.166697157994423,-7.8495143072419795,-8.522768032431147,-9.185638077604574,-9.837316837719518,-10.477010342590193,-11.103939224218145,-11.717339666332109,-12.316464334980454,-12.900583289042517,-13.468984869549402,-14.02097656673081,-14.555885863731529,-15.073061055969625,-15.571872045138084,-16.051711106882557,-16.511993631219834,-16.95215883479511,-17.371670444110077,-17.770017348889592,-18.146714224790824,-18.50130212469618,-18.833349037869723,-19.142450416295645,-19.428229667557748,-19.690338613659293,-19.928457915224246,-20.142297460563114,-20.331596719129358,-20.49612505893573,-20.635682027543822,-20.750097596284498,-20.8392323674116
0.0,-0.7751799606454627,-1.5494154839161984,-2.321763283088941,-3.0912823713414563,-3.8570352082000388,-4.618088841788157,-5.373516045484609,-6.122396447606332,-6.863817652739522,-7.596876353352908,-8.320679430338828,-9.034345041141288,-9.737003694145292,-10.42779930801842,-11.10589025471407,-11.770450384865603,-12.420670034322068,-13.055757010599256,-13.674937558044231,-14.277457300537378,-14.862582160583523,-15.42959925367227,-15.97781775681798,-16.50656975022116,-17.015211031025853,-17.503121898181565,-17.969707907453593,-18.414400595661697,-18.836658173264947,-19.235966184448834,-19.61183813391041,-19.963816079577896,-20.291471190542534,-20.59440426952303,-20.872246239225888,-21.12465859200932,-21.35133380230259,-21.551995701278603,-21.72639981332304,-21.87433365389029,-21.995616988383055,-22.090102051740548
0.0,-0.8143718280043103,-1.627751469380561,-2.439147946327264,-3.247572697223306,-4.052040781038006,-4.851572077330044,-5.645192480373245,-6.431935085954351,-7.21084136939687,-7.980962353375741,-8.741359764100032,-9.491107174455015,-10.229291132710912,-10.955012275423105,-11.667386423167972,-12.365545657779311,-13.04863937977294,-13.715835344671124,-14.366320676964293,-14.999302860474645,-15.61401070391499,-16.209695280466583,-16.78563084023107,-17.34111569444496,-17.875473070379268,-18.388051935882856,-18.87822779256484,-19.345403436649647,-19.789009686577863,-20.20850607646624,-20.603381514582168,-20.97315490603021,-21.317375738892107,-21.63562463310616,-21.927513851417274,-22.192687771775006,-22.430823320604322,-22.641630366420937,-22.824852073311856,-22.980265213850384,-23.10768044106433,-23.20694251912614
0.0,-0.8460834480526344,-1.691136073752981,-2.5341283106470014,-3.3740331025470414,-4.209827154841584,-5.040492181222113,-5.865016144308124,-6.682394488658773,-7.491631364668956,-8.291740841858633,-9.081748110077271,-9.860690667159833,-10.62761949158742,-11.381600198723794,-12.121714179219127,-12.847059718194016,-13.55675309384013,-14.249929654099132,-14.925744870107996,-15.58337536512739,-16.222019917699335,-16.840900437812167,-17.439262914883365,-18.01637833640531,-18.571543576134673,-19.104082250743502,-19.61334554388808,-20.09871299669171,-20.55959326367827,-20.9954248332356,-21.405676711730905,-21.789849070444696,-22.14747385453509,-22.478115353290548,-22.78137073097626,-23.05687051762742,-23.304279059191497,-23.523294926470943,-23.713651282368286,-23.87511620698602,-24.00749298018527,-24.110620321258963
0.0,-0.8702654531714102,-1.739470621942248,-2.6065565137051565,-3.470466717865368,-4.3301486929142765,-5.184555048789142,-6.032644822956544,-6.873384748664868,-7.7057505138207,-8.528728008955316,-9.341314562760859,-10.142520163690877,-10.931368666136901,-11.706898979711502,-12.46816624018886,-13.214242960676332,-13.94422016161431,-14.65720847822781,-15.352339244080483,-16.028765549410807,-16.68566327296124,-17.322232086042956,-17.937696427613133,-18.53130644917658,-19.102338928360638,-19.650098150050226,-20.17391675400956,-20.673156547957785,-21.147209285107976,-21.59549740522213,-22.017474738279386,-22.412627169900038,-22.78047326771472,-23.120564867915594,-23.432487621274912,-23.715861497965726,-23.970341250569675,-24.195616834707824,-24.39141378678194,-24.55749355836613,-24.693653806841336,-24.79972864191869
0.0,-0.8891655862583745,-1.777247861215352,-2.663164833417485,-3.5458371494991927,-4.424189409208577,-5.297151475616976,-6.163659778915972,-7.02265861221336,-7.873101417749399,-8.713952061966216,-9.54418609787694,-10.362792013196568,-11.168772462713857,-11.96114548340284,-12.738945690793512,-13.50122545514411,-14.24705605598197,-14.975528813606356,-15.685756196174744,-16.376872901023606,-17.048036908906454,-17.698430509864576,-18.327261299480654,-18.933763144301494,-19.517197115253644,-20.076852387914602,-20.612047108542914,-21.122129224811925,-21.606477280235094,-22.064501171314973,-22.495642866493466,-22.899377086027283,-23.275211941960396,-23.622689537413795,-23.941386524462214,-24.230914619918476,-24.490921078396624,-24.721089122077935,-24.921138326655857,-25.09082496298982,-25.229942294051682,-25.338320826802928
0.0,-0.8999912537659067,-1.7988860068221244,-2.6955890943761767,-3.589008021842401,-4.478054295878314,-5.361644750546085,-6.238702866983377,-7.108160084975756,-7.9689571048327155,-8.820045177981177,-9.660387384704077,-10.488959897467314,-11.304753228295903,-12.106773458679555,-12.89404345050929,-13.665604036569718,-14.420515189136522,-15.157857165255434,-15.876731627307384,-16.576262737494492,-17.255598224913495,-17.913910423916583,-18.550397282494494,-19.16428333945333,-19.754820669194597,-20.32128979294729,-20.86300055534201,-21.379292965258916,-21.869537999925278,-22.333138371282814,-22.769529253691186,-23.178178972081042,-23.55858964971819,-23.910297814789693,-24.232874965072906,-24.525928089999418,-24.78910014947787,-25.022070508892345,-25.224555329746213,-25.39630791547567,-25.53711901201146,-25.646817062722747
0.0,-0.9027314300859802,-1.8043630209795176,-2.7037962734728076,-3.5999353666947598,-4.491688493199927,-5.377969189167702,-6.257697658091125,-7.129802086342592,-7.993219949013671,-8.846899304438022,-9.689800075820282,-10.520895318409437,-11.339172470672795,-12.143634587946261,-12.933301557057819,-13.707211290444489,-14.464420898307791,-15.204007837379736,-15.925071034899704,-16.626731986432787,-17.30813582619213,-17.968452368561195,-18.606877119547075,-19.222632256932492,-19.814967577932343,-20.38316141320025,-20.92652150607149,-21.444385855971113,-21.93612352495965,-22.401135406433816,-22.838854955045633,-23.248748876950636,-23.630317779544303,-23.98309677989501,-24.306656071132267,-24.600601446100196,-24.864574777638204,-25.098254454903792,-25.301355775205803,-25.47363129087081,-25.614871110719985,-25.724903155789175
0.0,-0.8999912537659067,-1.7988860068221244,-2.6955890943761767,-3.589008021842401,-4.478054295878314,-5.361644750546085,-6.238702866983377,-7.108160084975756,-7.9689571048327155,-8.820045177981175,-9.660387384704077,-10.488959897467314,-11.304753228295903,-12.106773458679555,-12.89404345050929,-13.665604036569718,-14.420515189136522,-15.157857165255434,-15.876731627307384,-16.576262737494492,-17.255598224913495,-17.913910423916583,-18.550397282494494,-19.16428333945333,-19.754820669194597,-20.32128979294729,-20.86300055534201,-21.379292965258916,-21.869537999925278,-22.333138371282814,-22.769529253691186,-23.178178972081042,-23.55858964971819,-23.910297814789693,-24.232874965072906,-24.525928089999418,-24.78910014947787,-25.022070508892345,-25.224555329746213,-25.39630791547567,-25.53711901201146,-25.646817062722747
0.0,-0.8891655862583745,-1.777247861215352,-2.663164833417485,-3.5458371494991927,-4.424189409208577,-5.297151475616976,-6.163659778915972,-7.02265861221336,-7.873101417749399,-8.713952061966216,-9.54418609787694,-10.362792013196568,-11.168772462713857,-11.961145483402843,-12.738945690793512,-13.50122545514411,-14.24705605598197,-14.97552881360636,-15.685756196174744,-16.376872901023606,-17.048036908906454,-17.698430509864576,-18.327261299480654,-18.933763144301494,-19.517197115253644,-20.076852387914602,-20.612047108542914,-21.122129224811925,-21.606477280235094,-22.064501171314973,-22.495642866493466,-22.899377086027283,-23.275211941960396,-23.622689537413795,-23.94138652446222,-24.230914619918476,-24.490921078396624,-24.721089122077935,-24.921138326655857,-25.09082496298982,-25.229942294051682,-25.338320826802928
0.0,-0.8702654531714102,-1.739470621942248,-2.6065565137051565,-3.470466717865368,-4.3301486929142765,-5.184555048789142,-6.032644822956544,-6.873384748664868,-7.7057505138207,-8.528728008955316,-9.341314562760859,-10.142520163690877,-10.931368666136901,-11.706898979711502,-12.46816624018886,-13.214242960676332,-13.94422016161431,-14.65720847822781,-15.352339244080483,-16.028765549410807,-16.68566327296124,-17.322232086042956,-17.937696427613133,-18.53130644917658,-19.102338928360638,-19.650098150050226,-20.17391675400956,-20.673156547957785,-21.147209285107976,-21.59549740522213,-22.017474738279386,-22.412627169900038,-22.78047326771472,-23.120564867915594,-23.432487621274912,-23.715861497965726,-23.970341250569675,-24.195616834707824,-24.39141378678194,-24.55749355836613,-24.693653806841336,-24.79972864191869
0.0,-0.8460834480526344,-1.691136073752981,-2.5341283106470014,-3.3740331025470414,-4.209827154841584,-5.040492181222113,-5.865016144308124,-6.682394488658773,-7.491631364668956,-8.291740841858633,-9.081748110077271,-9.860690667159833,-10.62761949158742,-11.381600198723794,-12.121714179219127,-12.847059718194016,-13.55675309384013,-14.249929654099132,-14.925744870107996,-15.58337536512739,-16.222019917699335,-16.840900437812167,-17.439262914883365,-18.01637833640531,-18.571543576134673,-19.104082250743502,-19.61334554388808,-20.09871299669171,-20.55959326367827,-20.9954248332356,-21.405676711730905,-21.789849070444696,-22.14747385453509,-22.478115353290548,-22.78137073097626,-23.05687051762742,-23.304279059191497,-23.523294926470943,-23.713651282368286,-23.87511620698602,-24.00749298018527,-24.110620321258963
