hough_viz/data/file_2_0_2.json
{"header": {"discipline": 0, "disciplineName": "Meteorological products", "gribEdition": 2, "gribLength": 133963, "center": 7, "centerName": "US National Weather Service - NCEP(WMC)", "subcenter": 0, "refTime": "2014-11-30T06:00:00.000Z", "significanceOfRT": 1, "significanceOfRTName": "Start of forecast", "productStatus": 0, "productStatusName": "Operational products", "productType": 1, "productTypeName": "Forecast products", "productDefinitionTemplate": 0, "productDefinitionTemplateName": "Analysis/forecast at horizontal level/layer at a point in time", "parameterCategory": 2, "parameterCategoryName": "Momentum", "parameterNumber": 3, "parameterNumberName": "V-component_of_wind", "parameterUnit": "m.s-1", "genProcessType": 2, "genProcessTypeName": "Forecast", "forecastTime": 6, "surface1Type": 100, "surface1TypeName": "Isobaric surface", "surface1Value": 85000, "surface2Type": 255, "surface2TypeName": "Missing", "surface2Value": 0, "gridDefinitionTemplate": 0, "gridDefinitionTemplateName": "Latitude_Longitude", "numberPoints": 65160, "shape": 6, "shapeName": "Earth spherical with radius of 6,371,229.0 m", "gridUnits": "degrees", "resolution": 48, "winds": "true", "scanMode": 0, "nx": 360, "ny": 181, "basicAngle": 0, "subDivisions": 0, "lo1": 0, "la1": 90, "lo2": 359, "la2": -90, "dx": 1, "dy": 1}, "data":
[rows 114 to 132 of 181, columns 88 to 131 of 360]
-0.24732717489636316,-0.12373896588288112,-4.342083491634298e-16,0.12373896588288183,0.24732717489636077,0.3706140538450607,0.4934493966578707,0.6156835473909041,0.7371675825602201,0.8577534925821496,0.9772943621001642,1.0956445489786175,1.212659861745242,1.3281977352662635,1.4421174044400387,1.5542800756976618,1.6645490961015406,1.7727901198359506,1.8788712718867235,1.982663308710636,2.0840397756987548,2.182877161241902,2.279055047210528,2.3724562556656443,2.4629669916221038,2.5504769816902506,2.634879608427071,2.7160720402331133,2.7939553566369564,2.8684346688145665,2.9394192351967146,3.0068225720235993,3.070562558711983,3.1305615379064817,3.1867464100930767,3.239048722659629,3.2874047532948265,3.3317555876240172,3.3720471909872933,3.4082304742724023,3.440261353722268,3.4681008046442603,3.4917149089557697,3.511074896508167
-0.25305212247639997,-0.12660318447747873,-4.44259084748052e-16,0.12660318447747945,0.2530521224763975,0.379192755443771,0.5048714004488041,0.6299349374218662,0.7542309957077166,0.8776081397056773,0.9999160533705772,1.1210057233497073,1.2407296205326266,1.3589418797926756,1.475498477701145,1.5902574079976541,1.7030788546028948,1.8138253619629865,1.9223620025179038,2.0285565410899205,2.1322795959918,2.233404796658455,2.331808937610019,2.427372128558737,2.519977940476818,2.6095135474472713,2.695869864124909,2.778941678640029,2.8586277807828764,2.9348310853126915,3.0074587502411267,3.076422289945901,3.1416376829769,3.203025474423381,3.260510872717526,3.314023840756465,3.363499181231679,3.408876616061894,3.450100859832627,3.4871216871529507,3.5198939938473957,3.5483778519084423,3.5725385581426465,3.5923466764511325
-0.2583256583914635,-0.12924155966188627,-4.535173206248548e-16,0.12924155966188697,0.25832565839146093,0.3870950270983037,0.5153927801420468,0.6430626064733568,0.7699489600748782,0.8958972494700956,1.0207540260692256,1.144367171122696,1.2665860810543994,1.3872618509489691,1.5062474559694625,1.6233979304844925,1.7385705446865096,1.8516249784860876,1.962423492470342,2.070831095717188,2.17671571026098,2.279948332009168,2.3804031879139234,2.4779578892072065,2.5724935805126425,2.6638950846524816,2.752051042973254,2.8368540510191282,2.918200789387704,2.995992149608782,3.070133354892773,3.1405340756016185,3.2071085393015313,3.269775635263507,3.3284590132842364,3.3830871767070874,3.43359356952975,3.4799166574924847,3.522000003048133,3.5597923341225797,3.5932476065818686,3.622325060329901,3.646989268968323,3.6672101829581383
-0.26299613753725415,-0.1315782226667496,-4.617168281821854e-16,0.13157822266675034,0.26299613753725154,0.39409363212561455,0.5247109843287046,0.6546890570229196,0.7838694919482686,0.9120949026435194,1.039209066197348,1.1650571135819023,1.2894857183368442,1.4123432833740426,1.5334801256752528,1.6527486586578346,1.770003571986258,1.885102008610363,1.9979037388146799,2.1082713310667303,2.216070319456179,2.321169367520834,2.423440428259898,2.5227589001395074,2.619003778900515,2.712057804983536,2.8018076063916664,2.8881438368167838,2.970961308861195,3.0501591221922633,3.125640786473936,3.1973143389253447,3.2650924563632904,3.328892561592096,3.3886369240111893,3.4442527543178802,3.495672293189898,3.5428328938397033,3.585677098339937,3.624152707627058,3.658212845097864,3.687816013721408,3.7129261465967427,3.733512650894878
-0.2673113787553627,-0.13373715844114514,-4.692926789407688e-16,0.13373715844114586,0.26731137875536004,0.40055992133072377,0.5333204433434737,0.6654311965477243,0.7967312243407978,0.9270605578640508,1.0562604109002782,1.1841733733302686,1.3106436029127775,1.435517015154309,1.5586414710373184,1.6798669623781841,1.7990457945890612,1.9160327666209915,2.0306853478690146,2.142863851823759,2.2524316062579284,2.359255119740362,2.4632042442747872,2.564152333865089,2.661976398813964,2.756557255566913,2.84777967191905,2.935532507407783,3.0197088487203585,3.1002061399512577,3.1769263075507728,3.249775879812521,3.318666100754317,3.3835130382536684,3.444237686306135,3.500766061281984,3.553029292063832,3.600963703955507,3.644510896259849,3.6836178134309665,3.7182368097142424,3.748325707195356,3.7738478471875654,3.7947721348946732
-0.27118135947009714,-0.13567332826085293,-4.760868289897607e-16,0.13567332826085368,0.27118135947009436,0.4063589979651087,0.5410415506159093,0.6750649274783449,0.8082658417124267,0.9404820085221921,1.0715523428747211,1.2013171557574436,1.3296183487345945,1.4562996065658198,1.5812065876522003,1.7041871120777319,1.8250913470170986,1.9437719892838936,2.060084444796867,2.1738870047455388,2.285041018240551,2.393411061238421,2.498865101534886,2.601274659625792,2.700514965239586,2.7964651093506765,2.8890081914884522,2.9780314621624964,3.063426460230476,3.1450891450413354,3.222920023192806,3.296824269748788,3.36671184376893,3.4324975980096433,3.494101382662903,3.551448143006447,3.6044680108463845,3.6530963896408406,3.6972740332008804,3.736947117872871,3.7720673081143072,3.802591815383233,3.828483450269481,3.849710667804243
-0.27444377459623087,-0.13730553011719004,-4.818143350221969e-16,0.13730553011719082,0.2744437745962281,0.41124765161074434,0.5475504867096191,0.6831862158841232,0.8179895878913398,0.9517963655873494,1.0844435260248815,1.2157694590716737,1.3456141643075121,1.473819445960116,1.6002291056422973,1.7246891326556533,1.8470478916288642,1.9671563072620406,2.084868045952017,2.2000396940773053,2.3125309327254957,2.422204708650241,2.528927401249532,2.6325689853618024,2.7330031896815745,2.8301076506015876,2.9237640612940075,3.013858315849069,3.1002806482955525,3.182925766333712,3.2616929796177216,3.336486322431356,3.4072146706074253,3.473791852548548,3.536136754213953,3.5941734179444587,3.647831135005171,3.697044531733192,3.7417536491853496,3.78190401618894,3.8174467157064567,3.8483384444334745,3.874541565557044,3.896024154610359
-0.27735660618351576,-0.13876283366077619,-4.869281111183176e-16,0.13876283366077696,0.277356606183513,0.41561246240512617,0.5533619588614925,0.6904372690098596,0.8266713876996449,0.9618983346424854,1.0959533566336435,1.2286731282784187,1.3598959509789692,1.489461949939167,1.6172132689473873,1.7429942627000035,1.8666516864312055,1.988034882618139,2.1069959645338994,2.2233899964247246,2.3370751700918793,2.447912977663109,2.5557683803431464,2.6605099729376733,2.762010143950321,2.8601452310576105,2.9547956717724566,3.04584614911263,3.133185732096741,3.2167080108965562,3.296311226480977,3.371898394593752,3.443377423913845,3.51066122825453,3.5736678326644924,3.6323204733016845,3.686547690958233,3.736283418122489,3.781467059472103,3.8220435657000986,3.857963500583965,3.889183101216091,3.915664331322117,3.9373749276022783
-0.27984120876074975,-0.1400058921870611,-4.912900870469233e-16,0.1400058921870619,0.27984120876074703,0.41933558192779263,0.5583190592819557,0.6966223108648399,0.8340768354683747,0.9705151659275801,1.1057710731535035,1.239679768657768,1.3720781053219486,1.5028047761672263,1.6317005108820724,1.7586082698686056,1.8833734355711431,2.005844000853874,2.1258707541981448,2.2433074614937127,2.358011044202475,2.4698417536776316,2.5786633414258913,2.6843432251052604,2.786752650056215,2.8857668461694117,2.9812651798988585,3.073131301235296,3.161253285460766,3.24552376951164,3.3258400827839747,3.4021043722218303,3.474223721536138,3.5421102644088935,3.6056812915447245,3.6648593514394348,3.7195723447427205,3.769753612100135,3.8153420153672353,3.8562820120969947,3.8925237232097185,3.924022993763027,3.9507414467478412,3.972646529844859
-0.28172825830021675,-0.14094999207693878,-4.946029970240211e-16,0.14094999207693953,0.2817282583002139,0.42216328203766273,0.5620839648452188,0.7013198349240066,0.839701254813977,0.9770596280710206,1.1132276046757579,1.2480392849237663,1.3813304215488063,1.5129386198328298,1.6427035354589152,1.770467069866127,1.8960735628682537,2.019369982301767,2.140206110471943,2.2584347271699903,2.3739117890381807,2.486496605064506,2.5960520079930025,2.702444521440915,2.805544522519118,2.905226399757635,3.001368706143869,3.093854307087073,3.182570523128815,3.2674092672255304,3.348267176435946,3.425045737852896,3.497651408626122,3.565995729929837,3.6299954347361627,3.689572549263196,3.744654487974033,3.7951741420110796,3.8410699609578467,3.8822860278286573,3.918772127194877,3.950483806364679,3.977382429541809,3.9994352248973373
-0.2832793779809865,-0.14172602465540277,-4.973261475076836e-16,0.14172602465540354,0.28327937798098374,0.4244875990203389,0.5651786473075917,0.7051811124721951,0.8443244230760724,0.9824390544286407,1.1193567351265226,1.2549106520663416,1.3889356536807818,1.5212684511503498,1.6517478173456304,1.7802147832577235,1.9065128316774838,2.0304880878876332,2.151989507135402,2.2708690586572997,2.386981906031786,2.500186583640147,2.6103451690205657,2.71732345090538,2.8209910927368567,2.921221791462197,3.017893431414364,3.110888233091199,3.200092896651611,3.285398739953972,3.36670183096858,3.4439031144028163,3.5169085323847584,3.5856291390582204,3.6499812089495665,3.7098863389743144,3.7652715439592006,3.8160693455633936,3.8622178544904386,3.9036608458908404,3.9403478278633792,3.9722341029717203,3.999280822701348,4.021455034790499
-0.28442818624086386,-0.14230077891010404,-4.993429988230949e-16,0.1423007789101048,0.284428186240861,0.42620906163948796,0.5674706669489821,0.7080408966629521,0.847748487609676,0.9864232276098928,1.123896162854117,1.2599998037468378,1.3945683289667807,1.5274377874946623,1.6584462983622343,1.787434247879322,1.9142444840985093,2.0387225082805793,2.160716663127436,2.2800783175531607,2.3966620477680864,2.510325814455294,2.6209311358236382,2.728343256326472,2.832431310840533,2.9330684841049304,3.030132165226011,3.1235040970598438,3.2130705202903314,3.298722312027415,3.3803551187565124,3.457869483477196,3.531170966876223,3.6001702623873015,3.6647833049973766,3.724931373666905,3.7805411872393124,3.831544993722796,3.8778806528356897,3.9194917117148256,3.956327473694651,3.9883430600733085,4.015499464790419,4.037763601949958
-0.28500238927553345,-0.14258805542853192,-5.003510714373274e-16,0.14258805542853273,0.2850023892755306,0.42706949161245084,0.5686162755588551,0.7094702881621117,0.8494599205047612,0.9884146167835473,1.1261650821053826,1.2625434887471068,1.3973836806277045,1.5305213757439144,1.6617943663225232,1.7910427164455687,1.9181089569076077,2.0428382770676876,2.1650787134622727,2.2846813349493154,2.401500424157903,2.5153936550224345,2.6262222661850134,2.7338512300547735,2.83814941731821,2.938989756700047,3.036249389780013,3.129809820676897,3.219557060417532,3.305381765814792,3.3871793726854365,3.46485022324545,3.5382996875277004,3.6074382786739836,3.67218176196097,3.7324512574272455,3.7881733359763854,3.839280108839009,3.885709310284776,3.9274043734835975,3.9643144994235935,3.9963947188018785,4.02360594681272,4.045915030766351
-0.28526095333930107,-0.1427174162635412,-5.008050073031641e-16,0.14271741626354198,0.28526095333929824,0.42745694388449373,0.5691321439882623,0.7101139442426655,0.850230580040675,0.9893113408448876,1.1271867781720104,1.263688912039745,1.3986514356245106,1.5319099178807067,1.6633020038745967,1.7926676125888001,1.9198491319563424,2.0446916108866824,2.1670429480497533,2.2867540771880037,2.403679148730663,2.517675707488981,2.6286048662159387,2.7363314748189524,2.840724285019449,2.9416561102586805,3.03900398065495,3.132649292823468,3.2224779543763136,3.3083805229264254,3.390252339426304,3.4679936556789324,3.541509755865585,3.6107110719424744,3.6755132927656042,3.7358374668109215,3.7916100983645746,3.842763237066133,3.8892345606956265,3.9309674511035713,3.967911063191461,4.000020386858695,4.027256301840451,4.04958562536969
-0.28514986468483355,-0.14266183807957944,-5.006099797196108e-16,0.14266183807958024,0.2851498646848308,0.4272904801039341,0.5689105078920853,0.709837405860314,0.8498994762915704,0.9889260751279453,1.1267478198741612,1.2631967959640584,1.3981067613386198,1.531313348986329,1.6626542671990354,1.7919694972994178,1.9191014885990831,2.0438953503498114,2.1661990404540803,2.2858635507049394,2.402743088329552,2.516695253615233,2.627581213401573,2.735265870227239,2.8396180269254416,2.9405105464674595,3.037820506859534,3.131429350904378,3.221223030644859,3.3070921463138676,3.388932079621086,3.4666431212142554,3.5401305921596613,3.6093049592938367,3.674081944305919,3.734382626417804,3.790133538536943,3.841266756764691,3.887719983151106,3.9294366215954075,3.9663658467996035,3.9984626661912963,4.025687974740194,4.0480086026015645
-0.2844980345621305,-0.14233572435856037,-4.994656247508027e-16,0.14233572435856115,0.2844980345621277,0.42631372773414483,0.5676100232975153,0.7082147734811174,0.8479566730553537,0.9866654680411862,1.124172163138375,1.2603092276202283,1.3949107994439767,1.5278128873281416,1.658853570550629,1.7878731962242065,1.91471457380894,2.0392231666246556,2.161247280130086,2.280638246739302,2.3972506069502573,2.5109422865647892,2.621574769784155,2.7290132679691728,2.8331268838594386,2.933788771051461,3.030876288541476,3.1242711501446045,3.213859568608361,3.2995323942448818,3.3811852479130176,3.458718648188233,3.5320381325653956,3.601054372546795,3.6656832824751473,3.725846121979029,3.7814695919058754,3.8324859236257214,3.8788329615968316,3.9204542390926505,3.9572990469978135,3.9893224955893993,4.0164855692281325,4.038755173892933
-0.2835559876929268,-0.14186441381430934,-4.978117643689707e-16,0.14186441381431011,0.283555987692924,0.42490209227898734,0.5657305191167603,0.7058696904610937,0.8451488683184891,0.9833983624650433,1.120449737187839,1.2561360164979247,1.3902918875648238,1.5227539021247753,1.6533606756172432,1.7819530838071609,1.9083744566532916,2.0324707691865393,2.1540908291656526,2.2730864612816846,2.3893126876867723,2.502627904627318,2.612894054966354,2.7199767963848873,2.823745665057332,2.924074234601578,3.02084027011007,3.1139258770742058,3.2032176450206364,3.2886067856844616,3.369989265550972,3.447265932604461,3.52034263712968,3.589130346418772,3.6535452532438972,3.7135088779634513,3.7689481641373956,3.819795567535299,3.865989138428562,3.9074725970666235,3.9441954022451715,3.9761128128828105,4.003185942531179,4.025381806752096
-0.2822815298745818,-0.14122679648588826,-4.955743223021461e-16,0.141226796485889,0.282281529874579,0.42299234670125496,0.5631878125104534,0.7026971207225379,0.841350300735214,0.9789784250065247,1.1154138148670312,1.2504902448104505,1.3840431450138204,1.5159098018404964,1.6459295560816316,1.7739439986946954,1.8997971638004765,2.023335718703484,2.144409150704225,2.262869950475742,2.378573791780999,2.4913797073121744,2.6011502604376164,2.707751712647197,2.811054186492093,2.910931823820449,3.0072629391161563,3.0999301677538935,3.188820608989861,3.273825963513932,3.3548426653956915,3.4317720082635663,3.5045202655633227,3.5729988047494556,3.6371241952702738,3.69681831021519,3.7520084215003138,3.802627288476432,3.848613239851372,3.889910248826976,3.926468001359124,3.9582419574576457,3.9851934054514375,4.007289509152672
-0.2805088084696066,-0.14033989550728768,-4.924621271496986e-16,0.14033989550728845,0.28050880846960374,0.4203359646578701,0.5596510062209945,0.6982841992406655,0.8360666405259953,0.9728304633960393,1.10840904219948,1.2426371953223272,1.3753513864362565,1.5063899237424554,1.6355931569681512,1.7628036718758957,1.8878664820485502,2.0106292177163656,2.1309423113960806,2.2486591801158604,2.3636364040040627,2.4757339010242614,2.584815097643637,2.6907470952267767,2.793400831952197,2.892651240054296,2.988377398199155,3.080462678808558,3.1687948901527334,3.253266413038691,3.333774331927634,3.410220560321694,3.482511960267209,3.550560455828984,3.61428314039724,3.6736023776965627,3.728445896373727,3.778746878049223,3.8244440387251517,3.865481703450338,3.9018098741516782,3.9333842905491014,3.960166484079894,3.9821238247667186
