hough_viz/data/file_3_3_1.json
{"header": {"discipline": 0, "disciplineName": "Meteorological products", "gribEdition": 2, "gribLength": 133963, "center": 7, "centerName": "US National Weather Service - NCEP(WMC)", "subcenter": 0, "refTime": "2014-11-30T06:00:00.000Z", "significanceOfRT": 1, "significanceOfRTName": "Start of forecast", "productStatus": 0, "productStatusName": "Operational products", "productType": 1, "productTypeName": "Forecast products", "productDefinitionTemplate": 0, "productDefinitionTemplateName": "Analysis/forecast at horizontal level/layer at a point in time", "parameterCategory": 2, "parameterCategoryName": "Momentum", "parameterNumber": 3, "parameterNumberName": "V-component_of_wind", "parameterUnit": "m.s-1", "genProcessType": 2, "genProcessTypeName": "Forecast", "forecastTime": 6, "surface1Type": 100, "surface1TypeName": "Isobaric surface", "surface1Value": 85000, "surface2Type": 255, "surface2TypeName": "Missing", "surface2Value": 0, "gridDefinitionTemplate": 0, "gridDefinitionTemplateName": "Latitude_Longitude", "numberPoints": 65160, "shape": 6, "shapeName": "Earth spherical with radius of 6,371,229.0 m", "gridUnits": "degrees", "resolution": 48, "winds": "true", "scanMode": 0, "nx": 360, "ny": 181, "basicAngle": 0, "subDivisions": 0, "lo1": 0, "la1": 90, "lo2": 359, "la2": -90, "dx": 1, "dy": 1}, "data":
[rows 60 to 79 of 181, columns 45 to 89 of 360]
0.14579089674920695,0.1379609893992267,0.12975294056685388,0.12118924794340359,0.11229338401510176,0.10308973172663205,0.09360351764917903,0.0838607428361503,0.07388811155609641,0.06371295809816702,0.05336317185072395,0.042867120858466556,0.03225357406759324,0.02155162247211907,0.010790599377483666,2.524970199679586e-17,-0.010790599377483605,-0.021551622472118937,-0.03225357406759319,-0.04286712085846651,-0.05336317185072381,-0.06371295809816704,-0.07388811155609648,-0.0838607428361502,-0.09360351764917886,-0.10308973172663202,-0.11229338401510176,-0.12118924794340351,-0.12975294056685382,-0.13796098939922663,-0.14579089674920695,-0.15322120138499867,-0.1602315373580693,-0.16680268982479898,-0.1729166477130318,-0.1785566530891719,-0.1837072470905155,-0.18835431229691812,-0.19248511142566246,-0.19608832224346526,-0.1991540685999309,-0.20167394749739367,-0.2036410521229502,-0.20504999077955396,-0.20589690166428076
1.3399526339968468,1.2679885730609608,1.1925490435831199,1.1138408200698848,1.0320796362909639,0.9474895939679462,0.8603025485270566,0.7707574735995514,0.679099806011604,0.5855807730590283,0.4904567039107184,0.3939883270282159,0.2964400555271227,0.19807926243912527,0.09917554786110205,2.3206801969565416e-16,-0.0991755478611016,-0.19807926243912397,-0.29644005552712227,-0.39398832702821546,-0.49045670391071716,-0.5855807730590287,-0.6790998060116044,-0.7707574735995502,-0.8603025485270556,-0.9474895939679466,-1.032079636290964,-1.1138408200698844,-1.1925490435831196,-1.2679885730609606,-1.3399526339968466,-1.4082439779019127,-1.4726754229493895,-1.5330703670269743,-1.5892632717909534,-1.6411001163952887,-1.6884388196520554,-1.731149629466099,-1.769115478476511,-1.802232304930129,-1.8304093379075648,-1.853569346119989,-1.8716488495947232,-1.8845982936694357,-1.8923821848180207
2.4749050111384436,2.341986719466564,2.202649204986127,2.0572743821390915,1.9062607132100007,1.750022116168561,1.588986830149249,1.4235962416776182,1.2543036748605088,1.081573148856188,0.9058781060300801,0.7277001142821574,0.5475275471028036,0.36585424497501423,0.18317816179196347,4.286317966005811e-16,-0.18317816179196258,-0.3658542449750118,-0.5475275471028028,-0.7277001142821566,-0.9058781060300779,-1.0815731488561886,-1.2543036748605096,-1.4235962416776158,-1.5889868301492467,-1.7500221161685616,-1.9062607132100016,-2.0572743821390906,-2.2026492049861264,-2.341986719466563,-2.474905011138443,-2.6010397602033306,-2.7200452400815593,-2.831595265024749,-2.93538408416828,-3.031127219573151,-3.1185622459602427,-3.197449509999762,-3.267572787184361,-3.3287398744854886,-3.380783117168523,-3.42355986832275,-3.4569528798466354,-3.480870623816708,-3.4952475433592496
3.5551813405214077,3.364245272979777,3.1640880429907314,2.95525826760891,2.7383283347330543,2.513892834230567,2.2825669282080026,2.044984664894501,1.8017972407596636,1.553671215629296,1.3012866856912515,1.0453354193990525,0.7865189613826578,0.5255467095633757,0.26313397074348194,6.157261625679865e-16,-0.26313397074348066,-0.5255467095633722,-0.7865189613826565,-1.0453354193990516,-1.301286685691248,-1.5536712156292973,-1.8017972407596647,-2.0449846648944985,-2.2825669282079994,-2.513892834230568,-2.7383283347330556,-2.955258267608909,-3.1640880429907305,-3.364245272979777,-3.5551813405214068,-3.7363729031262936,-3.9073233273158086,-4.067564049859863,-4.216655862076164,-4.354190113670667,-4.479789832819645,-4.593110759423238,-4.693842288698464,-4.781708322525347,-4.8564680262126565,-4.917916488609072,-4.965885283750394,-5.00024293250341,-5.020895262941057
4.589466583721542,4.342982756969405,4.084595116357443,3.8150118844482708,3.5349719701420486,3.2452429433785595,2.946618931281341,2.6399184415104506,2.325982118789859,2.0056704407587014,1.6798613594618672,1.3494478949444766,1.0153356875460193,0.6784405156031166,0.33968578536476496,7.948552766128177e-16,-0.3396857853647633,-0.6784405156031124,-1.0153356875460178,-1.3494478949444755,-1.679861359461863,-2.0056704407587027,-2.3259821187898604,-2.639918441510447,-2.946618931281338,-3.245242943378561,-3.5349719701420503,-3.81501188444827,-4.084595116357443,-4.342982756969404,-4.589466583721541,-4.82337100157761,-5.044054894786765,-5.25091338413726,-5.443379484888354,-5.6209256608360345,-5.783065270253118,-5.929353899740377,-6.059390582332781,-6.172818896522087,-6.269327943183408,-6.348653197728105,-6.410577235147301,-6.4549303259587205,-6.481590901423391
5.535244645130786,5.23796646317815,4.926331379236528,4.601193563409512,4.263444195850232,3.914009024098503,3.553845825671152,3.1839417828604297,2.805310776935965,2.4189906091666824,2.0260401562796493,1.6275364681525752,1.2245718156949719,0.8182506970094912,0.40968681003941293,9.586557246392175e-16,-0.409686810039411,-0.8182506970094858,-1.2245718156949699,-1.6275364681525737,-2.0260401562796444,-2.4189906091666837,-2.805310776935966,-3.183941782860425,-3.5538458256711474,-3.9140090240985046,-4.263444195850233,-4.6011935634095105,-4.926331379236528,-5.23796646317815,-5.535244645130785,-5.817351106261255,-6.083512612368585,-6.332999633265184,-6.565128342368413,-6.779262491021684,-6.9748151524078255,-7.151250330274675,-7.3080844280635535,-7.444887574413832,-7.561284801410434,-7.656957072344829,-7.73164215617249,-7.78513534626994,-7.817290021521384
6.404571330057864,6.060604722753449,5.700026419171433,5.323824739378446,4.933030826029341,4.528715818076861,4.111987914854211,3.6839893385777205,3.245893203595144,2.7989003009607876,2.344235807150671,1.8831459259389844,1.416894472640172,0.9467594100789793,0.4740293457831962,1.1092154661711633e-15,-0.47402934578319406,-0.9467594100789734,-1.4168944726401698,-1.883145925938983,-2.3442358071506653,-2.798900300960789,-3.2458932035951458,-3.683989338577715,-4.111987914854206,-4.528715818076864,-4.933030826029343,-5.323824739378445,-5.700026419171433,-6.060604722753447,-6.404571330057864,-6.730983452522887,-7.038946417209473,-7.327616119037648,-7.596201334419895,-7.843965889949976,-8.07023068020309,-8.274375529116627,-8.455840889849641,-8.614129378461875,-8.748807137208534,-8.859505023714233,-8.945919622766574,-9.007814077956164,-9.045018740883553
7.212080030109937,6.8247450202049995,6.418703858581889,5.995069475841037,5.555003024379071,5.099710695750817,4.6304404145820515,4.148478418094884,3.655145730620913,3.15179454276538,2.6398045051466794,2.120578946869928,1.5955410290994463,1.0661298442729004,0.5337964716489745,1.2490688760257519e-15,-0.5337964716489719,-1.0661298442728935,-1.5955410290994438,-2.120578946869926,-2.6398045051466723,-3.1517945427653817,-3.655145730620916,-4.148478418094877,-4.630440414582046,-5.099710695750819,-5.555003024379075,-5.995069475841034,-6.418703858581887,-6.824745020204998,-7.212080030109937,-7.579647229957882,-7.926439143603334,-8.251505238516195,-8.553954531125383,-8.83295802894284,-9.087751002774356,-9.317635082789096,-9.521980172702776,-9.700226176827812,-9.851884535256612,-9.976539562970375,-10.0738495892028,-10.143547893935917,-10.185443438961125
7.9084738972099276,7.483738064756599,7.038489826456029,6.573949576780571,6.091390588264786,5.592135521553942,5.077552800083091,4.549052859323582,4.008084280877449,3.4561298220159573,2.8947023515449595,2.325340703136664,1.7496054574935276,1.1690746649049855,0.5853395199213177,1.3696781733738502e-15,-0.5853395199213149,-1.1690746649049781,-1.7496054574935256,-2.325340703136662,-2.894702351544952,-3.45612982201596,-4.008084280877451,-4.5490528593235755,-5.077552800083085,-5.592135521553943,-6.0913905882647885,-6.573949576780568,-7.038489826456028,-7.483738064756598,-7.908473897209924,-8.31153315242228,-8.691811072991438,-9.048265343569897,-9.37991894777885,-9.685862846142106,-9.965258467700163,-10.217340008474881,-10.441416530484961,-10.636873855558948,-10.803176248754884,-10.939867886772554,-11.046574107333473,-11.123002436104148,-11.168943388347879
8.511220254452946,8.054113072086945,7.574930125624891,7.074984822215432,6.555647477184445,6.01834155809597,5.464539783126545,4.895760084447075,4.31356144767624,3.7195396388093105,3.115322830334435,2.502567138525042,1.8829520841402667,1.258175988975257,0.6299513208792019,1.4740685450595448e-15,-0.6299513208791989,-1.258175988975249,-1.882952084140264,-2.502567138525039,-3.1153228303344274,-3.719539638809313,-4.313561447676243,-4.895760084447067,-5.464539783126538,-6.018341558095972,-6.555647477184447,-7.07498482221543,-7.574930125624889,-8.054113072086942,-8.511220254452944,-8.944998773709155,-9.354259673085876,-9.737881196905278,-10.094811865235792,-10.424073355925458,-10.724763186114991,-10.996057185880534,-11.237211757226138,-11.447565912234198,-11.626543084787377,-11.77365271089625,-11.888491573301128,-11.970744906662503,-12.020187260310989
9.04073374344177,8.555188286452358,8.04619365303363,7.515144962095992,6.963497781188572,6.392764136889715,5.804508370447229,5.20034285002778,4.581923551327797,3.9509455186592306,3.3091382189508765,2.6582608013997486,2.0000972757654334,1.3364516225233014,0.6691428482794411,1.5657756275891967e-15,-0.669142848279438,-1.336451622523293,-2.0000972757654303,-2.6582608013997464,-3.309138218950868,-3.950945518659234,-4.581923551327798,-5.200342850027772,-5.804508370447223,-6.392764136889716,-6.9634977811885745,-7.515144962095991,-8.046193653033626,-8.555188286452356,-9.040733743441768,-9.501499177654102,-9.936221663061604,-10.343709655548945,-10.722846258852876,-11.072592285897183,-11.391989107132314,-11.680161278072246,-11.936318938827032,-12.159759979053852,-12.349871962392642,-12.506133805111585,-12.628117204361423,-12.715487812123769,-12.768006151635802
9.444988430131353,8.93773190054994,8.405977669083251,7.851183237117944,7.274869257628748,6.678615367174361,6.064055856223412,5.43287518967791,4.786803389872016,4.127611294701116,3.4571057038781827,2.7771244266213837,2.0895312443467744,1.3962108021729462,0.699063443239779,1.6357889864292817e-15,-0.6990634432397757,-1.396210802172937,-2.0895312443467717,-2.777124426621381,-3.457105703878174,-4.127611294701119,-4.786803389872019,-5.432875189677901,-6.064055856223405,-6.678615367174364,-7.274869257628751,-7.85118323711794,-8.405977669083248,-8.93773190054994,-9.444988430131351,-9.926356902938867,-10.380517921448044,-10.806226661875476,-11.20231628615432,-11.567701140156267,-11.901379729394097,-12.20243746404842,-12.470049165794812,-12.703481329560255,-12.90209413400953,-13.065343195251055,-13.192781058955264,-13.284058426795848,-13.33892511385216
9.744715950967306,9.221362128820216,8.672733194047051,8.100332900423295,7.50573015736671,6.890554729665697,6.256492770407257,5.60528219934861,4.938707939399932,4.258597024274746,3.566813590717472,2.865253769034207,2.1558404859313733,1.4405181939072371,0.7212475416427868,1.6876991588069508e-15,-0.7212475416427835,-1.4405181939072276,-2.1558404859313707,-2.8652537690342035,-3.5668135907174623,-4.258597024274749,-4.938707939399936,-5.605282199348603,-6.256492770407249,-6.890554729665699,-7.505730157366713,-8.10033290042329,-8.672733194047051,-9.221362128820214,-9.744715950967304,-10.241360184039696,-10.709933560715857,-11.149151753940442,-11.557810897175514,-11.934790884115014,-12.279058438818304,-12.589669947847677,-12.865774046647223,-13.106613953073905,-13.311529541684774,-13.479959153094956,-13.611441133446982,-13.7056150997719,-13.76222292777397
9.965265401691568,9.430066657784852,8.869020756645044,8.283665486089342,7.675605264226796,7.04650674185979,6.398094234310026,5.732144995190096,5.050484345074855,4.354980668424633,3.6475402924732556,2.9301022621176185,2.204633025130435,1.473121042263531,0.7375713370151651,1.7258963853177675e-15,-0.7375713370151614,-1.4731210422635215,-2.204633025130432,-2.9301022621176154,-3.6475402924732463,-4.354980668424637,-5.050484345074857,-5.732144995190086,-6.398094234310017,-7.046506741859793,-7.675605264226798,-8.283665486089339,-8.869020756645043,-9.430066657784849,-9.965265401691566,-10.473150045809351,-10.952328513631313,-11.401487410284421,-11.819395622453621,-12.204907692777786,-12.556966959468784,-12.874608452547953,-13.15696153876174,-13.403252307926971,-13.612805694164818,-13.78504732620948,-13.919505101719894,-14.015810481279432,-14.07369949853682
10.055983485666374,9.515912598105091,8.949759255555376,8.359075244976317,7.745479590182971,7.110654114214628,6.456338829574729,5.784327168977574,5.096461069673898,4.394625924828919,3.680745415790686,2.95677623941324,2.224702744886566,1.4865314947733494,0.7442857651604904,1.7416079601633807e-15,-0.7442857651604868,-1.4865314947733397,-2.2247027448865624,-2.9567762394132373,-3.6807454157906765,-4.3946259248289214,-5.096461069673902,-5.784327168977566,-6.456338829574721,-7.110654114214631,-7.745479590182975,-8.359075244976314,-8.949759255555373,-9.51591259810509,-10.055983485666372,-10.568491621476289,-11.05203225635859,-11.505280039043548,-11.926992648863697,-12.316014200868402,-12.671278414024187,-12.991811533816893,-13.27673500124515,-13.52526786088953,-13.736728901457054,-13.910538522934006,-14.046220325229271,-14.143402413953886,-14.201818419757702
10.038929865898108,9.499774867228,8.934581645968075,8.344899357451705,7.732344279843399,7.098595384032708,6.4453897316917015,5.774517714109673,5.087818144855071,4.3871732197153275,3.6745033577290185,2.951761937450764,2.22092994287642,1.484010533703599,0.7430235548101978,1.738654423099567e-15,-0.743023554810194,-1.4840105337035892,-2.2209299428764164,-2.9517619374507613,-3.6745033577290096,-4.387173219715332,-5.087818144855073,-5.774517714109664,-6.4453897316916935,-7.098595384032713,-7.732344279843401,-8.344899357451702,-8.934581645968073,-9.499774867227998,-10.038929865898107,-10.550568855603245,-11.033289469436236,-11.485768603748037,-11.906766044682955,-12.295127867518557,-12.649789599493152,-12.969779137451631,-13.254219412312647,-13.502330793054014,-13.713433223627122,-13.886948086943324,-14.02239979082314,-14.119417071561376,-14.177734011535101
9.942857173907036,9.408861895726522,8.849077581091795,8.265038559899132,7.65834564250957,7.030661732038975,6.383707266456165,5.719255502982052,5.0391276577148325,4.345187913803294,3.6393383118503286,2.9235135365518787,2.199675613860682,1.4698085332094697,0.7359128095338627,1.7220154772058637e-15,-0.7359128095338593,-1.4698085332094604,-2.1996756138606783,-2.923513536551876,-3.639338311850319,-4.345187913803296,-5.039127657714836,-5.719255502982043,-6.383707266456157,-7.030661732038977,-7.658345642509573,-8.265038559899129,-8.849077581091793,-9.40886189572652,-9.942857173907033,-10.449599771693393,-10.927700742848327,-11.375849645842269,-11.792818135682571,-12.177463330721706,-12.528730945216433,-12.845658179051734,-13.127376356709002,-13.373113308245278,-13.58219548575736,-13.754049809529812,-13.888205238806625,-13.98429406288118,-14.042052908965738
9.722278513687067,9.200129726003667,8.652764022234468,8.081681693726573,7.48844803744698,6.874689065612391,6.242087048902738,5.592375905474192,4.927336448410017,4.248791504635715,3.558600918677083,2.858656454955668,2.1508766125939998,1.4372013669428114,0.7195868522434686,1.683813191867105e-15,-0.7195868522434654,-1.437201366942802,-2.1508766125939967,-2.858656454955665,-3.5586009186770737,-4.248791504635719,-4.92733644841002,-5.592375905474183,-6.242087048902728,-6.874689065612394,-7.488448037446982,-8.08168169372657,-8.652764022234466,-9.200129726003665,-9.722278513687066,-10.217779211751742,-10.685273687226138,-11.123480570248105,-11.531198766210679,-11.90731074787887,-12.25078561845415,-12.560681937190916,-12.836150299820131,-13.076435666707411,-13.280879432364145,-13.448921230639376,-13.580100470644481,-13.67405759920076,-13.730535086349716
9.39905899141706,8.894269167629961,8.365100770287462,7.813004213184627,7.239492754608711,6.646138349603393,6.0345673413492245,5.4064560034700495,4.763525945483507,4.10753939398903,3.4402943625271907,2.763619723349588,2.079370194607141,1.3894212566965265,0.695664011698788,1.6278344113064541e-15,-0.6956640116987847,-1.3894212566965174,-2.0793701946071383,-2.763619723349585,-3.440294362527182,-4.107539393989033,-4.763525945483511,-5.4064560034700415,-6.0345673413492165,-6.646138349603395,-7.239492754608715,-7.813004213184621,-8.36510077028746,-8.894269167629961,-9.399058991417059,-9.87808664782926,-10.330039155357152,-10.753677743592421,-11.147841248611485,-11.511449295645038,-11.84350526031027,-12.143099000288947,-12.409409349964289,-12.64170637117885,-12.839353353944245,-13.00180856161899,-13.128626715770967,-13.21946021665467,-13.274060095957939
9.003215949053732,8.519685438543041,8.012803062441376,7.483958150108666,6.93460022869006,6.366235050062771,5.780420463674834,5.178762146588064,4.562909202428835,3.9345496413096823,3.2954057531108933,2.6472293868036667,1.9917971487538757,1.3309055331674726,0.6663659980247609,1.5592778753358127e-15,-0.6663659980247577,-1.330905533167464,-1.9917971487538728,-2.647229386803664,-3.2954057531108853,-3.934549641309686,-4.562909202428838,-5.178762146588057,-5.780420463674828,-6.366235050062773,-6.934600228690061,-7.483958150108663,-8.012803062441373,-8.51968543854304,-9.003215949053732,-9.462069270453936,-9.894987717684206,-10.300784691372453,-10.67834793022042,-11.026642559634514,-11.34471392824518,-11.631690224539925,-11.886784866438074,-12.109298657257607,-12.298621702164626,-12.45423507985272,-12.575712264870207,-12.662720296696726,-12.715020692364895
