hough_viz/data/file_1_3_1.json
{"header": {"discipline": 0, "disciplineName": "Meteorological products", "gribEdition": 2, "gribLength": 133963, "center": 7, "centerName": "US National Weather Service - NCEP(WMC)", "subcenter": 0, "refTime": "2014-11-30T06:00:00.000Z", "significanceOfRT": 1, "significanceOfRTName": "Start of forecast", "productStatus": 0, "productStatusName": "Operational products", "productType": 1, "productTypeName": "Forecast products", "productDefinitionTemplate": 0, "productDefinitionTemplateName": "Analysis/forecast at horizontal level/layer at a point in time", "parameterCategory": 2, "parameterCategoryName": "Momentum", "parameterNumber": 2, "parameterNumberName": "U-component_of_wind", "parameterUnit": "m.s-1", "genProcessType": 2, "genProcessTypeName": "Forecast", "forecastTime": 6, "surface1Type": 100, "surface1TypeName": "Isobaric surface", "surface1Value": 85000, "surface2Type": 255, "surface2TypeName": "Missing", "surface2Value": 0, "gridDefinitionTemplate": 0, "gridDefinitionTemplateName": "Latitude_Longitude", "numberPoints": 65160, "shape": 6, "shapeName": "Earth spherical with radius of 6,371,229.0 m", "gridUnits": "degrees", "resolution": 48, "winds": "true", "scanMode": 0, "nx": 360, "ny": 181, "basicAngle": 0, "subDivisions": 0, "lo1": 0, "la1": 90, "lo2": 359, "la2": -90, "dx": 1, "dy": 1}, "data":
[rows 76 to 94 of 181, columns 215 to 257 of 360]
-9.261905926634547,-9.147311963865278,-9.029931641259815,-8.909800714001511,-8.78695577513454,-8.661434244417316,-8.533274356924045,-8.402515151397969,-8.269196458359787,-8.13335888797488,-7.995043817683084,-7.854293379594692,-7.711150447656628,-7.5656586245926105,-7.417862228621367,-7.267806279956837,-7.115536487094606,-6.961099232888664,-6.804541560422702,-6.645911158680361,-6.4852563480187,-6.322626065449343,-6.158069849731788,-5.9916378262834495,-5.8233806919109306,-5.653349699367296,-5.481596641739997,-5.308173836674215,-5.133134110436347,-4.956530781822654,-4.778417645917825,-4.598848957708472,-4.417879415556556,-4.2355641445377055,-4.051958679649596,-3.8671189488954605,-3.68110125624786,-3.4939622644979873,-3.3057589779955756,-3.1165487252848507,-2.9263891416417285,-2.735338151517494,-2.5434539508944916
-10.885870944486994,-10.751184293639428,-10.613222727906962,-10.472028271718976,-10.327643934274603,-10.180113696441722,-10.029482497359929,-9.875796220751662,-9.71910168094557,-9.559446608616403,-9.396879636245819,-9.231450283308419,-9.063208941187654,-8.892206857826123,-8.718496122114962,-8.542129648027029,-8.363161158498835,-8.181645169066012,-7.9976369712573145,-7.81119261575232,-7.622368895307849,-7.431223327458322,-7.237814136995363,-7.042200238232005,-6.844441217056756,-6.644597312783202,-6.442729399800503,-6.238898969030514,-6.033168109196987,-5.825599487912789,-5.616256332590721,-5.405202411183838,-5.192502012761149,-4.978219927924476,-4.762421429072658,-4.545172250518932,-4.326538568467615,-4.106586980856233,-3.8853844870690812,-3.6629984675285927,-3.4394966631706425,-3.2149471548099386,-2.989418342401988
-12.431441967668139,-12.277632567173722,-12.120083280863255,-11.958842099775548,-11.793958139536342,-11.625481625397201,-11.453463876936393,-11.277957292426475,-11.09901533287326,-10.916692505731069,-10.731044348299267,-10.542127410805012,-10.349999239177539,-10.154718357519117,-9.956344250278034,-9.75493734412904,-9.550558989566818,-9.343271442218041,-9.13313784387766,-8.920222203275344,-8.704589376577777,-8.486305047632857,-8.265435707961728,-8.042048636504894,-7.816211879128307,-7.587994227895992,-7.357465200115298,-7.124695017161294,-6.889754583086591,-6.652715463023331,-6.413649861383732,-6.17263059986592,-5.929731095271789,-5.685025337143442,-5.438587865225323,-5.190493746758673,-4.940818553615307,-4.689638339277737,-4.437029615672477,-4.183069329863799,-3.927834840614955,-3.6714038948238694,-3.4138546038407322
-13.915528012744756,-13.74335659234396,-13.566998812390253,-13.386508393171825,-13.20194031381881,-13.013350795556146,-12.820797284577989,-12.624338434549108,-12.424034088738347,-12.219945261789828,-12.01213412113731,-11.800663968067335,-11.585599218437089,-11.367005383052678,-11.144949047713947,-10.919497852931729,-10.69072047332395,-10.458686596696674,-10.22346690281647,-9.985133041880726,-9.74375761269226,-9.499414140545081,-9.252177054827778,-9.002121666351739,-8.749324144410622,-8.493861493578507,-8.235811530253551,-7.975252858954396,-7.712264848376395,-7.44692760721519,-7.179321959764822,-6.90952942129784,-6.637632173235031,-6.363713038112068,-6.087855454351025,-5.810143450844204,-5.53066162135812,-5.24949509876546,-4.966729529112718,-4.682451045531605,-4.396746242002114,-4.1097021469750725,-3.821406196862483
-15.292174284721575,-15.102970154974884,-14.909165514213235,-14.71081939720763,-14.507992222106717,-14.300745772032885,-14.08914317626245,-13.873248890995935,-13.653128679724045,-13.428849593195475,-13.20047994899264,-12.968089310721421,-12.73174846682145,-12.491529409003267,-12.247505310318944,-11.999750502872843,-11.748340455179369,-11.493351749174527,-11.23486205688829,-10.972950116784972,-10.707695709778724,-10.439179634931506,-10.167483684840866,-9.892690620725212,-9.614884147213841,-9.334148886849752,-9.050570354312784,-8.764234930371064,-8.475229835568502,-8.183643103656632,-7.889563554778657,-7.593080768413963,-7.2942850560914,-6.993267433879426,-6.690119594661788,-6.384933880206973,-6.077803253039989,-5.768821268125142,-5.458082044368196,-5.1456802359468945,-4.831711003478413,-4.516269985032438,-4.199453266998933
-16.558571297652907,-16.353698529798624,-16.143844266950342,-15.929072432749413,-15.709448448777065,-15.48503921462639,-15.25591308752399,-15.022139861507785,-14.783790746167032,-14.54093834495119,-14.293656633054255,-14.042020934881126,-13.786107901103119,-13.525995485309409,-13.261762920261617,-12.993490693758726,-12.721260524119737,-12.4451553352915,-12.1652592315892,-11.881657472077448,-11.594436444599504,-11.303683639462704,-11.009487622788068,-10.711938009532245,-10.411125436189844,-10.107141533184743,-9.800078896958539,-9.490031061764844,-9.177092471177737,-8.86135844932342,-8.54292517184353,-8.221889636599109,-7.898349634124163,-7.572403717837629,-7.244151174023122,-6.913691991585337,-6.581126831592462,-6.246556996613893,-5.910084399862399,-5.5718115341504175,-5.231841440669799,-4.890277677604368,-4.547224288585155
-17.742335679124395,-17.522816654599783,-17.297960010374855,-17.067834239961662,-16.832509441899145,-16.592057298400455,-16.3465510535178,-16.09606549083165,-15.840676910670906,-15.580463106871084,-15.31550334307758,-15.045878328601162,-14.771670193833156,-14.49296246522772,-14.209840039858902,-13.922389159560124,-13.630697384654123,-13.334853567281245,-13.034947824334141,-12.731071510007371,-12.423317187969994,-12.111778603169787,-11.796550653277604,-11.477729359780694,-11.155411838733539,-10.829696271175406,-10.500681873223424,-10.168468865850492,-9.833158444356851,-9.494852747545114,-9.153654826607768,-8.809668613736779,-8.462998890464885,-8.113751255748042,-7.7620320937990295,-7.407948541681749,-7.051608456676248,-6.693120383424394,-6.332593520866037,-5.9701376889759965,-5.605863295311888,-5.239881301382811,-4.872303188849462
-18.78980688050447,-18.557327901862035,-18.319196181371826,-18.075484256262726,-17.826266363548015,-17.571618417412058,-17.311617986086063,-17.046344268220103,-16.7758780687584,-16.50030177432536,-16.219699328129856,-15.934156204395252,-15.643759382323152,-15.348597319598689,-15.048759925445482,-14.744338533238363,-14.435425872682401,-14.122116041566525,-13.804504477100377,-13.482687926843264,-13.156764419233909,-12.826833233730012,-12.49299487056678,-12.155351020143634,-11.814004532048225,-11.469059383727519,-11.120620648815239,-10.768794465125477,-10.413688002321987,-10.055409429273324,-9.694067881103566,-9.329773425948664,-8.96263703142869,-8.592770530845929,-8.220286589119436,-7.8452986684661905,-7.467920993839399,-7.088268518134527,-6.706456887173432,-6.322602404477579,-5.9368219958409165,-5.549233173713033,-5.15995400140381
-19.700370509456906,-19.45662548088676,-19.206953775714574,-18.951431446360367,-18.690136327400953,-18.423148011860803,-18.15054782696719,-17.872418809377187,-17.588845679883843,-17.299914817609423,-17.005714233693528,-16.706333544483993,-16.401863944238926,-16.09239817734801,-15.778030510081726,-15.458856701876845,-15.134973976167256,-14.806480990768758,-14.473477807826868,-14.136065863336988,-13.794347936245991,-13.448428117144765,-13.098411776561191,-12.744405532863327,-12.386517219782329,-12.024855853565294,-11.659531599767853,-11.290655739696719,-10.918340636512239,-10.542699701001535,-10.163847357032482,-9.781899006699057,-9.396970995168825,-9.009180575242965,-8.618645871639995,-8.225485845013823,-7.8298202557171726,-7.431769627321478,-7.03145520990413,-6.628998943114591,-6.224523419030444,-5.818151844814549,-5.41000800518502
-20.511951365937467,-20.258164962817794,-19.9982077264052,-19.73215884219216,-19.460099351246058,-19.182112125523364,-18.898281842625934,-18.608694960007487,-18.313439688637743,-18.012605966132558,-17.706285429358065,-17.39457138651715,-17.077558788726904,-16.755344201095575,-16.428025773307944,-16.09570320972789,-15.75847773902757,-15.416452083352159,-15.069730427029626,-14.718418384835267,-14.362622969820368,-14.002452560715012,-13.638016868914836,-13.269426905061971,-12.89679494523,-12.520234496723656,-12.139860263503353,-11.75578811124534,-11.368135032047766,-10.977019108793833,-10.582559479182589,-10.18487629943841,-9.78409070771033,-9.380324787172066,-8.973701528834384,-8.56434479408082,-8.152379276938289,-7.737930466094149,-7.321124606671023,-6.902088661771359,-6.480950273803303,-6.057837725599475,-5.632879901340835
-21.167082302731522,-20.90519021912074,-20.6369302120561,-20.362383996134437,-20.08163520079269,-19.794769344833636,-19.501873810375898,-19.20303781623663,-18.898352390754535,-18.587910344061754,-18.271806239813056,-17.950136366380743,-17.622998707524356,-17.290492912543826,-16.952720265925382,-16.609783656489235,-16.26178754604873,-15.908837937590242,-15.551042342983589,-15.18850975023293,-14.821350590277955,-14.44967670335554,-14.073601304932096,-13.69323895121715,-13.308705504268284,-12.920118096698491,-12.527595095996428,-12.13125606847061,-11.731221742828213,-11.327613973400057,-10.920555703022544,-10.51017092558807,-10.096584648275371,-9.679922853470995,-9.260312460393937,-8.837881286434774,-8.412758008221271,-7.985072122422264,-7.554953906301639,-7.12253437803465,-6.687945256798593,-6.2513189226497365,-5.812788376199153
-21.665994110954216,-21.39792918542197,-21.12334624337346,-20.842328925432763,-20.554962832197194,-20.26133549816256,-19.961536365059203,-19.655656754607328,-19.34378984069936,-19.026030621018414,-18.702475888101024,-18.37322419985316,-18.0383758495286,-17.698032835178594,-17.35229882858231,-17.001279143667336,-16.645080704430107,-16.283812012365807,-15.917583113417708,-15.546505564456172,-15.170692399297325,-14.790258094271854,-14.4053185333544,-14.015990972864252,-13.622394005747822,-13.224647525454138,-12.822872689414147,-12.417191882135024,-12.007728677920564,-11.59460780322933,-11.177955098681744,-10.757897480727795,-10.334562902987148,-9.90808031727309,-9.478579634312663,-9.046191684174556,-8.611048176417007,-8.173281659967845,-7.733025482748699,-7.290413751055986,-6.8455812887109,-6.398663595990638,-5.94979680835379
-22.055589900316853,-21.78270465748329,-21.503184191797274,-21.217113647900405,-20.92458016565159,-20.625672853583367,-20.32048276175855,-20.009102854035575,-19.691627979750727,-19.368154844826158,-19.038781982312337,-18.703609722373884,-18.36274016172805,-18.01627713254509,-17.664326170819972,-17.306994484225044,-16.94439091945359,-16.576625929064086,-16.20381153783521,-15.826061308642062,-15.443490307863804,-15.056215070333323,-14.664353563839564,-14.2680251531935,-13.867350563868309,-13.462451845225322,-13.053452333336558,-12.640476613415451,-12.223650481866848,-11.803100907968311,-11.378955995194,-10.951344942193106,-10.520398003434785,-10.086246449531233,-9.649022527251491,-9.208859419237763,-8.765891203436695,-8.320252812257984,-7.872079991472563,-7.421509258863165,-6.968677862639764,-6.513723739632306,-6.056785473273896
-22.278509729038053,-22.0028663857924,-21.720520756299095,-21.43155884577201,-21.13606867480831,-20.834140252576592,-20.525865549399082,-20.2113384687367,-19.890654818585116,-19.56391228229068,-19.231210388795194,-18.892650482318363,-18.548335691487406,-18.198370897923045,-17.842862704291612,-17.481919401832748,-17.11565093737292,-16.744168879834557,-16.367586386250984,-15.986018167297795,-15.599580452350809,-15.208390954081509,-14.812568832600583,-14.412234659160694,-14.007510379429172,-13.598519276342273,-13.185385932551965,-12.768236192476923,-12.347197123968968,-11.922396979607072,-11.493965157630331,-11.062032162522017,-10.626729565256708,-10.188189963222383,-9.746546939830045,-9.301935023822914,-8.854489648297639,-8.404347109450145,-7.9516445250583745,-7.496519792714941,-7.039111547822247,-6.579559121362686,-6.118002497457135
-22.33493485344832,-22.05859338406566,-21.775532653451826,-21.485838884647432,-21.18960032118076,-20.88690720018801,-20.57785172492606,-20.262528036686575,-19.941032186119603,-19.61346210397561,-19.27991757127489,-18.940500188913195,-18.595313346713212,-18.24446219193097,-17.888053597227003,-17.526196128111838,-17.15900000987597,-16.78657709401415,-16.409040824154264,-16.026506201501395,-15.6390897498073,-15.24690947987615,-14.850084853617274,-14.448736747656008,-14.042987416513354,-13.632960455366153,-13.21878076239877,-12.80057450075798,-12.37846906012231,-11.952593017898005,-11.523076100053078,-11.09004914160151,-10.653644046749712,-10.21399374871711,-9.771232169243465,-9.325494177795019,-8.876915550481904,-8.425632928699523,-7.97178377750612,-7.515506343749664,-7.056939613956579,-6.596223271994974,-6.13349765652567
-22.278509729038053,-22.0028663857924,-21.720520756299095,-21.43155884577201,-21.13606867480831,-20.834140252576592,-20.525865549399082,-20.2113384687367,-19.890654818585116,-19.56391228229068,-19.231210388795194,-18.892650482318363,-18.548335691487406,-18.198370897923045,-17.842862704291612,-17.481919401832748,-17.11565093737292,-16.744168879834557,-16.367586386250984,-15.986018167297795,-15.599580452350809,-15.208390954081509,-14.812568832600583,-14.41223465916069,-14.007510379429172,-13.598519276342273,-13.185385932551965,-12.768236192476923,-12.347197123968968,-11.922396979607072,-11.493965157630331,-11.062032162522017,-10.626729565256708,-10.188189963222383,-9.746546939830045,-9.301935023822914,-8.854489648297639,-8.404347109450145,-7.9516445250583745,-7.496519792714941,-7.039111547822247,-6.579559121362685,-6.118002497457135
-22.055589900316853,-21.78270465748329,-21.503184191797274,-21.217113647900412,-20.92458016565159,-20.625672853583367,-20.32048276175855,-20.00910285403558,-19.69162797975073,-19.368154844826158,-19.038781982312337,-18.703609722373884,-18.36274016172805,-18.01627713254509,-17.664326170819972,-17.306994484225044,-16.94439091945359,-16.576625929064086,-16.20381153783521,-15.826061308642062,-15.443490307863804,-15.056215070333323,-14.664353563839564,-14.2680251531935,-13.867350563868309,-13.462451845225322,-13.053452333336558,-12.640476613415451,-12.223650481866848,-11.803100907968311,-11.378955995194,-10.951344942193106,-10.520398003434785,-10.086246449531233,-9.649022527251491,-9.208859419237763,-8.765891203436695,-8.320252812257984,-7.872079991472563,-7.421509258863165,-6.968677862639764,-6.513723739632306,-6.056785473273897
-21.665994110954216,-21.39792918542197,-21.12334624337346,-20.842328925432763,-20.554962832197194,-20.26133549816256,-19.961536365059203,-19.655656754607328,-19.34378984069936,-19.026030621018414,-18.702475888101024,-18.37322419985316,-18.0383758495286,-17.698032835178594,-17.35229882858231,-17.001279143667336,-16.645080704430107,-16.283812012365807,-15.917583113417708,-15.546505564456172,-15.170692399297325,-14.790258094271854,-14.4053185333544,-14.015990972864252,-13.622394005747822,-13.224647525454138,-12.822872689414147,-12.417191882135024,-12.007728677920564,-11.59460780322933,-11.177955098681744,-10.757897480727795,-10.334562902987148,-9.90808031727309,-9.478579634312663,-9.046191684174556,-8.611048176417007,-8.173281659967845,-7.733025482748699,-7.290413751055986,-6.8455812887109,-6.398663595990638,-5.94979680835379
-21.167082302731522,-20.90519021912074,-20.6369302120561,-20.362383996134437,-20.08163520079269,-19.794769344833636,-19.501873810375898,-19.20303781623663,-18.898352390754535,-18.587910344061754,-18.271806239813056,-17.950136366380743,-17.622998707524356,-17.290492912543826,-16.952720265925382,-16.609783656489235,-16.26178754604873,-15.908837937590242,-15.551042342983589,-15.18850975023293,-14.821350590277955,-14.44967670335554,-14.073601304932096,-13.69323895121715,-13.308705504268284,-12.920118096698491,-12.527595095996428,-12.13125606847061,-11.731221742828213,-11.327613973400057,-10.920555703022544,-10.51017092558807,-10.096584648275371,-9.679922853470995,-9.260312460393937,-8.837881286434774,-8.412758008221271,-7.985072122422264,-7.554953906301639,-7.12253437803465,-6.687945256798593,-6.2513189226497365,-5.812788376199153
