hough_viz/data/file_2_0_1.json
{"header": {"discipline": 0, "disciplineName": "Meteorological products", "gribEdition": 2, "gribLength": 133963, "center": 7, "centerName": "US National Weather Service - NCEP(WMC)", "subcenter": 0, "refTime": "2014-11-30T06:00:00.000Z", "significanceOfRT": 1, "significanceOfRTName": "Start of forecast", "productStatus": 0, "productStatusName": "Operational products", "productType": 1, "productTypeName": "Forecast products", "productDefinitionTemplate": 0, "productDefinitionTemplateName": "Analysis/forecast at horizontal level/layer at a point in time", "parameterCategory": 2, "parameterCategoryName": "Momentum", "parameterNumber": 3, "parameterNumberName": "V-component_of_wind", "parameterUnit": "m.s-1", "genProcessType": 2, "genProcessTypeName": "Forecast", "forecastTime": 6, "surface1Type": 100, "surface1TypeName": "Isobaric surface", "surface1Value": 85000, "surface2Type": 255, "surface2TypeName": "Missing", "surface2Value": 0, "gridDefinitionTemplate": 0, "gridDefinitionTemplateName": "Latitude_Longitude", "numberPoints": 65160, "shape": 6, "shapeName": "Earth spherical with radius of 6,371,229.0 m", "gridUnits": "degrees", "resolution": 48, "winds": "true", "scanMode": 0, "nx": 360, "ny": 181, "basicAngle": 0, "subDivisions": 0, "lo1": 0, "la1": 90, "lo2": 359, "la2": -90, "dx": 1, "dy": 1}, "data":
[rows 76 to 94 of 181, columns 172 to 214 of 360]
7.718075352008426,6.774014407461514,5.821700369816062,4.862293487034185,3.8969626486172277,2.926883961494009,1.9532393171156213,0.9772149515028051,6.858225908748365e-15,-0.9772149515027916,-1.9532393171156321,-2.926883961493995,-3.8969626486171887,-4.8622934870341465,-5.821700369816023,-6.774014407461523,-7.718075352008412,-8.652733010617247,-9.576848646904017,-10.48929636831495,-11.388964497853333,-12.274756928486607,-13.14559445858385,-14.000416106756905,-14.838180404502673,-15.657866665072012,-16.45847622701946,-17.23903367091816,-17.99858800775841,-18.736213837581175,-19.451012476935325,-20.142113053785117,-20.80867356853353,-21.44988191986915,-22.06495689418641,-22.653149117374163,-23.21374196781254,-23.74605244946594,-24.249432024008648,-24.723267400968744,-25.166981284928166,-25.580033078868187,-25.961919542803635
7.7913208655439306,6.838300662951662,5.876949044361077,4.9084372686345406,3.933945318182947,2.9546604613389698,1.9717758058534056,0.9864888452772123,6.923311342061485e-15,-0.9864888452771987,-1.9717758058534165,-2.9546604613389564,-3.933945318182908,-4.9084372686345015,-5.87694904436104,-6.838300662951672,-7.791320865543919,-8.734848543822473,-9.66773415465068,-10.5888411206117,-11.497047214753195,-12.391245927847896,-13.270347816504604,-14.133281830487277,-14.9789966176247,-15.80646180472107,-16.61466925290722,-17.402634285902266,-18.169396889690255,-18.914022882149208,-19.635605051208124,-20.333264260145228,-21.006150518680606,-21.65344401855842,-22.274356132356957,-22.86813037430976,-23.43404332196694,-23.971405497573915,-24.47956220809407,-24.957894342851134,-25.405819127820347,-25.82279083564875,-26.208301450539903
7.8595837766754775,6.8982137789048545,5.928439370233035,4.951442071394666,3.9684122031034597,2.980547435829809,1.9890513306237372,0.9951318727611944,6.983969270933239e-15,-0.9951318727611806,-1.989051330623748,-2.980547435829795,-3.9684122031034197,-4.951442071394627,-5.928439370232996,-6.898213778904865,-7.859583776675464,-8.811378082290254,-9.752437081000544,-10.681614237375378,-11.59777749217851,-12.499810641608118,-13.386614697219127,-14.257109224871488,-15.11023366107269,-15.944948605110921,-16.76023708540491,-17.5551057985269,-18.328586319390137,-19.0797362811255,-19.807640523210363,-20.511412206450824,-21.190193893458552,-21.84315859330628,-22.46951076908868,-23.068487307161753,-23.639358446879147,-24.181428669693005,-24.6940375465364,-25.176560542454204,-25.62840977750289,-26.049034742991584,-26.437922972192133
7.924159342603593,6.954890579015807,5.977148352576278,4.992123891578259,4.001017296596061,3.005036078347431,2.0053936865276563,1.0033080314080893,7.041350651539358e-15,-1.0033080314080753,-2.0053936865276674,-3.005036078347416,-4.001017296596022,-4.99212389157822,-5.977148352576238,-6.954890579015815,-7.92415934260358,-8.883773738655556,-9.832564624847441,-10.769376045634402,-11.693066640604965,-12.602511035052814,-13.496601211072434,-14.374247857508404,-15.234381697113164,-16.075954789296578,-16.89794180688028,-17.699341285300648,-18.479176842739395,-19.23649836969427,-19.970383186541074,-20.67993716767678,-21.364295830873793,-22.022625390518403,-22.654123773450028,-23.25802159616397,-23.83358310218659,-24.380107058481205,-24.896927609792677,-25.383415089889304,-25.838976788714252,-26.263057674511415,-26.655141070046085
7.982770902425511,7.006332879404093,6.021358719011993,5.0290484605399834,4.030611081184309,3.0272630230942545,2.020226711324681,1.0107290644994513,7.093432459475869e-15,-1.0107290644994373,-2.020226711324692,-3.027263023094241,-4.03061108118427,-5.029048460539945,-6.021358719011953,-7.006332879404104,-7.982770902425497,-8.949483148753878,-9.905291828427726,-10.849032435801847,-11.779555168318279,-12.695726327363516,-13.59642969950556,-14.480567916428196,-15.34706379190518,-16.194861634185656,-17.022928532192118,-17.83025561396319,-18.615859275808965,-19.37878238068049,-20.118095424293724,-20.832897667587492,-21.52231823413518,-22.185517171173576,-22.82168647295582,-23.43005106518208,-24.009869749308137,-24.56043610558154,-25.081079353705473,-25.571165170081,-26.030096460632823,-26.457314088276355,-26.85229755414013
8.035857628729405,7.052926133865384,6.06140173492726,5.062492451662487,4.0574153011625205,3.047394815115002,2.033661547900452,1.0174505773513571,7.140604940326716e-15,-1.017450577351343,-2.033661547900463,-3.0473948151149886,-4.0574153011624805,-5.0624924516624485,-6.061401734927221,-7.0529261338653955,-8.035857628729394,-9.008998668901755,-9.971163631925954,-10.921180268004635,-11.857891128205608,-12.780154974634993,-13.686848170859719,-14.576866050885593,-15.449124265022569,-16.302560100997756,-17.13613377870679,-17.948829717025486,-18.739657771139253,-19.507654438881897,-20.25188403461456,-20.97143982921463,-21.665445154785466,-22.333054472741207,-22.973454403965214,-23.58586471978736,-24.169539292572416,-24.723767004761566,-25.247872615259784,-25.74121758211293,-26.20320084047287,-26.63325953490238,-27.03086970512773
8.084944912314633,7.096009150169825,6.098427993931977,5.093416842574341,4.0822001473747225,3.0660099201102544,2.0460842320407564,1.0236657055096563,7.184223545318266e-15,-1.023665705509642,-2.0460842320407675,-3.0660099201102406,-4.082200147374682,-5.093416842574301,-6.098427993931937,-7.096009150169835,-8.084944912314619,-9.064030414474036,-10.032072791780301,-10.987892633712102,-11.93032542102483,-12.858222944537822,-13.770454704050275,-14.665909285681783,-15.543495715958851,-16.402144790997966,-17.24081037916602,-18.05847069563027,-18.854129547246053,-19.626817546264558,-20.375593291382398,-21.099544514694227,-21.797789193150578,-22.469476623167125,-23.113788457075863,-23.72993970015583,-24.317179667028178,-24.8747928962506,-25.402100021997068,-25.89845860176026,-26.36326389906894,-26.7959496202661,-27.19598860445058
8.12771661569159,7.133549096554487,6.13069044668226,5.120362494861218,4.103796170071542,3.082230001789973,2.056908611032358,1.0290811939747084,7.222230171437147e-15,-1.0290811939746942,-2.0569086110323695,-3.082230001789958,-4.1037961700715,-5.120362494861179,-6.130690446682219,-7.133549096554498,-8.127716615691575,-9.1119817641112,-10.085145366344475,-11.046021772446384,-11.993440302527786,-12.926246673048434,-13.843304403133608,-14.74349619920114,-15.625725316211456,-16.48891689388242,-17.332019266241165,-18.15400524291685,-18.95387336061418,-19.730649103241998,-20.483386089211,-21.211167224454044,-21.913105819763928,-22.588346671087642,-23.23606710146068,-23.85547796331235,-24.445824599920435,-25.00638776484409,-25.53648449821505,-26.0354689588188,-26.502733210952794,-26.937707965102344,-27.339863271532217
8.164512370081262,7.165844061166902,6.158445275077693,5.143543372056575,4.122374853738698,3.0961838566647084,2.066220636491935,1.0337400447505116,7.254926612528711e-15,-1.0337400447504974,-2.0662206364919466,-3.096183856664694,-4.122374853738657,-5.143543372056534,-6.158445275077652,-7.1658440611669105,-8.164512370081248,-9.153233478319358,-10.130802781511697,-11.096029262045272,-12.047736940135326,-12.984766306575462,-13.90597573542093,-14.810242874884137,-15.696466014747351,-16.56356542862681,-17.410484689453195,-18.23619195656501,-19.039681232847773,-19.8199735903864,-20.576118363138008,-21.307194305172196,-22.012310713067198,-22.69060851109489,-23.341261297872087,-23.963476353203507,-24.556495603889136,-25.11959654731956,-25.652093131734322,-26.15333659207008,-26.622716240381077,-27.059660209868234,-27.46363615161078
8.197075876549475,7.194424458728806,6.183007742921333,5.1640579845984425,4.138816617083444,3.108532739056356,2.074461592719489,1.0378630344782314,7.28386230874239e-15,-1.037863034478217,-2.074461592719501,-3.108532739056342,-4.138816617083402,-5.164057984598402,-6.183007742921292,-7.194424458728817,-8.197075876549462,-9.189740420077271,-10.17120868047424,-11.140284889848616,-12.095788378114044,-13.036555011454135,-13.961438610640101,-14.869312347473755,-15.759070117654016,-16.62962788839456,-17.479925019150937,-18.30892555384747,-19.115619483030425,-19.899023974408774,-20.65818457028396,-21.392176350409645,-22.100105058864507,-22.78110819356538,-23.434356057093076,-24.059052767551037,-24.654437228224737,-25.219784054860742,-25.75440445943584,-26.257647089338978,-26.72889882094423,-27.16758550660741,-27.573172674176515
8.223109117853706,7.217273361288678,6.20264446886868,5.180458609607502,4.151961159518967,3.1184051843181444,2.0810499127537256,1.0411592024318077,7.306995258585245e-15,-1.041159202431793,-2.0810499127537376,-3.11840518431813,-4.151961159518925,-5.180458609607461,-6.20264446886864,-7.21727336128869,-8.223109117853692,-9.218926282631449,-10.203511605800578,-11.175665521808485,-12.134203610857373,-13.077958041937238,-14.005778995647983,-14.916536065077395,-15.809119633027775,-16.682442223913483,-17.535439828682623,-18.36707320114791,-19.17632912414834,-19.962221643998063,-20.723793271719085,-21.460116149594146,-22.170293181618405,-22.853459126472757,-23.508781651686988,-24.135462347708856,-24.732737700643035,-25.299880022475133,-25.836198337647627,-26.341039224906947,-26.81378761339677,-27.253867532027016,-27.660742811205953
8.24282662850336,7.234579061884782,6.217517275080797,5.192880401212243,4.161916802476691,3.125882549211458,2.0860398895653054,1.0436557116435559,7.32451609586993e-15,-1.0436557116435414,-2.0860398895653174,-3.1258825492114437,-4.161916802476649,-5.192880401212203,-6.217517275080756,-7.234579061884793,-8.242826628503346,-9.241031580585176,-10.227977759157879,-11.202462722330218,-12.163299210282496,-13.109316591759683,-14.039362290305204,-14.952303188497966,-15.847027008481309,-16.72244366710217,-17.577486604009696,-18.41111408109444,-19.22231045168608,-20.0100873979623,-20.77348513506176,-21.511573580434227,-22.223453487002825,-22.908257538758114,-23.56515140744897,-24.193334769083148,-24.792042278998768,-25.36054450431875,-25.898148812652643,-26.40420021596231,-26.87808216856408,-27.31921731829463,-27.72706820992565
8.258168125591737,7.248044014942236,6.229089279136147,5.2025453575610765,4.169662935858469,3.131700422155856,2.0899224138903154,1.0455981570913446,7.338148439169494e-15,-1.04559815709133,-2.0899224138903274,-3.1317004221558413,-4.169662935858428,-5.202545357561036,-6.229089279136106,-7.248044014942248,-8.258168125591723,-9.258230930453447,-10.24701400704759,-11.223312675505621,-12.18593746628734,-13.133715569366178,-14.065492263117514,-14.980132321169233,-15.876521395500118,-16.75356737410121,-17.610201711546217,-18.445380730849287,-19.258086895024906,-20.047330046799836,-20.812148614967175,-21.55161078591292,-22.26481563888718,-22.950894243637403,-23.609010719065978,-24.238363251622687,-24.838185072190964,-25.40774539027785,-25.94635028436985,-26.4533435473692,-26.928107486081288,-27.370063673778564,-27.778673654924447
8.266908359848875,7.255715159635977,6.235681988158327,5.208051598711284,4.174076000630034,3.1350149339091344,2.0921343344032968,1.0467047914796042,7.34591494808486e-15,-1.04670479147959,-2.0921343344033083,-3.1350149339091202,-4.174076000629992,-5.2080515987112435,-6.235681988158286,-7.2557151596359875,-8.26690835984886,-9.268029605644871,-10.257859184996951,-11.235191143034157,-12.198834751312106,-13.147615958532045,-14.080378820941476,-14.995986910673675,-15.89332470030995,-16.771298921977866,-17.628839899329947,-18.464902850779264,-19.278469162405155,-20.06854762897719,-20.83417566158609,-21.574420460410078,-22.28838015118777,-22.975184884013025,-23.633997893113023,-24.26401651631856,-24.864473172984212,-25.434636299167025,-25.9738112389247,-26.48134109064663,-26.95660750738751,-27.399031450227714,-27.808073893743053
8.269120674509994,7.257656867990036,6.237350724532796,5.209445330007939,4.175193028801976,3.1358538980296027,2.092694212323743,1.0469849010750245,7.34788079488412e-15,-1.0469849010750099,-2.0926942123237544,-3.135853898029588,-4.175193028801935,-5.209445330007896,-6.237350724532755,-7.257656867990047,-8.26912067450998,-9.270509831248415,-10.26060429977007,-11.238197802477359,-12.202099292273992,-13.151134403672323,-14.084146883576713,-14.999999999999979,-15.89757792699614,-16.775787104122386,-17.63355756877421,-18.469844259769754,-19.283628290596177,-20.073918190765752,-20.83975111376992,-21.580194010159527,-22.294344764321806,-22.981333293569335,-23.640322608201643,-24.270509831248404,-24.871127176651257,-25.441442884692776,-25.980762113533164,-26.488427785767808,-26.963821388975006,-27.406363729278027,-27.815515637003617
8.266908359848875,7.255715159635977,6.235681988158327,5.208051598711284,4.174076000630033,3.1350149339091344,2.0921343344032968,1.0467047914796042,7.345914948084859e-15,-1.04670479147959,-2.0921343344033083,-3.1350149339091202,-4.174076000629992,-5.2080515987112435,-6.2356819881582854,-7.2557151596359875,-8.26690835984886,-9.268029605644871,-10.25785918499695,-11.235191143034157,-12.198834751312104,-13.147615958532045,-14.080378820941474,-14.995986910673675,-15.893324700309947,-16.771298921977866,-17.628839899329947,-18.464902850779264,-19.278469162405155,-20.06854762897719,-20.834175661586087,-21.574420460410078,-22.28838015118777,-22.975184884013025,-23.633997893113023,-24.26401651631856,-24.864473172984212,-25.434636299167025,-25.9738112389247,-26.48134109064663,-26.95660750738751,-27.399031450227714,-27.808073893743053
8.258168125591737,7.248044014942236,6.229089279136147,5.2025453575610765,4.169662935858469,3.131700422155856,2.0899224138903154,1.0455981570913446,7.338148439169494e-15,-1.04559815709133,-2.0899224138903274,-3.1317004221558413,-4.169662935858429,-5.202545357561036,-6.229089279136106,-7.248044014942248,-8.258168125591723,-9.258230930453447,-10.24701400704759,-11.223312675505621,-12.18593746628734,-13.133715569366178,-14.065492263117514,-14.980132321169233,-15.876521395500118,-16.75356737410121,-17.610201711546217,-18.445380730849287,-19.258086895024906,-20.047330046799836,-20.81214861496718,-21.55161078591292,-22.26481563888718,-22.950894243637403,-23.609010719065978,-24.23836325162269,-24.838185072190964,-25.40774539027785,-25.94635028436985,-26.4533435473692,-26.928107486081288,-27.370063673778567,-27.778673654924447
8.24282662850336,7.234579061884782,6.217517275080797,5.192880401212243,4.161916802476691,3.125882549211458,2.0860398895653054,1.0436557116435559,7.32451609586993e-15,-1.0436557116435414,-2.0860398895653174,-3.1258825492114437,-4.161916802476649,-5.192880401212203,-6.217517275080756,-7.234579061884793,-8.242826628503346,-9.241031580585176,-10.227977759157879,-11.202462722330218,-12.163299210282496,-13.109316591759683,-14.039362290305204,-14.952303188497966,-15.847027008481309,-16.72244366710217,-17.577486604009696,-18.41111408109444,-19.22231045168608,-20.0100873979623,-20.77348513506176,-21.511573580434227,-22.223453487002825,-22.908257538758114,-23.56515140744897,-24.193334769083148,-24.792042278998768,-25.36054450431875,-25.898148812652643,-26.40420021596231,-26.87808216856408,-27.31921731829463,-27.72706820992565
8.223109117853706,7.217273361288678,6.20264446886868,5.180458609607502,4.151961159518967,3.1184051843181444,2.0810499127537256,1.0411592024318077,7.306995258585245e-15,-1.041159202431793,-2.0810499127537376,-3.11840518431813,-4.151961159518925,-5.180458609607461,-6.20264446886864,-7.21727336128869,-8.223109117853692,-9.218926282631449,-10.203511605800578,-11.175665521808485,-12.134203610857373,-13.077958041937238,-14.005778995647983,-14.916536065077395,-15.809119633027775,-16.682442223913483,-17.535439828682623,-18.36707320114791,-19.17632912414834,-19.962221643998063,-20.723793271719085,-21.460116149594146,-22.170293181618405,-22.853459126472757,-23.508781651686988,-24.135462347708856,-24.732737700643035,-25.299880022475133,-25.836198337647627,-26.341039224906947,-26.81378761339677,-27.253867532027016,-27.660742811205953
