hough_viz/data/file_4_0_0.json
{"header": {"discipline": 0, "disciplineName": "Meteorological products", "gribEdition": 2, "gribLength": 133963, "center": 7, "centerName": "US National Weather Service - NCEP(WMC)", "subcenter": 0, "refTime": "2014-11-30T06:00:00.000Z", "significanceOfRT": 1, "significanceOfRTName": "Start of forecast", "productStatus": 0, "productStatusName": "Operational products", "productType": 1, "productTypeName": "Forecast products", "productDefinitionTemplate": 0, "productDefinitionTemplateName": "Analysis/forecast at horizontal level/layer at a point in time", "parameterCategory": 2, "parameterCategoryName": "Momentum", "parameterNumber": 2, "parameterNumberName": "U-component_of_wind", "parameterUnit": "m.s-1", "genProcessType": 2, "genProcessTypeName": "Forecast", "forecastTime": 6, "surface1Type": 100, "surface1TypeName": "Isobaric surface", "surface1Value": 85000, "surface2Type": 255, "surface2TypeName": "Missing", "surface2Value": 0, "gridDefinitionTemplate": 0, "gridDefinitionTemplateName": "Latitude_Longitude", "numberPoints": 65160, "shape": 6, "shapeName": "Earth spherical with radius of 6,371,229.0 m", "gridUnits": "degrees", "resolution": 48, "winds": "true", "scanMode": 0, "nx": 360, "ny": 181, "basicAngle": 0, "subDivisions": 0, "lo1": 0, "la1": 90, "lo2": 359, "la2": -90, "dx": 1, "dy": 1}, "data":
[rows 95 to 113 of 181, columns 129 to 171 of 360]
27.209925003697485,27.988717500816097,28.631151779686782,29.13409796508013,29.495105753736894,29.71241635199912,29.784971044476062,29.71241635199912,29.495105753736897,29.134097965080137,28.631151779686775,27.98871750081611,27.209925003697517,26.29856848709298,25.25908798834219,24.096547751946865,22.81661155708057,21.425515124225917,19.93003573537128,18.337459215774146,16.655544438152706,14.892485522238022,13.05687191384645,11.157646537962794,9.20406222970884,7.205636655460846,5.172105943735561,3.1133772517506686,1.039480498750833,-1.0394804987507544,-3.113377251750643,-5.172105943735537,-7.2056366554608235,-9.204062229708816,-11.157646537962721,-13.056871913846381,-14.892485522238003,-16.65554443815269,-18.337459215774164,-19.930035735371302,-21.425515124225903,-22.816611557080552,-24.096547751946854
27.119940649529497,27.89615764745528,28.536467369434614,29.037750290865716,29.39756421174419,29.61415615481586,29.68647090590584,29.61415615481586,29.397564211744193,29.03775029086573,28.536467369434607,27.896157647455283,27.119940649529525,26.211598026846133,25.175555133356568,24.016859465895273,22.741156073282404,21.354660054213486,19.86412627792336,18.27681647514222,16.600463859673354,14.843235452952916,13.013692295142539,11.12074773660201,9.173624012942357,7.181807315221109,5.155001574172902,3.103081183634272,1.0360428934896055,-1.0360428934895274,-3.1030811836342465,-5.155001574172878,-7.181807315221083,-9.17362401294233,-11.120747736601936,-13.013692295142471,-14.843235452952893,-16.60046385967334,-18.27681647514224,-19.864126277923383,-21.35466005421347,-22.741156073282387,-24.016859465895262
27.01763722364658,27.790926130425607,28.42882043863133,28.92821239131505,29.286669001082046,29.50244390336144,29.574485864518948,29.50244390336144,29.286669001082046,28.92821239131506,28.428820438631323,27.790926130425618,27.01763722364661,26.11272110411737,25.080586432210417,23.926261664297492,22.655370554615526,21.274104756901323,19.789193659277025,18.207871599347563,16.537842619234926,14.787242932259469,12.964601284126546,11.078797401734525,9.139018732038025,7.154715681729985,5.135555575810112,3.091375559349135,1.0321346719069941,-1.032134671906916,-3.0913755593491095,-5.135555575810088,-7.154715681729959,-9.139018732038,-11.078797401734452,-12.964601284126477,-14.787242932259446,-16.537842619234908,-18.20787159934758,-19.789193659277046,-21.274104756901306,-22.65537055461551,-23.926261664297478
26.89766672678117,27.667521881985298,28.302583651709963,28.799758078849248,29.156622979569935,29.37143974394765,29.443161806299667,29.37143974394765,29.15662297956994,28.799758078849248,28.302583651709956,27.667521881985305,26.8976667267812,25.996768843028196,24.96921731465802,23.820018269427816,22.554770489568817,21.179638135082204,19.701320712571256,18.127020435918528,16.46440713782373,14.721580903149828,12.907032606123968,11.02960254365145,9.098437366277983,7.122945516627735,5.1127513924165084,3.0776484573534026,1.027551528370211,-1.0275515283701335,-3.0776484573533773,-5.1127513924164845,-7.122945516627713,-9.09843736627796,-11.029602543651379,-12.907032606123895,-14.721580903149809,-16.46440713782371,-18.127020435918546,-19.701320712571274,-21.179638135082193,-22.554770489568796,-23.8200182694278
26.758232565570424,27.52409688733498,28.15586657577698,28.650463712479592,29.005478669909554,29.219181850880236,29.290532114975324,29.219181850880236,29.005478669909557,28.650463712479592,28.155866575776972,27.52409688733499,26.758232565570445,25.86200482447456,24.839779995513467,23.69653825530021,22.437849362674836,21.069845523399202,19.59919151466703,18.033052214979282,16.379057697576222,14.645266057487657,12.84012415330405,10.972426454930313,9.051272197812558,7.086021052377759,5.086247524660171,3.061694310270252,1.022224828961133,-1.022224828961056,-3.0616943102702274,-5.086247524660147,-7.086021052377735,-9.051272197812533,-10.972426454930241,-12.84012415330398,-14.645266057487635,-16.379057697576204,-18.033052214979303,-19.59919151466705,-21.069845523399184,-22.437849362674818,-23.6965382553002
26.606130111760834,27.3676410128598,27.995819517929768,28.487605204438303,28.84060214195488,29.053090564883046,29.12403525098556,29.053090564883046,28.840602141954882,28.487605204438307,27.99581951792976,27.36764101285981,26.606130111760855,25.71499681919624,24.698582646990932,23.56183946282236,22.31030536521874,20.95007770249979,19.487783367108708,17.930546510058246,16.28595383278301,14.562017625492775,12.767136732100072,10.910055631896673,8.999821837329588,7.045741815429953,5.0573356476410884,3.044290648938518,1.0164141722053452,-1.0164141722052684,-3.0442906489384933,-5.057335647641065,-7.04574181542993,-8.999821837329561,-10.910055631896604,-12.767136732100003,-14.562017625492754,-16.285953832782994,-17.930546510058267,-19.487783367108733,-20.950077702499776,-22.310305365218724,-23.56183946282235
26.436164340590878,27.19281054370423,27.816976107260412,28.305620159374676,28.656362075343445,28.8674930758086,28.93798455175866,28.8674930758086,28.656362075343452,28.305620159374676,27.816976107260405,27.192810543704237,26.436164340590906,25.550723802164136,24.540802705722996,23.411321285332463,22.167782260937578,20.816244029665057,19.363291149921533,17.816002262086847,16.181915602089568,14.468992275879328,12.685577473719068,10.84035981325664,8.942329009453134,7.00073207759534,5.025028282766681,3.024843055258459,1.0099210964411778,-1.0099210964411016,-3.0248430552584336,-5.025028282766657,-7.000732077595317,-8.942329009453113,-10.840359813256569,-12.685577473718999,-14.468992275879307,-16.181915602089546,-17.81600226208687,-19.363291149921555,-20.816244029665036,-22.167782260937564,-23.411321285332452
26.24585395193394,26.997053160879187,27.616725440558927,28.10185180991578,28.450068782042994,28.659679878855012,28.7296638961582,28.659679878855012,28.450068782043,28.10185180991579,27.61672544055892,26.997053160879197,26.245853951933967,25.366787580758906,24.364136770350964,23.242786334672353,22.008199380327937,20.666390690859,19.22389742332252,17.687747259919057,16.065424169831413,14.364831948079097,12.594255709023638,10.76232152212398,8.87795438659326,6.950334749699911,4.988853780551279,3.0030676172616317,1.002650810407986,-1.0026508104079106,-3.003067617261607,-4.988853780551256,-6.950334749699888,-8.877954386593236,-10.76232152212391,-12.594255709023571,-14.364831948079075,-16.06542416983139,-17.687747259919078,-19.223897423322537,-20.666390690858982,-22.008199380327923,-23.242786334672346
26.042520462235984,26.787899934589966,27.402771451172903,27.884139419762672,28.229658664003246,28.437645848868176,28.50708768169958,28.437645848868176,28.229658664003257,27.884139419762672,27.4027714511729,26.787899934589973,26.042520462236013,25.170264447975022,24.175381435429625,23.062718394631688,21.837696108071455,20.506282761190203,19.07496486598076,17.550715659353067,15.940961130224768,14.253543840849787,12.496684718643444,10.678943004650227,8.809174553781903,6.896488689982684,4.950203826518536,2.9798020676043406,0.9948830125454321,-0.9948830125453569,-2.9798020676043158,-4.950203826518513,-6.896488689982661,-8.809174553781881,-10.678943004650156,-12.496684718643374,-14.253543840849764,-15.940961130224748,-17.55071565935308,-19.074964865980782,-20.506282761190185,-21.837696108071437,-23.062718394631677
25.821167258779752,26.560211240902085,27.16985654368184,27.64713303648518,27.989715476214876,28.195934835660815,28.264786434832867,28.195934835660815,27.989715476214876,27.647133036485187,27.16985654368183,26.560211240902092,25.821167258779788,24.956325145307336,23.96989832432798,22.866692568158275,21.652082584348406,20.33198583064729,18.912833685743333,17.401540116233853,15.805467992474787,14.132393217416428,12.390466843186058,10.58817535998106,8.734299350741848,6.837870713034524,4.908128656553706,2.954474690621526,0.9864268209793949,-0.9864268209793202,-2.954474690621501,-4.908128656553684,-6.837870713034503,-8.734299350741825,-10.588175359980989,-12.390466843185992,-14.132393217416409,-15.805467992474767,-17.401540116233875,-18.912833685743347,-20.331985830647277,-21.65208258434839,-22.866692568158264
25.57868346148672,26.310787161268003,26.914707350750646,27.387501791477344,27.72686707645803,27.931149852137136,27.999354873366002,27.931149852137136,27.72686707645803,27.387501791477348,26.91470735075064,26.310787161268003,25.57868346148675,24.721962987041383,23.744799593966178,22.651953924088108,21.44875021165832,20.14105034421814,18.735225304072227,17.238124129503174,15.657040546945355,13.999677436682994,12.274109305191812,10.488742946954892,8.652276487405109,6.773657006532482,4.8620369496096965,2.9267295373986606,0.9771633930752419,-0.9771633930751682,-2.9267295373986366,-4.862036949609674,-6.773657006532458,-8.652276487405086,-10.48874294695482,-12.274109305191747,-13.999677436682974,-15.657040546945339,-17.23812412950319,-18.735225304072248,-20.14105034421813,-21.448750211658307,-22.651953924088094
25.322928770857168,26.047712353653992,26.645594100170694,27.113661190637114,27.449633249238445,27.651873453876966,27.719396510604806,27.651873453876966,27.449633249238445,27.113661190637114,26.64559410017069,26.047712353654,25.322928770857196,24.474774424540655,23.507381437423472,22.42546285089691,21.234289663560418,19.939665151446366,18.547896595042594,17.065764550855857,15.500489817222007,13.859698255302398,12.151383636654993,10.383868698382622,8.565764595594514,6.705928948724313,4.8134226900935975,2.897465919960304,0.9673929871172194,-0.9673929871171464,-2.8974659199602804,-4.813422690093575,-6.70592894872429,-8.565764595594489,-10.383868698382553,-12.151383636654927,-13.859698255302376,-15.500489817221988,-17.065764550855874,-18.547896595042612,-19.939665151446352,-21.234289663560407,-22.425462850896896
25.04918701837041,25.76613566509314,26.357554288858434,26.820561557580486,27.152901746387435,27.35295572728612,27.419748857390967,27.35295572728612,27.15290174638744,26.820561557580486,26.35755428885842,25.76613566509314,25.049187018370432,24.21020125042968,23.253265815597743,22.183042807122348,21.004746243922316,19.724116668411583,18.347393179153613,16.881283034600358,15.332928976003167,13.709874428695482,12.02002675128299,10.271618711787113,8.473168378426868,6.63343762044683,4.7613894211708425,2.866144211248103,0.9569354348319704,-0.9569354348318984,-2.8661442112480793,-4.761389421170821,-6.633437620446808,-8.473168378426845,-10.271618711787049,-12.020026751282925,-13.70987442869546,-15.33292897600315,-16.881283034600372,-18.347393179153634,-19.72411666841157,-21.004746243922305,-22.183042807122334
24.753813747335577,25.462308328591384,26.046753103132573,26.50430071476576,26.8327220375196,27.030417035722433,27.09642255921525,27.030417035722433,26.8327220375196,26.504300714765765,26.04675310313257,25.46230832859139,24.753813747335602,23.924721073747428,22.979069563992514,21.921466337169846,20.757063929890577,19.491535193637624,18.131045657203526,16.682223488853907,15.152127204557837,13.548211279607619,11.878289831164631,10.150498548665727,8.373255057562227,6.555217909494937,4.7052443987008346,2.832347410165775,0.9456515097549545,-0.9456515097548829,-2.832347410165752,-4.7052443987008115,-6.555217909494914,-8.373255057562204,-10.150498548665661,-11.878289831164563,-13.5482112796076,-15.152127204557818,-16.682223488853925,-18.131045657203547,-19.491535193637603,-20.75706392989056,-21.921466337169832
24.445146261437824,25.14480627508314,25.721963320103328,26.173805545390678,26.49813162104262,26.693361463019727,26.75854393115631,26.693361463019727,26.49813162104263,26.173805545390685,25.721963320103328,25.14480627508315,24.44514626143785,23.626391952424324,22.69253223673519,21.648116785034077,20.498233884417363,19.24848564879101,17.904960725934753,16.47420463422214,14.963187873512846,13.379271965578148,11.730173589506915,10.023926986820527,8.268844819455923,6.473477671312304,4.646572390665798,2.7970294764037913,0.9338597156891654,-0.933859715689095,-2.797029476403768,-4.646572390665775,-6.473477671312283,-8.268844819455902,-10.023926986820463,-11.730173589506851,-13.379271965578132,-14.963187873512831,-16.47420463422215,-17.904960725934775,-19.248485648790993,-20.498233884417353,-21.648116785034063
24.11885390713473,24.8091749006481,25.378628087855038,25.824439150068716,26.1444361406068,26.337060066297393,26.401372482737003,26.337060066297393,26.144436140606807,25.824439150068716,25.378628087855027,24.809174900648102,24.11885390713476,23.311028281804553,22.38963366990176,21.35915901335734,20.224624681115,18.9915580103984,17.66596637807987,16.254307933344098,14.7634601342344,13.200686241368498,11.573599932063024,9.890128207262743,8.158472771988842,6.3870700774566265,4.584550219533127,2.759694893777439,0.9213946119028278,-0.921394611902758,-2.7596948937774157,-4.584550219533104,-6.387070077456604,-8.15847277198882,-9.890128207262677,-11.573599932062962,-13.200686241368476,-14.763460134234384,-16.254307933344116,-17.665966378079887,-18.991558010398382,-20.22462468111498,-21.359159013357324
23.770906387266532,24.451268554438858,25.01250659904688,25.451886225752702,25.767266821181316,25.957111882773745,26.02049650447306,25.957111882773745,25.767266821181323,25.451886225752705,25.012506599046876,24.451268554438865,23.770906387266553,22.974734753618623,22.066632521663312,21.05102387419263,19.932856754448398,18.717578760240226,17.411110603796594,16.01981726665002,14.550476990086727,13.010248252236524,11.40663489268705,9.747449554531334,8.0407756219561,6.294927838806635,4.518411799990483,2.719882513073944,0.9081022319553427,-0.9081022319552741,-2.719882513073922,-4.518411799990463,-6.294927838806616,-8.040775621956081,-9.74744955453127,-11.406634892686988,-13.010248252236508,-14.55047699008671,-16.01981726665004,-17.41111060379661,-18.717578760240208,-19.932856754448387,-21.051023874192616
23.40997295441145,24.080004617202437,24.63272091801201,25.065429078581452,25.376020988248186,25.56298347444887,25.625405674744165,25.56298347444887,25.376020988248186,25.06542907858146,24.632720918012,24.080004617202444,23.40997295441148,22.62589025654886,21.73157649570286,20.731388678620256,19.630199619807318,18.433374201667412,17.14674323733328,15.776575063531492,14.329545001875962,12.812702837372077,11.233438472572947,9.59944592471673,7.918685841248176,6.199346716344577,4.449804997395146,2.678584275791241,0.8943137608460302,-0.8943137608459626,-2.678584275791218,-4.449804997395125,-6.1993467163445555,-7.918685841248154,-9.599445924716665,-11.233438472572885,-12.81270283737206,-14.32954500187594,-15.776575063531508,-17.146743237333297,-18.433374201667398,-19.6301996198073,-20.731388678620245
23.032219466412318,23.691439207370582,24.235236637965674,24.660962431778056,24.966542495534096,25.150488073879963,25.211903002448118,25.150488073879963,24.966542495534096,24.660962431778064,24.23523663796567,23.69143920737059,23.032219466412343,22.260789067404325,21.3809063417066,20.396857989513297,19.313438195480074,18.135925271938472,16.87005594348881,15.521997398254603,14.09831724196182,12.605951501224054,11.052170831918179,9.444545097279526,7.790906488289242,6.099311366027187,4.3780010118905315,2.635361476899066,0.879882725697758,-0.8798827256976915,-2.6353614768990443,-4.378001011890509,-6.099311366027169,-7.7909064882892185,-9.444545097279464,-11.052170831918119,-12.605951501224036,-14.0983172419618,-15.52199739825462,-16.870055943488833,-18.135925271938458,-19.313438195480067,-20.396857989513283
