hough_viz/data/file_1_1_1.json
{"header": {"discipline": 0, "disciplineName": "Meteorological products", "gribEdition": 2, "gribLength": 133963, "center": 7, "centerName": "US National Weather Service - NCEP(WMC)", "subcenter": 0, "refTime": "2014-11-30T06:00:00.000Z", "significanceOfRT": 1, "significanceOfRTName": "Start of forecast", "productStatus": 0, "productStatusName": "Operational products", "productType": 1, "productTypeName": "Forecast products", "productDefinitionTemplate": 0, "productDefinitionTemplateName": "Analysis/forecast at horizontal level/layer at a point in time", "parameterCategory": 2, "parameterCategoryName": "Momentum", "parameterNumber": 2, "parameterNumberName": "U-component_of_wind", "parameterUnit": "m.s-1", "genProcessType": 2, "genProcessTypeName": "Forecast", "forecastTime": 6, "surface1Type": 100, "surface1TypeName": "Isobaric surface", "surface1Value": 85000, "surface2Type": 255, "surface2TypeName": "Missing", "surface2Value": 0, "gridDefinitionTemplate": 0, "gridDefinitionTemplateName": "Latitude_Longitude", "numberPoints": 65160, "shape": 6, "shapeName": "Earth spherical with radius of 6,371,229.0 m", "gridUnits": "degrees", "resolution": 48, "winds": "true", "scanMode": 0, "nx": 360, "ny": 181, "basicAngle": 0, "subDivisions": 0, "lo1": 0, "la1": 90, "lo2": 359, "la2": -90, "dx": 1, "dy": 1}, "data":
[rows 152 to 170 of 181, columns 301 to 343 of 360]
5.545781028103208,5.70601737070439,5.864515605139024,6.021227451309495,6.176105173269364,6.329101593764173,6.480170108602137,6.629264700850211,6.77633995485127,6.921351070058202,7.064253874680562,7.205004839139729,7.343561089328444,7.479880419670678,7.61392130597786,7.74564291809752,7.875005132350607,8.001968543753485,8.126494478021126,8.248545003347642,8.368082941960688,8.485071881446174,8.59947618583984,8.7112610064823,8.8203922926343,8.92683680184891,9.030562110097467,9.131536621646262,9.229729578680933,9.32511107067553,9.417652043503628,9.507324308288426,9.5941005499894,9.677954335722717,9.75886012281291,9.836793266573505,9.911730027813935,9.983647580070818,10.052524016561039,10.118338356854833,10.181070553266581,10.240701496961563,10.297213023776669
5.6763790282686974,5.840388788138158,6.002619509005637,6.163021773821992,6.321546722503516,6.4781460668151585,6.63277210507964,6.785377736707816,6.935916476545953,7.084342469035602,7.230610502181617,7.374676021324168,7.516495142710536,7.6560246668625105,7.79322209173539,7.928045625664479,8.0604542000953,8.190407482093384,8.317865886630171,8.442790588640912,8.565143534851204,8.684887455368374,8.801985875034248,8.91640312453583,9.02810435127054,9.137055529962645,9.243223473027683,9.346575840681709,9.447081150792362,9.544708788468547,9.639429015386101,9.731212978846319,9.8200327205648,9.905861185187812,9.98867222853357,10.06844062555609,10.145142078028881,10.218753221946512,10.289251634641449,10.356615841614262,10.420825323074922,10.48186052019338,10.53970284105732
5.799639613550749,5.9672107879932685,6.132964292224098,6.2968496361201565,6.4588168986181085,6.618816742920768,6.7768004315256185,6.932719841070694,7.086527476993404,7.238176487997891,7.387620680326343,7.534814531830078,7.679713205836033,7.822272564804436,7.962449183773552,8.100200363587305,8.235484143901914,8.368259315967357,8.498485435180008,8.626122833402427,8.751132631046662,8.873476748917358,8.993117919811038,9.110019699868047,9.224146479673735,9.335463495105401,9.443936837921797,9.549533466091882,9.652221213859798,9.7519688015428,9.848745845059415,9.942522865184678,10.03327129652982,10.120963496243565,10.205572752432369,10.287073292297189,10.365440289984047,10.440649874146313,10.512679135216063,10.581506132382618,10.647109900275893,10.709470455352683,10.768568801983799
5.915715887031644,6.086640897017095,6.255711857222699,6.422877266996149,6.588086206134274,6.751288350393778,6.912433986820552,7.071474028892697,7.228360031472728,7.383044205564475,7.535479432870052,7.6856192801425465,7.833418013330046,7.978830611506661,8.121812780586351,8.2623209668153,8.400312370038861,8.535744956738851,8.668577472837399,8.798769456263328,8.926281249277283,9.051074010551877,9.173109727003144,9.29235122536965,9.408762183535883,9.522307141596283,9.632951512656696,9.740661593369847,9.84540457420176,9.947148549425794,10.045862526841484,10.141516437215039,10.23408114343874,10.323528449406382,10.409831108602067,10.492962832399774,10.572898298071118,10.649613156498908,10.723084039594108,10.793288567413997,10.860205354979318,10.923814018788343,10.984095183025886
6.0188510558130845,6.192755989123193,6.364774548968441,6.534854336829115,6.702943544754246,6.868990971142763,7.0329460363400615,7.1947587980450205,7.354379966522893,7.511760919619483,7.666853717571898,7.819611117611457,7.96998658835432,8.117934323975376,8.263409258161165,8.406367077837462,8.546764236667551,8.684557968316781,8.81970629947966,8.952168062665306,9.081902908737462,9.20887131920525,9.333034618260871,9.45435498456063,9.572795462745697,9.688319974699063,9.800893330535276,9.910481239319607,10.017050319513471,10.120568109142658,10.221003075685662,10.318324625678724,10.412503114034951,10.503509853074465,10.591317121262941,10.675898171655893,10.757227240046003,10.835279552811205,10.910031334460902,10.981459814878285,11.049543236256255,11.114260859725142,11.175592971669895
6.115530551611631,6.29222888205242,6.467010538621546,6.639822281133268,6.810611469456765,6.9793260795507805,7.145914719310716,7.310326644223126,7.472511772822974,7.632420701948975,7.790004721792242,7.945215830733778,8.09800674996624,8.24833093789551,8.396142604317731,8.541396724367404,8.684049052232478,8.82405613463196,8.961375324052284,9.095964791738112,9.227783540433784,9.356791416871495,9.482949124002355,9.606218232966652,9.726561194799661,9.843941351869416,9.958322949043,10.069671144577853,10.177952020734983,10.283132594110558,10.38518082568303,10.484065630572486,10.579756887509447,10.672225448010071,10.761443145255052,10.847382802669557,10.930018242201404,11.009324292295219,11.08527679555988,11.157852616127128,11.22702964669895,11.292786815281719,11.355104091604868
6.206055018938838,6.385368906951577,6.562737749738799,6.738107519032784,6.911424795502966,7.0826367850279555,7.251691334777182,7.418536949097132,7.583122805197395,7.74539876863184,7.905315408569994,8.062824012854186,8.217876602837734,8.370425947999701,8.520425580331779,8.667829808492861,8.812593731727132,8.954673253541198,9.094025095136367,9.230606808591762,9.364376789794363,9.495294291112039,9.623319433805662,9.748413220176557,9.870537545445586,9.98965520936023,10.105729927526141,10.218726342459716,10.328610034358363,10.435347531585046,10.538906320864132,10.639254857185204,10.736362573411995,10.830199889593452,10.920738221974029,11.007949991700634,11.091808633223353,11.172288602387637,11.249365384215238,11.323015500371767,11.393216516318358,11.459947048145517,11.523186769086811
6.285736428943136,6.467352581983594,6.6469987167769276,6.824620111370209,7.000162660565998,7.1735728924032705,7.344797984445556,7.5137857798711325,7.680484803360471,7.844844276776184,8.006814134630476,8.16634503933561,8.323388396232598,8.477896368393624,8.62982189119362,8.779118686646585,8.925741277502373,9.069645001099431,9.210786022969527,9.349121350190144,9.484608844480517,9.617207235037396,9.746876131106507,9.873576034285966,9.997268350557906,10.117915402044552,10.235480438485293,10.349927648431136,10.461222170153276,10.569330102262246,10.674218514034678,10.77585545544425,10.874209966894036,10.969252088647075,11.06095286995237,11.149284377863633,11.234219705747845,11.315732981481366,11.393799375330756,11.46839510751621,11.539497455455072,11.607084760683387,11.671136435453242
6.359871863911938,6.543630040031985,6.725394963052272,6.9051112656164495,7.082724204397813,7.258179676774619,7.431424237310314,7.60240511403351,7.771070224512812,7.937368191721676,8.101248359688332,8.262660808926071,8.42155637163922,8.57788664670012,8.731604014392587,8.882661650917317,9.031013542654907,9.176614500182005,9.319420172036487,9.459387058227316,9.59647252348507,9.730634810249054,9.861833051387064,9.990027282643895,10.115178454814865,10.237248445640565,10.356200071419277,10.471997098333455,10.584604253486985,10.693987235649532,10.800112725705123,10.902948396801419,11.002462924196818,11.098625994802257,11.191408316414865,11.280781626640698,11.366718701503661,11.44919336373828,11.52818049076347,11.603656022335183,11.675596967875352,11.743981413475066,11.808788528569728
6.428858448742292,6.6146098802732105,6.798346437557432,6.980012152659711,7.159551688443404,7.336910355426654,7.512034128441395,7.684869663089914,7.855364311994039,8.023466140832111,8.189123944158622,8.35228726100192,8.512906390235088,8.67093240571542,8.826317171187771,8.979013354947313,9.12897444425729,9.276154759517178,9.42050946817719,9.56199459839467,9.700567052428356,9.83618461976637,9.968805989983947,10.09839076532698,10.224899473017588,10.348293577277886,10.468535491068378,10.585588587537304,10.699417211177577,10.80998668868774,10.917263339533838,11.021214486208802,11.121808464186367,11.219014631566369,11.312803378408551,11.40314613575209,11.490015384317914,11.573384662891405,11.653228576382682,11.729522803562237,11.802244104469379,11.871370327491404,11.936880416111123
6.48896864209605,6.676456860111546,6.861911364691166,7.0452756645962715,7.226493905284832,7.405510885925215,7.58227207621095,7.756723632971163,7.928812416571694,8.098486007102006,8.26569272034276,8.430381623509334,8.592502550766445,8.752006118509154,8.908843740405587,9.062967642196774,9.214330876249221,9.362887335855522,9.508591769278997,9.651399793537754,9.791267907924187,9.928153507255729,10.062014894852783,10.192811295239931,10.320502866566569,10.445050712743095,10.566416895289047,10.684564444889503,10.799457372656358,10.911060681090802,11.019340374743974,11.124263470572247,11.225798007984222,11.323913058576224,11.418578735553364,11.50976620283341,11.597447683830453,11.681596469916013,11.762186928554664,11.839194511112021,11.912595760332433,11.982368317484347,12.048490929170946
6.544422329666806,6.733512791989293,6.920552161086337,7.10548346295422,7.288250365726933,7.468797196835368,7.647068959965787,7.823011351812187,7.996570778617603,8.167694372499332,8.336330007552966,8.502426315730457,8.665932702487321,8.826799362194237,8.984977293308312,9.140418313299405,9.293075073327053,9.442901072663318,9.589850672857414,9.733879111637592,9.874942516546156,10.012997918303464,10.148003263896777,10.279917429389986,10.408700232450405,10.534312444588677,10.656715803108154,10.775873022760072,10.891747807101043,11.004304859549233,11.113509894136115,11.219329645950252,11.321731881270146,11.42068540738293,11.516160082085952,11.60812682286843,11.696557615770203,11.781425523915127,11.86270469571623,11.94037037275042,12.014398897300097,12.084767719559567,12.151455404503889
6.595666340682225,6.786237415539488,6.974741336740218,7.161120684163942,7.345318684855942,7.527279230320831,7.706946893613768,7.884266946224051,8.059185374745898,8.23164889733151,8.401604979921228,8.569001852245881,8.733788523596557,8.895914798356838,9.055331291292887,9.211989442596634,9.365841532677626,9.516840696698816,9.664940938852084,9.810097146368996,9.952265103262576,10.091401503795943,10.227463965673664,10.360411042951762,10.490202238662622,10.616798017150717,10.740159816115561,10.86025005835814,10.97703216322735,11.090470557762735,11.200530687530433,11.307179027148726,11.410383090500249,11.510111440627544,11.60633369930906,11.6990205563127,11.788143778323917,11.873676217545956,11.955591819969241,12.033865633307752,12.108473814599673,12.179393637470252,12.246603499054423
6.639800886687441,6.8316471576259055,7.021412442660504,7.209038937447118,7.394469489137867,7.577647613790381,7.758517513573413,7.937024093763377,8.113112979526688,8.286730532482947,8.457823867043649,8.626340866521671,8.792230199006509,8.955441333000486,9.115924552811132,9.273630973695036,9.42851255674868,9.580522123541478,9.729613370486845,9.875740882946683,10.018860149065121,10.158927573327277,10.295900489838864,10.429737175322613,10.560396861827627,10.687839749147662,10.81202701694469,10.932920836573881,11.050484382606685,11.164681844048095,11.275478435245113,11.382840406482734,11.486735054264493,11.587130731274225,11.683996856016147,11.777303922130315,11.867023507380486,11.953128282311884,12.035592018575931,12.114389596919724,12.18949701483756,12.260891393882376,12.328550986634696
6.680104980947363,6.873115773280259,7.064032947967246,7.252798349787459,7.439354478970901,7.623644508713394,7.805612302486628,7.985202431137874,8.162360189774189,8.337031614426142,8.5091634984857,8.678703408913504,8.845599702210466,9.009801540148883,9.171258905258277,9.329922616061136,9.485744342054163,9.638676618430123,9.78867286053615,9.93568737806386,10.079675388967045,10.220593033102737,10.358397385591452,10.493046469892459,10.624499270590313,10.752715745888507,10.877656839806615,10.999284494077077,11.117561659738195,11.232452308419512,11.343921443316482,11.451935109850776,11.556460406013224,11.657465492386063,11.754919601841502,11.848793048913768,11.939057238841489,12.025684676278027,12.108648973666739,12.187924859278962,12.263488184911962,12.335315933244768,12.403386224849417
6.717036318185841,6.911114181572657,7.103086852630299,7.292895854623481,7.480483369891488,7.665792257459946,7.848766070446585,8.02934907325547,8.207486258554582,8.383123364031634,8.55620688892286,8.726684110309886,8.894503099179623,9.059612736242364,9.221962727503216,9.3815036195821,9.538186814777802,9.691964585871226,9.842790090663623,9.990617386245159,10.135401442989556,10.277098158270583,10.415664369896119,10.551057869255777,10.683237414178063,10.812162741493147,10.937794579297403,11.060094658916,11.17902572655996,11.294551554673951,11.406636952971617,11.515247779154828,11.620350949313798,11.721914448004744,11.819907338002082,11.914299769722264,12.005062990316166,12.092169352427568,12.17559232261474,12.255306489432838,12.331287571174428,12.403512423265981,12.471959045317881
6.748375642896312,6.943359005210287,7.136227353109442,7.326921937026656,7.515384669544373,7.701558143088573,7.885385647415718,8.066811186887223,8.24577949752624,8.422236063851646,8.596127135483977,8.76739974351828,8.936001716659002,9.101881697111837,9.264989156227836,9.425274409894868,9.582688633671973,9.737183877661664,9.888713081116004,10.03723008677172,10.182689654910172,10.32504747713781,10.464260189882937,10.600285387604657,10.733081635710041,10.86260848317549,10.988826474868517,11.111697163566138,11.231183121666321,11.347247952588724,11.459856301861514,11.568973867890632,11.674567412408424,11.776604770598329,11.875054860892563,11.969887694439944,12.061074384240683,12.148587153945737,12.23239934631769,12.312485431350847,12.38882101404788,12.461382841850842,12.530148811724043
6.776609250035363,6.972408376607514,7.166083640044911,7.357576044986141,7.546827260989637,7.733779640301669,7.918376235416459,8.100560816422918,8.28027788813279,8.457472706985087,8.632091297721457,8.804080469827593,8.973387833735577,9.139961816782247,9.303751678918736,9.46470752816635,9.622780335814213,9.77792195135381,9.93008511714617,10.079223482816955,10.22529161937524,10.368245033051643,10.508040178851536,10.644634473819275,10.7779863100094,10.908055067160797,11.03480112507004,11.158185875660058,11.278171734740587,11.394722153456605,11.507801629421534,11.617375717531559,11.72341104045798,11.825875298814246,11.924737280994657,12.019966872681765,12.11153506601941,12.199413968448878,12.283576811205178,12.363997957471108,12.440652910186447,12.513518319510041,12.582571989932337
6.802177473497448,6.99871535239206,7.193121354792254,7.385336262746447,7.575301525731658,7.762959278488529,7.9482523586476965,8.13112432414198,8.311519470399148,8.48938284731014,8.66466027596734,8.837298365168031,9.007244527677864,9.174446996249427,9.338854839391077,9.500417976881122,9.659087195022801,9.814814161635187,9.967551440775706,10.117252507189521,10.26387176048162,10.40736453900712,10.547687133475643,10.68479680026556,10.818651774444163,10.949211282489642,11.076435554711088,11.200285837362715,11.320724404448686,11.437714569214743,11.551220695323389,11.661208207709047,11.767643603109976,11.870494460273683,11.969729449832714,12.065318343847967,12.157232025016306,12.245442495540088,12.329922885655455,12.410647461817216,12.487591634537452,12.560731965875803,12.630046176578805
