hough_viz/data/file_4_2_0.json
{"header": {"discipline": 0, "disciplineName": "Meteorological products", "gribEdition": 2, "gribLength": 133963, "center": 7, "centerName": "US National Weather Service - NCEP(WMC)", "subcenter": 0, "refTime": "2014-11-30T06:00:00.000Z", "significanceOfRT": 1, "significanceOfRTName": "Start of forecast", "productStatus": 0, "productStatusName": "Operational products", "productType": 1, "productTypeName": "Forecast products", "productDefinitionTemplate": 0, "productDefinitionTemplateName": "Analysis/forecast at horizontal level/layer at a point in time", "parameterCategory": 2, "parameterCategoryName": "Momentum", "parameterNumber": 2, "parameterNumberName": "U-component_of_wind", "parameterUnit": "m.s-1", "genProcessType": 2, "genProcessTypeName": "Forecast", "forecastTime": 6, "surface1Type": 100, "surface1TypeName": "Isobaric surface", "surface1Value": 85000, "surface2Type": 255, "surface2TypeName": "Missing", "surface2Value": 0, "gridDefinitionTemplate": 0, "gridDefinitionTemplateName": "Latitude_Longitude", "numberPoints": 65160, "shape": 6, "shapeName": "Earth spherical with radius of 6,371,229.0 m", "gridUnits": "degrees", "resolution": 48, "winds": "true", "scanMode": 0, "nx": 360, "ny": 181, "basicAngle": 0, "subDivisions": 0, "lo1": 0, "la1": 90, "lo2": 359, "la2": -90, "dx": 1, "dy": 1}, "data":
[rows 0 to 18 of 181, columns 43 to 85 of 360]
-0.013011102491741653,-0.013106964174359057,-0.013138970045026418,-0.013106964174359057,-0.013011102491741653,-0.012851852025655933,-0.012629988628364862,-0.012346593196038418,-0.012003046402736086,-0.011601021973901622,-0.011142478532140966,-0.01062965005500974,-0.010065034991299198,-0.00945138408884482,-0.008791686993159402,-0.008089157682180593,-0.0073472188080934975,-0.0065694850225132126,-0.00575974536626557,-0.0049219448095610616,-0.0040601650324965325,-0.003178604539520043,-0.002281558204739223,-0.0013733963477263412,-0.0004585434417606672,0.00045854344176066256,0.001373396347726337,0.0022815582047392177,0.0031786045395200383,0.004060165032496527,0.004921944809561058,0.005759745366265566,0.006569485022513209,0.007347218808093483,0.008089157682180598,0.008791686993159395,0.009451384088844817,0.010065034991299193,0.010629650055009737,0.011142478532140955,0.011601021973901622,0.01200304640273608,0.012346593196038418
-0.00012231599203481197,-0.00012321717752734957,-0.0001235180613167211,-0.00012321717752734957,-0.00012231599203481197,-0.00012081889532424171,-0.0001187331811003247,-0.00011606901075310418,-0.00011283936385271113,-0.00010905997491420033,-0.00010474925674057813,-9.992821071747423e-05,-9.462032449650348e-05,-8.885145756578743e-05,-8.26497152651282e-05,-7.604531185961767e-05,-6.907042333877497e-05,-6.175903065836071e-05,-5.414675418857461e-05,-4.6270680175194775e-05,-3.816918005911366e-05,-2.988172353453719e-05,-2.1448686256600813e-05,-1.2911153135236639e-05,-4.3107181736222955e-06,4.310718173622267e-06,1.2911153135236598e-05,2.14486862566007e-05,2.9881723534537108e-05,3.816918005911358e-05,4.627068017519462e-05,5.414675418857461e-05,6.175903065836055e-05,6.907042333877482e-05,7.604531185961767e-05,8.26497152651282e-05,8.885145756578776e-05,9.462032449650348e-05,9.99282107174739e-05,0.00010474925674057813,0.00010905997491420033,0.00011283936385271081,0.00011606901075310418
0.01276647050767203,0.012860529819304356,0.012891933922392974,0.01286052981930436,0.01276647050767203,0.01261021423500745,0.012392522266164212,0.01211445517453221,0.011777367675030664,0.01138290202407322,0.010932980018659808,0.010429793633574791,0.00987579434230619,0.009273681173713244,0.008626387562629146,0.007937067058461358,0.007209077961415947,0.006445966961196493,0.005651451857888422,0.004829403449210672,0.003983826672378304,0.0031188410924509686,0.0022386608322260207,0.0013475740414558679,0.00044992200541342265,-0.00044992200541341804,-0.0013475740414558637,-0.0022386608322260164,-0.003118841092450964,-0.003983826672378301,-0.004829403449210668,-0.005651451857888417,-0.006445966961196487,-0.007209077961415933,-0.007937067058461363,-0.00862638756262914,-0.009273681173713244,-0.009875794342306187,-0.01042979363357479,-0.0109329800186598,-0.011382902024073221,-0.01177736767503066,-0.01211445517453221
0.03566541472938485,0.03592818621007809,0.036015919179044474,0.03592818621007809,0.03566541472938485,0.035228884933205,0.03462072355082572,0.03384389348336976,0.032902179368839116,0.031800169143738975,0.03054323169111238,0.029137490683881582,0.027589794750929243,0.025907684111266843,0.024099353838845664,0.022173613936980186,0.020139846416897655,0.018007959589522247,0.01578833979318046,0.013491800792404668,0.011129531094359352,0.00871303943955887,0.0062540987324405176,0.0037646886849575217,0.001256937452626628,-0.0012569374526266149,-0.0037646886849575095,-0.006254098732440505,-0.008713039439558857,-0.011129531094359338,-0.01349180079240466,-0.015788339793180454,-0.018007959589522237,-0.020139846416897613,-0.022173613936980197,-0.024099353838845643,-0.02590768411126684,-0.02758979475092924,-0.02913749068388158,-0.030543231691112345,-0.031800169143738975,-0.03290217936883911,-0.03384389348336976
0.07522657039968336,0.0757808159465636,0.0759658649756132,0.07578081594656362,0.07522657039968336,0.07430582856356428,0.07302307619987927,0.07138456274920241,0.06939827088436258,0.06707387761966391,0.06442270716544489,0.06145767575766367,0.05819322873129509,0.05464527014411051,0.05083108529370722,0.04676925650527576,0.04247957260037989,0.037982932487806625,0.033301243346183784,0.028457313894407626,0.023474743269857084,0.018377806055768754,0.013191334017907317,0.007940595126698896,0.0026511704542190972,-0.0026511704542190695,-0.00794059512669887,-0.013191334017907291,-0.018377806055768726,-0.023474743269857056,-0.028457313894407595,-0.03330124334618376,-0.0379829324878066,-0.0424795726003798,-0.04676925650527578,-0.05083108529370716,-0.05464527014411049,-0.05819322873129507,-0.06145767575766366,-0.06442270716544483,-0.06707387761966392,-0.06939827088436258,-0.07138456274920241
0.15121777138244638,0.15233189603218888,0.15270387499681123,0.1523318960321889,0.15121777138244638,0.14936692895088588,0.1467883858557878,0.1434947044999173,0.13950193136776043,0.13482951884866495,0.1295002304667546,0.1235400299793279,0.11697795488404229,0.10984597495114452,0.10217883646996362,0.09401389296848167,0.08539092323070094,0.07635193749840567,0.0669409728014881,0.05720387841396475,0.0471880924809223,0.036942410904643286,0.026516749615874993,0.01596190138843251,0.005329288381910435,-0.005329288381910381,-0.015961901388432457,-0.02651674961587494,-0.03694241090464323,-0.04718809248092226,-0.0572038784139647,-0.06694097280148806,-0.07635193749840562,-0.08539092323070077,-0.09401389296848174,-0.10217883646996354,-0.10984597495114448,-0.11697795488404227,-0.12354002997932788,-0.12950023046675452,-0.13482951884866495,-0.13950193136776043,-0.1434947044999173
0.2534067868467519,0.25527380779975856,0.2558971604211983,0.25527380779975867,0.2534067868467519,0.2503051935005889,0.24598413841228117,0.2404646733278679,0.23377368852642572,0.22594378181333172,0.21701309970703278,0.20702515159304163,0.1960285977505847,0.1840770122846126,0.17122862211814655,0.1575460233165616,0.1430958761258495,0.1279485802105993,0.11217793167390931,0.09586076353019031,0.0790765713824425,0.06190712612766859,0.04443607557728322,0.026748536933384023,0.008930682106299144,-0.008930682106299053,-0.02674853693338394,-0.04443607557728313,-0.06190712612766849,-0.07907657138244241,-0.09586076353019024,-0.11217793167390921,-0.12794858021059916,-0.1430958761258492,-0.15754602331656167,-0.17122862211814635,-0.1840770122846125,-0.19602859775058462,-0.20702515159304163,-0.21701309970703261,-0.22594378181333177,-0.23377368852642572,-0.2404646733278679
0.3887230324587739,0.3915870206555689,0.39254323624991966,0.3915870206555689,0.3887230324587739,0.3839652247221424,0.3773367770067139,0.36886998244346897,0.35860609040444047,0.34659510553991957,0.3328955441608265,0.3175741491531249,0.30070556481319116,0.28237197318830515,0.2626626936939774,0.24167374795873386,0.2195073920163961,0.19627161812496,0.17207962863917314,0.14704928450004007,0.12130253102816511,0.09496480381840879,0.06816441763027785,0.04103194125131549,0.013699561379093393,-0.013699561379093254,-0.04103194125131536,-0.06816441763027771,-0.09496480381840865,-0.121302531028165,-0.1470492845000399,-0.172079628639173,-0.19627161812495983,-0.2195073920163956,-0.2416737479587341,-0.26266269369397705,-0.28237197318830504,-0.30070556481319105,-0.3175741491531249,-0.3328955441608263,-0.3465951055399197,-0.35860609040444047,-0.36886998244346897
0.5841151462442608,0.5884187216558623,0.5898555802031993,0.5884187216558623,0.5841151462442608,0.5769658205552064,0.5670055753848084,0.5542829360463369,0.5388598859597737,0.5208115646748206,0.5002259017985674,0.47720318861128325,0.4518555894573816,0.42430659529200865,0.3946904220455231,0.36315135673697385,0.3298430545222494,0.2949277901016,0.2585756671336133,0.22096378950728696,0.1822753985096835,0.1426989800927999,0.10242734658895544,0.061656697348490476,0.020585662876253748,-0.02058566287625354,-0.06165669734849028,-0.10242734658895522,-0.14269898009279963,-0.1822753985096833,-0.22096378950728673,-0.2585756671336132,-0.29492779010159964,-0.3298430545222487,-0.363151356736974,-0.3946904220455227,-0.4243065952920085,-0.4518555894573815,-0.47720318861128314,-0.5002259017985669,-0.5208115646748206,-0.5388598859597737,-0.5542829360463369
0.817573904349037,0.8235975299553011,0.8256086711833568,0.8235975299553011,0.817573904349037,0.8075671408630261,0.7936259914430955,0.7758183759678601,0.7542310513498995,0.7289691888648022,0.7001558617672827,0.6679314456906537,0.6324529347508542,0.5938931766868951,0.552440030764051,0.5082954525424018,0.46167450996964693,0.41280433559167884,0.36192301998565474,0.3092784518066354,0.2551271100989754,0.19973281475620056,0.14336544121700584,0.08629960565924563,0.02881332709752033,-0.02881332709752003,-0.08629960565924533,-0.1433654412170055,-0.19973281475620022,-0.2551271100989751,-0.30927845180663516,-0.3619230199856545,-0.4128043355916784,-0.46167450996964604,-0.5082954525424019,-0.5524400307640506,-0.5938931766868949,-0.6324529347508541,-0.6679314456906537,-0.7001558617672821,-0.7289691888648024,-0.7542310513498993,-0.7758183759678601
1.0967361239568272,1.1048165283880829,1.107514377748801,1.1048165283880829,1.0967361239568272,1.0833125313731835,1.0646111490308843,1.0407230881848453,1.0117647290662888,0.9778771538899561,0.9392254595157397,0.8959979531133753,0.8484052347488419,0.796679171362008,0.741071767134209,0.681853935749205,0.61931418052895,0.553757188874401,0.4855023478591337,0.4148821882076221,0.34224076423897476,0.26793197766887644,0.19231785343600358,0.1157667759529135,0.038651694374217435,-0.03865169437421703,-0.1157667759529131,-0.19231785343600316,-0.26793197766887605,-0.34224076423897437,-0.4148821882076218,-0.48550234785913327,-0.5537571888744005,-0.6193141805289488,-0.6818539357492054,-0.7410717671342082,-0.7966791713620077,-0.8484052347488416,-0.8959979531133752,-0.9392254595157389,-0.9778771538899563,-1.0117647290662886,-1.0407230881848453
1.4541895487458638,1.46490355680751,1.4684807019919806,1.4649035568075102,1.4541895487458638,1.4363908753773504,1.4115942500495042,1.3799204794283746,1.3415238749405918,1.2965915009836064,1.245342263566751,1.188025843823165,1.1249214815884128,1.0563366149720734,0.982605382550176,0.9040869954756409,0.8211639874376567,0.7342403509959908,0.6437395693698544,0.5501025532702233,0.45378549282717484,0.3552576350774308,0.254998997839962,0.15349803111742652,0.051249237416856414,-0.05124923741685589,-0.153498031117426,-0.2549989978399615,-0.3552576350774302,-0.4537854928271744,-0.5501025532702228,-0.6437395693698538,-0.7342403509959903,-0.8211639874376552,-0.9040869954756413,-0.982605382550175,-1.056336614972073,-1.124921481588412,-1.1880258438231648,-1.24534226356675,-1.2965915009836064,-1.3415238749405916,-1.3799204794283746
1.8576842698661633,1.871371099248553,1.875940796744969,1.8713710992485535,1.8576842698661633,1.8349469894547557,1.80327003175895,1.7628077237324855,1.7137571936728087,1.6563574108318282,1.5908880211817402,1.5176679850079593,1.4370540229666722,1.3494388781776563,1.2552494028192813,1.1549444785475986,1.0490127808710465,0.9379703983724855,0.8223583183775084,0.7027397913185652,0.5796975866354749,0.4538311535812941,0.3257537007658133,0.19608920866484886,0.06546938965008935,-0.0654693896500887,-0.19608920866484822,-0.3257537007658126,-0.4538311535812934,-0.5796975866354742,-0.7027397913185647,-0.8223583183775076,-0.9379703983724845,-1.0490127808710443,-1.154944478547599,-1.2552494028192802,-1.3494388781776558,-1.4370540229666717,-1.517667985007959,-1.5908880211817389,-1.6563574108318282,-1.7137571936728087,-1.7628077237324855
2.3144363320222627,2.331488365947853,2.3371816229149367,2.3314883659478536,2.3144363320222627,2.2861085969333876,2.2466431705590844,2.1962323244896,2.1351216552997028,2.063608888026863,1.9820424256847982,1.8908196518790035,1.790384994793782,1.6812277619827949,1.563879756511852,1.438912686067826,1.3069353776562767,1.1685908114574695,1.0245529882915787,0.8755236459544377,0.7222288404215357,0.5654154085762895,0.4058473296958175,0.24430200342069833,0.08156646234206726,-0.08156646234206641,-0.24430200342069758,-0.4058473296958166,-0.5654154085762885,-0.7222288404215349,-0.8755236459544371,-1.0245529882915778,-1.1685908114574683,-1.3069353776562742,-1.4389126860678267,-1.5638797565118505,-1.6812277619827942,-1.7903849947937813,-1.8908196518790035,-1.9820424256847968,-2.0636088880268635,-2.1351216552997028,-2.1962323244896
2.860130633157385,2.8812031698754743,2.8882387743674607,2.8812031698754743,2.860130633157385,2.825123827493879,2.7763533025232765,2.7140566633408385,2.6385374129106265,2.5501634734295666,2.449365393847494,2.336634252275945,2.2125192635049613,2.077625103283839,1.9326089624016647,1.7781773449198415,1.6150826261553333,1.4441193871837315,1.2661205437201442,1.0819532882375442,0.892514865092215,0.6987281992394372,0.5015373998358779,0.3019031606346812,0.10079807958207457,-0.10079807958207353,-0.30190316063468026,-0.5015373998358769,-0.6987281992394361,-0.892514865092214,-1.0819532882375433,-1.266120543720143,-1.4441193871837303,-1.6150826261553297,-1.7781773449198424,-1.9326089624016631,-2.0776251032838386,-2.2125192635049604,-2.3366342522759447,-2.4493653938474926,-2.550163473429567,-2.6385374129106265,-2.7140566633408385
3.4550305736464315,3.480486144724636,3.4889851371629854,3.4804861447246362,3.4550305736464315,3.4127424409118823,3.35382777005288,3.278573587423768,3.187346523837793,3.0805910283786306,2.958827203089137,2.8226482690864625,2.672717676448411,2.509765871951343,2.3345867404069134,2.1480337369350573,1.9510157290164534,1.744492568581494,1.5294704157081855,1.3069968367113753,1.0781557005049698,0.8440618981015364,0.6058559109753574,0.3646982547513296,0.12176382528949684,-0.12176382528949559,-0.36469825475132844,-0.605855910975356,-0.844061898101535,-1.0781557005049687,-1.3069968367113742,-1.5294704157081842,-1.7444925685814927,-1.9510157290164496,-2.1480337369350586,-2.3345867404069107,-2.5097658719513425,-2.67271767644841,-2.8226482690864616,-2.9588272030891343,-3.0805910283786315,-3.187346523837793,-3.278573587423768
4.10506082414894,4.135305612251984,4.145403607091603,4.135305612251985,4.10506082414894,4.0548165923499155,3.9848177017017,3.8954051797632667,3.7870146353537875,3.660174136310243,3.5155016367940153,3.353701966680314,3.1755633976978905,2.981953803048398,2.7738164292154033,2.552165300562321,2.3180802791076625,2.0727018035458036,1.817225333144325,1.5528955235866204,1.2810001631345131,1.0028638986533012,0.7198417820653766,0.43331266867347235,0.1446724995162318,-0.1446724995162303,-0.4333126686734708,-0.7198417820653749,-1.0028638986532996,-1.2810001631345118,-1.5528955235866189,-1.8172253331443238,-2.0727018035458014,-2.318080279107658,-2.5521653005623226,-2.7738164292154006,-2.981953803048397,-3.1755633976978888,-3.3537019666803136,-3.515501636794012,-3.660174136310244,-3.7870146353537875,-3.8954051797632667
4.845573023105672,4.88127367057465,4.893193243384503,4.88127367057465,4.845573023105672,4.786265230943421,4.703639235689711,4.598097582887883,4.470154460861379,4.320433195639912,4.149663214177715,3.958676490658731,3.748403493202028,3.5198686507146446,3.2741853619769423,3.0125505712756455,2.7362389370116236,2.4465966216922532,2.145034733563031,1.8330224518300278,1.5120798689664805,1.1837705849750657,0.8496940896858554,0.5114779702026465,0.1707699814622008,-0.170769981462199,-0.5114779702026448,-0.8496940896858534,-1.183770584975064,-1.5120798689664787,-1.833022451830026,-2.1450347335630298,-2.4465966216922514,-2.736238937011618,-3.0125505712756473,-3.2741853619769383,-3.519868650714644,-3.748403493202027,-3.958676490658731,-4.149663214177712,-4.320433195639913,-4.470154460861378,-4.598097582887883
5.633146586214382,5.674649826276303,5.68850674279841,5.674649826276303,5.633146586214382,5.564199222226342,5.468143638938962,5.345447809498549,5.1967094956527955,5.022653335515632,4.824127313203185,4.602098627540393,4.35764897996556,4.091969304589679,3.8063539660851555,3.5021944536712235,3.180972601918367,2.8442533713992075,2.4936772243579406,2.1309521325431593,1.757845256141188,1.3761743343492834,0.9877988295329896,0.594610868112402,0.1985260223124515,-0.19852602231244942,-0.5946108681124,-0.9877988295329875,-1.3761743343492814,-1.7578452561411855,-2.1309521325431575,-2.493677224357939,-2.844253371399205,-3.1809726019183606,-3.5021944536712253,-3.8063539660851515,-4.091969304589678,-4.357648979965559,-4.602098627540393,-4.824127313203181,-5.022653335515632,-5.1967094956527955,-5.345447809498549
