hough_viz/data/file_2_1_0.json
{"header": {"discipline": 0, "disciplineName": "Meteorological products", "gribEdition": 2, "gribLength": 133963, "center": 7, "centerName": "US National Weather Service - NCEP(WMC)", "subcenter": 0, "refTime": "2014-11-30T06:00:00.000Z", "significanceOfRT": 1, "significanceOfRTName": "Start of forecast", "productStatus": 0, "productStatusName": "Operational products", "productType": 1, "productTypeName": "Forecast products", "productDefinitionTemplate": 0, "productDefinitionTemplateName": "Analysis/forecast at horizontal level/layer at a point in time", "parameterCategory": 2, "parameterCategoryName": "Momentum", "parameterNumber": 2, "parameterNumberName": "U-component_of_wind", "parameterUnit": "m.s-1", "genProcessType": 2, "genProcessTypeName": "Forecast", "forecastTime": 6, "surface1Type": 100, "surface1TypeName": "Isobaric surface", "surface1Value": 85000, "surface2Type": 255, "surface2TypeName": "Missing", "surface2Value": 0, "gridDefinitionTemplate": 0, "gridDefinitionTemplateName": "Latitude_Longitude", "numberPoints": 65160, "shape": 6, "shapeName": "Earth spherical with radius of 6,371,229.0 m", "gridUnits": "degrees", "resolution": 48, "winds": "true", "scanMode": 0, "nx": 360, "ny": 181, "basicAngle": 0, "subDivisions": 0, "lo1": 0, "la1": 90, "lo2": 359, "la2": -90, "dx": 1, "dy": 1}, "data":
[rows 140 to 159 of 181, columns 0 to 43 of 360]
-29.91031424418621,-29.892093688898296,-29.837454221974504,-29.74646241318873,-29.619229122043755,-29.455909362706056,-29.256702115144915,-29.021850082705942,-28.751639396414497,-28.446399266369045,-28.10650158064942,-27.73236045222846,-27.324431714439093,-26.883212365611737,-26.409239963558292,-25.903091970640816,-25.365385050222542,-24.796774315358622,-24.197952530641704,-23.56964926817505,-22.912630018701265,-22.22769525896978,-21.515679476479217,-20.77745015278293,-20.01390670659632,-19.225979397993704,-18.41462819502973,-17.58084160416615,-16.725635465928924,-15.850051717263105,-14.955157122093109,-14.042041971635193,-13.111818756045583,-12.165620809022586,-11.204600927014022,-10.229929964712362,-9.242795408548599,-8.244399929923013,-7.235959919935276,-6.218704007399269,-5.193871561948166,-4.162711184053419,-3.1264791837973895,-2.0864380502531175
-29.974116841717816,-29.95585741961138,-29.901101399585237,-29.809915493415286,-29.682410797082078,-29.5187426554175,-29.31911047284104,-29.083757470416167,-28.812970389522995,-28.507079142508037,-28.166456410736846,-27.79151719053918,-27.38271828759989,-26.940557760411565,-26.465574313466963,-25.958346640930614,-25.41949272158906,-24.849669065938926,-24.24956991633004,-23.619926401137995,-22.961505643996908,-22.27510982917741,-21.561575224248692,-20.82177116121529,-20.056598977369912,-19.266990917152835,-18.45390899635565,-17.618343830053178,-16.7613134256916,-15.883861942803222,-14.987058420858911,-14.071995476808151,-13.139787973893636,-12.19157166336211,-11.228501800726423,-10.251751738264671,-9.26251149547113,-8.26198630920088,-7.251395165274303,-6.231969313330631,-5.2049507667399455,-4.171590789401198,-3.1331483712698533,-2.0908886944726377
-30.0,-29.981724810572874,-29.926921507794727,-29.8356568610482,-29.708042062247106,-29.54423259036624,-29.34442802201417,-29.108871788279895,-28.83785087814957,-28.531695488854602,-28.19077862357725,-27.81551563700362,-27.406363729278027,-26.96382138897501,-26.48842778576781,-25.98076211353316,-25.441442884692783,-24.871127176651246,-24.270509831248425,-23.64032260820166,-22.981333293569342,-22.294344764321828,-21.58019401015953,-20.83975111376992,-20.073918190765745,-19.28362829059618,-18.469844259769747,-17.633557568774197,-16.775787104122408,-15.897577926996147,-15.000000000000004,-14.084146883576725,-13.151134403672323,-12.202099292274005,-11.238197802477359,-10.260604299770064,-9.270509831248424,-8.269120674509974,-7.257656867990035,-6.237350724532783,-5.209445330007911,-4.175193028801971,-3.1358538980296036,-2.092694212323764
-29.98577585987352,-29.96750933540823,-29.912732016958692,-29.821510642249628,-29.693956350474547,-29.530224546889745,-29.33051471347695,-29.095070165905216,-28.824177757088318,-28.51816752769862,-28.177412304063367,-27.802327243933252,-27.39336933067661,-26.951036816515604,-26.47586861548265,-25.96844364683664,-25.42938012973905,-24.859334830049107,-24.259002260155725,-23.629113832821183,-22.970436970067304,-22.283774168189964,-21.56996202004096,-20.82987019576848,-20.064400383257983,-19.27448518956443,-18.46108700467424,-17.62519682898131,-16.767833065905705,-15.890040281125973,-14.992887929936764,-14.077469054282261,-13.144898951052989,-12.19631381326832,-11.232869345800308,-10.255739357325321,-9.26611433021897,-8.26519997013674,-7.254215737047364,-6.234393359508658,-5.20697533399607,-4.173213411112078,-3.1343670705208777,-2.091701986466498
-29.89779718105835,-29.879584250827097,-29.824967649783325,-29.734013919842372,-29.60683387411382,-29.443582461892806,-29.24445857987817,-29.009704829847458,-28.739607223084036,-28.434494831916417,-28.094739388794267,-27.72075483338972,-27.312996808275614,-26.871962103795262,-26.398188052799885,-25.892251875991317,-25.35476997866749,-24.786397199727585,-24.187826013851605,-23.55978568782672,-22.903041392048,-22.218393268276138,-21.506675454788002,-20.7687550701076,-20.00553115655574,-19.217933584905456,-18.40692192147769,-17.573484259057576,-16.718636013055534,-15.843418684380033,-14.94889859052918,-14.036165566447066,-13.106331636727795,-12.160529660784794,-11.199911952636125,-10.225648876987353,-9.238927423322428,-8.240949759739856,-7.232931768296044,-6.216101563640284,-5.191697996746272,-4.160969145563002,-3.1251707944240104,-2.085564904067685
-29.771206847129957,-29.753071032309773,-29.698685683545964,-29.608117061008592,-29.48147550861319,-29.31891531958371,-29.12063454847001,-28.886874769848873,-28.617920784002628,-28.31410026993383,-27.97578338613892,-27.603382319627084,-27.197350783733867,-26.758183465341396,-26.2864154221786,-25.78262143093577,-25.247415286987707,-24.68144905657865,-24.085412282379927,-23.460031143388477,-22.806067570189573,-22.124318316661792,-21.415613989255146,-20.680818035025037,-19.92082568965506,-19.1365628867502,-18.328985129729364,-17.49907632769169,-16.64784759667478,-15.776336027765657,-14.885603423564978,-13.976735004544114,-13.050838086871188,-12.109040733316913,-11.152490378883824,-10.18235243283352,-9.199808858814952,-8.20605673482384,-7.202306794747489,-6.189781953272045,-5.169715815949358,-4.143351176238616,-3.111938501353936,-2.0767344087627486
-29.604783454505807,-29.586749020319797,-29.53266768994184,-29.442605353142415,-29.31667173700586,-29.155020272244855,-28.957847906268714,-28.72539486323332,-28.457944351364937,-28.15582221791469,-27.81939655216386,-27.44907723696375,-27.045315449356607,-26.608603110885905,-26.139472288265697,-25.63849454513926,-25.106280245716913,-24.543477811141152,-23.950772929485463,-23.328887720348934,-22.67857985506484,-22.000641633594768,-21.29589901923321,-20.56521063229849,-19.80946670403617,-19.029587992009393,-18.22652465829768,-17.401255111870732,-16.55478481654783,-15.688145065995073,-14.802391727252907,-13.898603954324727,-12.977882873394014,-12.041350241271681,-11.090147078708176,-10.125432280235467,-9.148381202232557,-8.160184230934824,-7.162045332131728,-6.155180584319932,-5.1408166970990266,-4.120189516614819,-3.0945425198711445,-2.065125299744754
-29.36339711048088,-29.345509722333613,-29.291869350918926,-29.20254134876672,-29.077634548287705,-28.917301129177833,-28.721736433010832,-28.491178725244545,-28.225908904931185,-27.926250162485125,-27.59256758592515,-27.22526771607093,-26.82479805123568,-26.39164650201838,-25.92634079685986,-25.429447839087025,-24.90157301622841,-24.34335946244279,-23.755487274959258,-23.13867268548348,-22.493667187579735,-21.821256621091734,-21.122260214717844,-20.397529587907083,-19.64794771329202,-18.87442784092264,-18.077912385611832,-17.259371778748086,-16.419803285974346,-15.560229792173441,-14.681698555240443,-13.78527993016017,-12.872066064944585,-11.943169570018643,-10.999722162675877,-10.0428732882552,-9.073788719718818,-8.093649137337463,-7.103648690213345,-6.104993541393392,-5.098900398345415,-4.086595030587456,-3.069310776276422,-2.0482870395755888
-29.08373979393741,-29.0660227654713,-29.01289326554303,-28.924416024264307,-28.800698837524756,-28.641892435659237,-28.44819029980619,-28.2198284261806,-27.95708503854905,-27.660280249256846,-27.329775669220464,-26.965973967360355,-26.569318380010877,-26.14029217090511,-25.679418042392427,-25.187257498606193,-24.66441016135751,-24.111513039588342,-23.529239753274297,-22.918299712722433,-22.27943725426405,-21.613430733395564,-20.92109157647222,-20.203263292110062,-19.460820443500594,-18.694667582890315,-17.905738149523064,-17.094993332388146,-16.263420899159566,-15.412033992753297,-14.541869896968711,-13.653988772718003,-12.74947236638347,-11.829422691876166,-10.89496068800169,-9.947224852768931,-8.987369856305593,-8.016565134070543,-7.035993462076834,-6.0468495158612825,-5.0503384149564186,-4.047674254637931,-3.040078626736577,-2.028779131316772
-28.76556912629818,-28.7480459188061,-28.695497645658953,-28.60798832883315,-28.48562458495143,-28.32855549538705,-28.136972424630994,-27.911108787143874,-27.651239762976324,-27.357681962504564,-27.03079304068935,-26.67097126132852,-26.278655011833933,-25.854322269123937,-25.398490017282043,-24.911713617691564,-24.39458613241323,-23.847737601630485,-23.271834276042533,-22.667577805140482,-22.035704382355554,-21.37698384812078,-20.692218751939,-19.982243374599935,-19.24792271173755,-18.49015141996612,-17.709852726878943,-16.907977306237754,-16.085502119723152,-15.243429226657323,-14.382784563149091,-13.504616692148778,-12.609995525935812,-11.700011022595397,-10.775771858072488,-9.838404075420936,-8.889049712893446,-7.928865412543936,-6.959021011037337,-5.980698114383794,-4.995088658333794,-4.003393456188045,-3.0068207357914045,-2.006584667493444
-28.3731192862412,-28.355835148588042,-28.3040037936879,-28.217688370062703,-28.096994039760272,-27.942067850230533,-27.753098555170894,-27.530316384558883,-27.273992764152435,-26.984439984799383,-26.662010821959193,-26.307098105900366,-25.92013424309732,-25.501590689409657,-25.05197737568586,-24.571842086491078,-24.06176979271602,-23.522381938880038,-22.954335685996703,-22.358323110924342,-21.735070363176977,-21.085336780223003,-20.409913962349478,-19.70962480821906,-18.985322512294786,-18.237889525354028,-17.468236479358147,-16.67730107798772,-15.86604695419506,-15.035462496165891,-14.1865596431206,-13.320372652422158,-12.437956839492843,-11.540387292074985,-10.628757560402125,-9.704178324876512,-8.76777604287611,-7.820691576339825,-6.8640788018029655,-5.899103204576387,-4.926940458782221,-3.948774994976033,-2.9657985571006127,-1.9792087505296236
-27.943679235278935,-27.92665670090175,-27.8756098371062,-27.790600836632663,-27.67173326985359,-27.519151958588942,-27.333042799663154,-27.113632538418454,-26.861188492460613,-26.5760182259736,-26.258469175000027,-25.908928224143818,-25.527821235210933,-25.11561252836237,-24.67280431641152,-24.199936092955273,-23.697583975084154,-23.166360001472373,-22.60691138670299,-22.019919732736664,-21.4061001984846,-20.76620062849765,-20.10100064183286,-19.411310682207784,-18.697971030599632,-17.96185078149233,-17.20384678401879,-16.424882549288373,-15.62590712523085,-14.807893940327698,-13.97183961763947,-13.118762760574048,-12.249702711875356,-11.365718287344295,-10.467886485834796,-9.557301177096617,-8.635071769063526,-7.702321856210671,-6.760187850627757,-5.809817597475958,-4.8523689765154305,-3.889008491407166,-2.9209098485079443,-1.9492525268899983
-27.477270751836482,-27.460532340905473,-27.41033750128781,-27.326747387663644,-27.209863841710355,-27.059829268024153,-26.876826460622027,-26.661078380235384,-26.412847882666707,-26.13243739854032,-25.820188564837213,-25.47648180866301,-25.10173588375611,-24.69640736030087,-24.260990068667024,-23.79601449775354,-23.302047148669576,-22.779689844540165,-22.229578997277407,-21.65238483221061,-21.04881057151997,-20.419591577468633,-19.765494456477118,-19.087316125131405,-18.385882839262877,-17.662049187282836,-16.91669704899821,-16.150734521176805,-15.365094811171277,-14.56073509994975,-13.738635375918244,-12.899797240955728,-12.045242690116535,-11.17601286648684,-10.293166792712137,-9.397780080741322,-8.490943621359163,-7.5737622551039765,-6.647353426189595,-5.712845821071692,-4.771377993317253,-3.8240969764523984,-2.8721568864787086,-1.9167175157607081
-26.94033295563106,-26.923921632697926,-26.874707658567544,-26.792750992886557,-26.67815148722765,-26.53104876343576,-26.351622043520393,-26.140089931301205,-25.896710146072895,-25.621779208613994,-25.315632079921926,-24.97864175311466,-24.611218798996013,-24.213810865838436,-23.786902133992463,-23.33101272598761,-22.84669807284314,-22.334548237360963,-21.795187195224983,-21.22927207478284,-20.63749235643625,-20.020569032615334,-19.379253729360432,-18.714327790581496,-18.026601326110946,-17.31691222470959,-16.586125133228272,-15.835130403168835,-15.06484300592798,-14.276201418045572,-13.47016647781553,-12.64772021465235,-11.809864652639563,-10.957620589717726,-10.092026353999378,-9.214136538726173,-8.325020717409453,-7.425762140719706,-6.517456416712469,-5.60121017599866,-4.678139723485683,-3.749369678331826,-2.8160316037710342,-1.8792626284774758
-26.367847492757257,-26.35178491250006,-26.303616741508275,-26.223401665278516,-26.111237413524986,-25.967260641110855,-25.7916467615554,-25.584609733319613,-25.346401799130785,-25.077313178663612,-24.777671714952206,-24.44784247496387,-24.08822730482123,-23.69926434021464,-23.281427472601308,-22.8352257718416,-22.361202865975777,-21.859936278897013,-21.332036726727466,-20.77814737375476,-20.19894304883537,-19.595129423219635,-18.96744215080001,-18.316645971830113,-17.64353378120656,-16.948925662448644,-16.23366788855289,-15.498631890939778,-14.74471319774878,-13.972830342775278,-13.183923746378628,-12.37895456972478,-11.558903543759497,-10.724769774338737,-9.877569524972088,-9.018334978662214,-8.14811298034884,-7.2679637614895,-6.378959648330785,-5.482183755443979,-4.578728666116837,-3.6696951012091197,-2.7561905780937646,-1.8393280613176255
-25.760505874407716,-25.744813270254603,-25.697754576816155,-25.6193871278615,-25.50980640205561,-25.369145906633246,-25.19757701474101,-24.995308756645514,-24.762587565062187,-24.499696974915043,-24.206957277892975,-23.88472513222372,-23.53339312814071,-23.15338930957238,-22.745176652636545,-22.30925250157535,-21.846147962817895,-21.356427257908862,-20.84068703609151,-20.29955564738242,-19.733692377023825,-19.143786642246113,-18.530557152319098,-17.894751032915497,-17.23714291585337,-16.55853399532659,-15.859751051773141,-15.141645444570482,-14.405092074785284,-13.65098831924129,-12.880252937203862,-12.093824951013314,-11.292662502030877,-10.477741683291024,-9.650055350282464,-8.81061191130666,-7.96043409888765,-7.100557723730018,-6.232030412743096,-5.355910332668934,-4.4732649008691565,-3.5851694848413107,-2.692706092049198,-1.7969620516635116
-25.088214815105367,-25.072931752500885,-25.02710118474504,-24.950778949324985,-24.844058033128047,-24.707068459151504,-24.539977128089635,-24.34298761499088,-24.116339921233042,-23.860310182118575,-23.575210330446218,-23.261387716468978,-22.919224684701316,-22.549138108091263,-22.151578880124955,-21.727031365482365,-21.27601280991355,-20.79907271005439,-20.29679214394957,-19.769783063098508,-19.218687546886688,-18.644177020310856,-18.046951435951087,-17.42773842118637,-16.78729239169275,-16.126393632304,-15.445847346354807,-14.746482674664476,-14.02915168535658,-13.294728335745228,-12.544107407552685,-11.778203416755657,-10.997949499388461,-10.204296274660514,-9.398210686773234,-8.580674826847504,-7.752684736396889,-6.915249193804509,-6.069388485281962,-5.2161331618077185,-4.356522783559533,-3.491604653370475,-2.6224325407517406,-1.7500653980368772
-24.382366847467516,-24.36751376837355,-24.322972627280556,-24.24879769070795,-24.14507932939015,-24.011943908173844,-23.849553632061838,-23.65810634859127,-23.437835306786866,-23.189008872982903,-22.9119302038602,-22.60693687709638,-22.274400480079493,-21.914726157185992,-21.528352116174748,-21.11574909429837,-20.67741978478239,-20.213898224370997,-19.725749142685533,-19.213567274188435,-18.67797663359089,-18.119629755587052,-17.53920689984103,-16.937415222195266,-16.314987913110063,-15.672683304383968,-15.011283945243273,-14.33159564892633,-13.634446510924244,-12.920685900074075,-12.191183423733762,-11.44682786829947,-10.688526116356318,-9.917202041781618,-9.133795384146875,-8.339260603789874,-7.534565718951775,-6.720691126396008,-5.89862840694584,-5.0693791173958545,-4.233953570269313,-3.3933696029079554,-2.5486513373939594,-1.7008279328150027
-23.64445408731885,-23.630050524740625,-23.58685738552824,-23.514927293868457,-23.414347885497964,-23.28524170093279,-23.127766036171558,-22.94211275105449,-22.72850803551183,-22.487212133986166,-22.21851902836473,-21.92275607980772,-21.60028362990916,-21.251494561676186,-20.876813820861592,-20.476697898232928,-20.051634273408776,-19.602140820939947,-19.128765179359135,-18.632084083967662,-18.11270266417241,-17.571253706228827,-17.008396882288345,-16.42481794668949,-15.821227900471847,-15.198362125130807,-14.55697948666851,-13.897861411032506,-13.221810932068594,-12.529651713147796,-11.822227043659424,-11.100398811592825,-10.365046453459652,-9.617065882835949,-8.857368398829449,-8.086879575801989,-7.306538135699711,-6.517294804365005,-5.720111153223491,-4.915958427757345,-4.1058163641923215,-3.2906719958400643,-2.4715184505500263,-1.6493537407362369
-22.848196269628673,-22.834277765798817,-22.79253921186218,-22.723031459817413,-22.62583919415353,-22.501080828674922,-22.34890836223237,-22.169507193535864,-21.963095895274826,-21.729925947820963,-21.470281432838178,-21.184478687172806,-20.87286591744589,-20.53582277581709,-20.17375989743695,-19.78711840015127,-19.376369347066948,-18.94201317263411,-18.484579072943873,-18.004624360984383,-17.502733787640803,-16.979518829266446,-16.435616942693002,-15.871690788587593,-15.288427424102837,-14.68653746580352,-14.066754223889792,-13.429832808771632,-12.776549211083143,-12.10769935625748,-11.424098134814336,-10.726578409541334,-10.01599000077904,-9.293198651045785,-8.559084970263743,-7.814543362871409,-7.060480938129537,-6.2978164049482706,-5.527478952581828,-4.750407118554521,-3.967547645197376,-3.1798543261884267,-2.3882868445020167,-1.5938096031829772
