hough_viz/data/file_1_2_0.json
{"header": {"discipline": 0, "disciplineName": "Meteorological products", "gribEdition": 2, "gribLength": 133963, "center": 7, "centerName": "US National Weather Service - NCEP(WMC)", "subcenter": 0, "refTime": "2014-11-30T06:00:00.000Z", "significanceOfRT": 1, "significanceOfRTName": "Start of forecast", "productStatus": 0, "productStatusName": "Operational products", "productType": 1, "productTypeName": "Forecast products", "productDefinitionTemplate": 0, "productDefinitionTemplateName": "Analysis/forecast at horizontal level/layer at a point in time", "parameterCategory": 2, "parameterCategoryName": "Momentum", "parameterNumber": 3, "parameterNumberName": "V-component_of_wind", "parameterUnit": "m.s-1", "genProcessType": 2, "genProcessTypeName": "Forecast", "forecastTime": 6, "surface1Type": 100, "surface1TypeName": "Isobaric surface", "surface1Value": 85000, "surface2Type": 255, "surface2TypeName": "Missing", "surface2Value": 0, "gridDefinitionTemplate": 0, "gridDefinitionTemplateName": "Latitude_Longitude", "numberPoints": 65160, "shape": 6, "shapeName": "Earth spherical with radius of 6,371,229.0 m", "gridUnits": "degrees", "resolution": 48, "winds": "true", "scanMode": 0, "nx": 360, "ny": 181, "basicAngle": 0, "subDivisions": 0, "lo1": 0, "la1": 90, "lo2": 359, "la2": -90, "dx": 1, "dy": 1}, "data":
[rows 60 to 79 of 181, columns 176 to 219 of 360]
-0.9130845552406105,-0.685056895285002,-0.4568205603627948,-0.22844507347258658,-1.6030140543342283e-15,0.2284450734725834,0.4568205603627973,0.6850568952849987,0.9130845552406012,1.1408340807954345,1.368236097237744,1.5952213357104454,1.8217206543110223,2.0476650591528913,2.2729857253815715,2.4976140181393878,2.721481513472348,2.944520019172727,3.1666615955510546,3.3878385761312377,3.6079835882624076,3.827029573641264,4.044909808738735,4.261557925124531,4.476907929683695,4.690894224718701,4.90345162793114,5.1145153922769095,5.324021225688768,5.531905310660335,5.7381043236855005,5.9425554545474055,6.14519642545104,6.345965509993615,6.544801551967104,6.741643983986942,6.936432845941487,7.12910880325643,7.319613164968666,7.507887901604168,7.693875662854304,7.877519795045284,8.058764358395443,8.237554144055043
-0.9397177439409383,-0.7050388886917116,-0.4701452717671244,-0.23510844403836334,-1.6497713623549633e-15,0.23510844403836012,0.47014527176712684,0.7050388886917083,0.9397177439409287,1.1741103520621006,1.4081453147961664,1.6417513428263466,1.8748572774934884,2.107392112471755,2.3392850153978024,2.5704653494469913,2.800862694850082,3.0304068703437608,3.259027954548517,3.486656307267405,3.7132225906991057,3.9386577905588798,4.162893237101026,4.385860626036288,4.607492039338073,4.827719965930904,5.046477322254934,5.26369747270028,5.479314249904861,5.693261974909616,5.90547547716494,6.115890114382297,6.324441792224864,6.531066983831265,6.7357027491665304,6.938286754194178,7.138757289863802,7.337053290908247,7.533114354444644,7.726880758373761,7.918293479571905,8.107294211869936,8.29382538381391,8.477830176201893
-0.9610103223062815,-0.7210140002450233,-0.4807980503346709,-0.2404356446805973,-1.6871526784409248e-15,0.24043564468059397,0.4807980503346736,0.7210140002450198,0.9610103223062721,1.2007139113138399,1.440051751232439,1.678950937437529,1.9173386989227017,2.1551424204665057,2.3922896647517073,2.6287081944303896,2.86432599412818,3.0990712923808164,3.3328725834964095,3.5656586493368083,3.7973585810113137,4.027901800476199,4.25721808203351,4.485237573722425,4.711890818596911,4.937108775882947,5.160822842008997,5.382964871503357,5.603467197751907,5.82226265361002,6.039284591862313,6.254466905524063,6.467744047978018,6.679051052940505,6.888323554250852,7.095497805477878,7.300510699337728,7.503299786916929,7.703803296694933,7.9019601533603465,8.09770999641504,8.290993198560546,8.481750883861114,8.669924945677906
-0.9782848184919447,-0.733974478720584,-0.48944056321283474,-0.24475755936821983,-1.7174798370903923e-15,0.24475755936821644,0.48944056321283747,0.7339744787205804,0.9782848184919349,1.2222971632307247,1.4659371844129303,1.7091306669279231,1.951803531685037,2.193881858178855,2.4352919070060657,2.675960142327195,2.9158132542663626,3.15477818124217,3.3927821322229423,3.6297526088996213,3.865617427769432,4.100304742123662,4.333743063932907,4.565861285622958,4.796588701734914,5.025855030462729,5.25359043506171,5.4797255451214975,5.704191477696947,5.926919858290553,6.147842841679956,6.366893132584292,6.584004006162975,6.79910932834069,7.012143575952548,7.223041856703006,7.431739928932733,7.638174221187233,7.842281851581298,8.044000646953483,8.243269161804625,8.440026697014734,8.634213318332558,8.82576987463213
-0.9923324555872451,-0.7445139524192286,-0.49646866308903664,-0.24827214459467406,-1.7421419119932143e-15,0.24827214459467056,0.49646866308903936,0.744513952419225,0.9923324555872352,1.2398486846763395,1.486987243845401,1.7336728522952312,1.9798303671997735,2.2253848065954194,2.470261372221196,2.714385472303028,2.957682744275154,3.2000790774316648,3.441500635501321,3.6818738791388386,3.921125588325662,4.159182884673481,4.39597325362373,4.631424566536165,4.865465102660014,5.098023570980781,5.329029131936158,5.558411418994483,5.786100560089043,6.012027198901789,6.23612251598993,6.458318249749024,6.678546717206123,6.8967408346366135,7.112834137998653,7.326760803178678,7.538455666042131,7.747854242283053,7.95489274706662,8.159508114458658,8.361638016636103,8.56122088287267,8.758195918293906,8.952503122395893
-1.0008090086885029,-0.7508736275631542,-0.5007095230569738,-0.2503928975795943,-1.7570233746963549e-15,0.2503928975795908,0.5007095230569765,0.7508736275631508,1.0008090086884929,1.2504395336947405,1.4996891627057385,1.7484819718699738,1.9967421764876403,2.244394154095472,2.4913624675020385,2.7375718877666273,2.9829474171147483,3.227414311783162,3.4708981047875347,3.713324628605845,3.954620037770505,4.19471083136239,4.433523875399977,4.670986425116595,4.907026147119261,5.141571141422091,5.374549963347719,5.605891645290078,5.835525718331789,6.063382233709696,6.289391784121905,6.5134855248699655,6.73559519482961,6.955653137243722,7.17359232033131,7.389346357705973,7.602849528597872,7.814036797872907,8.022843835843032,8.229207037861727,8.433063543698571,8.634351256687081,8.833008862639966,9.028975848526024
-1.0050270843542868,-0.7540383090848098,-0.5028198464418526,-0.25144822000275036,-1.7644286413123415e-15,0.2514482200027469,0.5028198464418555,0.7540383090848063,1.0050270843542768,1.2557097186379431,1.5060098515769733,1.7558512393261803,2.005157777778564,2.2538535257474352,2.5018627280988017,2.749109838827094,2.9955195440672546,3.2410167850360496,3.4855267808956825,3.728975051532797,3.9712874402458294,4.2123901363338305,4.452209697579978,4.690673072622706,4.927707623207942,5.163241146315381,5.397201896152206,5.6295186060075935,5.86012050996122,6.088937364439255,6.315899469611217,6.540937690621243,6.763983478647231,6.984968891781431,7.203826615726288,7.420489984298954,7.634892999738504,7.846970352809468,8.05665744269565,8.263890396678198,8.468606089591814,8.670742163053312,8.870237044456573,9.06702996572819
-1.005907751570823,-0.7546990443318108,-0.5032604484529614,-0.251668554566326,-1.7659747433871129e-15,0.2516685545663225,0.5032604484529641,0.7546990443318071,1.005907751570813,1.2568100495642494,1.5073295110415903,1.757389825348051,2.0069148216894814,2.255828492334804,2.504055015768667,2.751518779787395,2.998144404531238,3.2438567654457904,3.4885810161656368,3.732242611313315,3.9747673292065464,4.216081294466861,4.456111000522796,4.694783332000644,4.932025586996175,5.167765499220311,5.401931260012109,5.634451540212424,5.865255511891432,6.094272869923518,6.321433853402873,6.546669266893376,6.769910501506186,6.991089555798631,7.2101390564881775,7.4269922789749305,7.641583167666618,7.853846356099757,8.063717186850909,8.27113173123196,8.476026808763434,8.678340006419837,8.878009697641316,9.074975061105693
-1.0011843036846053,-0.7511551988846386,-0.5008972849344875,-0.25048679281905095,-1.757682243746127e-15,0.25048679281904745,0.5008972849344904,0.7511551988846349,1.0011843036845953,1.2509084380469697,1.5002515335812865,1.749137637965224,1.997490938080348,2.2452357831056036,2.492296707561244,2.738598454296335,2.984065997412848,3.2286245651192584,3.47219966250674,3.714717094241068,3.956102987163223,4.196283812791853,4.435186409720805,4.672738005904727,4.908866240826222,5.143499187537512,5.376565374570076,5.607993807705589,5.837713991601418,6.065655951264206,6.291750253364904,6.515928027388875,6.7381209866145,6.958261448913949,7.176282357369873,7.392117300701529,7.605700533494342,7.816966996226583,8.025852335087107,8.232292921578185,8.436225871897344,8.637589066092366,8.83632116698365,9.032361638848116
-0.9921109675700147,-0.7443477773453476,-0.4963578515770423,-0.2482167303988265,-1.7417530669487444e-15,0.24821673039882303,0.4963578515770451,0.7443477773453441,0.9921109675700049,1.2395719511831553,1.486655349171966,1.7332858975398777,1.979388470232669,2.2248881020226605,2.469710011343807,2.7137796230708737,2.95702259123578,3.199364821674081,3.4407324945947506,3.6810520870664427,3.9202503954132677,4.1582545575133265,4.394992074993262,4.630390835311897,4.864379133726494,5.096885695134665,5.327839695785452,5.55717078485296,5.78480910586588,6.010685317986455,6.2347306171323496,6.456876756935073,6.677056069528476,6.895201486160995,7.111246557625519,7.325125474500391,7.53677308719565,7.746124925798191,7.95311721970993,8.157686917072972,8.359771703975788,8.559310023434646,8.756241094144462,8.950504928993404
-0.9797133179275218,-0.7350462342142415,-0.4901552482974668,-0.24511495634382635,-1.7199877150943476e-15,0.2451149563438229,0.49015524829746954,0.735046234214238,0.979713317927512,1.2240819714734557,1.4680777577929338,1.711626353405812,1.9546535710505337,2.1970853822823595,2.438847940023104,2.6798676010556606,2.920070948456475,3.1593848139590333,3.397736300241606,3.635052803132514,3.8712620337260475,4.106292040402344,4.340071230744603,4.57252839334675,4.803592719505205,5.03319382478786,5.261261770473833,5.487727084857533,5.71252078441038,5.93557439479387,6.1568199717175,6.3761901216352905,6.5936180222745,6.809037442990302,7.02238276494035,7.233589001072839,7.442591815922254,7.649327545206536,7.853733215219846,8.055746562014978,8.255306050369551,8.452350892530237,8.646821066729293,8.838657335467799
-0.9618865056755473,-0.7216713714109294,-0.4812364090555924,-0.24065485742822132,-1.6886909086596329e-15,0.24065485742821793,0.48123640905559506,0.721671371410926,0.9618865056755376,1.2018086399925227,1.4413646917555785,1.680481689870724,1.9190867969839316,2.157107331668166,2.3944707905628135,2.631104870458889,2.866937490323338,3.1018968132555926,3.3359112683697756,3.568909572595914,3.8008207523934434,4.03157416537041,4.261099521801881,4.489326906040801,4.7161867978150545,4.941610093403972,5.165528126687982,5.387872690065006,5.608576055227144,5.827570993791368,6.04479079777793,6.2601692999302845,6.473640893870272,6.685140554082405,6.894603855721361,7.1019669942363315,7.307166804806559,7.510140781581932,7.7108270967228645,7.909164619233675,8.105092933583673,8.2985523581103,8.489483963198762,8.677829589232568
-0.9397876514976335,-0.705091338000455,-0.47018024685134824,-0.23512593424431844,-1.6498940922765724e-15,0.23512593424431516,0.47018024685135096,0.7050913380004515,0.9397876514976242,1.1741976965722292,1.4082500696537437,1.6418734761220288,1.87499675202429,2.107548885752383,2.3394590396735975,2.570656571708473,2.801071056849096,3.030632308611225,3.2592704004137496,3.4869156868790476,3.7134988250476164,3.9389507955006016,4.163202923383812,4.386186899326699,4.607834800250103,4.828079110056259,5.046852740194834,5.264089050098784,5.479721867483699,5.693685508504527,5.905914797763488,6.11634508816317,6.3249122805986415,6.531552843482631,6.736203832097929,6.938802907770893,7.139288356860456,7.337599109556685,7.533674758483221,7.727455577097975,7.918882537886408,8.107897330341858,8.294442378727517,8.478460859614565
-0.9145091445746012,-0.6861257171598204,-0.45753328920494346,-0.22880149217795612,-1.6055150677518087e-15,0.22880149217795298,0.45753328920494607,0.6861257171598172,0.9145091445745923,1.1426140036448866,1.3703708114209145,1.5977101909727154,1.8245628925229682,2.0508598145412207,2.2765320247928442,2.50151078133645,2.725727553463381,2.949114042572817,3.1716022029761715,3.393124262624498,3.6136127437525016,3.833000483432901,4.051220654034946,4.268206783580708,4.4838927759931435,4.6982129312295715,4.911101965294531,5.122495030125948,5.332327733348466,5.540536157887992,5.747056881441442,5.951826995795815,6.154784125990634,6.355866449317936,6.555012714154118,6.752162258617731,6.947255029047704,7.140231598296263,7.331033183831001,7.51960166564063,7.705879603938891,7.889810256661259,8.071337596749139,8.25040632921625
-0.8841842323308229,-0.6633739466777989,-0.44236159089436916,-0.22121448748510578,-1.5522765585204053e-15,0.22121448748510267,0.4423615908943716,0.6633739466777957,0.8841842323308141,1.104725186901385,1.324929631478307,1.5447304896546104,1.7640608079596134,1.9828537762536715,2.2010427480791517,2.4185612609615825,2.635343056654795,2.851322101323815,3.0664326056593874,3.2806090449180774,3.4937861788817166,3.7058990717301974,3.9168831118215888,4.126674031373411,4.335207926039285,4.542421274374793,4.748250957186698,4.952634276759705,5.1555089759547625,5.356813257173215,5.556485801180911,5.7544657857866826,5.950692904369349,6.14510738424768,6.337650004887781,6.528262115942194,6.716885655115398,6.903463165850124,7.0879378148291785,7.270253409287441,7.450354414128711,7.6281859688422315,7.803693904213746,7.976824758825965
-0.8498468414887018,-0.6376117472982545,-0.4251824303928967,-0.21262359880041196,-1.491993729517145e-15,0.21262359880040899,0.4251824303928991,0.6376117472982515,0.8498468414886934,1.0618230640985717,1.2734758451170094,1.4847407130565977,1.6955533145919721,1.9058494341625278,2.1155650135330646,2.324636171306536,2.532999222382971,2.7405906973585585,2.947347361859028,3.153206235801479,3.358104612578716,3.561980078160267,3.764770530104345,3.9664141964747914,4.166849654657473,4.366015850070175,4.563852114760393,4.760298185885428,4.955294224068998,5.148780831628909,5.34069907067014,5.530990481037932,5.7195970981253,5.906461470529591,6.091526677552785,6.274736346540046,6.456034670051419,6.635366422861283,6.8126769787805035,6.987912327296103,7.161019090023386,7.3319445369654925,7.500636602575498,7.667043901616069
-0.8126070864433309,-0.6096720008354167,-0.40655120323002286,-0.20330656618978027,-1.42661550098938e-15,0.20330656618977747,0.40655120323002514,0.6096720008354137,0.8126070864433228,1.0152946440608046,1.2176729330943206,1.4196803071565636,1.6212552328444843,1.822336308483029,2.022862282828646,2.2227720737270014,2.4220047867192234,2.6204997335909286,2.8181964508584256,3.0150347181865094,3.210954576732141,3.40589634740848,3.59980064906375,3.7926084165692524,3.9842609188112452,4.1746997765809715,4.36386698035752,4.5517049079781255,4.738156342190403,4.923164488081304,5.106672990377365,5.288625950611106,5.468967944148229,5.6476440370704735,5.824599802909075,5.9997813392235395,6.1731352840208915,6.344608832010229,6.514149750687726,6.68170639624718,6.8472277293111965,7.010663330478276,7.171963415681071,7.331078851351091
-0.770899892410293,-0.5783804838654543,-0.3856848950223327,-0.19287182282397874,-1.35339422283055e-15,0.1928718228239761,0.3856848950223349,0.5783804838654514,0.7708998924102851,0.9631844773800206,1.1551756670273639,1.346814978976102,1.538044038035345,1.7288045939812353,1.9190385393004974,2.10868792689054,2.297694987710732,2.4860021483794035,2.6735520487112283,2.860287559189736,3.0461517983694915,3.2310881502027238,3.4150402812851604,3.5979521580156697,3.7797680636647017,3.960432615346112,4.13989078088731,4.318087895592627,4.494969678894691,4.670482250888817,4.844572148745343,5.017186342994935,5.188272253681886,5.3577777663804325,5.525651248069387,5.691841562859988,5.856298087572435,6.018970727156179,6.179809929949349,6.338766702772692,6.495792625853364,6.65083986757404,6.803861199042919,6.954810008480097
-0.7256244331498598,-0.5444118164780384,-0.36303336669308206,-0.18154433342785242,-1.2739084872605447e-15,0.1815443334278499,0.36303336669308406,0.5444118164780357,0.7256244331498526,0.9066160175900548,1.087331438008708,1.2677156467381367,1.447713697000923,1.6272707596472848,1.8063321398565366,1.9848432937976515,2.162749845243867,2.3399976021361977,2.516532573090847,2.6923009838455343,2.8672492936396416,3.0413242115232353,3.2144727125900374,3.38664205412928,3.5577797916916953,3.72783379506458,3.896752264151146,4.064483744749366,4.230977144225398,4.396181747076906,4.560047230381481,4.722523679125512,4.8835616014087755,5.0431119435201195,5.201126104879749,5.357555952843386,5.51235383736398,5.665472605506344,5.816865615810402,5.966486752498643,6.114290439523418,6.260231654449852,6.404265942170114,6.5463494284448815
-0.6778501057244699,-0.5085683316304139,-0.33913164269593127,-0.16959165097784576,-1.1900357310522386e-15,0.16959165097784337,0.33913164269593316,0.5085683316304116,0.6778501057244632,0.8469254001098339,1.0157427128139767,1.1842506204480838,1.3523977938711007,1.5201330138251332,1.6874051865372992,1.854163359283381,2.020356735908541,2.185934692300313,2.35084679180918,2.515042800612098,2.6784727030141875,2.841086716683987,3.002835307817668,3.1636692062274605,3.3235394203498836,3.4823972521690236,3.6401943120504097,3.7968825334809897,3.952414187710646,4.106741898290833,4.259818655505894,4.411597830692699,4.562033190444175,4.711078910692424,4.858689590667235,5.004820266725543,5.149426426047825,5.292464020197119,5.43388947853661,5.573659721501667,5.7117321737223055,5.848064776992033,5.982616003079213,6.115344866376959
