hough_viz/data/file_1_0_1.json
{"header": {"discipline": 0, "disciplineName": "Meteorological products", "gribEdition": 2, "gribLength": 133963, "center": 7, "centerName": "US National Weather Service - NCEP(WMC)", "subcenter": 0, "refTime": "2014-11-30T06:00:00.000Z", "significanceOfRT": 1, "significanceOfRTName": "Start of forecast", "productStatus": 0, "productStatusName": "Operational products", "productType": 1, "productTypeName": "Forecast products", "productDefinitionTemplate": 0, "productDefinitionTemplateName": "Analysis/forecast at horizontal level/layer at a point in time", "parameterCategory": 2, "parameterCategoryName": "Momentum", "parameterNumber": 3, "parameterNumberName": "V-component_of_wind", "parameterUnit": "m.s-1", "genProcessType": 2, "genProcessTypeName": "Forecast", "forecastTime": 6, "surface1Type": 100, "surface1TypeName": "Isobaric surface", "surface1Value": 85000, "surface2Type": 255, "surface2TypeName": "Missing", "surface2Value": 0, "gridDefinitionTemplate": 0, "gridDefinitionTemplateName": "Latitude_Longitude", "numberPoints": 65160, "shape": 6, "shapeName": "Earth spherical with radius of 6,371,229.0 m", "gridUnits": "degrees", "resolution": 48, "winds": "true", "scanMode": 0, "nx": 360, "ny": 181, "basicAngle": 0, "subDivisions": 0, "lo1": 0, "la1": 90, "lo2": 359, "la2": -90, "dx": 1, "dy": 1}, "data":
[rows 133 to 151 of 181, columns 86 to 128 of 360]
-18.494465694066157,-18.51421937948673,-18.528333454333044,-18.536803619321173,-18.5396272943568,-18.536803619321173,-18.528333454333044,-18.51421937948673,-18.494465694066157,-18.46907841523526,-18.438065276205098,-18.40143572387826,-18.359200915971215,-18.31137371761559,-18.257968697439324,-18.199002123128903,-18.134491956474083,-18.064457847896552,-17.98892113046422,-17.907904813392957,-17.82143357503777,-17.729533755375513,-17.632233347981526,-17.52956199150246,-17.421550960628103,-17.308233156564786,-17.189643097013356,-17.06581690565477,-16.93679230114644,-16.802608585632786,-16.663306632773427,-16.518928875292648,-16.369519292054,-16.215123394663895,-16.055788213608352,-15.891562283927025,-15.722495630428998,-15.548639752454704,-15.370047608188761,-15.186773598528369,-14.998873550512279,-14.806404700315355,-14.609425675813856
-18.137747875230065,-18.157120555235625,-18.170962400428092,-18.179269194447315,-18.182038406963375,-18.179269194447315,-18.170962400428092,-18.157120555235625,-18.137747875230065,-18.112850261517405,-18.08243529815196,-18.046512249826215,-18.00509205904868,-17.958187342810717,-17.90581238874327,-17.84798315076471,-17.78471724422113,-17.716033940520543,-17.641954161262593,-17.562500471865675,-17.477697074693264,-17.38756980168165,-17.29214610647127,-17.191455056044084,-17.08552732186946,-16.974395170561372,-16.858092454049675,-16.736654599268466,-16.610118597364703,-16.478522992430356,-16.341907869761474,-16.200314843647845,-16.053787044696872,-15.902369106695556,-15.746107153014629,-15.585048782558928,-15.419243055268309,-15.248740477173486,-15.073592985011455,-14.893853930405017,-14.709578063611367,-14.520821516844663,-14.327641787177573
-17.78710592971336,-17.806104093860956,-17.819678346209958,-17.827824551911608,-17.830540229552735,-17.827824551911608,-17.819678346209958,-17.806104093860956,-17.78710592971336,-17.762689640792008,-17.73286266453503,-17.69763408652834,-17.657014637738058,-17.611016691241783,-17.559654258459606,-17.50294298488611,-17.440900145324605,-17.373544638625038,-17.300896981927245,-17.222979304411197,-17.139815340556282,-17.051430422911512,-16.957851474379012,-16.859107000013015,-16.75522707833698,-16.64624335218135,-16.532189019044875,-16.413098820982277,-16.289009034021557,-16.159957457113897,-16.025983400619776,-15.887127674334643,-15.743432575057845,-15.594941873708624,-15.441700801993084,-15.283756038626136,-15.121155695112758,-14.953949301092722,-14.782187789253417,-14.605923479815235,-14.425210064594335,-14.240102590647618,-14.050657443504825
-17.440132133175517,-17.45875969936482,-17.472069158222894,-17.480056455559637,-17.482719158366905,-17.480056455559637,-17.472069158222894,-17.45875969936482,-17.440132133175517,-17.416192133792098,-17.386946993570277,-17.352405620863088,-17.312578537307253,-17.267477874618233,-17.21711737089479,-17.161512366434224,-17.10067979905953,-17.03463819896004,-16.9634076830469,-16.88700994882528,-16.805468267785113,-16.718807478312353,-16.627053978122973,-16.530235716221966,-16.42838218438981,-16.321524408198975,-16.209694937563253,-16.092927836822703,-15.971258674367366,-15.84472451180276,-15.71336389266056,-15.577216830657886,-15.436324797508707,-15.29073071029117,-15.140478918374646,-14.985615189910467,-14.82618669789053,-14.66224200577792,-14.493831052714025,-14.32100513830658,-14.143816907003306,-13.962320332055931,-13.776570699079384
-17.097275591888913,-17.115536957703846,-17.128584765159534,-17.13641503976742,-17.139025396350018,-17.13641503976742,-17.128584765159534,-17.115536957703846,-17.097275591888913,-17.073806230303667,-17.045136021942994,-17.011273700030095,-16.97222957935626,-16.92801555313887,-16.878645089398628,-16.82413322685705,-16.764496570355533,-16.699753285797357,-16.629923094614195,-16.55502726775872,-16.47508861922534,-16.390131499100775,-16.300181786146815,-16.20526687991739,-16.105415692412393,-16.000658639270824,-15.89102763050587,-15.776556060784829,-15.657278799256739,-15.533232178930929,-15.404453985609614,-15.270983446377997,-15.132861217655268,-14.99012937281032,-14.842831389345776,-14.691012135654297,-14.53471785735127,-14.373996163187917,-14.208896010549235,-14.039467690541072,-13.865762812670987,-13.687834289127501,-13.505736318662526
-16.762118243451546,-16.780021632294506,-16.792813663996544,-16.800490441980894,-16.803049627826613,-16.800490441980894,-16.792813663996544,-16.780021632294506,-16.762118243451546,-16.73910895101335,-16.711000763833283,-16.677802243937457,-16.63952350391662,-16.59617620384581,-16.547773547732543,-16.494330279494754,-16.435862678469668,-16.37238855445494,-16.303927242283635,-16.230499595934642,-16.152127982180346,-16.068836273773503,-15.980649842175357,-15.88759554982725,-15.789701741968074,-15.686998238000015,-15.5795163224053,-15.467288735216618,-15.3503496620442,-15.228734723662544,-15.102480965159991,-14.97162684465444,-14.836212221578599,-14.696278344538447,-14.551867838748505,-14.403024693047772,-14.2497942465003,-14.09222317458449,-13.930359474975274,-13.764252452923557,-13.593952706237365,-13.41951210986928,-13.2409838001148
-16.431396823745807,-16.44894697357149,-16.461486614804507,-16.469011927748642,-16.47152062012069,-16.469011927748642,-16.461486614804507,-16.44894697357149,-16.431396823745807,-16.408841511273092,-16.38128790672003,-16.348744403181474,-16.31122091372387,-16.268728868365596,-16.221281210595308,-16.168892393429193,-16.11157837500846,-16.049356613738333,-15.982246062970058,-15.910267165227504,-15.833441845980206,-15.751793506964626,-15.665347019055774,-15.574128714691293,-15.478166379850345,-15.377489245589725,-15.272127979139823,-15.162114674563044,-15.047482842977695,-14.92826740235013,-14.804504666858437,-14.676232335830765,-14.543489482261746,-14.40631654091048,-14.264755295983731,-14.118848868408035,-13.968641702694665,-13.814179553401383,-13.655509471195174,-13.492679788520148,-13.32574010487501,-13.154741271704589,-12.979735376909968
-16.105510342113668,-16.1227124170532,-16.135003357606273,-16.142379419833336,-16.144838356914374,-16.142379419833336,-16.135003357606273,-16.1227124170532,-16.105510342113668,-16.08340237270635,-16.056395243132883,-16.024497180026565,-15.987717899846425,-15.946068605917485,-15.899561985018153,-15.848212203515665,-15.792034903050912,-15.731047195773808,-15.665267659130796,-15.59471633020596,-15.519414699617531,-15.439385704971656,-15.354653723875357,-15.265244566510894,-15.171185467773727,-15.072505078976501,-14.969233459121588,-14.861402065744803,-14.749043745333159,-14.632192723319491,-14.510884593657062,-14.385156307977315,-14.255046164334022,-14.120593795537332,-13.981840157081265,-13.838827514668221,-13.691599431334478,-13.540200754180445,-13.384677600709825,-13.22507734478174,-13.061448602180233,-12.893841215805406,-12.722306240490807
-15.788703331614192,-15.805567029326287,-15.817616198209288,-15.824847167969624,-15.827257735983856,-15.824847167969624,-15.817616198209288,-15.805567029326287,-15.788703331614192,-15.76703024191868,-15.740554362072835,-15.709283756886123,-15.673227951687815,-15.632397929425451,-15.586806127319349,-15.536466433074086,-15.481394180648179,-15.42160614558321,-15.35712053989384,-15.287957006520255,-15.21413661334472,-15.13568184677411,-15.05261660489033,-14.964966190170726,-14.872757301780714,-14.776018027440946,-14.674777834871518,-14.569067562815826,-14.45891941164677,-14.344366933558229,-14.225445022344724,-14.102189902772436,-13.97463911954478,-13.842831525865938,-13.706807271605802,-13.56660779106991,-13.422275790378178,-13.273855234456187,-13.121391333643064,-12.96493052991994,-12.804520482763298,-12.640210054627428,-12.472049296060462
-15.476949479387061,-15.49348019708084,-15.50529145061788,-15.51237964217593,-15.514742612623175,-15.51237964217593,-15.50529145061788,-15.49348019708084,-15.476949479387061,-15.45570433295328,-15.429751229256917,-15.399098073864762,-15.363754204024897,-15.32373038582245,-15.279038810900182,-15.22969309274474,-15.175708262539894,-15.11710076458789,-15.053888451300354,-14.986090577760256,-14.913727795856657,-14.83682214799391,-14.755397060377366,-14.669477335877488,-14.579089146474683,-14.484260025287053,-14.385018858183546,-14.281395874985026,-14.173422640256002,-14.061132043689724,-13.944558290089692,-13.823736888950531,-13.698704643641452,-13.569499640195588,-13.436161235708624,-13.298730046350245,-13.15724793499206,-13.01175799845575,-12.862304554385386,-12.70893312774781,-12.551690436965321,-12.390624379684777,-12.22578401818751
-15.170556374540997,-15.186759837957293,-15.198337267209505,-15.205285135700525,-15.207601327042301,-15.205285135700525,-15.198337267209505,-15.186759837957293,-15.170556374540997,-15.149731812692535,-15.12429249577518,-15.0942461728513,-15.059601996321922,-15.020370519138824,-14.976563691590002,-14.928194857659493,-14.875278750962666,-14.817831490258236,-14.755870574538319,-14.689414877698068,-14.618484642786512,-14.543101475840322,-14.463288339302407,-14.379069545027319,-14.29047074687564,-14.197518932899563,-14.100242417122072,-13.998670830912213,-13.892835113959084,-13.782767504847332,-13.668501531236933,-13.550071999650374,-13.427514984870225,-13.300867818950426,-13.170169079844577,-13.035458579654712,-12.896777352504161,-12.754167642038153,-12.607672888555982,-12.457337715778689,-12.303207917256225,-12.145330442418317,-11.983753382273191
-14.874383684285736,-14.890270809709344,-14.901622214399028,-14.908434440606948,-14.910705413263011,-14.908434440606948,-14.901622214399028,-14.890270809709344,-14.874383684285736,-14.8539656775005,-14.829023008876307,-14.79956327619163,-14.76559545316644,-14.72712988672868,-14.68417829386251,-14.636753758039207,-14.584870725231783,-14.528544999514637,-14.467793738249464,-14.402635446858957,-14.333089973189873,-14.259178501467197,-14.180923545841207,-14.098348943529464,-14.011479847555751,-13.920342719088216,-13.82496531937906,-13.725376701308177,-13.621607200533361,-13.513688426249798,-13.401653251561553,-13.285535803468157,-13.165371452469147,-13.0411968017899,-12.913049676231914,-12.780969110651029,-12.644995338067012,-12.505169777408199,-12.361535020894888,-12.214134821065334,-12.063014077448301,-11.908218822886234,-11.749796209513214
-14.583740911900993,-14.599317605761433,-14.610447206052392,-14.617126322589808,-14.619352920850078,-14.617126322589808,-14.610447206052392,-14.599317605761433,-14.583740911900993,-14.56372186928292,-14.539266575901523,-14.510382481076064,-14.477078383181643,-14.439364426969092,-14.397252100474823,-14.350754231521442,-14.299884983810257,-14.244659852606906,-14.185095660021338,-14.121210549883616,-14.053023982217162,-13.980556727311024,-13.903830859393052,-13.822869749905877,-13.737698060387734,-13.648341734960328,-13.554827992425997,-13.457185317976608,-13.355443454516678,-13.24963339360342,-13.139787366006386,-13.025938831889691,-12.908122470619702,-12.786374170201364,-12.660731016346404,-12.5312312811766,-12.397914411565793,-12.260821017123927,-12.11999285782701,-11.975472831296587,-11.827304959732738,-11.675534376504482,-11.5202073124017
-14.29881392428185,-14.314086291530513,-14.32499844943111,-14.331547074034637,-14.333730170566593,-14.331547074034637,-14.32499844943111,-14.314086291530513,-14.29881392428185,-14.27918599979613,-14.255208496929292,-14.226888719460982,-14.194235293869756,-14.157258166705377,-14.115968601558981,-14.070379175632088,-14.020503775905476,-13.96635759490905,-13.907957126094077,-13.845320158809084,-13.778465772881091,-13.707414332803685,-13.632187481533801,-13.55280813389908,-13.469300469617767,-13.381689925933369,-13.290003189866189,-13.194268190084225,-13.094514088395814,-12.990771270866672,-12.883071338563996,-12.771447097930482,-12.655932550791148,-12.536562883996076,-12.413374458702126,-12.286404799296994,-12.155692581968921,-12.021277622925545,-11.883200866265492,-11.741504371506426,-11.596231300773287,-11.447425905650718,-11.295133513703586
-14.025021679765096,-14.04000161326854,-14.050704826272032,-14.057128058473209,-14.059269353293312,-14.057128058473209,-14.050704826272032,-14.04000161326854,-14.025021679765096,-14.005769588794562,-13.982251204730344,-13.95447369150006,-13.922445510403316,-13.886176417534347,-13.845677460810185,-13.800960976605374,-13.752040585994179,-13.698931190601478,-13.641648968063594,-13.580211367100418,-13.51463710220036,-13.444946147919746,-13.371159732798356,-13.293300332893024,-13.211391664931197,-13.125458679086607,-13.0355275513792,-12.94162567570165,-12.843781655474935,-12.742025294935459,-12.636387590056371,-12.52690071910592,-12.413598032845616,-12.296514044371282,-12.17568441860003,-12.05114596140636,-11.922936608410781,-11.791095413424197,-11.655662536551784,-11.516679231959792,-11.374187835309169,-11.228231750859678,-11.078855438248553
-13.75710961421967,-13.771803394516489,-13.78230215008888,-13.788602682914199,-13.790703073789109,-13.788602682914199,-13.78230215008888,-13.771803394516489,-13.75710961421967,-13.738225285066246,-13.715156159405819,-13.68790926431753,-13.656492899469578,-13.620916634591028,-13.5811913065568,-13.537329016086643,-13.489343124059134,-13.437248247441836,-13.38106025483882,-13.32079626165694,-13.256474624892306,-13.188114937538577,-13.115738022618737,-13.039365926842198,-12.959021913889169,-12.874730457324304,-12.786517233141828,-12.694409111944363,-12.598434150757894,-12.498621584485331,-12.39500181700127,-12.287606411890673,-12.1764680828343,-12.061620683643794,-11.943099197949515,-11.820939728544133,-11.695179486385426,-11.565856779261416,-11.433011000121477,-11.296682615076833,-11.156913151074212,-11.013745183246334,-10.867222321943093
-13.495121384602347,-13.509535338860532,-13.519834157784699,-13.526014704254827,-13.528075095616593,-13.526014704254827,-13.519834157784699,-13.509535338860532,-13.495121384602347,-13.476596685640231,-13.45396688477695,-13.427238875269058,-13.396420798727178,-13.361522042635961,-13.322553237494589,-13.279526253578602,-13.23245419732412,-13.181351407335468,-13.126233450017523,-13.067117114834026,-13.004020409193341,-12.936962552963246,-12.865963972616344,-12.791046295007993,-12.712232340788534,-12.629546117451913,-12.543012812022756,-12.45265878338416,-12.358511554248533,-12.260599802773894,-12.15895335382823,-12.053603169904562,-11.94458134168947,-11.831921078287941,-11.71565669710757,-11.595823613405143,-11.472458329498812,-11.345598423649117,-11.215282538612295,-11.081550369869332,-10.944442653534317,-10.804001153945839,-10.66026865094516
-13.244975523220694,-13.259122300111517,-13.26923021990572,-13.275296203633022,-13.277318403536016,-13.275296203633022,-13.26923021990572,-13.259122300111517,-13.244975523220694,-13.22679419847854,-13.2045838640927,-13.178351285546176,-13.148104453536522,-13.113852581541773,-13.075606103013943,-13.033376668200894,-12.987177140597561,-12.937021593027586,-12.882925303356634,-12.82490474983858,-12.762977606096085,-12.697162735737031,-12.627480186608496,-12.553951184689971,-12.476598127627735,-12.395444577912299,-12.31051525570107,-12.221836031288312,-12.129433917224839,-12.033337060089714,-11.933574731916531,-11.830177321276876,-11.72317632402366,-11.612604333697181,-11.49849503159684,-11.380883176521447,-11.259804594181398,-11.135296166285784,-11.007395819307884,-10.876142512932383,-10.741576228187885,-10.603737955268294,-10.462669681046817
-13.000950215947613,-13.014836352751058,-13.0247580443239,-13.030712268422779,-13.03269721133335,-13.030712268422779,-13.0247580443239,-13.014836352751058,-13.000950215947613,-12.983103863765361,-12.961302732376055,-12.935553462615509,-12.905863897960726,-12.872243082140717,-12.834701256381667,-12.793249856287382,-12.747901508355877,-12.69867002613323,-12.645570406005847,-12.588618822632402,-12.527832624016895,-12.463230326224274,-12.39483160774026,-12.322657303477099,-12.246729398427037,-12.16707102096548,-12.083706435805878,-11.996661036608437,-11.905961338244975,-11.811634968722247,-11.71371066076617,-11.612218243069565,-11.507188631206034,-11.398653818212798,-11.286646864845297,-11.171201889506555,-11.052354057854412,-10.930139572089685,-10.804595659928664,-10.67576056326316,-10.543673526511666,-10.40837478466514,-10.269905551031018
