hough_viz/data/file_2_0_2.json
{"header": {"discipline": 0, "disciplineName": "Meteorological products", "gribEdition": 2, "gribLength": 133963, "center": 7, "centerName": "US National Weather Service - NCEP(WMC)", "subcenter": 0, "refTime": "2014-11-30T06:00:00.000Z", "significanceOfRT": 1, "significanceOfRTName": "Start of forecast", "productStatus": 0, "productStatusName": "Operational products", "productType": 1, "productTypeName": "Forecast products", "productDefinitionTemplate": 0, "productDefinitionTemplateName": "Analysis/forecast at horizontal level/layer at a point in time", "parameterCategory": 2, "parameterCategoryName": "Momentum", "parameterNumber": 2, "parameterNumberName": "U-component_of_wind", "parameterUnit": "m.s-1", "genProcessType": 2, "genProcessTypeName": "Forecast", "forecastTime": 6, "surface1Type": 100, "surface1TypeName": "Isobaric surface", "surface1Value": 85000, "surface2Type": 255, "surface2TypeName": "Missing", "surface2Value": 0, "gridDefinitionTemplate": 0, "gridDefinitionTemplateName": "Latitude_Longitude", "numberPoints": 65160, "shape": 6, "shapeName": "Earth spherical with radius of 6,371,229.0 m", "gridUnits": "degrees", "resolution": 48, "winds": "true", "scanMode": 0, "nx": 360, "ny": 181, "basicAngle": 0, "subDivisions": 0, "lo1": 0, "la1": 90, "lo2": 359, "la2": -90, "dx": 1, "dy": 1}, "data":
[rows 114 to 132 of 181, columns 258 to 300 of 360]
20.39222945441688,20.69666676198787,20.975888369186514,21.22955408749519,21.45735486431039,21.65901315947555,21.834283283421104,21.98295169649932,22.104837269149478,22.199791502576332,22.267698709673027,22.30847615596803,22.322074160424297,22.30847615596803,22.267698709673027,22.199791502576332,22.104837269149478,21.98295169649932,21.834283283421104,21.659013159475546,21.457354864310382,21.2295540874952,20.975888369186517,20.696666761987895,20.392229454416906,20.062947356437835,19.70922164756509,19.331483288087625,18.93019249401037,18.50583817635178,18.058937345481148,17.590034481221096,17.099700869482774,16.588533906241988,16.057156369704177,15.506215661545243,14.9363830181521,14.348352692824792,13.74284110993558,13.120585992076299,12.48234546125701,11.828897115251104,11.161037080212143
19.89006429405287,20.187004735735854,20.459350421718064,20.706769540732733,20.928960650695355,21.125653045964345,21.29660708715422,21.441614493099234,21.560498594611932,21.6531145497273,21.719349520170432,21.759122808832554,21.772385958088044,21.759122808832554,21.719349520170432,21.6531145497273,21.560498594611932,21.441614493099234,21.296607087154225,21.12565304596434,20.92896065069535,20.706769540732736,20.459350421718067,20.18700473573588,19.89006429405289,19.568890872857118,19.223875772489347,18.855439340703832,18.464030460539462,18.050126003424786,17.614230248183706,17.15687426664938,16.678615276635025,16.180035963049832,15.66174376798711,15.124370150649805,14.568569818014529,13.99501992717218,13.404419260316132,12.797487373383888,12.174963719388984,11.5376067475114,10.886192979044017
19.380920518469125,19.670259909930916,19.935634119663728,20.176719830070738,20.393223315350255,20.584880799355243,20.75145877696403,20.89275429857026,21.008595217345775,21.098840398974964,21.163379893605224,21.202135069803887,21.215058710358537,21.202135069803887,21.163379893605224,21.098840398974964,21.00859521734578,20.89275429857026,20.751458776964036,20.58488079935524,20.39322331535025,20.17671983007074,19.93563411966373,19.670259909930937,19.380920518469146,19.067968460757537,18.731785020671886,18.372779785948815,17.991390149166353,17.588080774848333,17.163343033342315,16.717694402160493,16.251677835513046,15.765861102802091,15.260836096882073,14.737218112929629,14.19564509880097,13.636776877790952,13.061294344739796,12.46989863646773,11.863310277547763,11.242268302457465,10.607529355179263
18.864873338056146,19.146508617785777,19.404816826058212,19.639483254110974,19.850221997049093,20.036776302176094,20.198918881807675,20.33645219018671,20.449208664162317,20.53705092733977,20.599871957452436,20.63759521675197,20.650174745257733,20.63759521675197,20.599871957452436,20.53705092733977,20.449208664162324,20.33645219018671,20.198918881807682,20.036776302176087,19.850221997049086,19.63948325411098,19.40481682605822,19.146508617785802,18.864873338056164,18.56025411607507,18.233022083441526,17.883575921981038,17.512341378013325,17.119770743645894,16.706342305725858,16.272559763121052,15.81895161304056,15.346070507142272,14.854492578211955,14.344816738234284,13.817663948710672,13.273676464113551,12.713517049398025,12.137868172524978,11.547431172978973,10.94292540729411,10.325087372628861
18.345738519154864,18.619623591537827,18.870823520707656,19.099032258245014,19.303971766956103,19.485392359618043,19.643073003184387,19.77682158807979,19.88647516225595,19.971900129723576,20.032992413318507,20.069677581503726,20.081910939052722,20.069677581503726,20.032992413318507,19.971900129723576,19.886475162255955,19.77682158807979,19.64307300318439,19.48539235961804,19.3039717669561,19.09903225824502,18.87082352070766,18.61962359153785,18.34573851915488,18.0495019903307,17.73127492364396,17.391445029756262,17.03042633904656,16.64865869717881,16.24660722921782,15.824761772946022,15.383636282071572,14.923768200054932,14.445717805316763,13.950067528625084,13.437421243492926,12.90840353045166,12.363658916095675,11.80385108782609,11.229662085249858,10.641791469219593,10.040955469526358
17.823206695150283,18.089290846011853,18.333335982419218,18.55504477296591,18.754147099642292,18.93040038693265,19.083589897356177,19.213528993091444,19.320059363365885,19.403051217333076,19.46240344220286,19.49804372643175,19.509928647823372,19.49804372643175,19.46240344220286,19.403051217333076,19.32005936336589,19.213528993091444,19.083589897356177,18.930400386932646,18.754147099642285,18.555044772965914,18.333335982419225,18.089290846011878,17.823206695150304,17.535407712385208,17.226244536445073,16.896093835036815,16.54535784593432,16.174463886913557,15.783863835131752,15.374033576584681,14.945472426312865,14.498702520063135,14.034268178146599,13.552735242268302,13.054690386136102,12.540740400689314,12.011511454817263,11.467648332469016,10.909813647083466,10.33868703429691,9.754964323911683
17.298268307635844,17.556515609187105,17.793373000842497,18.00855190835534,18.201790169372632,18.372852352839377,18.52153004583513,18.64764210749303,18.751034889692015,18.831582424253412,18.889186576413753,18.92377716438688,18.935312044869605,18.92377716438688,18.889186576413753,18.831582424253412,18.751034889692015,18.647642107493034,18.52153004583514,18.37285235283937,18.20179016937263,18.008551908355347,17.7933730008425,17.556515609187123,17.298268307635865,17.018945730745703,16.718888190050265,16.398461259442534,16.058055329779506,15.698085133250935,15.31898923809215,14.921229514256144,14.505290570696225,14.07167916494464,13.620923585706558,13.153573009221748,12.670196830177778,12.171383967990465,11.657742149296128,11.129897167530391,10.58849212049525,10.034186626843463,9.467656022434797
16.772870193036084,17.02327378197273,17.252937134040362,17.46158043982139,17.648949499586777,17.814816032999165,17.95897795723739,18.081259633203207,18.1815120795105,18.259613153996145,18.31546770253144,18.349007674952716,18.360192207970023,18.349007674952716,18.31546770253144,18.259613153996145,18.1815120795105,18.08125963320321,17.958977957237394,17.81481603299916,17.64894949958677,17.461580439821393,17.25293713404037,17.023273781972748,16.7728701930361,16.50203144543181,16.211087514454363,15.900392870467133,15.570326047035017,15.221289179739458,14.853707516238243,14.46802889816673,14.06472321551181,13.644281834123316,13.207216997060417,12.754061200502441,12.285366544984154,11.801704062746472,11.30366302202148,10.791850209099966,10.26688918905575,9.729419546027717,9.180096103985008
16.247298651158967,16.489855938370606,16.71232287618894,16.914428422918615,17.095926344082937,17.256595512422557,17.396240177305057,17.514690203216887,17.611801277047302,17.687455083911647,17.741559451299842,17.77404846137436,17.784882531280974,17.77404846137436,17.741559451299842,17.687455083911647,17.611801277047306,17.51469020321689,17.39624017730506,17.256595512422553,17.09592634408293,16.91442842291862,16.712322876188942,16.489855938370628,16.247298651158985,15.984946533245397,15.703119220273322,15.402160075411405,15.082435771018504,14.744335841909741,14.388272210768443,14.014678686281755,13.62401043461159,13.216743424844775,12.793373849098025,12.354417517984336,11.900409232177095,11.43190213083798,10.949467017701972,10.453691665640992,9.945180100553184,9.424551865450413,8.892441265640484
15.72356252310886,15.958300909642784,16.17359656470613,16.369187183706938,16.544834469604393,16.700324423237006,16.83546760404768,16.9500993608878,17.044080032619338,17.117295118270384,17.169655416537005,17.201097134461246,17.211581965153034,17.201097134461246,17.169655416537005,17.117295118270384,17.04408003261934,16.950099360887805,16.835467604047682,16.700324423237003,16.544834469604385,16.369187183706938,16.173596564706134,15.958300909642801,15.723562523108875,15.469667397669664,15.196924865425995,14.905667221140611,14.596249317388304,14.269048132222602,13.924462309886163,13.562911675124115,13.184836721692314,12.790698075683535,12.380975934325514,11.956169480934678,11.51679627673803,11.063391630304663,10.59650794535461,10.116714047740063,9.624594492418677,9.120748851263414,8.605790982576513
15.201740924729814,15.428688992760408,15.636839579860684,15.825939086603375,15.995757124368087,16.146086796034243,16.276744948053445,16.3875723935938,16.47843410648457,16.54921938572478,16.59984199035531,16.630240244530228,16.64037711265932,16.630240244530228,16.59984199035531,16.54921938572478,16.478434106484574,16.3875723935938,16.276744948053448,16.14608679603424,15.995757124368081,15.825939086603379,15.636839579860684,15.42868899276042,15.201740924729828,14.956271877031119,14.692580915887332,14.41098930811611,14.111840129715697,13.795497847879552,13.46234787694931,13.112796108846725,12.747268418556907,12.366210145265251,11.970085549780215,11.559377248903123,11.134585627433786,10.696228228528875,10.244839123155153,9.78096825940636,9.305180792476138,8.818056396103508,8.320188556329658
14.682533544912397,14.901730322328302,15.10277163678205,15.285412550399997,15.449430543362595,15.594625785010436,15.720821377307196,15.827863570362602,15.915621949753001,15.983989595411245,16.032883211892333,16.06224322985606,16.072033878643104,16.06224322985606,16.032883211892333,15.983989595411245,15.915621949753001,15.827863570362602,15.7208213773072,15.594625785010432,15.449430543362588,15.2854125504,15.102771636782053,14.90173032232832,14.682533544912413,14.445448362042935,14.190763625495059,13.91878962938907,13.629857732144862,13.32431995277267,13.00254854199218,12.664935528702328,12.311892242354519,11.943848811811018,11.56125364129917,11.164572864100027,10.754289774636565,10.330904239654076,9.894932089209378,9.44690448821142,8.987367289278659,8.516880367701715,8.036016939321552
14.169015584277382,14.380546008895786,14.574555953355667,14.750809046424608,14.909090550858444,15.04920762502539,15.170989557853973,15.274287976818105,15.358977028706173,15.424953532953815,15.472137107353499,15.50047026598789,15.509918489267577,15.50047026598789,15.472137107353499,15.424953532953815,15.35897702870618,15.274287976818105,15.170989557853973,15.049207625025387,14.90909055085844,14.750809046424614,14.574555953355672,14.380546008895804,14.169015584277394,13.940222396739069,13.694445195536977,13.431983422331678,13.153156846364713,12.85830517486895,12.547787639187684,12.22198255710658,11.881286871931735,11.52611566887538,11.156901669338495,10.774094703706494,10.37816116330007,9.969583432149362,9.548859299283182,9.116501352249843,8.673036352608166,8.219004594149672,7.7549592446337865
13.659472330604835,13.86339574116008,14.050428739497134,14.220343454717733,14.37293287191476,14.508011084387933,14.62541352014257,14.724997142395162,14.806640623841675,14.870244494476182,14.915731262779735,14.943045510131864,14.952153958329596,14.943045510131864,14.915731262779735,14.870244494476182,14.806640623841677,14.724997142395166,14.625413520142574,14.50801108438793,14.37293287191476,14.220343454717742,14.05042873949714,13.86339574116009,13.659472330604848,13.438906957095167,13.2019683455632,12.948945169209477,12.680145697799182,12.395897422082827,12.09654665479929,11.782458108747045,11.454014452437832,11.111615843873997,10.75567944301759,10.386638903545292,10.004943844508077,9.611059302539804,9.205465165281582,8.788655586712668,8.361138385099958,7.92343442429964,7.476076979164797
13.154848256940847,13.351238092284751,13.531361500613782,13.694999029300762,13.84195131122343,13.972039307662506,14.085104526432865,14.181009214981795,14.25963652821928,14.320890670875755,14.364697014213863,14.391002186952106,14.399774140289491,14.391002186952106,14.364697014213863,14.320890670875755,14.259636528219282,14.181009214981795,14.085104526432865,13.972039307662504,13.841951311223424,13.694999029300766,13.531361500613787,13.351238092284765,13.154848256940864,12.9424312653449,12.714245914880832,12.470570214248921,12.211701044755035,11.93795379860646,11.649661994655101,11.347176872056114,11.030866962337136,10.701117640399344,10.358330654997518,10.002923639271112,9.635329601922507,9.25599639966272,8.865386191566891,8.463974876004695,8.052251510831466,7.6307177175465535,7.199887070144744
12.659276991638208,12.84826840190772,13.021606176253545,13.17907912929826,13.320495404505445,13.44568270792726,13.55448851811811,13.64678027195853,13.72244552616292,13.781392094274377,13.823548158979674,13.84886235960761,13.857303854704078,13.84886235960761,13.823548158979674,13.781392094274377,13.722445526162925,13.646780271958532,13.55448851811811,13.445682707927258,13.320495404505444,13.17907912929826,13.02160617625355,12.848268401907733,12.659276991638222,12.454862202366522,12.2352730820257,12.00077716613375,11.75166015184289,11.48822554986149,11.210794314673068,10.919704453502701,10.615310614507264,10.297983654691299,9.968110188074855,9.626092114663923,9.272346130797073,8.907303221465297,8.531408135223044,8.145118842330701,7.748905976788353,7.343252262940753,6.928651927352036
12.169387793890598,12.35106560714985,12.517695549502607,12.669074608031467,12.805018350671787,12.92536115091368,13.029956389592437,13.118676633521392,13.191413790749628,13.24807924225536,13.288603949914569,13.312938540613324,13.321053366401323,13.312938540613324,13.288603949914569,13.24807924225536,13.191413790749632,13.118676633521398,13.029956389592439,12.925361150913677,12.805018350671785,12.669074608031469,12.51769554950261,12.351065607149865,12.169387793890612,11.972883456154984,11.761792004209356,11.536370620471756,11.296893946174787,11.043653746757517,10.776958556394275,10.497133302093273,10.204518907823097,9.899471879149381,9.582363868887645,9.253581224301687,8.91352451639882,8.56260805189593,8.201259368450465,7.829918713771705,7.449038509246729,7.059082798734661,6.660526683200659
11.686222707307236,11.860687308376983,12.020701488960302,12.166070296426437,12.296616621275845,12.412181412920809,12.512623873464102,12.597821629239535,12.6676708799054,12.722086524909212,12.761002267169625,12.784370693849196,12.792163334119657,12.784370693849196,12.761002267169625,12.722086524909212,12.667670879905403,12.597821629239535,12.512623873464106,12.412181412920804,12.29661662127584,12.166070296426438,12.020701488960308,11.860687308376997,11.68622270730725,11.49752024399325,11.29480982331918,11.078338416707462,10.84836976122221,10.605184038246168,10.349077532122894,10.080362269179913,9.799365637572713,9.506429988412687,9.20191221866505,8.886183336324901,8.559628008401035,8.222644092258562,7.875642150890901,7.519044952712051,7.153286956478409,6.778813781967685,6.396081667059826
11.21491330156375,11.382341684899767,11.535902438208073,11.67540847136496,11.8006898177583,11.911593841365617,12.0079854227176,12.089747123520358,12.156779329735892,12.209000372946445,12.246346629854898,12.268772599799961,12.27625096019171,12.268772599799961,12.246346629854898,12.209000372946445,12.156779329735894,12.089747123520361,12.007985422717603,11.911593841365612,11.800689817758297,11.675408471364962,11.535902438208076,11.382341684899783,11.21491330156376,11.033821273894741,10.839286234633363,10.631545194759122,10.410851254729073,10.177473296113835,9.931695654006862,9.67381777060592,9.404153830388887,9.123032377328375,8.830795914611482,8.52780048735248,8.214415248806588,7.891022010613709,7.5580147776196585,7.215799267842003,6.864792418165152,6.50542187636698,6.1381254800958525
