hough_viz/data/file_1_3_1.json
{"header": {"discipline": 0, "disciplineName": "Meteorological products", "gribEdition": 2, "gribLength": 133963, "center": 7, "centerName": "US National Weather Service - NCEP(WMC)", "subcenter": 0, "refTime": "2014-11-30T06:00:00.000Z", "significanceOfRT": 1, "significanceOfRTName": "Start of forecast", "productStatus": 0, "productStatusName": "Operational products", "productType": 1, "productTypeName": "Forecast products", "productDefinitionTemplate": 0, "productDefinitionTemplateName": "Analysis/forecast at horizontal level/layer at a point in time", "parameterCategory": 2, "parameterCategoryName": "Momentum", "parameterNumber": 3, "parameterNumberName": "V-component_of_wind", "parameterUnit": "m.s-1", "genProcessType": 2, "genProcessTypeName": "Forecast", "forecastTime": 6, "surface1Type": 100, "surface1TypeName": "Isobaric surface", "surface1Value": 85000, "surface2Type": 255, "surface2TypeName": "Missing", "surface2Value": 0, "gridDefinitionTemplate": 0, "gridDefinitionTemplateName": "Latitude_Longitude", "numberPoints": 65160, "shape": 6, "shapeName": "Earth spherical with radius of 6,371,229.0 m", "gridUnits": "degrees", "resolution": 48, "winds": "true", "scanMode": 0, "nx": 360, "ny": 181, "basicAngle": 0, "subDivisions": 0, "lo1": 0, "la1": 90, "lo2": 359, "la2": -90, "dx": 1, "dy": 1}, "data":
[rows 120 to 139 of 181, columns 308 to 351 of 360]
3.1112730657241516,3.0683760176502597,3.024544312517365,2.9797913018874596,2.9341306179611135,2.8875761694249737,2.8401421372150484,2.791842970197051,2.7426933807651444,2.6927083403603853,2.6419030749103047,2.5902930601909167,2.5378940171126616,2.4847219069316626,2.4307929263877717,2.3761235027708794,2.320730288917021,2.2646301581357395,2.2078401990703247,2.1503777104924424,2.0922601960327727,2.0335053588492067,1.9741310962343286,1.9141554941636973,1.853596821786706,1.7924735258616036,1.730804225136439,1.6686077046776275,1.605902910147799,1.5427089420348148,1.479045049833523,1.4149306261822252,1.3503852009554471,1.28542843531499,1.2200801157209045,1.1543601479043883,1.0882885508042897,1.0218854504691217,0.9551710739265175,0.8881657430218449,0.8208898682279934,0.7533639424281374,0.6856085346734243,0.6176442839174038
2.7841921568231145,2.7458047757494457,2.7065809959418754,2.6665327653437036,2.6256722830339245,2.584011995511274,2.541564592902905,2.4983430050988464,2.4543603978134456,2.4096301685749446,2.3641659426444863,2.3179815688657093,2.271091115446264,2.2235088656725,2.175249313558638,2.1263271594317508,2.0767573054539086,2.026554851082826,1.9757350884724265,1.9243134978146987,1.8723057426242997,1.8197276649672585,1.766595280635373,1.7129247742676104,1.6587324944201345,1.6040349485863552,1.5488487981685983,1.4931908534028897,1.4370780682383644,1.380527535172971,1.3235564800468882,1.2661822567954064,1.208422342162719,1.1502943303783644,1.0918159277978192,1.0330049475090084,0.973879303906249,0.9144570072333328,0.8547561580974726,0.7947949419556469,0.7345916235751502,0.6741645414699605,0.6135321023146666,0.5527127753375826
2.430785567148221,2.3972708215349137,2.363025844006483,2.3280610659148224,2.292387137870051,2.2560149264962304,2.2189555111212917,2.1812201804021596,2.1428204288861243,2.1037679535094806,2.0640746500345424,2.0237526094260634,1.9828141141682214,1.941271634523252,1.8991378247328867,1.856425519163744,1.8131477283978683,1.7693176352695665,1.7249485908497966,1.6800541103792994,1.6346478691517357,1.5887436983480345,1.5423555808233125,1.4954976468475356,1.4481841698013205,1.4004295618281088,1.3522483694440959,1.3036552691072312,1.2546650627465992,1.2052926732536462,1.1555531399364827,1.105461613938803,1.0550333536246674,1.0042837199306853,0.9532281716868924,0.9018822609078752,0.8502616280554609,0.7983819972744662,0.7462591716030045,0.6939090281586974,0.6413475133023654,0.588590637780606,0.5356544718487787,0.4825551403758193
2.0418369947109483,2.013684923879846,1.9849194651139261,1.9555493806505864,1.9255836169020681,1.8950313017302935,1.8639017416664316,1.8322044190760356,1.7999489892706269,1.767145277566588,1.7338032762922833,1.6999331417442902,1.6655451910937,1.630649899243404,1.595257895637338,1.5593799610226489,1.523027024165781,1.4862101585234582,1.4489405788696088,1.4112296378792306,1.3730888226702695,1.33452975130451,1.2955641692486244,1.2562039457963718,1.2164610704531111,1.176347649283667,1.1358759012247135,1.0950581543627744,1.0539068421789455,1.0124344997615684,0.9706537599878865,0.9285773496759804,0.8862180857080297,0.8435888711261895,0.8007026912021711,0.7575726094818311,0.7142117638058769,0.6706333623079384,0.6268506793912717,0.5828770516852237,0.5387258739827754,0.49441059516035496,0.4499447140811903,0.40534177548339967
1.6334757931375932,1.61095405102575,1.5879415967043027,1.5644454399897632,1.54047273803908,1.5160307931694952,1.4911270506341907,1.46576909635439,1.4399646546086167,1.4137215856797978,1.3870478834609536,1.3599516730201724,1.3324412081256416,1.3045248687314683,1.2762111584250628,1.247508701836865,1.2184262420132004,1.1889726377530587,1.1591568609096212,1.128987993657344,1.09847522572545,1.0676278515986284,1.0364552676858678,1.004966969458201,0.9731725485563054,0.9410816898687853,0.9087041685820664,0.876049847202786,0.8431286725535586,0.8099506727431041,0.7765259541115601,0.74286469815202,0.7089771584091287,0.6748736573557736,0.6405645832487368,0.6060603869643537,0.5713715788150661,0.536508725347867,0.5014824461256522,0.4663034104923779,0.43098233432308497,0.3955299767597359,0.3599571369338845,0.32427465067713623
1.2020727919228638,1.185499070088059,1.1685642337523179,1.1512734414308399,1.133631960066466,1.1156451634253162,1.0973185304598898,1.0786576436401214,1.0596681872529095,1.0403559456706235,1.0207268015891326,1.0007867342358754,0.9805418175485311,0.9599982183248394,0.9391621943441346,0.9180400924611629,0.8966383466727745,0.874963476158059,0.8530220832925445,0.8308208516370469,0.8083665439018011,0.7856659998864578,0.7627261343966327,0.7395539351375754,0.7161564605856565,0.6925408378382798,0.6687142604429026,0.6446839862058165,0.6204573349813355,0.5960416864421166,0.5714444778312193,0.5466732016966691,0.5217354036091386,0.49663867986350685,0.4713906751649392,0.44599908030025237,0.42047162979521857,0.3948160995585464,0.36904030451328057,0.3431520962162863,0.3171593604665955,0.29107001490331347,0.2648920065938361,0.2386333096130811
0.7391624113788878,0.7289711215674439,0.7185577800906688,0.7079255589532527,0.6970776968327506,0.6860174980930498,0.6747483317778291,0.6632736305843144,0.6515968898176485,0.6397216663261828,0.6276515774180318,0.6153902997592018,0.6029415682536455,0.5903091749055729,0.577496967664371,0.5645088492524788,0.5513487759765849,0.5380207565224934,0.5245288507340409,0.5108771683764288,0.49706986788435265,0.48311115509529357,0.46900528196839014,0.45475654528924236,0.44036928536107467,0.4258478846826328,0.41119676661323484,0.3964203940253755,0.3815232679452839,0.3665099261818788,0.35138494194449577,0.3361529224498549,0.3208185075186485,0.30538636816221487,0.28986120515969327,0.27424774762613147,0.2585507515719467,0.2427749984541942,0.22692529372009912,0.21100646534326226,0.19502336235301626,0.178980853357363,0.16288382505995228,0.1467371807715356
0.25961921328834625,0.2560396824538375,0.2523821594517412,0.24864775839899503,0.24483761683033572,0.24095289535179445,0.23699477728716606,0.2329644683175557,0.22886319611411862,0.22469220996409736,0.220452780390279,0.21614619876397967,0.2117737769116816,0.2073368467154376,0.2028367597071669,0.1982748866569654,0.19365261715555646,0.18897135919100694,0.18423253871984113,0.17943759923268038,0.17458800131454277,0.16968522219993235,0.16473075532286233,0.15972610986193814,0.15467281028064864,0.1495723958629985,0.14442642024462787,0.1392364509395612,0.13400406886272392,0.12873086784838508,0.12341845416465516,0.11806844602420553,0.11268247309134191,0.10726217598559565,0.10180920578197156,0.09632522350801838,0.09081189963786179,0.08527091358336035,0.0797039531825438,0.07411271418547831,0.06849889973772595,0.06286421986154946,0.057210390935024315,0.051539135169210305
-0.23919317835672033,-0.2358952739124098,-0.23252551348249673,-0.22908492352865176,-0.2255745520879044,-0.2219954684534013,-0.21834876284868887,-0.21463554609562063,-0.21085694927599063,-0.20701412338699382,-0.20310823899062272,-0.19914048585710137,-0.1951120726024708,-0.19102422632043226,-0.18687819220856344,-0.18267523318901793,-0.1784166295238285,-0.17410367842492547,-0.16973769365899405,-0.1653200051472878,-0.16085195856052337,-0.156334914908973,-0.1517702501278913,-0.1471593546583889,-0.14250363302389318,-0.13780450340231468,-0.13306339719405738,-0.1282817585860012,-0.12346104411158593,-0.11860272220714074,-0.11370827276458045,-0.10877918668061953,-0.10381696540262779,-0.09882312047127739,-0.09379917306010983,-0.08874665351217521,-0.08366710087387316,-0.078562062426143,-0.07343309321315034,-0.06828175556860254,-0.06310961863984837,-0.05791825790989962,-0.05270925471752527,-0.04748419577555744
-0.7645681009607294,-0.7540265271773163,-0.7432552696093062,-0.7322576092860976,-0.7210368962015617,-0.7095965482936015,-0.697940050403015,-0.686070953211978,-0.6739928721624746,-0.6617094863549945,-0.6492245374278476,-0.6365418284174208,-0.6236652225997388,-0.6105986423136724,-0.5973460677661553,-0.5839115358197746,-0.5702991387631059,-0.5565130230641581,-0.5425573881073222,-0.5284364849141969,-0.5141546148486889,-0.499716128306769,-0.48512542339130854,-0.47038694457236685,-0.45550518133336876,-0.4404846668035585,-0.4253299763771685,-0.4100457263197115,-0.3946365723618139,-0.37910720828104594,-0.3634623644721402,-0.347706806506078,-0.3318453336784417,-0.3158827775475107,-0.29982400046251184,-0.2836738940825119,-0.26743737788636535,-0.25111939767418884,-0.2347249240608334,-0.21825895096177766,-0.20172649407193702,-0.18513258933783278,-0.16848229142359825,-0.1517806721712698
-1.3034087091465008,-1.2854378062797112,-1.2670753466048135,-1.2483269235049053,-1.2291982479312835,-1.2096951466638304,-1.1898235605361234,-1.169589542625797,-1.148999256410719,-1.1280589738915316,-1.1067750736811457,-1.0851540390617453,-1.0632024560099236,-1.0409270111905276,-1.0183344899198368,-0.9954317740986874,-0.9722258401161845,-0.9487237567246193,-0.9249326828862624,-0.9008598655926727,-0.8765126376572008,-0.8518984154813272,-0.8270246967955741,-0.8018990583756077,-0.7765291537342908,-0.7509227107903395,-0.7250875295143284,-0.6990314795527495,-0.672762497830826,-0.6462885861348692,-0.619617808674835,-0.5927582896279074,-0.5657182106637793,-0.5385058084524502,-0.5111293721552409,-0.48359724089985184,-0.4559178012401756,-0.428099484601664,-0.4001507647130513,-0.37208015502515956,-0.3438962061176257,-0.3156075030943096,-0.28722266296819543,-0.2587503320365497
-1.8574654644768507,-1.8318554380850613,-1.8056874107812497,-1.7789693536000277,-1.7517094051204358,-1.7239158689868541,-1.6955972113796307,-1.6667620584362008,-1.6374191936234863,-1.6075775550623563,-1.5772462328050028,-1.5464344660660092,-1.5151516404080052,-1.4834072848827289,-1.4512110691283884,-1.4185728004241929,-1.3855024207029663,-1.35201000352273,-1.3181057509982061,-1.2837999906931488,-1.2491031724744808,-1.214025865329139,-1.178578754144687,-1.142772636454572,-1.106618419149108,-1.0701271151531173,-1.0333098400712952,-0.996177808802294,-0.9587423321225368,-0.9210148132408731,-0.8830067443250218,-0.8447297030009725,-0.8061953488263068,-0.7674154197386029,-0.7284017284799225,-0.689166158998561,-0.6497206628290703,-0.6100772554516923,-0.5702480126323547,-0.5302450667442528,-0.4900806030722211,-0.4497668561009743,-0.40931610578837396,-0.36874067382481207
-2.432467383288597,-2.3989294494348807,-2.3646607784319147,-2.3296718088488566,-2.2939731986647853,-2.257575822022182,-2.220490765914563,-2.1827293268092682,-2.144303007206455,-2.105223512135315,-2.065502745588623,-2.02515280689665,-1.9841859870416005,-1.9426147649136567,-1.9004518035097888,-1.8577099460764794,-1.814402212197557,-1.7705417938282904,-1.7261420512770003,-1.6812165091353752,-1.635778852158762,-1.5898429210976315,-1.5434227084815824,-1.4965323543570561,-1.4491861419801604,-1.4013984934658361,-1.3531839653947477,-1.3045572443792182,-1.2555331425895153,-1.2061265932419618,-1.1563526460500915,-1.1062264626403975,-1.0557633119339238,-1.0049785654952317,-0.9538876928500384,-0.9025062567730853,-0.85084990854755,-0.798934383197498,-0.7467754946948754,-0.694389131142392,-0.6417912499338639,-0.588997872893432,-0.5360250813951718,-0.48288901146452146
-3.0175330722774696,-2.975928475531501,-2.93341738214342,-2.8900127414040853,-2.8457277747875374,-2.800575971923604,-2.7545710864888346,-2.7077271320169896,-2.6600583776303925,-2.6115793436934025,-2.5623047973893884,-2.512249748222487,-2.4614294434455664,-2.40985936341577,-2.357555216879045,-2.3045329361851055,-2.250808672434295,-2.196398790557789,-2.1413198643326856,-2.0855886713334715,-2.0292221878214245,-1.972237583573445,-1.9146522166520166,-1.8564836281177406,-1.7977495366861826,-1.738467833330559,-1.678656575831984,-1.6183339832789054,-1.5575184305173604,-1.496228442553866,-1.434482688912473,-1.3722999779478953,-1.3096992511162622,-1.2466995772054046,-1.1833201465262735,-1.1195802650674307,-1.0554993486142377,-0.9910969168345982,-0.9263925873331228,-0.8614060696753792,-0.7961571593841846,-0.7306657319096905,-0.6649517365751458,-0.5990351905001012
-3.6136742082632303,-3.56385024458,-3.5129406975884794,-3.460961074829852,-3.4079272098007487,-3.3538552571302076,-3.298761687658819,-3.2426632834215456,-3.18557713253576,-3.127520623996022,-3.0685114423772455,-3.0085675624477832,-2.9477072436941505,-2.885949024759008,-2.823311717794107,-2.759814402729928,-2.695476421463759,-2.6303173719679456,-2.5643571023201748,-2.497615704657547,-2.4301135090563424,-2.3618710773392335,-2.292909196812012,-2.223248873931528,-2.152911327906952,-2.0819179842361755,-2.010290468179404,-1.9380505981719125,-1.8652203791778923,-1.7918219959875863,-1.7178778064595255,-1.643410334710165,-1.5684422642527744,-1.4929964310878592,-1.417095816747045,-1.3407635412927346,-1.2640228562754865,-1.1868971376513444,-1.1094098786613467,-1.031584682675214,-0.9534452560015534,-0.875015400666679,-0.7963190071643053,-0.7173800471782256
-4.22471346021106,-4.166464720041765,-4.106946834357296,-4.046177932882193,-3.98417652641253,-3.9209615011773353,-3.8565521130856757,-3.7909679818611077,-3.7242290850653372,-3.656355752012835,-3.587368657578359,-3.517288815899165,-3.446137573973905,-3.3739366051601296,-3.3007079025723636,-3.2264737723827954,-3.1512568270266095,-3.0750799783140015,-2.997966430451031,-2.919939672971387,-2.8410234735812736,-2.7612418709194873,-2.6806191672350717,-2.599179920984571,-2.516948939351323,-2.433951270688915,-2.3502121968912357,-2.265757225691376,-2.180612082891678,-2.094802704527477,-2.008355228966658,-1.9212959889477275,-1.8336515035585452,-1.745448470158408,-1.6567137562457126,-1.567474391273918,-1.477757558418085,-1.3875905862945899,-1.2970009406366223,-1.2060162159278063,-1.1146641269966777,-1.0229725005744668,-0.9309692668188333,-0.8386824508060159
-4.842323608453995,-4.775559494783103,-4.707340699428216,-4.63768800249525,-4.566622620870431,-4.49416620175743,-4.420340816083407,-4.345168951775998,-4.2686735069132835,-4.190877782748792,-4.1118054766137355,-4.031480674698548,-3.949927844716016,-3.8671718284481744,-3.783237834179252,-3.6981514290169875,-3.61193853110465,-3.5246254017261047,-3.436238637306381,-3.346805161310137,-3.256352216040538,-3.1649073543409325,-3.072498431202052,-2.9791535952770625,-2.8849012803072482,-2.7897701964607853,-2.6937893215873645,-2.5969878923912755,-2.4993953955255677,-2.4010415586102054,-2.3019563411766693,-2.202169925542064,-2.1017127076152335,-2.000615287637926,-1.898908460863598,-1.796623208176952,-1.693790686656826,-1.5904422200854147,-1.486609289406811,-1.3823235231375464,-1.2776166877322657,-1.1725206779073454,-1.0670675069254822,-0.9612892968440838
-5.466949140922834,-5.391572928304511,-5.3145543903428845,-5.235916987630717,-5.155684673882648,-5.073881888638679,-4.99053354981963,-4.90566504613692,-4.819302229358915,-4.7314714064362144,-4.6421993314883245,-4.551513197654071,-4.45944062880831,-4.366009671147444,-4.271248784646263,-4.1751868343887555,-4.077853081775555,-3.9792771756105974,-3.879489143069824,-3.778519380554611,-3.6763986444327545,-3.5731580416697177,-3.468829020353236,-3.363443360113847,-3.2570331624445656,-3.149630840922414,-3.041269111334954,-2.9319809817147564,-2.8217997422847807,-2.710758955317927,-2.5988924449135613,-2.486234286694445,-2.372818797426902,-2.2586805245676636,-2.1438542357403,-2.028374908144748,-1.9122777179028776,-1.795598029343472,-1.6783713842299859,-1.5606334909341142,-1.442420213558708,-1.3237675610132078,-1.204711676045011,-1.0852888242299739
-6.100229536962655,-6.016121895434265,-5.930181684897043,-5.842435083571643,-5.752908819922848,-5.661630164517825,-5.568626921719246,-5.473927421215807,-5.377560509392745,-5.2795555405449175,-5.179942367935244,-5.078751334701067,-4.976013264611373,-4.871759452677553,-4.766021655620656,-4.658832082197962,-4.550223383391916,-4.4402286424642865,-4.3288813648787015,-4.2162154680945525,-4.102265271235437,-3.9870654846351568,-3.87065119926469,-3.7530578760430817,-3.6343213350357497,-3.5144777445433037,-3.3935636100843536,-3.2716157632755953,-3.148671350612478,-3.0247678221541108,-2.8999429201155196,-2.7742346673710907,-2.647681355872358,-2.5203215349839754,-2.3921939997411203,-2.26333777903224,-2.1337921237104345,-2.0035964946372258,-1.8727905506624816,-1.7414141365438762,-1.6095072708098221,-1.4771101335694257,-1.3442630542732699,-1.2110064994286007
-6.7366250369343135,-6.6437430166292595,-6.548837247841957,-6.451936639788952,-6.353070709334155,-6.252269571997715,-6.149563932782547,-6.044985076821288,-5.938564859846548,-5.830335698487324,-5.720330560394615,-5.608582954199125,-5.495126919304222,-5.379997015517209,-5.263228312522069,-5.14485637919689,-5.024917272779272,-4.903447527882898,-4.780484145368769,-4.656064581074364,-4.530226734404266,-4.403008936785564,-4.274449939991818,-4.144588904338818,-4.013465386756029,-3.88111932873712,-3.7475910441734266,-3.6129212070739603,-3.4771508391756525,-3.3403212974478285,-3.2024742614943693,-3.063651720857801,-2.9238959622287917,-2.7832495565652855,-2.6417553461248917,-2.499456431414809,-2.356396158062954,-2.2126181036144166,-2.068166064257413,-1.9230840414824613,-1.7774162286791406,-1.6312069976743397,-1.484500885216205,-1.3373425794077352
