hough_viz/data/file_3_0_0.json
{"header": {"discipline": 0, "disciplineName": "Meteorological products", "gribEdition": 2, "gribLength": 133963, "center": 7, "centerName": "US National Weather Service - NCEP(WMC)", "subcenter": 0, "refTime": "2014-11-30T06:00:00.000Z", "significanceOfRT": 1, "significanceOfRTName": "Start of forecast", "productStatus": 0, "productStatusName": "Operational products", "productType": 1, "productTypeName": "Forecast products", "productDefinitionTemplate": 0, "productDefinitionTemplateName": "Analysis/forecast at horizontal level/layer at a point in time", "parameterCategory": 2, "parameterCategoryName": "Momentum", "parameterNumber": 2, "parameterNumberName": "U-component_of_wind", "parameterUnit": "m.s-1", "genProcessType": 2, "genProcessTypeName": "Forecast", "forecastTime": 6, "surface1Type": 100, "surface1TypeName": "Isobaric surface", "surface1Value": 85000, "surface2Type": 255, "surface2TypeName": "Missing", "surface2Value": 0, "gridDefinitionTemplate": 0, "gridDefinitionTemplateName": "Latitude_Longitude", "numberPoints": 65160, "shape": 6, "shapeName": "Earth spherical with radius of 6,371,229.0 m", "gridUnits": "degrees", "resolution": 48, "winds": "true", "scanMode": 0, "nx": 360, "ny": 181, "basicAngle": 0, "subDivisions": 0, "lo1": 0, "la1": 90, "lo2": 359, "la2": -90, "dx": 1, "dy": 1}, "data":
[rows 0 to 18 of 181, columns 258 to 300 of 360]
-0.02301410343898786,-0.021324759408066104,-0.01957696569387258,-0.017775512877490345,-0.015925338615871667,-0.014031514108063529,-0.012099230195403841,-0.010133783133785861,-0.008140560076988676,-0.006125024310863855,-0.004092700278848107,-0.0020491584398482127,-9.112873534664569e-17,0.00204915843984817,0.004092700278848063,0.006125024310863813,0.008140560076988634,0.01013378313378582,0.012099230195403798,0.014031514108063555,0.015925338615871625,0.01777551287749031,0.019576965693872544,0.02132475940806607,0.023014103438987882,0.02464036741207421,0.026199093850814974,0.027686010394387332,0.029097041507899674,0.03042831965314937,0.03167619588927638,0.032837249874256284,0.033908299239820104,0.034886408314104556,0.03576889616812454,0.036553343964013184,0.037237601584888265,0.037819793528173114,0.03829832404621886,0.03867188152013777,0.03893944205485951,0.03910027228555634,0.03915393138774504
0.0058912498043751805,0.005458804207783741,0.005011396408295568,0.004550252719590147,0.004076637104464521,0.0035918477103991098,0.003097213311425784,0.002594089666050534,0.002083855801213566,0.0015679102324725122,0.0010476671307683382,0.0005245524462811945,2.3327528083253234e-17,-0.0005245524462811835,-0.001047667130768327,-0.0015679102324725016,-0.0020838558012135555,-0.0025940896660505224,-0.0030972133114257746,-0.0035918477103991167,-0.004076637104464509,-0.004550252719590139,-0.005011396408295557,-0.005458804207783731,-0.005891249804375186,-0.006307547894748614,-0.006706557434774814,-0.007087184767039387,-0.007448386618481679,-0.00778917295993371,-0.008108609719721344,-0.008405821343889777,-0.008679993196036084,-0.008930373790170986,-0.009156276850489696,-0.009357083192406213,-0.009532242419695225,-0.009681274433089901,-0.009803770746200612,-0.009899395605147736,-0.009967886908839697,-0.01000905692737386,-0.010022792816591106
0.03479660304773822,0.032242367823633586,0.02959975851046371,0.026876018316670646,0.024078612824800706,0.02121520952886175,0.018293656818255406,0.015321962465886931,0.01230827167941581,0.00926084477580888,0.006188034540384782,0.003098263332410602,1.3778379151315217e-16,-0.0030982633324105374,-0.006188034540384717,-0.009260844775808815,-0.012308271679415745,-0.015321962465886869,-0.01829365681825535,-0.021215209528861786,-0.02407861282480064,-0.02687601831667058,-0.02959975851046365,-0.03224236782363353,-0.03479660304773825,-0.03725546320157144,-0.039612208720364604,-0.041860379928466106,-0.04399381474486304,-0.04600666557301678,-0.04789341532871908,-0.049648892562035835,-0.05126828563189227,-0.05274715589444652,-0.05408144986910394,-0.05526751034882559,-0.0563020864242787,-0.0571823423943529,-0.05790586553862007,-0.05847067273043324,-0.05887521587253892,-0.05911838614030405,-0.05919951702092724
0.07222020447879948,0.06691889992563048,0.06143417531924068,0.055781063908538014,0.04997506047895623,0.044032078882325305,0.0379684084181104,0.03180066918557359,0.02554576652923611,0.019220844702506457,0.01284323987647155,0.006430432622658106,2.859696845491625e-16,-0.006430432622657972,-0.012843239876471414,-0.019220844702506325,-0.025545766529235982,-0.03180066918557345,-0.03796840841811028,-0.04403207888232539,-0.049975060478956106,-0.05578106390853788,-0.061434175319240565,-0.06691889992563037,-0.07222020447879955,-0.07732355847145739,-0.08221497396503959,-0.0868810439296764,-0.0913089789919293,-0.09548664248957446,-0.099402583737351,-0.10304606941249234,-0.10640711297401849,-0.10947650203515058,-0.11224582361382271,-0.11470748719208076,-0.11685474552116512,-0.11868171311524972,-0.12018338238315016,-0.12135563735378285,-0.1221952649577557,-0.1226999638341681,-0.122868350638481
0.12382268864244139,0.11473351771273992,0.10532987018601622,0.09563752080650217,0.08568303563014006,0.07549369920887017,0.06509743980557178,0.05452275284463463,0.04379862280797969,0.03295444379061302,0.022019938933451215,0.01102507895426037,4.902995701362592e-16,-0.01102507895426014,-0.02201993893345098,-0.03295444379061279,-0.04379862280797947,-0.0545227528446344,-0.06509743980557156,-0.07549369920887031,-0.08568303563013983,-0.09563752080650198,-0.10532987018601601,-0.11473351771273971,-0.1238226886424415,-0.13257247018938428,-0.14095887981053729,-0.14895893094006124,-0.15655069599388688,-0.16371336647169837,-0.17042730999158787,-0.17667412410104744,-0.18243668671681387,-0.1876992030553081,-0.19244724892503934,-0.19666781026231117,-0.20034931880186607,-0.2034816837846954,-0.20605631961610937,-0.20806616939825465,-0.2095057242725814,-0.21037103851924147,-0.21065974037203183
0.19544744630435987,0.18110067943384076,0.16625752818914644,0.1509586766161047,0.13524605780346724,0.1191627389472281,0.10275280330643555,0.08606122937404102,0.0691337675939738,0.05201681496236077,0.0347572878565798,0.017402493440733975,7.739114693590282e-16,-0.01740249344073361,-0.03475728785657943,-0.05201681496236041,-0.06913376759397344,-0.08606122937404063,-0.10275280330643517,-0.11916273894722831,-0.13524605780346688,-0.15095867661610438,-0.1662575281891461,-0.18110067943384045,-0.19544744630436006,-0.20925850530994533,-0.22249600129785635,-0.2351236512117174,-0.24710684354085177,-0.25841273318802627,-0.26901033149558173,-0.27887059118318663,-0.2879664859644156,-0.296273084623921,-0.3037676193521619,-0.31042954815038665,-0.3162406111348248,-0.32118488058575767,-0.32524880460429234,-0.32842124425717373,-0.330693504107827,-0.3320593560499445,-0.3325150563782919
0.2784769021779085,0.2580353805826392,0.23688660194501085,0.2150885335972372,0.19270092252949403,0.16978513162757367,0.14640397148148268,0.12262152822597791,0.09850298788492198,0.07411445770093224,0.049522784940016204,0.02479537366786697,1.102682448004172e-15,-0.024795373667866456,-0.04952278494001568,-0.07411445770093174,-0.09850298788492146,-0.12262152822597736,-0.14640397148148218,-0.16978513162757397,-0.19270092252949356,-0.21508853359723668,-0.2368866019450105,-0.25803538058263875,-0.2784769021779088,-0.29815513794100196,-0.31701615119550836,-0.33500824521511025,-0.3520821049207154,-0.368190932049659,-0.3832905734264933,-0.39733964198376653,-0.4102996302011021,-0.4221350156516341,-0.4328133583665101,-0.4423053897505908,-0.4505850928056362,-0.45762977344108713,-0.4634201226769916,-0.4679402695685761,-0.47117782470740244,-0.473123914179875,-0.4737732038900204
0.37509575901708403,0.3475619563990731,0.31907551061730594,0.2897145010396035,0.2595594041523596,0.22869287298008598,0.19719951053922163,0.16516563794714145,0.1326790578219687,0.09982881362171413,0.0667049455823371,0.03339824392372387,1.4852632536277648e-15,-0.033398243923723175,-0.06670494558233638,-0.09982881362171345,-0.132679057821968,-0.16516563794714076,-0.197199510539221,-0.2286928729800864,-0.259559404152359,-0.28971450103960295,-0.3190755106173053,-0.34756195639907256,-0.3750957590170843,-0.40160145023221777,-0.42700637978723927,-0.4512409145361133,-0.47423862930361543,-0.49593648895211845,-0.5162750211565271,-0.5351984794137826,-0.552654995840155,-0.5685967233375072,-0.5829799667388649,-0.5957653025738318,-0.6069176871255826,-0.6164065524832534,-0.6242058903264617,-0.6302943232123045,-0.6346551631694436,-0.6372764574386747,-0.63815102123461
0.49161514031978865,0.4555282640696781,0.41819281651113166,0.3797111315107545,0.3401886846923034,0.29973380433533486,0.2584573744549258,0.2164725308762906,0.17389435113734164,0.13083953906917342,0.08742610491895997,0.04377304189207914,1.9466439843452964e-15,-0.04377304189207823,-0.08742610491895904,-0.1308395390691725,-0.17389435113734072,-0.21647253087628962,-0.25845737445492495,-0.2997338043353354,-0.34018868469230257,-0.3797111315107537,-0.41819281651113094,-0.4555282640696774,-0.49161514031978903,-0.526354533642035,-0.5596512257740229,-0.5914139527970439,-0.6215556552841285,-0.6499937169238815,-0.6766501909660569,-0.7014520138681722,-0.7243312055576067,-0.7452250557602527,-0.7640762958850179,-0.7808332559930542,-0.795450006421468,-0.8078864836733327,-0.8181086002289498,-0.8260883379773707,-0.8318038250120917,-0.83523939558043,-0.8363856330222609
0.6191790454941151,0.5737283753278686,0.526705155564216,0.4782382735799882,0.42846057372981255,0.3775084932289709,0.32552168818848404,0.27264265082741135,0.21901631891157533,0.16478967848924042,0.11011136101255473,0.05513123594908231,2.4517576154382417e-15,-0.05513123594908117,-0.11011136101255353,-0.16478967848923926,-0.2190163189115742,-0.2726426508274101,-0.3255216881884829,-0.3775084932289715,-0.4284605737298114,-0.47823827357998716,-0.5267051555642149,-0.5737283753278677,-0.6191790454941156,-0.6629325889352735,-0.704869080230039,-0.744873574370743,-0.7828364218196242,-0.818653569050589,-0.8522268437526991,-0.883464223913645,-0.9122800900456886,-0.9385954598627286,-0.9623382047652552,-0.9834432475398279,-1.001852740731197,-1.017516225198152,-1.0303907684185245,-1.0404410821642456,-1.0476396192239272,-1.0519666489078539,-1.0534103111284288
0.7596068687175819,0.7038481322142384,0.6461601969043759,0.5867011814088432,0.5256340587561676,0.4631262096848148,0.39934896386422614,0.33447713029209625,0.26868851815505157,0.2021634494660538,0.13508426481427635,0.06763482358223737,3.0078083854264236e-15,-0.06763482358223595,-0.13508426481427493,-0.20216344946605241,-0.2686885181550502,-0.3344771302920948,-0.39934896386422486,-0.46312620968481566,-0.5256340587561662,-0.5867011814088416,-0.6461601969043748,-0.7038481322142373,-0.7596068687175827,-0.8132835755934009,-0.864731128719166,-0.9138085139278355,-0.96038121351788,-1.0043215749569498,-1.045509160768601,-1.0838310786430365,-1.1191822908670856,-1.1514659022252756,-1.1805934255828792,-1.206485024423002,-1.2290697316729287,-1.2482856442199288,-1.2640800925833937,-1.2764097852782172,-1.2852409274737493,-1.2905493136230777,-1.292320393808748
0.9194603362144551,0.8519675992164191,0.7821396782484682,0.7101679667883007,0.6362497342943366,0.5605875855038459,0.48338890510745686,0.4048652893221247,0.3252319659205963,0.24470720430707635,0.1635117172559372,0.08186805595336231,3.6407787017537595e-15,-0.0818680559533606,-0.16351171725593544,-0.24470720430707465,-0.3252319659205946,-0.4048652893221229,-0.4833889051074552,-0.5605875855038469,-0.636249734294335,-0.7101679667882992,-0.7821396782484669,-0.8519675992164176,-0.9194603362144559,-0.9844328963418371,-1.0467071943274366,-1.1061125406491097,-1.1624861093818037,-1.2156733844920988,-1.2655285833559242,-1.311915056338584,-1.354705661341917,-1.3937831122919482,-1.429040300611863,-1.4603805887991732,-1.4877180753023964,-1.5109778299712309,-1.5300960994348956,-1.5450204818456845,-1.5557100705087914,-1.562135566004715,-1.564279356496932
1.0898480278567706,1.0098480284932212,0.9270801058772427,0.8417711211316027,0.7541549002537339,0.6644715932149311,0.5729670157259832,0.47989197547338586,0.38550158467289175,0.29005456082469583,0.19381251758672158,0.09703924770978821,4.315461289288062e-15,-0.09703924770978617,-0.19381251758671952,-0.29005456082469383,-0.3855015846728897,-0.4798919754733837,-0.5729670157259812,-0.6644715932149323,-0.754154900253732,-0.8417711211316008,-0.9270801058772409,-1.0098480284932196,-1.0898480278567717,-1.1668608295303784,-1.240675346777744,-1.3110892591378782,-1.377909566971412,-1.4409531204591948,-1.5000471216032245,-1.555029597853937,-1.6057498460657136,-1.6520688455637274,-1.6938596391899485,-1.7310076812838886,-1.7634111516442992,-1.7909812346112597,-1.8136423625037297,-1.8313324227453114,-1.844002928110504,-1.8516191496248182,-1.8541602117544798
1.2722256953858848,1.178838312723632,1.082219816186244,0.9826350303568666,0.8803569102114045,0.7756657929679078,0.668848629701758,0.560198198832701,0.45001230363953576,0.3385929560020662,0.22624554860749896,0.1132780178903376,5.037620474913507e-15,-0.11327801789033526,-0.22624554860749654,-0.33859295600206385,-0.45001230363953343,-0.5601981988326985,-0.6688486297017555,-0.7756657929679093,-0.8803569102114022,-0.9826350303568645,-1.082219816186242,-1.1788383127236302,-1.272225695385886,-1.3621259958484162,-1.4482928036365428,-1.5304899415195,-1.608492112855804,-1.6820855191156834,-1.7510684458880001,-1.8152518157654134,-1.87445970659242,-1.9285298336557537,-1.9773139944955016,-2.020678475117747,-2.0585044164953348,-2.090688140352196,-2.117141433338303,-2.1377917888163265,-2.152582605597289,-2.1614733430804915,-2.1644396323724813
1.4732183130734828,1.365077121736908,1.2531943488949926,1.1378766574512271,1.0194401251822247,0.8982093783905074,0.7745167021263945,0.6487011294177575,0.5211075120040406,0.39208557512165965,0.26198895893139995,0.1311742492153429,5.8334891087901345e-15,-0.13117424921534018,-0.2619889589313972,-0.39208557512165687,-0.5211075120040378,-0.6487011294177548,-0.7745167021263918,-0.8982093783905091,-1.019440125182222,-1.137876657451225,-1.2531943488949904,-1.3650771217369058,-1.4732183130734844,-1.5773215154160816,-1.6771013891231972,-1.7722844444966144,-1.8626097913976478,-1.947829854328876,-2.0277110510213854,-2.102034432667512,-2.1705962840443185,-2.233208681882858,-2.2897000099527887,-2.339915429450533,-2.3837173034016823,-2.4209855739143658,-2.451618091249595,-2.475530893806592,-2.492658438255707,-2.502953779188128,-2.506388697789978
1.6840679180609344,1.560449368566477,1.4325537358182772,1.3007315728557884,1.1653441950648453,1.0267626898373061,0.8853668994463271,0.741544379925074,0.5956893388025546,0.4482015546082356,0.29948528110683836,0.14994813926689904,6.668388365317127e-15,-0.14994813926689593,-0.29948528110683525,-0.4482015546082325,-0.5956893388025515,-0.7415443799250709,-0.8853668994463239,-1.026762689837308,-1.1653441950648422,-1.300731572855786,-1.432553735818275,-1.5604493685664749,-1.6840679180609357,-1.8030705544501218,-1.9171310997794573,-2.025936922022446,-2.129189791983321,-2.2266067007225323,-2.3179206352646022,-2.4028813104620994,-2.481255855009852,-2.5528294497290025,-2.6174059163714443,-2.674808255330765,-2.7248791307858684,-2.767481301947514,-2.8024979992257877,-2.8298332442874314,-2.8494121131257795,-2.8611809414222575,-2.865107471636546
1.905879754921293,1.7659791676067997,1.6212381541455934,1.4720534395947564,1.3188339288871702,1.1619995860515213,1.001980283120111,0.8392146218794757,0.6741487316933504,0.5072350466931576,0.33893106568744896,0.16969809818950607,7.54669467134327e-15,-0.16969809818950254,-0.33893106568744535,-0.5072350466931541,-0.674148731693347,-0.8392146218794719,-1.001980283120108,-1.1619995860515235,-1.3188339288871669,-1.4720534395947533,-1.6212381541455905,-1.7659791676067966,-1.905879754921295,-2.040556458303637,-2.1696401382711077,-2.292776985429414,-2.409629490239634,-2.5198773681083946,-2.6232184372657024,-2.719369447024143,-2.8080668541493425,-2.8890675452136536,-2.9621495029531553,-3.0271124148015485,-3.0837782219329775,-3.1319916073088825,-3.1716204213912227,-3.2025560443551613,-3.2247136838084627,-3.2380326072015464,-3.242476308291177
2.145143358096168,1.9876796907811052,1.824767931595523,1.6568546103475008,1.484399965779068,1.3078766840838056,1.1277686033068686,0.9445693871785146,0.7587811720161052,0.5709131904034318,0.3814803754195458,0.19100194924301686,8.494104577169559e-15,-0.19100194924301284,-0.38148037541954183,-0.5709131904034279,-0.7587811720161012,-0.9445693871785107,-1.1277686033068648,-1.307876684083808,-1.4843999657790645,-1.6568546103474975,-1.8247679315955199,-1.9876796907811018,-2.145143358096169,-2.2967273365737877,-2.4420161450654163,-2.5806115570458816,-2.712133692124595,-2.8362220572712906,-2.952536534902389,-3.060758315119618,-3.1605907695458053,-3.2517602643626393,-3.334016910321939,-3.407135247674718,-3.470914864140692,-3.525180944224388,-3.569784748372289,-3.6046040206575967,-3.6295433238752346,-3.644534301128595,-3.649535863191035
2.3934106512148676,2.217722990477031,2.0359567051743186,1.8486100040603402,1.6561963914205378,1.4592432595926443,1.2582904434209694,1.053888740606588,0.8465984020090984,0.6369875960380351,0.42563085134268935,0.21310748206905808,9.477166311893261e-15,-0.2131074820690536,-0.4256308513426848,-0.6369875960380307,-0.8465984020090941,-1.0538887406065838,-1.2582904434209652,-1.459243259592647,-1.6561963914205335,-1.848610004060336,-2.035956705174315,-2.217722990477027,-2.39341065121487,-2.5625381397216738,-2.7246418893073425,-2.8792775848619554,-3.0260213806925926,-3.1644710622549135,-3.2942471485952853,-3.4149939324816696,-3.52638045537244,-3.628101414550733,-3.71987799993798,-3.801458658292944,-3.8726197827016815,-3.933166325468534,-3.982932332728317,-4.021781399314323,-4.0496070426354045,-4.066332994537359,-4.0719134103486265
