hough_viz/data/file_3_2_1.json
{"header": {"discipline": 0, "disciplineName": "Meteorological products", "gribEdition": 2, "gribLength": 133963, "center": 7, "centerName": "US National Weather Service - NCEP(WMC)", "subcenter": 0, "refTime": "2014-11-30T06:00:00.000Z", "significanceOfRT": 1, "significanceOfRTName": "Start of forecast", "productStatus": 0, "productStatusName": "Operational products", "productType": 1, "productTypeName": "Forecast products", "productDefinitionTemplate": 0, "productDefinitionTemplateName": "Analysis/forecast at horizontal level/layer at a point in time", "parameterCategory": 2, "parameterCategoryName": "Momentum", "parameterNumber": 3, "parameterNumberName": "V-component_of_wind", "parameterUnit": "m.s-1", "genProcessType": 2, "genProcessTypeName": "Forecast", "forecastTime": 6, "surface1Type": 100, "surface1TypeName": "Isobaric surface", "surface1Value": 85000, "surface2Type": 255, "surface2TypeName": "Missing", "surface2Value": 0, "gridDefinitionTemplate": 0, "gridDefinitionTemplateName": "Latitude_Longitude", "numberPoints": 65160, "shape": 6, "shapeName": "Earth spherical with radius of 6,371,229.0 m", "gridUnits": "degrees", "resolution": 48, "winds": "true", "scanMode": 0, "nx": 360, "ny": 181, "basicAngle": 0, "subDivisions": 0, "lo1": 0, "la1": 90, "lo2": 359, "la2": -90, "dx": 1, "dy": 1}, "data":
[rows 114 to 132 of 181, columns 215 to 257 of 360]
-9.185990127573046,-9.044582442748345,-8.878384186129287,-8.687850895584967,-8.473504809620959,-8.235933435959886,-7.975787941223554,-7.693781366130549,-7.390686671101166,-7.067334617626628,-6.724611491209579,-6.36345667211715,-5.984860060604889,-5.58985936366903,-5.1795372507637145,-4.755018386279275,-4.317466346915336,-3.868080432397893,-3.40809237828222,-2.938762979851274,-2.4613786363634653,-1.9772478251217147,-1.4876975150281342,-0.9940695294544306,-0.4977168683974187,-4.6585744373149836e-15,0.4977168683974093,0.9940695294544215,1.4876975150281078,1.9772478251217054,2.4613786363634556,2.938762979851265,3.4080923782822117,3.868080432397868,4.317466346915313,4.755018386279268,5.1795372507637065,5.589859363669023,5.984860060604882,6.363456672117132,6.724611491209573,7.067334617626621,7.39068667110116
-10.742183941274076,-10.576820454050521,-10.382466637148184,-10.159655200869832,-9.908996855874873,-9.631178639263892,-9.326962031457702,-8.997180869032466,-8.642739059231587,-8.26460810241878,-7.86382442926311,-7.4414865599545745,-6.998752093236582,-6.53683453350832,-6.056999964693508,-5.560563579992376,-5.04888607702854,-4.523369928271318,-3.9854555369562936,-3.4366172890400897,-2.878359512010966,-2.3122123516317354,-1.7397275779166124,-1.1624743318373818,-0.5820348244171851,-5.447781111754412e-15,0.5820348244171742,1.1624743318373711,1.739727577916582,2.312212351631725,2.8783595120109546,3.4366172890400795,3.985455536956283,4.523369928271291,5.048886077028513,5.560563579992369,6.056999964693499,6.536834533508312,6.998752093236574,7.441486559954554,7.863824429263101,8.264608102418773,8.64273905923158
-12.274830934493695,-12.085874120916108,-11.863790766451897,-11.60918958613883,-11.322768424115027,-11.005312340876719,-10.65769146148194,-10.280858590598287,-9.875846600931526,-9.44376560219329,-8.985799898367542,-8.503204741615674,-7.997302891717539,-7.469480990478916,-6.921185761042644,-6.353920042521078,-5.7692386708185515,-5.168744216934153,-4.554082594426143,-3.926938548077211,-3.2890310361261506,-2.6421085187228135,-1.9879441655203896,-1.3283309955405576,-0.6650769626331041,-6.225046273689325e-15,0.6650769626330917,1.328330995540545,1.987944165520355,2.6421085187228006,3.2890310361261377,3.9269385480771994,4.554082594426131,5.168744216934121,5.7692386708185195,6.353920042521069,6.921185761042634,7.469480990478905,7.997302891717531,8.50320474161565,8.985799898367532,9.443765602193281,9.875846600931517
-13.762372180392234,-13.550516391228731,-13.301519578521715,-13.01606422522726,-12.694932744626986,-12.339005335787657,-11.949257570996672,-11.526757721786288,-11.072663830875594,-10.588220538055898,-10.07475566871958,-9.533676594382996,-8.966466375178927,-8.374679694891928,-7.759938599678076,-7.1239280521492265,-6.4683913130076265,-5.795125162889416,-5.105974977513938,-4.402829669637063,-3.6876165116726503,-2.962295853172824,-2.228855747646136,-1.4893065034409887,-0.7456751736303354,-6.979436549136472e-15,0.7456751736303214,1.489306503440975,2.228855747646097,2.9622958531728103,3.687616511672637,4.4028296696370495,5.105974977513925,5.795125162889381,6.468391313007591,7.123928052149216,7.7599385996780645,8.374679694891917,8.966466375178916,9.53367659438297,10.07475566871957,10.588220538055893,11.072663830875587
-15.217819031002671,-14.983558322318036,-14.70822872176629,-14.392584888644622,-14.037491980759494,-13.64392328308922,-13.212957540077463,-12.745775998869775,-12.243659171597205,-11.707983325581605,-11.14021671108253,-10.541915536925366,-9.914719705041033,-9.2603483156089,-8.580594955122603,-7.877322780294155,-7.152459411270942,-6.407991648162766,-5.645960025361014,-4.868453218575619,-4.077602319920139,-3.2755749967364216,-2.4645695501691027,-1.6468088897748723,-0.8245344406820517,-7.717550502990215e-15,0.8245344406820363,1.646808889774857,2.464569550169059,3.2755749967364056,4.077602319920123,4.8684532185756035,5.645960025360999,6.407991648162726,7.152459411270902,7.877322780294145,8.580594955122589,9.26034831560889,9.914719705041023,10.541915536925334,11.14021671108252,11.707983325581598,12.243659171597196
-16.630368468668767,-16.37436319647962,-16.07347693293695,-15.728534386374788,-15.340481020336581,-14.910380462125417,-14.43941158747539,-13.928865289335283,-13.380140939620668,-12.79474255363274,-12.174274667656956,-11.520437941040607,-10.835024494803664,-10.11991299955978,-9.377063526210636,-8.608512173527837,-7.816365487347775,-7.002794686675767,-6.17002971252587,-5.320353115807447,-4.456093801011805,-3.5796206428468738,-2.6933359933163095,-1.7996690970395237,-0.9010694328612183,-8.433909502985517e-15,0.9010694328612014,1.799669097039507,2.693335993316262,3.5796206428468573,4.4560938010117885,5.320353115807429,6.170029712525853,7.002794686675723,7.816365487347731,8.608512173527826,9.377063526210621,10.119912999559771,10.835024494803651,11.520437941040573,12.174274667656949,12.794742553632728,13.380140939620654
-17.971866218728916,-17.695210141520484,-17.370052723293124,-16.997285197928775,-16.57792929530371,-16.113134440797975,-15.604174604800239,-15.05244481084362,-14.459457311943089,-13.826837445615077,-13.15631917894032,-12.449740355880643,-11.70903765987632,-10.936241305531501,-10.133469473937035,-9.30292250688333,-8.446876875876509,-7.56767894248809,-6.667738527141224,-5.749522303960289,-4.815547039788591,-3.8683726959054026,-2.910595411350061,-1.9448403870851825,-0.9737546905035018,-9.114235416616438e-15,0.9737546905034835,1.9448403870851647,2.91059541135001,3.8683726959053844,4.815547039788571,5.74952230396027,6.667738527141206,7.567678942488041,8.44687687587646,9.30292250688332,10.133469473937021,10.936241305531487,11.709037659876307,12.449740355880607,13.156319178940306,13.826837445615062,14.459457311943074
-19.267340977012626,-18.970742565469667,-18.6221466671949,-18.2225087593149,-17.772924221556668,-17.274625333887982,-16.728977898923585,-16.137477498355228,-15.501745393666186,-14.823524082366214,-14.104672521927004,-13.347161034508982,-12.553065906445138,-11.724563697284635,-10.86392527399431,-9.973509586670149,-9.055757202819109,-8.113183617933078,-7.148372360690768,-6.163967911685079,-5.162668455085615,-4.147218483103445,-3.1204012735287456,-2.0850312609597026,-1.0439463226331154,-9.771221273264835e-15,1.0439463226330958,2.0850312609596835,3.120401273528691,4.1472184831034244,5.162668455085595,6.1639679116850585,7.14837236069075,8.113183617933027,9.055757202819061,9.973509586670135,10.863925273994294,11.724563697284623,12.553065906445122,13.347161034508945,14.104672521926993,14.8235240823662,15.501745393666171
-20.504272910419658,-20.18863336356524,-19.817658175955987,-19.392364164794976,-18.91391703140496,-18.38362816612214,-17.802951053866284,-17.173477290239738,-16.496932219074417,-15.775170203384304,-15.010169542685354,-14.204027050614023,-13.35895230770675,-12.477261605093437,-11.561371595704387,-10.613792670392593,-9.637122077126975,-8.634036802116059,-7.60728623237508,-6.559684619847146,-5.494103367734295,-4.41346316018093,-3.3207259568816077,-2.2188868745552672,-1.1109659775387066,-1.0398517776487946e-14,1.1109659775386855,2.218886874555247,3.32072595688155,4.413463160180909,5.494103367734277,6.559684619847125,7.607286232375058,8.634036802116004,9.637122077126921,10.613792670392577,11.561371595704369,12.477261605093425,13.358952307706732,14.204027050613982,15.01016954268534,15.775170203384292,16.4969322190744
-21.64815824471491,-21.31490990723682,-20.923238883284206,-20.474218715909018,-19.969080138179017,-19.40920769982402,-18.79613597228128,-18.131545342541905,-17.417257407326886,-16.655229980217108,-15.847551725422392,-14.996436432898133,-14.104216950500794,-13.173338789814226,-12.206353423172333,-11.205911290250745,-10.174754533395962,-9.11570948160362,-8.031678903747398,-6.925634052291161,-5.800606519292516,-4.6596799270197025,-3.505981475957349,-2.342673373367141,-1.1729441658977646,-1.0978626714507814e-14,1.1729441658977424,2.3426733733671194,3.505981475957287,4.65967992701968,5.800606519292494,6.92563405229114,8.031678903747377,9.115709481603563,10.174754533395905,11.20591129025073,12.206353423172315,13.173338789814212,14.104216950500776,14.99643643289809,15.84755172542238,16.65522998021709,17.417257407326876
-22.735021681705398,-22.385042339707265,-21.97370715262121,-21.502143561603468,-20.971644089679057,-20.38366279902596,-19.739811305491738,-19.04185436126663,-18.29170501782035,-17.491419382361055,-16.64319098218836,-15.749344752387538,-14.812330663343925,-13.834717005544565,-12.819183350072395,-11.768513204088185,-10.685586381430934,-9.573371109248143,-8.43491589229177,-7.27334115717844,-6.09183069951703,-4.893622957346201,-3.6820021348008907,-2.460289200336879,-1.231832784187351,-1.1529817620887972e-14,1.2318327841873278,2.460289200336857,3.682002134800826,4.89362295734618,6.091830699517006,7.273341157178418,8.434915892291748,9.573371109248082,10.685586381430875,11.768513204088169,12.819183350072379,13.834717005544547,14.812330663343905,15.749344752387492,16.643190982188344,17.491419382361038,18.291705017820334
-23.751879388953558,-23.38624669961005,-22.956513933620982,-22.46385895862758,-21.90963210767227,-21.295352478029702,-20.622703767466646,-19.893529659343514,-19.109828769206423,-18.273749166720844,-17.387582487962014,-16.45375765419975,-15.474834214393967,-14.45349532964907,-13.392540418855743,-12.294877485678404,-11.163515147919314,-10.001554391106167,-8.812180068906514,-7.598652173665115,-6.364296900991538,-5.112497532889197,-3.846685164414594,-2.5703292992840963,-1.28692834020566,-1.2045505886995934e-14,1.286928340205636,2.5703292992840723,3.8466851644145263,5.112497532889173,6.364296900991513,7.598652173665093,8.812180068906489,10.001554391106101,11.163515147919254,12.294877485678386,13.392540418855724,14.453495329649053,15.474834214393951,16.453757654199702,17.387582487961996,18.27374916672083,19.109828769206405
-24.658626104036667,-24.27903509861383,-23.832896945600726,-23.321434478664074,-22.74604958087444,-22.10831934224218,-21.409991737023248,-20.652980832643404,-19.83936154337239,-18.9713639431281,-18.051367152999035,-17.081892820238778,-16.065598206606026,-15.005268904995008,-13.90381120431885,-12.764244123573722,-11.589691136917649,-10.3833716124448,-9.148591988121547,-7.888736709069687,-6.607258951037632,-5.307671155485721,-3.993535402228367,-2.6684536460207036,-1.3360578438512347,-1.250535256757598e-14,1.33605784385121,2.668453646020678,3.993535402228296,5.307671155485696,6.607258951037606,7.888736709069662,9.148591988121522,10.383371612444734,11.589691136917585,12.7642441235737,13.90381120431883,15.00526890499499,16.06559820660601,17.08189282023873,18.051367152999017,18.971363943128082,19.839361543372373
-25.500658951262878,-25.108105824847204,-24.64673312560865,-24.11780544404622,-23.522772534169754,-22.863265339825027,-22.141091524389914,-21.35823051609484,-20.516828082547555,-19.619190449333235,-18.667777978810502,-17.66519842642922,-16.614199793053952,-15.517662792884792,-14.378592957619848,-13.20011239850181,-11.985451248828083,-10.73793881037978,-9.4609944280372,-8.158118117593029,-6.832880972452373,-5.488915375513959,-4.129905043061136,-2.7595749279514163,-1.3816810097798833,-1.2932380317768431e-14,1.3816810097798573,2.7595749279513906,4.129905043061063,5.488915375513933,6.832880972452347,8.158118117593004,9.460994428037177,10.737938810379713,11.985451248828019,13.200112398501789,14.378592957619826,15.517662792884773,16.614199793053935,17.66519842642917,18.667777978810484,19.619190449333214,20.516828082547534
-26.26558811765575,-25.861259792162752,-25.386047551173554,-24.841253918409116,-24.22837213534871,-23.54908206835883,-22.80524560429619,-21.998901547205353,-21.13226003009853,-20.20769645713458,-19.227744992801394,-18.195091615947135,-17.112566757698843,-15.983137543447626,-14.80989966016409,-13.596068871335548,-12.344972202781882,-11.060038823508842,-9.744790646594437,-8.402832675869806,-7.037843124854356,-5.653563335028157,-4.253787521075063,-2.8423523712037992,-1.4231265310525578,-1.3320305779414443e-14,1.4231265310525312,2.8423523712037726,4.2537875210749885,5.65356333502813,7.03784312485433,8.402832675869782,9.744790646594408,11.060038823508773,12.344972202781813,13.59606887133553,14.809899660164072,15.98313754344761,17.112566757698822,18.19509161594708,19.227744992801377,20.207696457134567,21.132260030098507
-26.908923492098268,-26.494691763204827,-26.007839925811894,-25.44970240696509,-24.821809022807916,-24.125880785462044,-23.363825185852612,-22.537730965408326,-21.649862390966334,-20.702653048574177,-19.698699173199664,-18.640752532631222,-17.53171288507363,-16.374620031112475,-15.172645481831916,-13.92908376592332,-12.64734339961111,-11.330937544146584,-9.98347437647736,-8.608647199485013,-7.210224318898602,-5.792038714630638,-4.357977534845597,-2.9119714415567985,-1.4579838369553466,-1.3646566279194685e-14,1.457983836955319,2.9119714415567715,4.357977534845521,5.792038714630612,7.210224318898574,8.608647199484986,9.983474376477336,11.33093754414651,12.647343399611039,13.929083765923298,15.172645481831896,16.374620031112453,17.53171288507361,18.640752532631172,19.698699173199643,20.702653048574163,21.649862390966316
-27.48332107084379,-27.060247156116134,-26.563002984868277,-25.992951468810595,-25.3516550795248,-24.640871565838,-23.86254913595519,-23.01882111755618,-22.11200011049259,-21.144571648112414,-20.119187384585935,-19.038657826905887,-17.90594463148315,-16.724152486452457,-15.496520601937988,-14.226413831603551,-12.917313449822633,-11.572807609747153,-10.19658150842935,-8.792407285952633,-7.364133686257858,-5.9156755080037025,-4.4510028743757255,-2.9741303512544492,-1.4891059435696514,-1.393786572977514e-14,1.4891059435696234,2.9741303512544217,4.4510028743756465,5.915675508003676,7.364133686257829,8.792407285952606,10.196581508429324,11.57280760974708,12.917313449822561,14.226413831603528,15.49652060193797,16.724152486452443,17.905944631483123,19.038657826905837,20.119187384585906,21.1445716481124,22.112000110492566
-27.977793487600945,-27.547107742390978,-27.040917289635082,-26.460609562179418,-25.807775143168243,-25.084203406366118,-24.291877611608726,-23.43296946882562,-22.509833185534205,-21.524999014120553,-20.481166316593537,-19.381196165821187,-18.228103503528718,-17.02504887655301,-15.775329774003309,-14.482371589072796,-13.149718230273987,-11.781022407831655,-10.380035621858282,-8.950597879752827,-7.496627171007402,-6.0221087282704096,-4.531084104100922,-3.027640093353839,-1.5158975315595564,-1.4188632008496459e-14,1.515897531559528,3.0276400933538112,4.531084104100843,6.022108728270381,7.496627171007374,8.950597879752802,10.380035621858255,11.78102240783158,13.149718230273912,14.482371589072773,15.77532977400329,17.02504887655299,18.228103503528697,19.381196165821134,20.481166316593512,21.524999014120535,22.509833185534184
-28.345080157092017,-27.90874045875577,-27.395904842734836,-26.807978955805957,-26.14657426195899,-25.41350362548611,-24.61077634204673,-23.740592631327882,-22.80533760639492,-21.80757473626242,-20.75003881960376,-19.63562848885811,-18.46739826528027,-17.248550186710407,-15.982425031010791,-14.672493159225922,-13.322345003564156,-11.935681226272422,-10.5163025763785,-9.06809947210196,-7.59504133748825,-6.101165722493336,-4.590567236339949,-3.06738632447812,-1.5357979199123046,-1.4374897426365973e-14,1.5357979199122758,3.0673863244780915,4.590567236339869,6.101165722493309,7.595041337488221,9.068099472101931,10.516302576378475,11.935681226272347,13.322345003564083,14.672493159225901,15.982425031010772,17.248550186710386,18.467398265280245,19.63562848885805,20.750038819603738,21.807574736262403,22.805337606394907
