hough_viz/data/file_1_0_0.json
{"header": {"discipline": 0, "disciplineName": "Meteorological products", "gribEdition": 2, "gribLength": 133963, "center": 7, "centerName": "US National Weather Service - NCEP(WMC)", "subcenter": 0, "refTime": "2014-11-30T06:00:00.000Z", "significanceOfRT": 1, "significanceOfRTName": "Start of forecast", "productStatus": 0, "productStatusName": "Operational products", "productType": 1, "productTypeName": "Forecast products", "productDefinitionTemplate": 0, "productDefinitionTemplateName": "Analysis/forecast at horizontal level/layer at a point in time", "parameterCategory": 2, "parameterCategoryName": "Momentum", "parameterNumber": 2, "parameterNumberName": "U-component_of_wind", "parameterUnit": "m.s-1", "genProcessType": 2, "genProcessTypeName": "Forecast", "forecastTime": 6, "surface1Type": 100, "surface1TypeName": "Isobaric surface", "surface1Value": 85000, "surface2Type": 255, "surface2TypeName": "Missing", "surface2Value": 0, "gridDefinitionTemplate": 0, "gridDefinitionTemplateName": "Latitude_Longitude", "numberPoints": 65160, "shape": 6, "shapeName": "Earth spherical with radius of 6,371,229.0 m", "gridUnits": "degrees", "resolution": 48, "winds": "true", "scanMode": 0, "nx": 360, "ny": 181, "basicAngle": 0, "subDivisions": 0, "lo1": 0, "la1": 90, "lo2": 359, "la2": -90, "dx": 1, "dy": 1}, "data":
[rows 57 to 75 of 181, columns 129 to 171 of 360]
-13.332557226052804,-13.617868914190007,-13.899032467536694,-14.175962240950804,-14.448573878940698,-14.716784341360588,-14.980511928705411,-15.239676306997278,-15.494198532255965,-15.74400107454605,-15.98900784159328,-16.229144201962953,-16.46433700779346,-16.694514617077783,-16.91960691548635,-17.13954533772454,-17.35426288841836,-17.563694162521855,-17.767775365240116,-17.966444331461815,-18.159640544695293,-18.347305155502482,-18.529380999424955,-18.705812614396862,-18.876546257639156,-19.04152992203016,-19.20071335194747,-19.354048058576286,-19.501487334679588,-19.642986268825602,-19.77850175906825,-19.907992526076434,-20.031419125708123,-20.148743961025406,-20.259931293746895,-20.364947255133945,-20.46375985630741,-20.556338997991748,-20.64265647968358,-20.722686008241787,-20.796403205896723,-20.86378561767586,-20.924812718243814
-13.068523254891161,-13.34818471578685,-13.623780190311345,-13.895225729413339,-14.16243864815208,-14.425337550883972,-14.683842356056488,-14.937874320601772,-15.187356063922559,-15.432211591463046,-15.672366317857596,-15.907747089650105,-16.13828220757729,-16.363901448409006,-16.58453608633886,-16.80011891391881,-17.01058426253117,-17.21586802239193,-17.41590766207922,-17.610642247580948,-17.80001246085594,-17.98396061790277,-18.16243068633084,-18.335368302428442,-18.50272078772242,-18.664437165024584,-18.820468173959817,-18.97076628597128,-19.115285718798106,-19.25398245042106,-19.386814232472098,-19.51374060310363,-19.634722899313612,-19.749724268722634,-19.858709680799524,-19.961645937531998,-20.058501683539102,-20.149247415622334,-20.233855491752617,-20.312300139490354,-20.384557463835932,-20.450605454508384,-20.510423992649933
-12.796581419508907,-13.070423427856031,-13.340284058611,-13.606081109611468,-13.867733616500885,-14.125161877390969,-14.378287477139683,-14.627033311237268,-14.871323609292983,-15.111083958115564,-15.346241324380154,-15.576724076874955,-15.802462008320822,-16.023386356757076,-16.23942982648703,-16.450526608576943,-16.656612400902056,-16.857624427733626,-17.053501458861035,-17.2441838282431,-17.429613452182906,-17.609733847020742,-17.78449014633944,-17.953829117677344,-18.117699178743354,-18.276050413129425,-18.428834585515578,-18.57600515636286,-18.717517296089703,-18.853327898727507,-18.983395595051064,-19.107680765180085,-19.22614555064777,-19.33875386593288,-19.445471409451713,-19.546265674006705,-19.641105956688474,-19.729963368228173,-19.812810841797457,-19.889623141253324,-19.96037686882526,-20.025050472242437,-20.08362425129875
-12.520084653038952,-12.788009735032903,-13.052039465381334,-13.312093418070653,-13.568092378147687,-13.819958365849274,-14.067614660355686,-14.310985823160513,-14.54999772104996,-14.784577548684592,-15.014653850776478,-15.240156543855193,-15.461016937615936,-15.677167755843255,-15.888543156904012,-16.095078753803392,-16.29671163379784,-16.49338037755884,-16.68502507788188,-16.87158735793472,-17.0530103890396,-17.22923890798376,-17.40021923385316,-17.56589928438422,-17.726228591828573,-17.881158318326023,-18.030641270781032,-18.174631915238223,-18.313086390752417,-18.44596252274914,-18.573219835871384,-18.694819566308794,-18.81072467360553,-18.920899851943105,-19.025311540894897,-19.123927935649007,-19.21671899669627,-19.303656458980598,-19.384713840508805,-19.459866450417252,-19.529091396492937,-19.592367592146697,-19.649675762836367
-12.24011029381433,-12.502044030283852,-12.760169523031733,-13.014408144532347,-13.26468245123874,-13.510916207172619,-13.753034407146618,-13.990963299611561,-14.224630409121934,-14.453964558412597,-14.678895890080078,-14.899355887861772,-15.115277397506729,-15.326594647231426,-15.533243267754518,-15.735160311904346,-15.932284273793245,-16.124555107552847,-16.311914245624617,-16.494304616600104,-16.671670662605457,-16.843958356224885,-17.01111521695791,-17.173090327205486,-17.32983434777993,-17.481299532934166,-17.627439744905516,-17.768210467969723,-17.90356882200087,-18.033473575533073,-18.15788515831999,-18.27676567338829,-18.39007890858148,-18.49779034759041,-18.599867180467356,-18.696278313620166,-18.786994379283733,-18.871987744465677,-18.9512325193636,-19.024704565251415,-19.0923815018322,-19.154242714055474,-19.210269358396733
-11.955308777313002,-12.211147868915877,-12.463267326585836,-12.711590352293731,-12.956041304440374,-13.196545720897694,-13.433030341690628,-13.665423131312796,-13.89365330066923,-14.117651328639441,-14.337348983254197,-14.552679342479626,-14.763576814602372,-14.96997715820941,-15.171817501756626,-15.369036362720115,-15.561573666324321,-15.749370763841416,-15.932370450456268,-16.110516982691564,-16.28375609538785,-16.452035018233204,-16.615302491837557,-16.77350878334684,-16.926605701592095,-17.074546611768938,-17.217286449642977,-17.354781735276863,-17.486990586274633,-17.613872730539548,-17.735389518541325,-17.851503935089177,-17.962180610606996,-18.067385831907274,-18.167087552460455,-18.26125540215663,-18.349860696556558,-18.43287644562922,-18.51027736197326,-18.582039868519757,-18.648142105714044,-18.70856393817432,-18.763286960825095
-11.668217785550642,-11.917913238381153,-12.163978379387842,-12.406338254745055,-12.644919039286977,-12.87964805899545,-13.110453813137205,-13.337265996043667,-13.560015518526724,-13.77863452892402,-13.993056433767183,-14.203215918066835,-14.409048965208198,-14.610492876451174,-14.807486290028962,-14.999969199839459,-15.187882973723724,-15.371170371325864,-15.549775561529032,-15.723644139462099,-15.892723143071919,-16.056961069256097,-16.216307889551306,-16.370715065372455,-16.520135562798014,-16.664523866897,-16.803835995593257,-16.93802951306284,-17.06706354266037,-17.190898779370457,-17.309497501780367,-17.422823583570366,-17.530842504518127,-17.633521361013923,-17.7308288760834,-17.822735408914827,-17.909212963887985,-17.990235199101903,-18.06577743439885,-18.135816658882167,-18.20033153792558,-18.259302419671975,-18.3127113410195
-11.379590410567843,-11.62310934660546,-11.863087770940519,-12.099452583820229,-12.332131786232875,-12.561054501839395,-12.786150998562992,-13.007352709830203,-13.224592255456935,-13.437803462173154,-13.646921383779876,-13.851882320932397,-14.052623840543767,-14.249084794802489,-14.441205339798726,-14.62892695375336,-14.812192454844286,-14.990946018624534,-15.165133195026963,-15.33470092495023,-15.499597556421175,-15.659772860328472,-15.81517804572288,-15.965765774679488,-16.111490176717286,-16.25230686277175,-16.388172938716174,-16.519047018427674,-16.64488923639376,-16.765661259855772,-16.88132630048543,-16.99184912559088,-17.097196068848934,-17.19733504056016,-17.29223553742371,-17.381868651828903,-17.466207080660816,-17.54522513361701,-17.61889874103309,-17.687205461214553,-17.750124487272718,-17.80763665346274,-17.85972444102167
-11.08963257471149,-11.326946522596115,-11.560810172843365,-11.791152288319875,-12.017902704585907,-12.240992351268083,-12.460353273098914,-12.675918650616607,-12.887622820518933,-13.095401295664923,-13.299190784718261,-13.498929211426415,-13.694555733529706,-13.886010761294422,-14.073235975664446,-14.256174346025775,-14.43477014757865,-14.608968978311815,-14.778717775573925,-14.943964832236935,-15.104659812446615,-15.260753766955297,-15.412199148032323,-15.558949823947529,-15.700961093023432,-15.838189697251774,-15.970593835470346,-16.098133176096017,-16.22076886941013,-16.338463559392505,-16.45118139510044,-16.558888041589253,-16.661550690371048,-16.75913806940849,-16.851620452640574,-16.93896966903747,-17.021159111181696,-17.098163743372986,-17.16996010925441,-17.23652633895742,-17.2978421557636,-17.353888882281176,-17.404649446134314
-10.800075477452358,-11.031193012838584,-11.258950339971536,-11.483278081763025,-11.704107905809796,-11.921372545208218,-12.135005819044448,-12.344942652553751,-12.55111909694294,-12.753472348869778,-12.951940769573499,-13.14646390365053,-13.336982497469855,-13.523438517222205,-13.705775166597718,-13.883936904086655,-14.057869459897892,-14.227519852490008,-14.39283640470998,-14.553768759534528,-14.710267895409405,-14.862286141181777,-15.009777190621342,-15.152696116525666,-15.290999384405438,-15.424644865745487,-15.553591850837531,-15.677801061180784,-15.797234661446533,-15.911856271003156,-16.021630974998025,-16.12652533499288,-16.226507399149536,-16.32154671196271,-16.41161432353704,-16.496682798405544,-16.576726223886702,-16.65172021797771,-16.721641936781488,-16.786470081465136,-16.846184904747787,-16.900768216915793,-16.950203391363505
-10.51117740970666,-10.73611263557712,-10.95777753753573,-11.176104594306024,-11.391027301351537,-11.602480191133697,-11.810398853053897,-12.014719953073552,-12.215381253006289,-12.412321629476306,-12.605481092537133,-12.794800803945122,-12.980223095082222,-13.161691484522315,-13.339150695236052,-13.512546671428762,-13.681826595006378,-13.846938901664329,-14.007833296594523,-14.164460769805642,-14.316773611052062,-14.464725424366868,-14.608271142194459,-14.747367039118641,-14.881970745181757,-15.012041258791,-15.13753895920791,-15.258425618617208,-15.37466441377139,-15.486219937207416,-15.593058208032195,-15.695146682273455,-15.79245426279299,-15.884951308759147,-15.972609644675675,-16.055402568964283,-16.133304862098218,-16.206292794284323,-16.274344132691404,-16.337438148222553,-16.395555621829438,-16.4486788503666,-16.496791651984008
-10.224711781106018,-10.443516750739542,-10.659140524002174,-10.871517419803778,-11.080582746084554,-11.286272819520857,-11.488524984923762,-11.687277634324417,-11.882470225740448,-12.07404330161765,-12.261938506941297,-12.446098607011661,-12.626467504878264,-12.802990258427547,-12.975613097118764,-13.144283438363003,-13.308949903540391,-13.469562333650465,-13.626071804591135,-13.778430642061398,-13.926592436083432,-14.070512055139513,-14.21014565991948,-14.345450716674666,-14.476386010174053,-14.602911656258845,-14.72498911399155,-14.842581197395962,-14.955652086784339,-15.064167339668424,-15.168093901250984,-15.26740011449459,-15.362055729764704,-15.452031914043948,-15.537301259714988,-15.617837792909093,-15.693616981418092,-15.764615742167074,-15.830812448245721,-15.892186935496111,-15.948720508654882,-16.000395947047988,-16.04719750983631
-9.941667273822365,-10.154415197922773,-10.36406998878587,-10.570567783531374,-10.773845680930624,-10.973841760566879,-11.170495101696876,-11.363745801807884,-11.553534994864572,-11.739804869240222,-11.922498685326662,-12.10156079281771,-12.276936647660811,-12.448572828671688,-12.616417053806915,-12.780418196089572,-12.94052629918301,-13.096692592608028,-13.248869506598824,-13.39701068659323,-13.54107100735274,-13.681006586708117,-13.816774798926293,-13.94833428769461,-14.07564497871835,-14.198668091927738,-14.317366153290736,-14.431703006228002,-14.541643822626526,-14.647155113448612,-14.748204738932962,-14.844761918384767,-14.93679723955179,-15.024282667583647,-15.107191553571463,-15.185498642665404,-15.259180081767566,-15.328213426797832,-15.39257764953055,-15.452253143999968,-15.507221732472393,-15.55746667098328,-15.602972654437616
-9.661637827460849,-9.86839322719291,-10.0721426187507,-10.27282393809577,-10.47037605575422,-10.664738795437279,-10.855852952371604,-11.04366031133363,-11.228103664382477,-11.409126828286075,-11.586674661635085,-11.760693081639518,-11.931129080602897,-12.09793074206888,-12.261047256635544,-12.420428937432401,-12.57602723525552,-12.727794753356072,-12.87568526187783,-13.019653711939261,-13.159656249355814,-13.295650227998365,-13.427594222783608,-13.555448042292566,-13.679172741013272,-13.798730631203938,-13.914085294373038,-14.025201592372696,-14.132045678102141,-14.234585005817838,-14.332788341047243,-14.42662577010312,-14.516068709195567,-14.601089913138875,-14.681663483650711,-14.757764877240952,-14.829370912687912,-14.896459778099526,-14.959011037557486,-15.017005637342205,-15.070425911736798,-15.119255588408178,-15.163479793363807
-9.38789367840268,-9.588791056754351,-9.786767596461436,-9.981762991952083,-10.173717845739871,-10.362573686516829,-10.548272986964376,-10.730759181276678,-10.909976682391159,-11.085870898920867,-11.258388251783526,-11.42747619052223,-11.593083209312855,-11.755158862653209,-11.913653780729216,-12.068519684453452,-12.21970940017143,-12.367176874031136,-12.51087718601148,-12.650766563605373,-12.786802395153261,-12.918943242823058,-13.047148855232473,-13.171380179710013,-13.291599374190795,-13.407769818743583,-13.519856126725593,-13.627824155561617,-13.731641017144163,-13.83127508785149,-13.92669601818049,-14.01787474199142,-14.104783485361734,-14.1873957750463,-14.265686446541402,-14.339631651750077,-14.4092088662465,-14.474396896137122,-14.535175884516551,-14.591527317516144,-14.643434029943524,-14.690880210511255,-14.733851406653104
-9.120793594548227,-9.31597513200501,-9.508318933190711,-9.697766408320199,-9.884259849857344,-10.067742450093244,-10.248158318450443,-10.4254524985077,-10.599570984740284,-10.770460738970563,-10.938069706523962,-11.102346832085288,-11.263242075250716,-11.420706425770543,-11.574691918478221,-11.725151647900965,-11.872039782547661,-12.015311578869566,-12.154923394889613,-12.290832703496184,-12.422998105397298,-12.551379341731232,-12.675937306329725,-12.796634057630152,-12.91343283023285,-13.026298046100223,-13.135195325394168,-13.240091496948509,-13.340954608373227,-13.43775393578751,-13.530459993178509,-13.619044541383074,-13.703480596689685,-13.783742439057946,-13.859805619953162,-13.931646969793588,-13.999244605008121,-14.06257793470224,-14.121627666930198,-14.176375814571529,-14.226805700810104,-14.272901964214054,-14.314650563414993
-8.859113250307622,-9.0486949272499,-9.235520284060659,-9.419532411926394,-9.600675258970396,-9.778893647326688,-9.954133289947741,-10.126340807140819,-10.295463742827971,-10.46145058052466,-10.624250759032181,-10.783814687839069,-10.94009376222688,-11.093040378075653,-11.242607946364572,-11.388750907363432,-11.531424744510604,-11.67058599797318,-11.80619227788527,-11.938202277260359,-12.06657578457383,-12.191273696011784,-12.312258027382406,-12.429491925686365,-12.54293968034257,-12.652566734065964,-12.758339693393985,-12.860226338858592,-12.958195634800568,-13.052217738823328,-13.142264010883174,-13.228307022013329,-13.310320562679093,-13.388279650761493,-13.462160539167094,-13.531940723061586,-13.597598946724984,-13.659115210026313,-13.716470774515843,-13.769648169133022,-13.818631195528303,-13.863404932997344,-13.903955743025966
-8.607468962792034,-8.791665547042497,-8.97318410480056,-9.151969343755106,-9.327966804190428,-9.501122875575147,-9.671384812892532,-9.838700752707098,-10.00301972896275,-10.164291688507532,-10.322467506340297,-10.477499000574635,-10.62933894711559,-10.777941094044538,-10.923260175707977,-11.065251926505898,-11.203873094375501,-11.339081453966203,-11.470835819501884,-11.599096057326454,-11.723823098128998,-11.844978948844632,-11.962526704227555,-12.076430558092774,-12.18665581422299,-12.293168896937408,-12.395937361319215,-12.494929903098623,-12.590116368188442,-12.681467761869317,-12.768956257621793,-12.852555205602537,-12.932239140762155,-13.007983790602086,-13.079766082568232,-13.147564151079083,-13.211357344186206,-13.271126229864997,-13.326852601933886,-13.378519485600103,-13.426111142630383,-13.469613076144952,-13.509012035033457
-8.36573940411376,-8.544763067124153,-8.72118391252932,-8.894948200830719,-9.066003001742848,-9.234296210316302,-9.399776562809466,-9.562393652303914,-9.722097944058879,-9.878840790600005,-10.032574446537843,-10.183252083111528,-10.330827802453319,-10.475256651569513,-10.616494636033545,-10.754498733387145,-10.88922690624539,-11.020638115101685,-11.148692330828801,-11.273350546872136,-11.394574791131493,-11.512328137527751,-11.62657471725089,-11.737279729685996,-11.844409453013856,-11.947931254482961,-12.047813600349741,-12.144026065484057,-12.23653934263701,-12.325325251368179,-12.410356746629672,-12.491607927004319,-12.56905404259547,-12.642671502566094,-12.712437882324723,-12.778331930356245,-12.840333574695302,-12.898423929040401,-12.952585298506877,-13.002801185016917,-13.049056292325035,-13.091336530677463,-13.129629021104025
