hough_viz/data/file_3_3_1.json
{"header": {"discipline": 0, "disciplineName": "Meteorological products", "gribEdition": 2, "gribLength": 133963, "center": 7, "centerName": "US National Weather Service - NCEP(WMC)", "subcenter": 0, "refTime": "2014-11-30T06:00:00.000Z", "significanceOfRT": 1, "significanceOfRTName": "Start of forecast", "productStatus": 0, "productStatusName": "Operational products", "productType": 1, "productTypeName": "Forecast products", "productDefinitionTemplate": 0, "productDefinitionTemplateName": "Analysis/forecast at horizontal level/layer at a point in time", "parameterCategory": 2, "parameterCategoryName": "Momentum", "parameterNumber": 2, "parameterNumberName": "U-component_of_wind", "parameterUnit": "m.s-1", "genProcessType": 2, "genProcessTypeName": "Forecast", "forecastTime": 6, "surface1Type": 100, "surface1TypeName": "Isobaric surface", "surface1Value": 85000, "surface2Type": 255, "surface2TypeName": "Missing", "surface2Value": 0, "gridDefinitionTemplate": 0, "gridDefinitionTemplateName": "Latitude_Longitude", "numberPoints": 65160, "shape": 6, "shapeName": "Earth spherical with radius of 6,371,229.0 m", "gridUnits": "degrees", "resolution": 48, "winds": "true", "scanMode": 0, "nx": 360, "ny": 181, "basicAngle": 0, "subDivisions": 0, "lo1": 0, "la1": 90, "lo2": 359, "la2": -90, "dx": 1, "dy": 1}, "data":
[rows 95 to 113 of 181, columns 86 to 128 of 360]
-4.947560479912385,-3.7225851701032404,-2.4874065130965652,-1.2454100477350207,-4.371337235641694e-15,1.245410047735012,2.487406513096557,3.7225851701032315,4.9475604799123545,6.1589748703467935,7.353507938766663,8.527885553062445,9.678888825823377,10.803362937084003,11.89822578146665,12.960476416017812,13.987203285584359,14.975592203183698,15.922934063494745,16.826632268327348,17.68420984371733,18.493316229140028,19.25173372023331,19.95738354737104,20.608331573426142,21.20279359510605,21.739140233329888,22.21590139924326,22.631770323629702,22.985607138674137,23.276442002261426,23.503477756246156,23.66609211140773,23.76383935310183,23.7964515629333,23.76383935310183,23.66609211140773,23.503477756246163,23.27644200226143,22.98560713867414,22.631770323629706,22.21590139924328,21.739140233329888
-4.623545721772358,-3.478793802934747,-2.324506752091283,-1.16384838981484,-4.0850592239012464e-15,1.1638483898148317,2.3245067520912754,3.478793802934739,4.623545721772332,5.755624823165308,6.871928156986526,7.969396013391314,9.045020309269358,10.09585283319131,11.119013326251629,12.111697376657816,13.071184106428365,13.994843629130058,14.880144258213946,15.724659446192232,16.526074435636176,17.28219260376538,17.99094148323816,18.65037844264038,19.258696011103236,19.81422683245521,20.315448235329452,20.76098640670013,21.149620157408524,21.480284269357536,21.752072415200484,21.964239642521388,22.116204415697716,22.207550209849146,22.238026652503258,22.207550209849146,22.11620441569772,21.96423964252139,21.752072415200487,21.48028426935754,21.149620157408528,20.76098640670014,20.315448235329452
-4.262445703381331,-3.2070991811420178,-2.1429622229699246,-1.0729515543001678,-3.766015128817934e-15,1.0729515543001604,2.142962222969918,3.20709918114201,4.262445703381305,5.306109158226638,6.335228936692358,7.34698429299897,8.338602076041123,9.307364330401938,10.250615746080099,11.165770936509801,12.050321524925772,12.901843019649498,13.71800145945246,14.496559810781674,15.235384099313043,15.932449259026757,16.58584468277246,17.193779459110605,17.754587281076276,18.26673101341076,18.72880690574239,19.139548440168774,19.497829802694365,19.8026689690083,20.05323039614483,20.24882731264848,20.38892360096689,20.47313526691175,20.501231492160198,20.47313526691175,20.388923600966894,20.24882731264848,20.05323039614484,19.80266896900831,19.49782980269437,19.139548440168788,18.728806905742392
-3.8511706313346306,-2.8976524365796754,-1.9361919779094061,-0.9694245516107584,-3.4026396746262563e-15,0.9694245516107517,1.9361919779093995,2.897652436579668,3.851170631334608,4.79413303508068,5.723955053413665,6.638088108812481,7.534026626112919,8.40931490011492,9.261553826500034,10.088407477609412,10.887609505059281,11.65696935164424,12.394378255502335,13.097815030084782,13.76535160408772,14.395158306161706,14.9855088799137,15.534785215455798,16.041481784532003,16.504209767066545,16.92170085782311,17.29281074274138,17.61652223542234,17.891948065165455,18.11833330891601,18.29505746045673,18.421636131172193,18.497722377724344,18.523107653000068,18.497722377724344,18.421636131172196,18.295057460456732,18.11833330891601,17.891948065165458,17.616522235422345,17.292810742741388,16.92170085782311
-3.3932089879894325,-2.5530783320458115,-1.7059498658563512,-0.8541455096637153,-2.998015053627994e-15,0.8541455096637094,1.7059498658563454,2.553078332045805,3.3932089879894116,4.2240390939560335,5.0432914023754485,5.848720399615843,6.638118460780486,7.409321900654061,8.160216904213604,8.888745320448411,9.59291030360899,10.270781786422397,10.920501770272502,11.54028941784507,12.128445934279004,12.683359223445011,13.203508306589056,13.687467491229347,14.133910278880373,14.541613000893054,14.909458172445412,15.23643755549082,15.521654922268427,15.764328511801102,15.963793172647959,16.11950218603825,16.231028764389475,16.29806722110248,16.320433808427207,16.29806722110248,16.231028764389478,16.119502186038254,15.963793172647966,15.764328511801102,15.52165492226843,15.23643755549083,14.909458172445415
-2.9084086669104328,-2.1883105857924225,-1.4622144974663593,-0.7321105808400371,-2.569677551946517e-15,0.7321105808400322,1.4622144974663547,2.188310585792417,2.9084086669104146,3.620535002033444,4.322737702376175,5.013092079146509,5.689705918983683,6.350724670383509,6.994336526895283,7.6187773931572,8.222335720159206,8.803357196479803,9.360249282638696,9.891485576136839,10.395609995219516,10.871240769895286,11.317074229271459,11.731888374825385,12.11454622981747,12.463998955665414,12.779288726737823,13.059551355687708,13.304018662129941,13.51202057817028,13.68298698501488,13.81644927562632,13.912041639142885,13.969502063540716,13.988673053790565,13.969502063540716,13.912041639142886,13.816449275626322,13.682986985014882,13.51202057817028,13.304018662129945,13.059551355687715,12.779288726737827
-2.3894245428276872,-1.7978226651953089,-1.2012930806027509,-0.6014708351771292,-2.1111375026594456e-15,0.6014708351771249,1.2012930806027464,1.7978226651953042,2.3894245428276726,2.9744771738750355,3.551376969742158,4.118542688188406,4.67441976740274,5.2174845869495385,5.746248643906423,6.259262632747198,6.755120417787634,7.232462887305576,7.689981678771738,8.126422764980468,8.540589891251104,8.93134785427894,9.297625613648583,9.638419227481243,9.95279460416968,10.239890062658368,10.498918694251334,10.729170519474248,10.930014434078783,11.1008999388555,11.2413586485139,11.351005575493993,11.429540185190373,11.476747219696744,11.492497287812846,11.476747219696744,11.429540185190374,11.351005575493993,11.241358648513906,11.1008999388555,10.930014434078783,10.729170519474254,10.498918694251339
-1.8419320172587366,-1.385884789003558,-0.9260389468733914,-0.4636548963580308,-1.6274093152078693e-15,0.46365489635802754,0.9260389468733883,1.3858847890035544,1.841932017258725,2.29293063788573,2.7376444950139285,3.174854658872631,3.6033627667928183,4.021994307835888,4.429601842046582,4.825068145506068,5.207309272565104,5.57527752686367,5.927964332993884,6.264403000935119,6.583671375684101,6.8848943648177165,7.1672463370605115,7.429953385282606,7.672295447725364,7.893608281640632,8.093285283933904,8.270779153821273,8.425603392942834,8.557333638820847,8.665608828007818,8.750132185736305,8.810672039357922,8.84706245334196,8.859203684093163,8.84706245334196,8.810672039357923,8.750132185736305,8.66560882800782,8.557333638820847,8.425603392942836,8.270779153821278,8.093285283933906
-1.2803049853464439,-0.963311994064663,-0.6436786315661458,-0.3222809906800647,-1.1311928127297424e-15,0.32228099068006255,0.6436786315661438,0.9633119940646604,1.2803049853464366,1.5937887496562972,1.9029040497862364,2.2068036221849505,2.5046544992483057,2.7956402924256105,3.078963429883955,3.353847342597108,3.6195385928672765,3.875308939445438,4.120457333589998,4.35431184059267,4.576231481504782,4.785607990016036,4.981867479670192,5.164472016847934,5.332921095205542,5.486753007527996,5.62554611123634,5.748919984080699,5.856536466851223,5.948100590248965,6.02336138337624,6.082112561630392,6.124193092115581,6.149487635022721,6.15792685976791,6.149487635022721,6.124193092115581,6.082112561630393,6.0233613833762405,5.948100590248967,5.856536466851223,5.748919984080702,5.625546111236341
-0.7028912434758303,-0.5288611487989104,-0.3533814824738202,-0.17693322206851808,-6.210282173785172e-16,0.17693322206851686,0.35338148247381906,0.528861148798909,0.7028912434758261,0.8749947621117531,1.044699980924866,1.2115417497064696,1.3750627667653677,1.5348148323599973,1.6903600771828011,1.8412721625295334,1.9871374488640334,2.1275561295754275,2.2621433268202664,2.3905301464459487,2.512364689103935,2.6273130147814143,2.7350600581076674,2.835310491926341,2.9277895367666593,3.0122437139948572,3.0884415405814885,3.1561741635803235,3.2152559325797636,3.2655249085577007,3.306843307745134,3.339097879281899,3.3622002156294006,3.3760869948895325,3.3807201543656022,3.3760869948895325,3.3622002156294006,3.3390978792819004,3.306843307745136,3.2655249085577016,3.215255932579764,3.156174163580326,3.0884415405814885
-0.11807836470788456,-0.08884313211657736,-0.05936438667554902,-0.029722927577011417,-1.0432623400298412e-16,0.029722927577011216,0.05936438667554881,0.08884313211657713,0.11807836470788388,0.1469899527090537,0.1754986514669934,0.20352632062002382,0.2309961382751768,0.2578328115716612,0.2839627830533671,0.3093144322847345,0.33381827215739224,0.35740713934949025,0.38001637841569674,0.4015840190032806,0.42205094570853935,0.44136106010801235,0.45946143452036065,0.47630245707746144,0.49183796770709026,0.5060253846544722,0.5188258211959098,0.5302041922245896,0.5401293104164236,0.5485739717123341,0.5555150298826905,0.5609334599695146,0.564814410432569,0.5671472438563959,0.5679255661067342,0.5671472438563959,0.5648144104325689,0.5609334599695146,0.5555150298826906,0.5485739717123342,0.5401293104164239,0.53020419222459,0.5188258211959097
0.46709438519385044,0.3514456545646735,0.23483363582502262,0.11757795441266339,4.126937077064697e-16,-0.11757795441266258,-0.2348336358250219,-0.35144565456467264,-0.46709438519384766,-0.5814628425805428,-0.6942375507327074,-0.8051094020141744,-0.9137745043871924,-1.0199350143593686,-1.123299953352001,-1.2235860052521166,-1.3205182929622579,-1.413831131819491,-1.5032687578186021,-1.5885860286434645,-1.6695490955850754,-1.7459360445046217,-1.8175375040847086,-1.8841572197015815,-1.9456125913454145,-2.001735174114244,-2.0523711399097317,-2.097381699069295,-2.136643480778925,-2.1700488712240067,-2.1975063085513105,-2.218940533833667,-2.2342927973494495,-2.243521019611486,-2.246599906704002,-2.243521019611486,-2.23429279734945,-2.218940533833667,-2.1975063085513113,-2.1700488712240067,-2.136643480778925,-2.097381699069296,-2.052371139909732
1.0492639842651819,0.7894748458776145,0.5275218118132199,0.26412287713024163,9.270602639540397e-16,-0.2641228771302398,-0.5275218118132182,-0.7894748458776125,-1.0492639842651759,-1.3061771630053225,-1.5595102009329234,-1.808568729799993,-2.05267009749076,-2.2911452391236455,-2.52334051091165,-2.7486194817544902,-2.9663646776520425,-3.175979274157632,-3.3768887322323646,-3.568542373016709,-3.750414887202954,-3.9220077748715143,-4.082850711844574,-4.23250283881194,-4.370553969695785,-4.496625715942178,-4.610372523657794,-4.711482620749129,-4.799678871468133,-4.87471953602203,-4.93639893316529,-4.984548003957629,-5.019034775142801,-5.039764720878138,-5.0466810218233,-5.039764720878138,-5.019034775142803,-4.984548003957629,-4.936398933165292,-4.87471953602203,-4.799678871468133,-4.711482620749132,-4.610372523657795
1.616976504103732,1.2166264119501033,0.8129416313679836,0.4070286342811717,1.4286535011031439e-15,-0.4070286342811688,-0.812941631367981,-1.2166264119501002,-1.6169765041037225,-2.012894576054269,-2.4032954438864236,-2.7871090459579038,-3.1632833758640007,-3.5307873659139735,-3.8886137132160012,-4.2357816406243245,-4.571339584981274,-4.894367805285709,-5.203980903639184,-5.499330252060069,-5.779606318513814,-6.044040885784019,-6.291909157102426,-6.522531742766455,-6.735276522299183,-6.929560377047624,-7.1048507884704115,-7.260667297734122,-7.396582822617544,-7.512224828114336,-7.607276347525611,-7.681476851243617,-7.7346229608452735,-7.766569006538301,-7.7772274264320025,-7.766569006538301,-7.7346229608452735,-7.681476851243617,-7.607276347525612,-7.512224828114336,-7.396582822617544,-7.260667297734125,-7.104850788470412
2.171666621972023,1.633979815746368,1.091814384422297,0.5466563657616214,1.9187410051012912e-15,-0.5466563657616177,-1.0918143844222934,-1.6339798157463643,-2.1716666219720095,-2.7034010409375444,-3.2277256255609528,-3.743203238601157,-4.248420991751239,-4.741994118267037,-5.2225697685166415,-5.688830718047109,-6.139498978005192,-6.573339298015905,-6.989162551917959,-7.385828997075948,-7.76225139833563,-8.117398008059947,-8.450295394077594,-8.760031107792909,-9.045756185144052,-9.306687473554524,-9.542109778499896,-9.751377823806315,-9.933918020307647,-10.089230038013492,-10.21688817747892,-10.316542536617067,-10.387919969756428,-10.430824836314152,-10.445139537033283,-10.430824836314152,-10.38791996975643,-10.316542536617067,-10.21688817747892,-10.089230038013493,-9.933918020307647,-9.751377823806319,-9.542109778499896
2.706099513261507,2.0360915157664277,1.3605027329536186,0.681184906717181,2.390930563395835e-15,-0.6811849067171764,-1.3605027329536143,-2.0360915157664228,-2.70609951326149,-3.3686902800894023,-4.022047701014356,-4.664380968759938,-5.293929492487316,-5.908967723452294,-6.507809884614606,-7.0888145912355025,-7.65038934979929,-8.190994922927326,-8.709149548320681,-9.203433000167664,-9.672490481883965,-10.11503633951599,-10.529857585628964,-10.915817224021152,-11.27185736615145,-11.597002130738328,-11.890360318582585,-12.151127855282414,-12.378589995145466,-12.57212328025706,-12.731197249335043,-12.85537589168727,-12.944318842286602,-12.997782314687804,-13.015619769229213,-12.997782314687804,-12.944318842286606,-12.85537589168727,-12.731197249335047,-12.572123280257061,-12.378589995145468,-12.151127855282423,-11.890360318582587
3.2057214351986074,2.4120111563272375,1.6116897225332136,0.8069507592369196,2.8323634513764573e-15,-0.806950759236914,-1.6116897225332083,-2.4120111563272317,-3.205721435198588,-3.990645054443058,-4.764630592979608,-5.525556610246215,-6.271337460920892,-6.999929011530481,-7.709334243278577,-8.39760872573509,-9.062865946384997,-9.703282481427955,-10.3171029936562,-10.902645043711884,-11.458303701536313,-11.98255594537175,-12.473964836258187,-12.9311834565831,-13.352958601889055,-13.738134215820011,-14.085654558791404,-14.394567101698991,-14.664025136734914,-14.893290098154939,-15.081733586635815,-15.228839091674175,-15.334203407305885,-15.397537737265578,-15.418668486557154,-15.397537737265578,-15.334203407305885,-15.228839091674178,-15.08173358663582,-14.893290098154939,-14.664025136734915,-14.394567101698996,-14.085654558791406
3.680695025315982,2.769385189437177,1.850484661251727,0.9265120832354145,3.252018703466122e-15,-0.926512083235408,-1.850484661251721,-2.7693851894371697,-3.68069502531596,-4.581916331972365,-5.470578924447902,-6.344247040346806,-7.200526016091355,-8.037068850528193,-8.851582637895554,-9.641834852518397,-10.405659468006222,-11.140962894180765,-11.845729715461179,-12.518028214978107,-13.156015669275249,-13.757943399086336,-14.322161562343457,-14.84712367627944,-15.331390856229643,-15.773635759514844,-16.17264622359519,-16.527328588523513,-16.836710694591222,-17.099944546950468,-17.316308639909092,-17.48520993452758,-17.606185484097573,-17.6789037030466,-17.703165275791108,-17.6789037030466,-17.606185484097573,-17.48520993452758,-17.316308639909096,-17.099944546950468,-16.836710694591225,-16.527328588523524,-16.172646223595194
4.121320006116867,3.1009150465791038,2.0720106944406282,1.0374271050124073,3.641325795991632e-15,-1.0374271050124004,-2.072010694440621,-3.100915046579096,-4.121320006116842,-5.130428713987298,-6.125475273364406,-7.103732330793791,-8.062518551678881,-8.99920596963258,-9.911227189550669,-10.796082424663142,-11.651346348276116,-12.47467474142362,-13.263810918208874,-14.01659191122353,-14.730954400090875,-15.404940366883647,-16.03670246291508,-16.624509072193177,-17.166749057659842,-17.661936177205575,-18.108713157355712,-18.50585541346275,-18.852274406207734,-19.147020625210818,-19.389286191573294,-19.57840707221742,-19.71386489995499,-19.795288394295735,-19.822454379101337,-19.795288394295735,-19.71386489995499,-19.578407072217423,-19.389286191573298,-19.14702062521082,-18.852274406207734,-18.50585541346276,-18.108713157355712
