hough_viz/data/file_1_3_1.json
{"header": {"discipline": 0, "disciplineName": "Meteorological products", "gribEdition": 2, "gribLength": 133963, "center": 7, "centerName": "US National Weather Service - NCEP(WMC)", "subcenter": 0, "refTime": "2014-11-30T06:00:00.000Z", "significanceOfRT": 1, "significanceOfRTName": "Start of forecast", "productStatus": 0, "productStatusName": "Operational products", "productType": 1, "productTypeName": "Forecast products", "productDefinitionTemplate": 0, "productDefinitionTemplateName": "Analysis/forecast at horizontal level/layer at a point in time", "parameterCategory": 2, "parameterCategoryName": "Momentum", "parameterNumber": 2, "parameterNumberName": "U-component_of_wind", "parameterUnit": "m.s-1", "genProcessType": 2, "genProcessTypeName": "Forecast", "forecastTime": 6, "surface1Type": 100, "surface1TypeName": "Isobaric surface", "surface1Value": 85000, "surface2Type": 255, "surface2TypeName": "Missing", "surface2Value": 0, "gridDefinitionTemplate": 0, "gridDefinitionTemplateName": "Latitude_Longitude", "numberPoints": 65160, "shape": 6, "shapeName": "Earth spherical with radius of 6,371,229.0 m", "gridUnits": "degrees", "resolution": 48, "winds": "true", "scanMode": 0, "nx": 360, "ny": 181, "basicAngle": 0, "subDivisions": 0, "lo1": 0, "la1": 90, "lo2": 359, "la2": -90, "dx": 1, "dy": 1}, "data":
[rows 76 to 94 of 181, columns 43 to 85 of 360]
8.269196458359787,8.13335888797488,7.995043817683082,7.854293379594689,7.711150447656621,7.565658624592609,7.417862228621363,7.267806279956832,7.11553648709461,6.961099232888666,6.804541560422703,6.645911158680361,6.485256348018698,6.322626065449339,6.158069849731792,5.9916378262834495,5.823380691910927,5.653349699367292,5.481596641740002,5.308173836674216,5.1331341104363455,4.956530781822649,4.778417645917821,4.598848957708472,4.417879415556557,4.235564144537701,4.0519586796495926,3.8671189488954547,3.6811012562478616,3.4939622644979855,3.3057589779955725,3.1165487252848543,2.92638914164173,2.735338151517496,2.5434539508944876,2.3507949895590508,2.1574199532971297,1.963387746018038,1.7687574718117447,1.5735884169452017,1.3779400318031592,1.181871912779027,0.9854437841212118
9.719101680945569,9.559446608616405,9.396879636245819,9.231450283308416,9.063208941187648,8.89220685782612,8.718496122114956,8.542129648027027,8.363161158498842,8.181645169066012,7.9976369712573145,7.81119261575232,7.622368895307847,7.431223327458316,7.2378141369953655,7.042200238232004,6.8444412170567555,6.644597312783198,6.442729399800507,6.238898969030516,6.033168109196986,5.8255994879127835,5.616256332590713,5.40520241118384,5.1925020127611505,4.978219927924472,4.7624214290726545,4.545172250518926,4.326538568467617,4.106586980856232,3.8853844870690777,3.6629984675285967,3.4394966631706443,3.2149471548099404,2.989418342401983,2.7629789242077907,2.535697875867703,2.30764442939077,2.0788880520659907,1.8494984253019138,1.619545423400991,1.389099092275214,1.1582296281094253
11.099015332873257,10.91669250573107,10.731044348299264,10.542127410805007,10.349999239177533,10.154718357519116,9.956344250278029,9.754937344129038,9.550558989566824,9.343271442218041,9.133137843877666,8.920222203275344,8.704589376577776,8.486305047632849,8.26543570796173,8.042048636504894,7.816211879128306,7.5879942278959875,7.3574652001153025,7.124695017161295,6.8897545830865905,6.652715463023326,6.413649861383724,6.172630599865923,5.929731095271789,5.685025337143436,5.438587865225318,5.190493746758666,4.9408185536153075,4.689638339277734,4.437029615672472,4.183069329863803,3.927834840614956,3.6714038948238708,3.4138546038407265,3.155265419674507,2.895715111095709,2.635282739642649,2.374047635538537,2.1120893735267274,1.8494877486314656,1.586322751851584,1.3226745457944344
12.424034088738344,12.21994526178983,12.01213412113731,11.800663968067333,11.585599218437078,11.367005383052678,11.144949047713942,10.919497852931727,10.690720473323958,10.458686596696674,10.223466902816474,9.985133041880726,9.74375761269226,9.499414140545072,9.252177054827781,9.002121666351737,8.749324144410618,8.493861493578502,8.235811530253558,7.975252858954398,7.712264848376392,7.446927607215185,7.179321959764813,6.909529421297841,6.6376321732350325,6.363713038112063,6.0878554543510175,5.810143450844196,5.530661621358123,5.249495098765459,4.966729529112714,4.682451045531609,4.3967462420021155,4.109702146975073,3.821406196862477,3.531946209403531,3.241410356914465,2.9498871394304356,2.657465357747539,2.364234086373229,2.070282646393354,1.7757005782641122,1.4805776145371337
13.653128679724043,13.428849593195478,13.200479948992639,12.968089310721414,12.731748466821443,12.491529409003263,12.247505310318939,11.999750502872839,11.748340455179374,11.49335174917453,11.234862056888291,10.972950116784972,10.707695709778722,10.439179634931497,10.167483684840871,9.89269062072521,9.61488414721384,9.334148886849745,9.050570354312793,8.764234930371066,8.4752298355685,8.183643103656626,7.889563554778647,7.593080768413963,7.2942850560914,6.993267433879418,6.690119594661781,6.384933880206963,6.077803253039991,5.76882126812514,5.458082044368191,5.145680235946899,4.831711003478415,4.516269985032439,4.199453266998925,3.8813573548192757,3.562079143589789,3.2417158885465303,2.9203651754404136,2.5981248908116488,2.275093192172533,1.9513684781077636,1.6270493583012318
14.783790746167028,14.540938344951192,14.29365663305425,14.042020934881123,13.786107901103112,13.525995485309407,13.261762920261612,12.99349069375872,12.721260524119746,12.4451553352915,12.165259231589202,11.881657472077448,11.594436444599499,11.303683639462697,11.009487622788074,10.711938009532242,10.411125436189842,10.107141533184736,9.800078896958546,9.490031061764846,9.177092471177733,8.861358449323411,8.542925171843523,8.22188963659911,7.898349634124163,7.572403717837623,7.244151174023115,6.913691991585326,6.581126831592464,6.246556996613891,5.910084399862393,5.571811534150423,5.2318414406698,4.89027767760437,4.547224288585148,4.2027857709976795,3.857067044151062,3.5101734173185486,3.1622105576593067,2.8132844580311844,2.4635014047042385,2.11296794498495,1.7617908547608396
15.840676910670906,15.580463106871084,15.315503343077577,15.045878328601159,14.771670193833147,14.492962465227718,14.209840039858895,13.922389159560119,13.630697384654134,13.334853567281247,13.034947824334143,12.731071510007371,12.423317187969989,12.11177860316978,11.79655065327761,11.477729359780692,11.155411838733537,10.829696271175395,10.500681873223433,10.168468865850494,9.833158444356847,9.494852747545105,9.15365482660776,8.809668613736779,8.462998890464885,8.113751255748037,7.7620320937990215,7.40794854168174,7.0516084566762505,6.693120383424392,6.3325935208660304,5.970137688976002,5.605863295311889,5.239881301382814,4.872303188849456,4.503240925565722,4.1328069314721825,3.761114044351917,3.3882754854590127,3.01440482503028,2.639615947690638,2.2640230177628013,1.8877404444916703
16.775878068758395,16.50030177432536,16.219699328129852,15.934156204395249,15.643759382323143,15.348597319598685,15.048759925445475,14.744338533238361,14.435425872682414,14.122116041566528,13.804504477100377,13.482687926843264,13.1567644192339,12.826833233730001,12.492994870566784,12.155351020143632,11.814004532048221,11.469059383727512,11.120620648815247,10.768794465125481,10.413688002321981,10.055409429273315,9.694067881103555,9.329773425948664,8.96263703142869,8.592770530845922,8.220286589119427,7.845298668466181,7.467920993839402,7.088268518134525,6.706456887173426,6.322602404477585,5.936821995840918,5.549233173713036,5.1599540014038014,4.769103057120153,4.3767993978459625,3.9831625230761807,3.5883123384161064,3.192369119056995,2.7954534731390344,2.397686305012994,1.9991887784115383
17.588845679883843,17.299914817609427,17.005714233693528,16.70633354448399,16.40186394423892,16.09239817734801,15.778030510081718,15.458856701876838,15.134973976167267,14.806480990768758,14.473477807826871,14.136065863336988,13.794347936245984,13.448428117144756,13.098411776561193,12.744405532863325,12.386517219782323,12.024855853565285,11.65953159976786,11.290655739696724,10.918340636512236,10.542699701001526,10.16384735703247,9.781899006699057,9.396970995168825,9.009180575242958,8.618645871639988,8.22548584501381,7.829820255717176,7.431769627321474,7.031455209904124,6.628998943114597,6.224523419030447,5.818151844814552,5.410008005185013,5.000216224709179,4.5889013299331145,4.176188611358265,3.762203785276749,3.3470729554769556,2.93092257483109,2.5138794067764527,2.0960704867020135
18.313439688637743,18.01260596613256,17.70628542935806,17.394571386517143,17.07755878872689,16.755344201095575,16.428025773307937,16.095703209727887,15.758477739027581,15.416452083352159,15.06973042702963,14.718418384835267,14.362622969820363,14.002452560715001,13.638016868914843,13.269426905061968,12.896794945229999,12.520234496723647,12.139860263503362,11.755788111245343,11.368135032047764,10.977019108793822,10.582559479182574,10.184876299438411,9.784090707710332,9.380324787172057,8.973701528834376,8.564344794080808,8.152379276938293,7.737930466094147,7.321124606671017,6.902088661771365,6.480950273803306,6.057837725599476,5.632879901340826,5.206206247297305,4.7779467323972,4.348231808637397,3.9171923713464167,3.484959719312434,3.0516655147883753,2.61744174338637,2.1824206738736014
18.898352390754532,18.587910344061754,18.27180623981305,17.950136366380736,17.622998707524346,17.290492912543826,16.95272026592537,16.60978365648923,16.26178754604874,15.908837937590244,15.551042342983589,15.18850975023293,14.82135059027795,14.449676703355527,14.073601304932101,13.693238951217149,13.30870550426828,12.92011809669848,12.527595095996437,12.131256068470611,11.731221742828211,11.327613973400048,10.920555703022531,10.51017092558807,10.096584648275373,9.679922853470986,9.260312460393926,8.837881286434763,8.412758008221275,7.985072122422261,7.55495390630163,7.122534378034658,6.687945256798597,6.251318922649738,5.812788376199145,5.372487198099425,4.930549508354709,4.4871099254664415,4.042303525427267,3.596265800575578,3.1491326183232147,2.7010401797689836,2.25212497821043
19.34378984069936,19.026030621018414,18.702475888101013,18.373224199853148,18.038375849528585,17.69803283517859,17.352298828582303,17.00127914366733,16.645080704430118,16.28381201236581,15.91758311341771,15.546505564456172,15.17069239929732,14.790258094271843,14.405318533354407,14.01599097286425,13.622394005747816,13.22464752545413,12.822872689414154,12.417191882135027,12.007728677920559,11.594607803229321,11.177955098681732,10.757897480727799,10.334562902987148,9.908080317273082,9.478579634312652,9.046191684174545,8.61104817641701,8.173281659967842,7.733025482748692,7.290413751055993,6.8455812887109015,6.39866359599064,5.94979680835378,5.499117654972132,5.046763417081625,4.59287188616518,4.13758132198006,3.68103041044262,3.2233582213832053,2.764704166184192,2.305207955313867
19.691627979750727,19.368154844826158,19.038781982312337,18.703609722373873,18.362740161728034,18.016277132545085,17.66432617081996,17.306994484225037,16.9443909194536,16.57662592906409,16.203811537835215,15.826061308642062,15.443490307863797,15.056215070333309,14.664353563839569,14.268025153193493,13.867350563868305,13.462451845225312,13.053452333336569,12.640476613415453,12.223650481866843,11.803100907968302,11.378955995193985,10.951344942193108,10.520398003434785,10.086246449531224,9.64902252725148,9.20885941923775,8.765891203436697,8.320252812257982,7.872079991472553,7.421509258863171,6.968677862639766,6.513723739632308,6.056785473273886,5.598002251386919,5.13751382378511,4.67546045970436,4.211982905075382,3.7472223396511293,3.2813203340020496,2.814418806392374,2.3466599795503846
19.890654818585116,19.56391228229068,19.23121038879519,18.892650482318356,18.548335691487388,18.19837089792304,17.8428627042916,17.481919401832744,17.11565093737293,16.744168879834557,16.367586386250988,15.986018167297795,15.599580452350805,15.208390954081498,14.812568832600588,14.412234659160688,14.007510379429167,13.598519276342264,13.185385932551975,12.768236192476927,12.347197123968966,11.922396979607063,11.49396515763032,11.062032162522021,10.626729565256712,10.188189963222374,9.746546939830036,9.301935023822901,8.854489648297642,8.404347109450141,7.951644525058368,7.496519792714947,7.039111547822252,6.579559121362688,6.118002497457125,5.654582270724428,5.189439603454894,4.7227161826109185,4.25455417666774,3.7850961923075612,3.314485230980145,2.842864645343239,2.370378095595912
19.941032186119603,19.613462103975614,19.279917571274883,18.940500188913187,18.5953133467132,18.244462191930968,17.888053597226993,17.526196128111835,17.15900000987598,16.786577094014152,16.409040824154268,16.026506201501395,15.639089749807292,15.246909479876136,14.85008485361728,14.448736747656007,14.04298741651335,13.632960455366145,13.218780762398781,12.800574500757985,12.378469060122308,11.952593017897996,11.523076100053064,11.090049141601511,10.653644046749713,10.2139937487171,9.771232169243456,9.325494177795004,8.876915550481908,8.42563292869952,7.971783777506111,7.5155063437496725,7.056939613956581,6.596223271994976,6.133497656525661,5.668903718253652,5.202582976993154,4.734677478559313,4.2653297514996495,3.7946827636785097,3.322879878727624,2.850064812376223,2.376381588673775
19.890654818585116,19.56391228229068,19.23121038879519,18.892650482318356,18.548335691487388,18.19837089792304,17.8428627042916,17.481919401832744,17.11565093737293,16.744168879834557,16.367586386250988,15.986018167297795,15.599580452350805,15.208390954081498,14.812568832600588,14.412234659160688,14.007510379429165,13.598519276342264,13.185385932551975,12.768236192476927,12.347197123968966,11.922396979607063,11.49396515763032,11.062032162522021,10.626729565256712,10.188189963222374,9.746546939830036,9.301935023822901,8.854489648297642,8.404347109450141,7.9516445250583665,7.496519792714947,7.039111547822252,6.579559121362688,6.118002497457125,5.654582270724428,5.189439603454894,4.7227161826109185,4.254554176667739,3.7850961923075612,3.314485230980145,2.8428646453432385,2.370378095595912
19.69162797975073,19.368154844826158,19.038781982312337,18.703609722373873,18.362740161728034,18.016277132545085,17.66432617081996,17.306994484225037,16.9443909194536,16.576625929064093,16.203811537835215,15.826061308642062,15.443490307863797,15.056215070333309,14.66435356383957,14.268025153193495,13.867350563868305,13.462451845225312,13.053452333336569,12.640476613415453,12.223650481866844,11.803100907968302,11.378955995193985,10.951344942193108,10.520398003434785,10.086246449531224,9.64902252725148,9.208859419237752,8.765891203436697,8.320252812257982,7.872079991472553,7.421509258863171,6.968677862639766,6.513723739632308,6.056785473273886,5.59800225138692,5.13751382378511,4.67546045970436,4.2119829050753825,3.7472223396511293,3.2813203340020496,2.814418806392374,2.3466599795503846
19.34378984069936,19.026030621018414,18.702475888101013,18.373224199853148,18.038375849528585,17.69803283517859,17.352298828582303,17.00127914366733,16.645080704430118,16.28381201236581,15.91758311341771,15.546505564456172,15.17069239929732,14.790258094271843,14.405318533354407,14.01599097286425,13.622394005747816,13.22464752545413,12.822872689414154,12.417191882135027,12.007728677920559,11.594607803229321,11.177955098681732,10.757897480727799,10.334562902987148,9.908080317273082,9.478579634312652,9.046191684174545,8.61104817641701,8.173281659967842,7.733025482748692,7.290413751055993,6.8455812887109015,6.39866359599064,5.94979680835378,5.499117654972132,5.046763417081625,4.59287188616518,4.13758132198006,3.68103041044262,3.2233582213832053,2.764704166184192,2.305207955313867
18.898352390754532,18.587910344061754,18.27180623981305,17.950136366380736,17.622998707524346,17.290492912543826,16.95272026592537,16.60978365648923,16.26178754604874,15.908837937590244,15.551042342983589,15.18850975023293,14.82135059027795,14.449676703355527,14.073601304932101,13.693238951217149,13.30870550426828,12.92011809669848,12.527595095996437,12.131256068470611,11.731221742828211,11.327613973400048,10.920555703022531,10.51017092558807,10.096584648275373,9.679922853470986,9.260312460393926,8.837881286434763,8.412758008221275,7.985072122422261,7.55495390630163,7.122534378034658,6.687945256798597,6.251318922649738,5.812788376199145,5.372487198099425,4.930549508354709,4.4871099254664415,4.042303525427267,3.596265800575578,3.1491326183232147,2.7010401797689836,2.25212497821043
