hough_viz/data/file_3_2_2.json
{"header": {"discipline": 0, "disciplineName": "Meteorological products", "gribEdition": 2, "gribLength": 133963, "center": 7, "centerName": "US National Weather Service - NCEP(WMC)", "subcenter": 0, "refTime": "2014-11-30T06:00:00.000Z", "significanceOfRT": 1, "significanceOfRTName": "Start of forecast", "productStatus": 0, "productStatusName": "Operational products", "productType": 1, "productTypeName": "Forecast products", "productDefinitionTemplate": 0, "productDefinitionTemplateName": "Analysis/forecast at horizontal level/layer at a point in time", "parameterCategory": 2, "parameterCategoryName": "Momentum", "parameterNumber": 2, "parameterNumberName": "U-component_of_wind", "parameterUnit": "m.s-1", "genProcessType": 2, "genProcessTypeName": "Forecast", "forecastTime": 6, "surface1Type": 100, "surface1TypeName": "Isobaric surface", "surface1Value": 85000, "surface2Type": 255, "surface2TypeName": "Missing", "surface2Value": 0, "gridDefinitionTemplate": 0, "gridDefinitionTemplateName": "Latitude_Longitude", "numberPoints": 65160, "shape": 6, "shapeName": "Earth spherical with radius of 6,371,229.0 m", "gridUnits": "degrees", "resolution": 48, "winds": "true", "scanMode": 0, "nx": 360, "ny": 181, "basicAngle": 0, "subDivisions": 0, "lo1": 0, "la1": 90, "lo2": 359, "la2": -90, "dx": 1, "dy": 1}, "data":
[rows 38 to 56 of 181, columns 215 to 257 of 360]
-6.37804108166502,-7.6150620379399205,-8.831210638485299,-10.023153504520513,-11.187623603500699,-12.321429203825828,-13.421462623155353,-14.48470874634924,-15.508253289689137,-16.48929078872747,-17.425132287870454,-18.313212710618444,-19.15109789026247,-19.936491241765776,-20.667240056543914,-21.341341402889313,-21.956947615867822,-22.51237136163997,-23.006090262325618,-23.43675106873596,-23.803173369535482,-24.104352826667398,-24.33946392817444,-24.507862250869753,-24.609086226656053,-24.642858407651698,-24.609086226656053,-24.50786225086976,-24.33946392817445,-24.1043528266674,-23.803173369535486,-23.436751068735965,-23.00609026232563,-22.512371361640007,-21.95694761586785,-21.341341402889327,-20.66724005654393,-19.936491241765786,-19.151097890262484,-18.313212710618487,-17.42513228787047,-16.489290788727487,-15.508253289689156
-6.589897507521377,-7.8680080138870085,-9.124552857185106,-10.356087935341552,-11.559237696310072,-12.730704390225732,-13.867277108308226,-14.96584058373947,-16.0233837303935,-17.03700789601427,-18.00393480721997,-18.92151418455721,-19.78723100673293,-20.598712404112764,-21.353734162591866,-22.050226820011165,-22.68628133840927,-23.260154336562888,-23.770272868473505,-24.215238734703036,-24.593832314741352,-24.90501590990129,-25.147936587578606,-25.32192851908102,-25.426514804618307,-25.461408780451507,-25.426514804618307,-25.321928519081027,-25.14793658757862,-24.905015909901298,-24.593832314741363,-24.215238734703043,-23.770272868473516,-23.260154336562923,-22.686281338409295,-22.05022682001118,-21.35373416259188,-20.598712404112778,-19.78723100673295,-18.921514184557253,-18.003934807219984,-17.037007896014288,-16.023383730393522
-6.792753051139503,-8.11020738664313,-9.405432207433574,-10.674877392307017,-11.915063480249778,-13.122591207399044,-14.294150824188991,-15.426531167144088,-16.516628460455074,-17.561454823212717,-18.558146458981696,-19.503971505267515,-20.39633752136187,-21.2327985940422,-22.01106204165,-22.728994698171803,-23.384628760098938,-23.97616718004029,-24.501988592304087,-24.960651756948728,-25.350899510121206,-25.671662209855857,-25.922060667888644,-26.10140855945111,-26.20921430443878,-26.245182414798123,-26.20921430443878,-26.10140855945111,-25.922060667888655,-25.671662209855864,-25.350899510121213,-24.96065175694874,-24.501988592304098,-23.976167180040317,-23.384628760098973,-22.72899469817181,-22.011062041650014,-21.232798594042215,-20.396337521361882,-19.50397150526756,-18.55814645898171,-17.561454823212735,-16.51662846045509
-6.975333542697488,-8.32819936134654,-9.658238164432179,-10.961804408045015,-12.235325107721081,-13.475309631743864,-14.678359268723366,-15.841176543227544,-16.960574253933405,-18.033484209524307,-19.056965638389016,-20.028213249072305,-20.944564919383957,-21.803508993090436,-22.60269116419018,-23.33992092990268,-24.013177594684297,-24.620615808814424,-25.160570626370614,-25.631562068729743,-26.032299181086508,-26.361683570870856,-26.618812418365593,-26.80298095127256,-26.913684376444454,-26.950619263487777,-26.913684376444454,-26.802980951272566,-26.618812418365604,-26.361683570870863,-26.032299181086515,-25.631562068729746,-25.160570626370625,-24.620615808814456,-24.013177594684333,-23.33992092990269,-22.602691164190194,-21.80350899309045,-20.944564919383975,-20.028213249072355,-19.05696563838903,-18.033484209524325,-16.960574253933427
-7.144362061129474,-8.530010957973108,-9.892279687694725,-11.227434366396302,-12.531815427908983,-13.80184765440953,-15.034049975844052,-16.22504501129879,-17.3715683261666,-18.470477379735303,-19.51876013867329,-20.513543332803525,-21.452100330537494,-22.33185861238267,-23.150406822039756,-23.90550137576269,-24.595072611865653,-25.21723046352206,-25.770269639306143,-26.252674297278375,-26.66312219980278,-27.00048833770842,-27.263848013861335,-27.452479377695095,-27.56586540375304,-27.60369530881911,-27.56586540375304,-27.452479377695095,-27.263848013861345,-27.000488337708425,-26.663122199802782,-26.25267429727838,-25.770269639306154,-25.21723046352209,-24.59507261186569,-23.905501375762697,-23.150406822039773,-22.331858612382682,-21.452100330537508,-20.51354333280357,-19.518760138673308,-18.470477379735325,-17.371568326166624
-7.300663169267993,-8.716626663302314,-10.108698489537808,-11.473063075860502,-12.805980793775099,-14.10379820846672,-15.362958092611974,-16.580009176491508,-17.751615607680577,-18.874566094388673,-19.945782707387043,-20.962329316398794,-21.921419637827977,-22.820424871769067,-23.65688090736492,-24.428495076763316,-25.133152439160156,-25.768921577705285,-26.334059893381703,-26.82701838134842,-27.24644587665505,-27.59119275769099,-27.860314097218392,-28.053072252352006,-28.16893888638708,-28.207596416933498,-28.16893888638708,-28.053072252352013,-27.860314097218403,-27.591192757690997,-27.246445876655052,-26.827018381348427,-26.334059893381713,-25.768921577705317,-25.133152439160188,-24.428495076763326,-23.656880907364933,-22.820424871769077,-21.921419637827995,-20.962329316398847,-19.94578270738706,-18.874566094388687,-17.7516156076806
-7.430176630960599,-8.871259258625779,-10.288026381296735,-11.676594738768504,-13.03315836169146,-14.353999003468699,-15.635496331711714,-16.87413785131953,-18.06652853198382,-19.209400113730954,-20.299620064995374,-21.334200168670893,-22.310304712606193,-23.225258262094506,-24.076552993054328,-24.861855565800866,-25.579013520567905,-26.226061177250532,-26.801225023197468,-27.30292857428614,-27.729796695955972,-28.080659372356735,-28.35455491328056,-28.550732590088035,-28.668654693403177,-28.707998006937448,-28.668654693403177,-28.550732590088046,-28.35455491328058,-28.080659372356745,-27.729796695955987,-27.302928574286145,-26.801225023197485,-26.226061177250564,-25.579013520567948,-24.861855565800877,-24.076552993054342,-23.22525826209452,-22.310304712606207,-21.33420016867094,-20.299620064995388,-19.209400113730972,-18.066528531983852
-7.541970959112508,-9.004736094768134,-10.442819874699529,-11.852280611225884,-13.229255070438795,-14.569969061057831,-15.870747779226681,-17.12802588089483,-18.338357254177915,-19.498424464910894,-20.605047849504416,-21.655194230181724,-22.64598522870824,-23.574705155825992,-24.43880845476929,-25.235926678458817,-25.963874981250413,-26.620658107445255,-27.20447586014684,-27.7137280354757,-28.147018808616938,-28.503160559679042,-28.781177128877452,-28.980306492120715,-29.10000284966548,-29.139938122115712,-29.10000284966548,-28.980306492120715,-28.781177128877463,-28.503160559679046,-28.147018808616945,-27.71372803547571,-27.204475860146854,-26.62065810744529,-25.963874981250445,-25.235926678458828,-24.438808454769305,-23.574705155826006,-22.645985228708255,-21.655194230181777,-20.605047849504434,-19.49842446491092,-18.338357254177943
-7.637531926606559,-9.118831110236862,-10.575136211636183,-12.002455599748117,-13.396877091341597,-14.754578674033178,-16.071838982157466,-17.345047496771492,-18.570714441836326,-19.74548034945063,-20.866125267918605,-21.929577587413757,-22.932922459048093,-23.873409784270077,-24.748461752693732,-25.555679907697744,-26.29285172042826,-26.95795665418683,-27.549171702580857,-28.064876386257566,-28.503657194525175,-28.86431145968751,-29.145850653472518,-29.347503096519613,-29.468716073499067,-29.5091573480664,-29.468716073499067,-29.347503096519613,-29.14585065347253,-28.864311459687517,-28.50365719452518,-28.064876386257573,-27.549171702580875,-26.957956654186862,-26.292851720428303,-25.55567990769775,-24.748461752693746,-23.87340978427008,-22.932922459048108,-21.92957758741381,-20.866125267918623,-19.745480349450652,-18.57071444183635
-7.700609707805899,-9.194142825996959,-10.66247543777899,-12.101582945525655,-13.507520855589346,-14.876435589884085,-16.204575048275355,-17.488298892825505,-18.724088525707174,-19.90855673343531,-21.038456970983916,-22.11069226034023,-23.122323679106362,-24.070578415881076,-24.95285737034325,-25.76674227720516,-26.51000233450953,-27.18060031810269,-27.77669816552431,-28.296662014008838,-28.739066678789822,-29.10269955943228,-29.386563963486168,-29.589881838351165,-29.712095903864707,-29.75287117976822,-29.712095903864707,-29.589881838351165,-29.38656396348618,-29.10269955943229,-28.739066678789833,-28.29666201400884,-27.776698165524323,-27.180600318102734,-26.510002334509565,-25.76674227720518,-24.952857370343263,-24.070578415881087,-23.12232367910638,-22.110692260340283,-21.03845697098393,-19.908556733435333,-18.72408852570719
-7.742193288406993,-9.243791541328585,-10.720053204163467,-12.166931946307498,-13.580461973699771,-14.956768898788427,-16.2920803599578,-17.58273636130916,-18.825199304455182,-20.016063684831263,-21.152065425946738,-22.230090825991702,-23.24718509227733,-24.200560440117044,-25.087603733950722,-25.905883649767603,-26.65315733919634,-27.327376576996613,-27.926693375102,-28.44946504782688,-28.894258714353743,-29.259855226159857,-29.545252508618653,-29.749668307616655,-29.872542333657577,-29.913537797576897,-29.872542333657577,-29.749668307616666,-29.545252508618667,-29.259855226159857,-28.894258714353754,-28.44946504782689,-27.926693375102012,-27.32737657699665,-26.653157339196373,-25.905883649767617,-25.08760373395074,-24.20056044011706,-23.247185092277345,-22.23009082599176,-21.152065425946756,-20.01606368483128,-18.825199304455204
-7.764571353075599,-9.270509831248411,-10.751038486359,-12.202099292274008,-13.619714992186417,-14.999999999999975,-16.339171050450794,-17.63355756877418,-18.879611731495118,-20.07391819076575,-21.213203435596434,-22.294344764321803,-23.314378843709115,-24.270509831248415,-25.160117038362717,-25.980762113533157,-26.73019572565102,-27.406363729278013,-28.007412794916043,-28.531695488854602,-28.977774788672047,-29.34442802201417,-29.630650217854125,-29.83565686104819,-29.958886042637214,-30.0,-29.958886042637214,-29.8356568610482,-29.630650217854143,-29.344428022014174,-28.977774788672058,-28.53169548885461,-28.00741279491606,-27.40636372927804,-26.73019572565106,-25.98076211353317,-25.160117038362735,-24.27050983124843,-23.31437884370913,-22.294344764321856,-21.21320343559645,-20.073918190765774,-18.879611731495142
-7.750124673918583,-9.253261218921475,-10.7310352181096,-12.179396195670003,-13.594374294837523,-14.972091158996221,-16.30877056198545,-17.600748758473024,-18.844484526026662,-20.036568871358522,-21.173734374138817,-22.252864142767788,-23.271000357559092,-24.22535237791773,-25.113304391292083,-25.9324225829343,-26.68046180681726,-27.35537173942392,-27.95530249954139,-28.478609718656873,-28.923859048057405,-29.289830090280002,-29.575519744136265,-29.780144954143022,-29.903144856822983,-29.944182317992496,-29.903144856822983,-29.780144954143037,-29.575519744136283,-29.28983009028001,-28.923859048057416,-28.478609718656887,-27.955302499541403,-27.35537173942395,-26.680461806817295,-25.93242258293431,-25.113304391292104,-24.225352377917737,-23.271000357559107,-22.252864142767837,-21.173734374138835,-20.03656887135854,-18.84448452602668
-7.711195980023578,-9.206782305526168,-10.677133480684894,-12.118219375131519,-13.526090072598008,-14.896886697362449,-16.226851991159364,-17.51234061156317,-18.749829123618547,-19.935925657330728,-21.067379204545368,-22.141088529735885,-23.15411067027463,-24.103669002888648,-24.987160854191234,-25.802164634428742,-26.54644647488973,-27.217966350783936,-27.814883672808293,-28.335562332074336,-28.778575184568954,-29.142707962856903,-29.426962604303448,-29.630559986694685,-29.752942063757377,-29.79377339472495,-29.752942063757377,-29.630559986694692,-29.426962604303462,-29.142707962856907,-28.778575184568968,-28.33556233207435,-27.814883672808307,-27.217966350783975,-26.546446474889763,-25.802164634428756,-24.987160854191256,-24.103669002888665,-23.154110670274648,-22.14108852973594,-21.067379204545386,-19.93592565733075,-18.749829123618568
-7.650943845144779,-9.134844270141075,-10.593706721948152,-12.023532559989897,-13.42040273103021,-14.780488511025482,-16.100061999391233,-17.37550633691825,-18.6033256193324,-19.780154479325276,-20.902767310791997,-21.96808710999334,-22.973193909409247,-23.915332781166587,-24.791921388105152,-25.600557061784247,-26.339023388029865,-27.00529628197198,-27.597549535920354,-28.11415982487291,-28.553711155936785,-28.914998749466356,-29.197032341280554,-29.399038896908145,-29.520464730421455,-29.560977022051013,-29.520464730421455,-29.399038896908152,-29.197032341280565,-28.914998749466363,-28.553711155936796,-28.11415982487292,-27.59754953592037,-27.005296281972026,-26.339023388029897,-25.600557061784254,-24.791921388105166,-23.915332781166605,-22.97319390940926,-21.968087109993395,-20.902767310792015,-19.78015447932529,-18.603325619332423
-7.551376015943168,-9.015965262206663,-10.455842374378507,-11.867060749378874,-13.245752335734469,-14.588138235638732,-15.890539062648205,-17.14938502662479,-18.36122571828253,-19.52273956651962,-20.630742942613857,-21.682198886327715,-22.67422543000535,-23.604103497845426,-24.46928435869902,-25.26739661196453,-25.99625268743182,-26.653854841260248,-27.238400631655523,-27.748287859237447,-28.182118958557034,-28.53870482872629,-28.817068092661046,-29.016445776003664,-29.13629139838268,-29.176276471277514,-29.13629139838268,-29.01644577600367,-28.817068092661057,-28.538704828726296,-28.182118958557044,-27.74828785923745,-27.238400631655534,-26.65385484126029,-25.99625268743186,-25.267396611964543,-24.46928435869904,-23.604103497845436,-22.674225430005365,-21.682198886327765,-20.63074294261387,-19.522739566519633,-18.361225718282554
-7.425526516994433,-8.865707255137178,-10.281587705941346,-11.669287039507932,-13.02500166842142,-14.345015673118485,-15.62571098696539,-16.86357731312688,-18.055221746045973,-19.19737807116223,-20.28691571737882,-21.320848337740262,-22.296341994801992,-23.2107229282557,-24.06148488352062,-24.84629598121312,-25.563005108665948,-26.209647815978652,-26.78445170043804,-27.285841264550935,-27.712442234373263,-28.06308532629942,-28.336809451987325,-28.532864352634814,-28.650712655386815,-28.69003134623702,-28.650712655386815,-28.532864352634814,-28.33680945198734,-28.063085326299426,-27.712442234373277,-27.28584126455094,-26.78445170043805,-26.209647815978684,-25.56300510866599,-24.84629598121313,-24.061484883520635,-23.210722928255706,-22.296341994802006,-21.320848337740312,-20.28691571737884,-19.19737807116225,-18.055221746045994
-7.277385314905359,-8.688834069493037,-10.076467333849685,-11.436481701650909,-12.765149468048005,-14.058828847047796,-15.313973953395083,-16.527144521597393,-17.695015335453732,-18.81438534224103,-19.882186426577142,-20.895491819911797,-21.851524122595936,-22.747662916540868,-23.58145194760221,-24.350605858001806,-25.053016450334457,-25.686758465990586,-26.250094862156132,-26.741481572926215,-27.159571741482505,-27.503219411734076,-27.771482669303428,-27.963626223248305,-28.079123421443096,-28.117657694095637,-28.079123421443096,-27.963626223248312,-27.77148266930344,-27.503219411734083,-27.159571741482516,-26.741481572926226,-26.25009486215614,-25.686758465990618,-25.05301645033449,-24.350605858001817,-23.581451947602226,-22.74766291654088,-21.851524122595954,-20.895491819911847,-19.882186426577153,-18.814385342241057,-17.695015335453757
-7.089688768858877,-8.464733781622538,-9.816577547467201,-11.141514756596195,-12.435913848214557,-13.69622696438469,-14.918999674458552,-16.10088044343168,-17.238629818267828,-18.32912930701458,-19.369389926372957,-20.3565603942929,-21.287934945139284,-22.160960746007262,-22.97324489385992,-23.72256097430918,-24.406855164062833,-25.02425186031152,-25.5730588216255,-26.05177180627094,-26.45907869523184,-26.793863088637128,-27.055207365735036,-27.24239520002787,-27.35491352267311,-27.39245392876943,-27.35491352267311,-27.242395200027875,-27.055207365735047,-26.79386308863713,-26.459078695231852,-26.051771806270953,-25.573058821625516,-25.02425186031155,-24.406855164062865,-23.72256097430919,-22.97324489385993,-22.16096074600727,-21.287934945139302,-20.35656039429295,-19.369389926372975,-18.3291293070146,-17.238629818267853
