hough_viz/data/file_4_0_0.json
{"header": {"discipline": 0, "disciplineName": "Meteorological products", "gribEdition": 2, "gribLength": 133963, "center": 7, "centerName": "US National Weather Service - NCEP(WMC)", "subcenter": 0, "refTime": "2014-11-30T06:00:00.000Z", "significanceOfRT": 1, "significanceOfRTName": "Start of forecast", "productStatus": 0, "productStatusName": "Operational products", "productType": 1, "productTypeName": "Forecast products", "productDefinitionTemplate": 0, "productDefinitionTemplateName": "Analysis/forecast at horizontal level/layer at a point in time", "parameterCategory": 2, "parameterCategoryName": "Momentum", "parameterNumber": 3, "parameterNumberName": "V-component_of_wind", "parameterUnit": "m.s-1", "genProcessType": 2, "genProcessTypeName": "Forecast", "forecastTime": 6, "surface1Type": 100, "surface1TypeName": "Isobaric surface", "surface1Value": 85000, "surface2Type": 255, "surface2TypeName": "Missing", "surface2Value": 0, "gridDefinitionTemplate": 0, "gridDefinitionTemplateName": "Latitude_Longitude", "numberPoints": 65160, "shape": 6, "shapeName": "Earth spherical with radius of 6,371,229.0 m", "gridUnits": "degrees", "resolution": 48, "winds": "true", "scanMode": 0, "nx": 360, "ny": 181, "basicAngle": 0, "subDivisions": 0, "lo1": 0, "la1": 90, "lo2": 359, "la2": -90, "dx": 1, "dy": 1}, "data":
[rows 0 to 19 of 181, columns 0 to 43 of 360]
0.0,-0.0001629639281462644,-0.00032513391241567694,-0.00048571987694614685,-0.0006439394630605265,-0.0007990218408394437,-0.0009502114645271857,-0.0010967717534746736,-0.001237988680686344,-0.0013731742514878982,-0.0015016698553671954,-0.0016228494746584705,-0.0017361227344374678,-0.0018409377787687328,-0.0019367839592922553,-0.0020231943230509483,-0.0020997478874385197,-0.00216607169118441,-0.0022218426113836155,-0.0022667889377189967,-0.0023006916962066393,-0.0023233857160150835,-0.0023347604341610187,-0.0023347604341610187,-0.0023233857160150843,-0.0023006916962066393,-0.0022667889377189967,-0.002221842611383615,-0.00216607169118441,-0.0020997478874385197,-0.002023194323050949,-0.0019367839592922553,-0.0018409377787687333,-0.001736122734437468,-0.00162284947465847,-0.0015016698553671963,-0.0013731742514878987,-0.001237988680686344,-0.0010967717534746747,-0.0009502114645271863,-0.0007990218408394442,-0.0006439394630605277,-0.00048571987694614685,-0.00032513391241567764
0.0,-1.5801578940703188e-06,-3.1526174177176424e-06,-4.709717706205834e-06,-6.243872723448579e-06,-7.747608220414546e-06,-9.213598148917532e-06,-1.0634700353386611e-05,-1.2003991366730398e-05,-1.3314800140772417e-05,-1.4560740546927592e-05,-1.5735742488778676e-05,-1.6834081474975782e-05,-1.7850406508382698e-05,-1.8779766155597377e-05,-1.9617632669837454e-05,-2.0359924049667746e-05,-2.100302392610035e-05,-2.1543799181181654e-05,-2.197961521222726e-05,-2.2308348767342176e-05,-2.2528398289689948e-05,-2.263869172011703e-05,-2.263869172011703e-05,-2.252839828968991e-05,-2.2308348767342176e-05,-2.197961521222726e-05,-2.1543799181181614e-05,-2.100302392610035e-05,-2.0359924049667705e-05,-1.961763266983753e-05,-1.8779766155597414e-05,-1.7850406508382742e-05,-1.6834081474975782e-05,-1.5735742488778676e-05,-1.4560740546927592e-05,-1.3314800140772417e-05,-1.2003991366730398e-05,-1.0634700353386631e-05,-9.213598148917532e-06,-7.747608220414567e-06,-6.243872723448599e-06,-4.709717706205843e-06,-3.152617417717652e-06
0.0,0.00015980361235812376,0.0003188286775802416,0.0004763004415337352,0.0006314517176136293,0.0007835266243986145,0.0009317842682293506,0.0010755023527679005,0.0012139806979528836,0.0013465446512063535,0.0014725483742733401,0.0015913779896809133,0.0017024545714875163,0.0018052369657519675,0.0018992244269810607,0.0019839590577112732,0.002059028039339184,0.002124065643332209,0.0021787550130212513,0.0022228297072945423,0.002256074998671955,0.0022783289194357043,0.0022894830507207845,0.0022894830507207845,0.0022783289194357043,0.002256074998671955,0.0022228297072945423,0.0021787550130212513,0.002124065643332209,0.002059028039339184,0.001983959057711274,0.001899224426981061,0.0018052369657519678,0.0017024545714875168,0.0015913779896809127,0.0014725483742733408,0.0013465446512063535,0.0012139806979528836,0.0010755023527679016,0.0009317842682293512,0.0007835266243986148,0.0006314517176136305,0.0004763004415337352,0.0003188286775802423
0.0,0.00044742863063787497,0.0008926774339626509,0.0013335772025607825,0.0017679799170787498,0.002193769211157429,0.0026088706821562595,0.0030112619974343893,0.003398982746952015,0.003770143994191042,0.004122937478863919,0.004455644426575997,0.004766643922521609,0.0050544208084180664,0.005317573064204517,0.005554818638542735,0.005765001694842391,0.005947098242380718,0.006100221125082391,0.006223624343654748,0.006316706690021349,0.006379014676347301,0.006410244744386405,0.006410244744386405,0.0063790146763473025,0.006316706690021349,0.006223624343654748,0.006100221125082393,0.005947098242380718,0.005765001694842391,0.0055548186385427365,0.0053175730642045175,0.005054420808418068,0.0047666439225216095,0.004455644426575997,0.004122937478863921,0.0037701439941910425,0.003398982746952015,0.00301126199743439,0.002608870682156261,0.0021937692111574304,0.0017679799170787533,0.0013335772025607825,0.000892677433962653
0.0,0.0009451860390940907,0.001885767226815483,0.0028171611461644897,0.00373483013958943,0.004634303415998104,0.005511198832002587,0.006361244241281322,0.007180298308046567,0.007964370683216074,0.008709641444992693,0.009412479709139407,0.01006946131828234,0.010677385524061318,0.011233290580854108,0.011734468175103395,0.012178476619948198,0.012563152750876801,0.01288662246444683,0.013147309848728835,0.013343944860990798,0.013475569515218661,0.013541542549327892,0.013541542549327892,0.013475569515218663,0.013343944860990798,0.013147309848728835,0.012886622464446832,0.012563152750876801,0.012178476619948198,0.0117344681751034,0.01123329058085411,0.01067738552406132,0.010069461318282343,0.009412479709139405,0.008709641444992696,0.007964370683216078,0.007180298308046567,0.006361244241281327,0.00551119883200259,0.004634303415998107,0.0037348301395894374,0.002817161146164489,0.0018857672268154872
0.0,0.0019081645930452357,0.003807032800001189,0.005687353525837136,0.007539966036985981,0.009355844591517367,0.011126142411645086,0.012842234784339202,0.014495761080060936,0.016078665484909428,0.017583236247737236,0.019002143251026803,0.020328473722486123,0.021555765913380525,0.022678040579522954,0.02368983011155061,0.024586205172568196,0.02536279871338172,0.026015827248323263,0.02654210928801279,0.026939080839254604,0.027204807896554516,0.027337995864400142,0.027337995864400142,0.02720480789655452,0.026939080839254604,0.02654210928801279,0.026015827248323263,0.02536279871338172,0.02458620517256819,0.02368983011155061,0.022678040579522957,0.021555765913380532,0.020328473722486126,0.0190021432510268,0.017583236247737246,0.01607866548490943,0.014495761080060936,0.012842234784339207,0.011126142411645093,0.00935584459151737,0.007539966036985993,0.005687353525837134,0.0038070328000011974
0.0,0.0032107680766645906,0.00640589361400495,0.00956981028157605,0.01268710379540928,0.015742587014854488,0.01872137393280264,0.021608952198816103,0.024391253821841215,0.02705472370804658,0.02958638569987764,0.03197390579459201,0.03420565223428088,0.03627075217462449,0.03815914465629659,0.03986162962094702,0.04136991273296119,0.04267664578862945,0.04377546251585694,0.0446610095900013,0.04532897271473214,0.04577609764084922,0.04600020602065732,0.04600020602065732,0.04577609764084922,0.04532897271473214,0.0446610095900013,0.04377546251585695,0.04267664578862945,0.04136991273296118,0.03986162962094702,0.0381591446562966,0.0362707521746245,0.03420565223428089,0.031973905794592,0.029586385699877656,0.02705472370804658,0.024391253821841215,0.02160895219881612,0.01872137393280265,0.015742587014854495,0.012687103795409303,0.009569810281576049,0.006405893614004964
0.0,0.004944237829182069,0.00986438782865341,0.014736479522188347,0.01953677656879693,0.02424189240379224,0.02882890417578278,0.033275464424500224,0.03755990995537949,0.04166136738046509,0.04555985481145907,0.049236379209472214,0.052673028917200326,0.055853060922718224,0.058760982429750676,0.06138262633701867,0.06370522025893273,0.06571744875137164,0.0674095084393887,0.06877315577826915,0.06980174721525131,0.07049027155624787,0.07083537437987973,0.07083537437987973,0.07049027155624787,0.06980174721525131,0.06877315577826915,0.0674095084393887,0.06571744875137164,0.06370522025893273,0.061382626337018686,0.058760982429750676,0.05585306092271823,0.05267302891720033,0.04923637920947221,0.04555985481145909,0.0416613673804651,0.03755990995537949,0.033275464424500245,0.0288289041757828,0.024241892403792258,0.019536776568796963,0.014736479522188345,0.009864387828653431
0.0,0.00747837046251249,0.014920307055854787,0.022289553413004974,0.029550207306465084,0.036666895560304544,0.04360494638471765,0.050330558293498306,0.05681096478148306,0.06301459395967063,0.06891122237029154,0.07447212223245622,0.07967020140101592,0.08448013535677054,0.08887849058498047,0.09284383874109499,0.09635686104749296,0.09940044241262533,0.10195975481402092,0.10402232953892132,0.10557811793059609,0.1066195403443883,0.10714152307498137,0.10714152307498137,0.1066195403443883,0.10557811793059609,0.10402232953892132,0.10195975481402093,0.09940044241262533,0.09635686104749296,0.09284383874109502,0.08887849058498047,0.08448013535677054,0.07967020140101594,0.07447212223245622,0.06891122237029157,0.06301459395967066,0.05681096478148306,0.05033055829349834,0.04360494638471769,0.036666895560304565,0.02955020730646514,0.022289553413004974,0.014920307055854818
0.0,0.010532959436167059,0.02101460335273049,0.03139386623413996,0.0416201813549571,0.05164372713585889,0.06141566986936407,0.07088840163274726,0.08001577222905291,0.08875331402621593,0.09705845859889516,0.1048907441175627,0.11221201247447017,0.11898659518611412,0.12518148716650201,0.13076650752461386,0.1357144466026691,0.14000119853884463,0.14360587870861014,0.14651092547251982,0.14870218573475405,0.15016898389558003,0.15090417386180022,0.15090417386180022,0.15016898389558006,0.14870218573475405,0.14651092547251982,0.1436058787086102,0.14000119853884463,0.1357144466026691,0.13076650752461388,0.12518148716650207,0.11898659518611415,0.11221201247447021,0.10489074411756268,0.0970584585988952,0.08875331402621596,0.08001577222905291,0.07088840163274732,0.06141566986936411,0.05164372713585891,0.041620181354957174,0.03139386623413996,0.021014603352730536
0.0,0.014215739580269497,0.02836222150626506,0.042370525540042635,0.05617240463245947,0.06970061741593733,0.08288925579764628,0.095674066057108,0.10799276188386293,0.11978532783011415,0.13099431169995612,0.1415651044506981,0.15144620624263078,0.1605894773410688,0.1689503726482989,0.17648815872281862,0.18316611222856846,0.18895169884733384,0.19381673178267345,0.19773750908315757,0.20069492911589348,0.20267458362776045,0.2036668279409709,0.2036668279409709,0.2026745836277605,0.20069492911589348,0.19773750908315757,0.19381673178267347,0.18895169884733384,0.1831661122285684,0.17648815872281864,0.16895037264829896,0.16058947734106882,0.15144620624263078,0.14156510445069806,0.13099431169995618,0.11978532783011418,0.10799276188386293,0.09567406605710807,0.08288925579764635,0.06970061741593735,0.056172404632459566,0.042370525540042635,0.028362221506265127
0.0,0.019016099636636002,0.03793955474733397,0.05667817216097362,0.07514065921711498,0.09323706853466317,0.11087923622646785,0.12798121142491908,0.1444596750259344,0.16023434561125918,0.17522837057146598,0.18936870052414284,0.20258644520314123,0.21481720908502822,0.22600140511760333,0.23608454502202725,0.24501750475423936,0.25275676383236223,0.25926461736411494,0.2645093597412578,0.26846543910612913,0.27111358183772705,0.2724408864508534,0.2724408864508534,0.27111358183772705,0.26846543910612913,0.2645093597412578,0.25926461736411494,0.25275676383236223,0.24501750475423933,0.2360845450220273,0.22600140511760342,0.2148172090850283,0.20258644520314129,0.1893687005241428,0.175228370571466,0.16023434561125924,0.1444596750259344,0.12798121142491914,0.11087923622646792,0.09323706853466322,0.0751406592171151,0.056678172160973615,0.037939554747334056
0.0,0.02449940302132219,0.04887944741379587,0.07302135605181442,0.09680751198322957,0.12012203144731949,0.14285132844882245,0.1648846681374881,0.1861147062971367,0.20643801231589065,0.22575557308971794,0.24397327540432293,0.261002364445266,0.2767598762024976,0.29116904166267615,0.3041596608200839,0.31566844468399846,0.32563932361629355,0.3340237204970804,0.34078078738755246,0.3458776045370374,0.3492893407647131,0.35099937443462487,0.35099937443462487,0.34928934076471313,0.3458776045370374,0.34078078738755246,0.33402372049708046,0.32563932361629355,0.31566844468399846,0.30415966082008405,0.2911690416626763,0.2767598762024977,0.26100236444526603,0.24397327540432293,0.22575557308971797,0.20643801231589068,0.1861147062971367,0.16488466813748817,0.14285132844882253,0.12012203144731955,0.09680751198322972,0.0730213560518144,0.04887944741379597
0.0,0.030778333299441508,0.061406717652875385,0.09173593465048611,0.12161822339574359,0.15090800038163807,0.17946256875889235,0.20714281354066766,0.2338138793567956,0.2593458274555863,0.2836142687523647,0.30650096984058817,0.3278944290131181,0.3476904194873288,0.36579249718751605,0.382112470610739,0.3965708304869577,0.40909713714020424,0.41963036366360423,0.42811919323633174,0.43452226913400277,0.4388083962144786,0.44095669289746336,0.44095669289746336,0.43880839621447865,0.43452226913400277,0.42811919323633174,0.4196303636636043,0.40909713714020424,0.39657083048695757,0.38211247061073916,0.3657924971875162,0.3476904194873289,0.32789442901311816,0.30650096984058817,0.28361426875236473,0.2593458274555863,0.2338138793567956,0.2071428135406678,0.17946256875889247,0.15090800038163812,0.1216182233957438,0.09173593465048611,0.06140671765287552
0.0,0.038459976757691264,0.07673258037460239,0.11463135057306047,0.15197164835422966,0.18857155554075372,0.22425276106382966,0.25884142967681145,0.29216904886305717,0.3240732498119724,0.35439859846353267,0.38299735276740127,0.40973018246734616,0.43446684790424434,0.4570868345306077,0.47747994004534594,0.495546811288299,0.5111994282788468,0.5243615330404068,0.5349690011216309,0.5429701540042864,0.5483260108758021,0.5510104785398687,0.5510104785398687,0.5483260108758021,0.5429701540042864,0.5349690011216309,0.5243615330404069,0.5111994282788468,0.4955468112882989,0.47747994004534616,0.45708683453060783,0.43446684790424445,0.40973018246734627,0.38299735276740116,0.3543985984635328,0.32407324981197244,0.29216904886305717,0.25884142967681156,0.2242527610638298,0.18857155554075378,0.1519716483542299,0.11463135057306044,0.07673258037460257
0.0,0.046961814647987356,0.09369483605559481,0.1399713856401114,0.18556600870366388,0.23025657282584203,0.27382535007052244,0.3160600777344873,0.3567549924699775,0.3957118327430405,0.43274080474379367,0.4676615070427888,0.5003038094886417,0.530508682065029,0.5581289696689418,0.5830301090355551,0.605090784316929,0.6242035181206238,0.6402751951287532,0.6532275157464527,0.6629973775696357,0.669537182813563,0.6728150702044647,0.6728150702044647,0.6695371828135632,0.6629973775696357,0.6532275157464527,0.6402751951287532,0.6242035181206238,0.605090784316929,0.5830301090355552,0.5581289696689419,0.5305086820650291,0.5003038094886417,0.46766150704278875,0.4327408047437939,0.39571183274304067,0.3567549924699775,0.31606007773448747,0.2738253500705226,0.23025657282584217,0.18556600870366416,0.13997138564011138,0.09369483605559503
0.0,0.05639076916296549,0.11250680816694932,0.16807472531068854,0.2228237992875264,0.2764872981124055,0.32880377861328686,0.37951836015600465,0.42838396639709436,0.47516252901490347,0.5196261475545221,0.5615581997358929,0.6007543968157831,0.6370237788620079,0.6701896450910231,0.7000904147363826,0.7265804142539887,0.7495305870289573,0.7688291221264718,0.7843819990234193,0.7961134456669275,0.8039663076281903,0.8079023265530991,0.8079023265530991,0.8039663076281905,0.7961134456669275,0.7843819990234193,0.7688291221264718,0.7495305870289573,0.7265804142539887,0.7000904147363827,0.6701896450910233,0.6370237788620079,0.6007543968157832,0.5615581997358929,0.5196261475545222,0.47516252901490347,0.42838396639709436,0.37951836015600493,0.3288037786132871,0.27648729811240563,0.22282379928752677,0.1680747253106885,0.11250680816694957
0.0,0.06746169030921985,0.13459471404447856,0.20107200586232585,0.26656969507929934,0.3307686835373385,0.3933562002179355,0.4540273250310979,0.5124864743553755,0.5684488410915545,0.6216417822142127,0.6718061470611371,0.718697539889297,0.7620875105463404,0.8017646674567709,0.8375357075004545,0.8692263577659908,0.896682224590819,0.919769545751623,0.9383758421404362,0.9524104657515512,0.9618050413094898,0.9665137993864736,0.9665137993864736,0.9618050413094901,0.9524104657515512,0.9383758421404362,0.919769545751623,0.896682224590819,0.8692263577659908,0.8375357075004547,0.8017646674567712,0.7620875105463406,0.7186975398892971,0.6718061470611368,0.621641782214213,0.5684488410915546,0.5124864743553755,0.4540273250310982,0.3933562002179358,0.3307686835373387,0.26656969507929984,0.20107200586232585,0.13459471404447887
0.0,0.07945785502049837,0.15852859935841254,0.23682700829549155,0.31397161985392263,0.3895865932407422,0.4633035399064002,0.5347633182967435,0.6036177835545655,0.6695314836463572,0.7321832936508932,0.7912679802475697,0.8464976887824588,0.8976033456672502,0.9443359692787232,0.9864678829721905,1.023793824299222,1.0561319450256628,1.0833246970779504,1.1052396001014924,1.1217698868916355,1.1328350235527576,1.1383811018513093,1.1383811018513093,1.1328350235527578,1.1217698868916355,1.1052396001014924,1.0833246970779504,1.0561319450256628,1.0237938242992217,0.9864678829721909,0.9443359692787239,0.8976033456672504,0.8464976887824591,0.7912679802475695,0.7321832936508935,0.6695314836463574,0.6036177835545655,0.5347633182967438,0.46330353990640055,0.38958659324074235,0.31397161985392313,0.2368270082954915,0.15852859935841285
0.0,0.09247121449460081,0.18449191852735794,0.27561379647811246,0.36539291171702776,0.4533918694192246,0.5391819475084023,0.622345185347699,0.7024764200019009,0.7791852601505364,0.852097988035147,0.9208593801746405,0.9851344379783844,1.0446100198256651,1.098996366660187,1.1480285136670692,1.191467581154788,1.229101938353023,1.260748234456497,1.2862522918916683,1.3054898574543714,1.3183672076589388,1.3248216053496003,1.3248216053496003,1.3183672076589388,1.3054898574543714,1.2862522918916683,1.260748234456497,1.229101938353023,1.191467581154788,1.1480285136670694,1.0989963666601874,1.0446100198256654,0.9851344379783844,0.9208593801746403,0.8520979880351472,0.7791852601505365,0.7024764200019009,0.6223451853476993,0.5391819475084028,0.45339186941922477,0.36539291171702837,0.27561379647811246,0.18449191852735833
