hough_viz/data/file_4_2_2.json
{"header": {"discipline": 0, "disciplineName": "Meteorological products", "gribEdition": 2, "gribLength": 133963, "center": 7, "centerName": "US National Weather Service - NCEP(WMC)", "subcenter": 0, "refTime": "2014-11-30T06:00:00.000Z", "significanceOfRT": 1, "significanceOfRTName": "Start of forecast", "productStatus": 0, "productStatusName": "Operational products", "productType": 1, "productTypeName": "Forecast products", "productDefinitionTemplate": 0, "productDefinitionTemplateName": "Analysis/forecast at horizontal level/layer at a point in time", "parameterCategory": 2, "parameterCategoryName": "Momentum", "parameterNumber": 2, "parameterNumberName": "U-component_of_wind", "parameterUnit": "m.s-1", "genProcessType": 2, "genProcessTypeName": "Forecast", "forecastTime": 6, "surface1Type": 100, "surface1TypeName": "Isobaric surface", "surface1Value": 85000, "surface2Type": 255, "surface2TypeName": "Missing", "surface2Value": 0, "gridDefinitionTemplate": 0, "gridDefinitionTemplateName": "Latitude_Longitude", "numberPoints": 65160, "shape": 6, "shapeName": "Earth spherical with radius of 6,371,229.0 m", "gridUnits": "degrees", "resolution": 48, "winds": "true", "scanMode": 0, "nx": 360, "ny": 181, "basicAngle": 0, "subDivisions": 0, "lo1": 0, "la1": 90, "lo2": 359, "la2": -90, "dx": 1, "dy": 1}, "data":
[rows 76 to 94 of 181, columns 301 to 343 of 360]
1.3684288501893698,1.506615909387795,1.6374628873201849,1.7603323106627446,1.8746255719357467,1.9797858458589759,2.0753008021485573,2.160705101538582,2.2355826628672246,2.299568690182361,2.3523514499907656,2.393673789992357,2.4233343919003527,2.4411887522437326,2.4471498863736163,2.441188752243733,2.423334391900353,2.3936737899923575,2.352351449990767,2.2995686901823618,2.235582662867226,2.160705101538584,2.075300802148559,1.9797858458589783,1.8746255719357499,1.7603323106627538,1.6374628873201882,1.5066159093878049,1.368428850189373,1.2235749431868124,1.0727599020543612,0.9167184825125569,0.7562109026721711,0.5920191393280123,0.42494311824662007,0.25579681700824625,0.08540429939003161,-0.08540429939001842,-0.25579681700824175,-0.4249431182466157,-0.592019139328008,-0.7562109026721668,-0.9167184825125607
2.4544863059114808,2.7023459183493346,2.937039973111852,3.157425064355594,3.3624274980690645,3.551048523001962,3.722369196480943,3.875554861405921,4.009859212615534,4.124627932810921,4.2193018803238065,4.293419813198494,4.346620636316331,4.378645160614814,4.389337365830654,4.378645160614815,4.346620636316333,4.293419813198495,4.219301880323807,4.124627932810924,4.009859212615536,3.8755548614059245,3.7223691964809476,3.551048523001967,3.36242749806907,3.1574250643556105,2.9370399731118577,2.7023459183493523,2.4544863059114874,2.194668682915334,1.9241588547033295,1.6442747179669945,1.3563798400866411,1.061876815968196,0.762200434741868,0.45881068961356714,0.15318566492498908,-0.15318566492496544,-0.4588106896135591,-0.7622004347418603,-1.0618768159681882,-1.3563798400866336,-1.6442747179670016
3.4971759610503477,3.850328747539831,4.1847231194049925,4.4987299408793096,4.790819402292431,5.05956847314905,5.303667834990533,5.521928260262779,5.713286406113301,5.876809994890782,6.01170235610803,6.117306307740528,6.193107357951194,6.238736211642898,6.253970569627049,6.238736211642902,6.193107357951196,6.117306307740531,6.011702356108034,5.876809994890785,5.713286406113306,5.521928260262785,5.303667834990539,5.059568473149057,4.790819402292438,4.4987299408793335,4.1847231194050005,3.850328747539856,3.497175961050357,3.1269852848135358,2.741560250592546,2.3427786104113606,1.9325831883355342,1.512972415228698,1.0859905925983668,0.6537179329642453,0.21826042527226283,-0.21826042527222914,-0.6537179329642337,-1.0859905925983555,-1.5129724152286872,-1.9325831883355233,-2.3427786104113704
4.504552845686987,4.959432842307377,5.390150980640491,5.794608845212007,6.170835957961715,6.516999378214473,6.831412632583059,7.112543931296912,7.359023630927887,7.5696509071554505,7.743399605062003,7.8794232384565,7.977059113870092,8.035831559132088,8.055454240796957,8.035831559132088,7.977059113870094,7.8794232384565035,7.743399605062007,7.569650907155456,7.359023630927892,7.112543931296919,6.831412632583068,6.516999378214483,6.170835957961724,5.7946088452120375,5.3901509806405015,4.95943284230741,4.504552845686999,4.027727120398493,3.531278713445094,3.0176262715627113,2.489272257816007,1.9487907598499679,1.3988149491937572,0.842024252713406,0.28113129871387366,-0.2811312987138303,-0.8420242527133912,-1.3988149491937425,-1.948790759849953,-2.4892722578159923,-3.017626271562724
5.4474003310077705,5.997491212177313,6.518362919026836,7.00747781695841,7.462452987354994,7.88107183692031,8.261294896698725,8.601269758162898,8.899340097961897,9.154053747362166,9.364169767067551,9.52866449295084,9.646736523242478,9.71781062287944,9.741540525992647,9.717810622879446,9.64673652324248,9.528664492950844,9.364169767067558,9.154053747362171,8.899340097961904,8.601269758162907,8.261294896698734,7.881071836920322,7.4624529873550065,7.007477816958448,6.518362919026849,5.997491212177353,5.447400331007786,4.870770262996342,4.270410291871664,3.649245311065159,3.0103015739240004,2.356691950109108,1.6916007600071972,1.0182682610415776,0.33997486146419964,-0.3399748614641472,-1.0182682610415599,-1.6916007600071796,-2.3566919501090906,-3.0103015739239836,-3.649245311065175
6.32034326854586,6.958585913959285,7.5629270282745145,8.130422322330753,8.658307016099823,9.144009308416402,9.585162906534977,9.979618554470141,10.325454503955658,10.620985877008957,10.864772874487242,11.055627790644175,11.192620799512905,11.275084484924724,11.302617092093517,11.275084484924728,11.192620799512909,11.055627790644177,10.864772874487247,10.620985877008964,10.325454503955665,9.97961855447015,9.585162906534988,9.144009308416411,8.658307016099833,8.130422322330798,7.562927028274528,6.9585859139593325,6.320343268545876,5.65130854604678,4.9547412163788564,4.234034885553616,3.4927007623696573,2.7343505521564473,1.9626788609091663,1.1814451955392469,0.3944556479351949,-0.3944556479351341,-1.181445195539226,-1.9626788609091463,-2.7343505521564277,-3.492700762369637,-4.234034885553634
7.139973723611851,7.8609845174747655,8.543697384951944,9.184786217579095,9.781127695005717,10.329816501497751,10.828179480344017,11.273788657206866,11.664473068969054,11.998329340447956,12.273730957448047,12.489336190974575,12.644094634002354,12.737252318953228,12.768355390950289,12.737252318953232,12.644094634002355,12.489336190974578,12.273730957448052,11.998329340447963,11.664473068969063,11.273788657206879,10.828179480344032,10.329816501497767,9.781127695005729,9.184786217579141,8.54369738495196,7.860984517474817,7.1399737236118686,6.384177695475167,5.597278595341369,4.783110116527585,3.9456388060226253,3.0889447398689067,2.2172016454422754,1.334656567471289,0.44560917686288204,-0.4456091768628133,-1.3346565674712658,-2.2172016454422523,-3.0889447398688845,-3.9456388060226035,-4.783110116527605
7.8698464123165595,8.664561411134958,9.417063537716974,10.123686677343146,10.780988233106768,11.385765897899805,11.935073255731464,12.426234136370589,12.856855653377982,13.224839862008729,13.528393980188023,13.766039122765251,13.936617506493784,14.039298090634574,14.073580625703098,14.039298090634576,13.936617506493784,13.766039122765255,13.528393980188032,13.224839862008736,12.856855653377991,12.426234136370603,11.935073255731476,11.385765897899821,10.780988233106786,10.123686677343201,9.41706353771699,8.664561411135013,7.869846412316582,7.036790312851574,6.169451678318002,5.27205609535882,4.348975585048275,3.404707302844826,2.443851628901995,1.4710897554781623,0.49116088063916413,-0.49116088063908836,-1.4710897554781364,-2.4438516289019696,-3.404707302844801,-4.34897558504825,-5.272056095358842
8.507066113334712,9.366129007576982,10.179561062774336,10.943399319719752,11.653922435206184,12.307668812036441,12.901453463576999,13.43238353069261,13.897872375465127,14.29565218303362,14.623785010160313,14.880672226695234,15.065062303941643,15.17605691197801,15.213115296231132,15.176056911978018,15.065062303941643,14.880672226695243,14.62378501016032,14.295652183033631,13.897872375465136,13.432383530692622,12.901453463577017,12.307668812036457,11.653922435206203,10.943399319719807,10.179561062774354,9.366129007577046,8.507066113334735,7.606557648115593,6.668990798643289,5.69893329636465,4.7011111639208965,3.6803856904405094,2.641729747827477,1.590203563428669,0.5309300671156474,-0.5309300671155656,-1.5902035634286413,-2.6417297478274495,-3.6803856904404815,-4.70111116392087,-5.698933296364675
9.076680150016031,9.993263965858457,10.861161604178605,11.676144754923342,12.4342429021041,13.13176266775149,13.765305805681765,14.331785757410486,14.828442689555148,15.252856939466136,15.602960803579874,15.877048611062705,16.07378503366778,16.192211591320053,16.231751321734837,16.19221159132006,16.073785033667786,15.877048611062708,15.602960803579881,15.252856939466149,14.82844268955516,14.331785757410502,13.76530580568178,13.131762667751508,12.434242902104117,11.676144754923403,10.861161604178626,9.993263965858525,9.076680150016053,8.115875660867449,7.115531441304015,6.080521067809317,5.015887006884093,3.9268160486564736,2.818614037362082,1.6966800218036413,0.5664799517287669,-0.5664799517286795,-1.6966800218036118,-2.818614037362053,-3.9268160486564456,-5.015887006884065,-6.080521067809343
9.538323601193534,10.501525223221211,11.413564469970979,12.269997977910538,13.06665328907764,13.799649178875713,14.46541456501019,15.060705905442353,15.582623000600037,16.028623122858583,16.39653340445413,16.684561423476946,16.891303936370836,17.015753714394666,17.057304450739544,17.01575371439467,16.89130393637084,16.684561423476953,16.396533404454132,16.02862312285859,15.582623000600051,15.060705905442367,14.465414565010207,13.799649178875733,13.066653289077662,12.2699979779106,11.413564469971002,10.50152522322128,9.538323601193559,8.528652225369802,7.47743011320112,6.38977871314962,5.270996953505962,4.12653542654353,2.9619698337809846,1.7829738217243063,0.5952913404322094,-0.5952913404321176,-1.7829738217242752,-2.9619698337809544,-4.1265354265435,-5.270996953505933,-6.389778713149646
9.890680671593202,10.889464112390312,11.835195178636964,12.723266363642955,13.549351073863585,14.309424707628315,14.999784262595822,15.617066376409038,16.15826371265838,16.620739612322637,17.002240939306567,17.300909057493477,17.51528888583358,17.644335987352584,17.687421657543663,17.644335987352587,17.515288885833584,17.300909057493485,17.00224093930657,16.620739612322645,16.15826371265839,15.617066376409051,14.99978426259584,14.309424707628335,13.549351073863603,12.723266363643024,11.835195178636987,10.889464112390385,9.890680671593227,8.843710828771862,7.753655315759369,6.6258247734432585,5.465713878856508,4.278974575663548,3.0713885384590967,1.8488390050300465,0.6172821138132614,-0.6172821138131661,-1.8488390050300143,-3.0713885384590647,-4.278974575663517,-5.465713878856477,-6.625824773443286
10.166244105007983,11.192854568365266,12.164934569367281,13.077748231962286,13.92684841974187,14.708098401942337,15.417692007181422,16.052172166742533,16.608447757065946,17.08380865939227,17.475938963188472,17.782928249031265,18.003280895978477,18.13592336808395,18.180209444556763,18.135923368083954,18.00328089597848,17.78292824903127,17.47593896318848,17.083808659392275,16.60844775706596,16.05217216674255,15.417692007181438,14.708098401942355,13.92684841974189,13.077748231962353,12.164934569367306,11.192854568365341,10.16624410500801,9.090104722278413,7.969679263075953,6.810426327613202,5.61799367966398,4.398190731226121,3.1569602396504424,1.9003493551235935,0.6344801595611598,-0.6344801595610619,-1.9003493551235602,-3.15696023965041,-4.39819073122609,-5.617993679663947,-6.810426327613231
10.32419826280703,11.36675929644891,12.353942621381137,13.280938779675969,14.143231539231566,14.936619896400636,15.65723854285823,16.30157669699517,16.86649520809307,17.349241849951316,17.74746472945629,18.059223744768275,18.28300003730257,18.417703391455866,18.462677546027066,18.417703391455873,18.283000037302575,18.05922374476828,17.747464729456297,17.349241849951326,16.866495208093085,16.301576696995184,15.65723854285825,14.936619896400657,14.143231539231584,13.28093877967604,12.353942621381163,11.366759296448986,10.324198262807057,9.231338773013565,8.093505128648824,6.916240740853652,5.70528112338713,4.466525949780255,3.2060103107197993,1.9298753116924159,0.6443381541369856,-0.6443381541368861,-1.9298753116923821,-3.206010310719766,-4.466525949780223,-5.705281123387098,-6.916240740853682
10.364179376448012,11.410777793923739,12.401784048994841,13.332370058802216,14.198002101848305,14.994462905832322,15.717872193777266,16.36470558834915,16.93181178226902,17.41642789116544,17.81619291406932,18.129159235973297,18.353802116416336,18.48902711786593,18.53417543770779,18.489027117865934,18.35380211641634,18.129159235973304,17.816192914069326,17.41642789116545,16.931811782269033,16.364705588349167,15.717872193777286,14.994462905832343,14.198002101848326,13.332370058802287,12.401784048994866,11.410777793923815,10.364179376448039,9.267087718853928,8.124847741417904,6.9430243224925885,5.7273751869784535,4.483822855267037,3.2184257893171844,1.9373488764366789,0.646833394571933,-0.6468333945718332,-1.937348876436645,-3.218425789317151,-4.483822855267004,-5.72737518697842,-6.943024322492618
10.32419826280703,11.36675929644891,12.353942621381137,13.280938779675969,14.143231539231563,14.936619896400636,15.65723854285823,16.30157669699517,16.86649520809307,17.349241849951316,17.74746472945629,18.05922374476827,18.28300003730257,18.417703391455866,18.462677546027066,18.417703391455873,18.283000037302575,18.05922374476828,17.747464729456297,17.349241849951323,16.866495208093085,16.301576696995184,15.657238542858247,14.936619896400657,14.143231539231584,13.28093877967604,12.353942621381162,11.366759296448985,10.324198262807057,9.231338773013565,8.093505128648824,6.916240740853652,5.705281123387129,4.466525949780255,3.2060103107197993,1.9298753116924159,0.6443381541369855,-0.6443381541368861,-1.9298753116923821,-3.206010310719766,-4.466525949780223,-5.705281123387098,-6.916240740853682
10.166244105007983,11.192854568365266,12.164934569367281,13.077748231962286,13.92684841974187,14.708098401942337,15.417692007181422,16.052172166742533,16.608447757065946,17.08380865939227,17.475938963188472,17.782928249031265,18.003280895978477,18.13592336808395,18.180209444556763,18.135923368083954,18.00328089597848,17.78292824903127,17.47593896318848,17.08380865939228,16.60844775706596,16.05217216674255,15.417692007181438,14.708098401942355,13.92684841974189,13.077748231962353,12.164934569367306,11.192854568365341,10.16624410500801,9.090104722278413,7.969679263075953,6.810426327613202,5.61799367966398,4.398190731226121,3.156960239650443,1.9003493551235935,0.6344801595611599,-0.634480159561062,-1.9003493551235602,-3.15696023965041,-4.39819073122609,-5.617993679663948,-6.810426327613231
9.890680671593202,10.889464112390312,11.835195178636964,12.723266363642955,13.549351073863585,14.309424707628315,14.999784262595822,15.617066376409038,16.15826371265838,16.620739612322637,17.002240939306567,17.300909057493477,17.51528888583358,17.644335987352584,17.687421657543663,17.644335987352587,17.515288885833584,17.300909057493485,17.00224093930657,16.620739612322645,16.15826371265839,15.617066376409051,14.99978426259584,14.309424707628335,13.549351073863603,12.723266363643024,11.835195178636987,10.889464112390385,9.890680671593227,8.843710828771862,7.753655315759369,6.6258247734432585,5.465713878856508,4.278974575663548,3.0713885384590967,1.8488390050300465,0.6172821138132614,-0.6172821138131661,-1.8488390050300143,-3.0713885384590647,-4.278974575663517,-5.465713878856477,-6.625824773443286
9.538323601193534,10.501525223221211,11.413564469970979,12.269997977910538,13.06665328907764,13.799649178875713,14.46541456501019,15.060705905442353,15.582623000600037,16.028623122858583,16.39653340445413,16.684561423476946,16.891303936370836,17.015753714394666,17.057304450739544,17.01575371439467,16.89130393637084,16.684561423476953,16.396533404454132,16.02862312285859,15.582623000600051,15.060705905442367,14.465414565010207,13.799649178875733,13.066653289077662,12.2699979779106,11.413564469971002,10.50152522322128,9.538323601193559,8.528652225369802,7.47743011320112,6.38977871314962,5.270996953505962,4.12653542654353,2.9619698337809846,1.7829738217243063,0.5952913404322094,-0.5952913404321176,-1.7829738217242752,-2.9619698337809544,-4.1265354265435,-5.270996953505933,-6.389778713149646
