hough_viz/data/file_1_0_2.json
{"header": {"discipline": 0, "disciplineName": "Meteorological products", "gribEdition": 2, "gribLength": 133963, "center": 7, "centerName": "US National Weather Service - NCEP(WMC)", "subcenter": 0, "refTime": "2014-11-30T06:00:00.000Z", "significanceOfRT": 1, "significanceOfRTName": "Start of forecast", "productStatus": 0, "productStatusName": "Operational products", "productType": 1, "productTypeName": "Forecast products", "productDefinitionTemplate": 0, "productDefinitionTemplateName": "Analysis/forecast at horizontal level/layer at a point in time", "parameterCategory": 2, "parameterCategoryName": "Momentum", "parameterNumber": 2, "parameterNumberName": "U-component_of_wind", "parameterUnit": "m.s-1", "genProcessType": 2, "genProcessTypeName": "Forecast", "forecastTime": 6, "surface1Type": 100, "surface1TypeName": "Isobaric surface", "surface1Value": 85000, "surface2Type": 255, "surface2TypeName": "Missing", "surface2Value": 0, "gridDefinitionTemplate": 0, "gridDefinitionTemplateName": "Latitude_Longitude", "numberPoints": 65160, "shape": 6, "shapeName": "Earth spherical with radius of 6,371,229.0 m", "gridUnits": "degrees", "resolution": 48, "winds": "true", "scanMode": 0, "nx": 360, "ny": 181, "basicAngle": 0, "subDivisions": 0, "lo1": 0, "la1": 90, "lo2": 359, "la2": -90, "dx": 1, "dy": 1}, "data":
[rows 0 to 18 of 181, columns 0 to 42 of 360]
-2.6245228961327456,-2.6241231685835023,-2.6229241076966567,-2.6209260787177704,-2.6181296902658255,-2.614535794147834,-2.6101454850993675,-2.6049601004510925,-2.5989812197214066,-2.592210664135296,-2.5846504960695817,-2.5763030184246922,-2.567170773923184,-2.5572565443351962,-2.546563349631104,-2.535094447061601,-2.522853330165511,-2.509843727705624,-2.496069602532876,-2.4815351503792273,-2.466244798579601,-2.4502032047232793,-2.4334152552351465,-2.415886063887247,-2.3976209702410727,-2.3786255380210877,-2.358905553419959,-2.3384670233360265,-2.3173161735435475,-2.2954594467962606,-2.272903500864865,-2.2496552065089954,-2.225721645384324,-2.2011101078854187,-2.1758280909250187,-2.1498832956504033,-2.123283625097546,-2.0960371817837733,-2.068152265239661,-2.039637369480916,-2.010501180421017,-1.980752573225398,-1.9504006096079942
-2.640378792380268,-2.6399766499012265,-2.6387703449605975,-2.6367602450105507,-2.6339469623470038,-2.630331353923109,-2.6259145210882164,-2.6206978092523956,-2.6146828074766084,-2.6078713479886604,-2.600265505625099,-2.591867597199187,-2.5826801807951822,-2.5727060549891223,-2.5619482579963506,-2.5504100667460423,-2.538094995883027,-2.525006796697186,-2.511149455980782,-2.4965271948140346,-2.481144467279346,-2.4650059591045372,-2.448116586235536,-2.4304814933389296,-2.41210605223485,-2.3929958602606622,-2.3731567385659695,-2.3525947303394226,-2.331316098967918,-2.309327326128701,-2.2866351098149904,-2.2632463622956975,-2.2391682080098896,-2.2144079813966124,-2.1889732246607494,-2.162871685475596,-2.136111314622838,-2.1087002635706704,-2.0806468819907815,-2.051959715214959,-2.0226475016321026,-1.9927191700264222,-1.9621838368576472
-2.65623468862779,-2.6558301312189507,-2.654616582224538,-2.65259441130333,-2.6497642344281815,-2.646126913698383,-2.6416835570770654,-2.6364355180536982,-2.6303843952318084,-2.623532031842024,-2.615880515180616,-2.6074321759736803,-2.5981895876671808,-2.5881555656430497,-2.5773331663615973,-2.5657256864304845,-2.5533366616005417,-2.5401698656887484,-2.526229309428688,-2.5115192392488437,-2.4960441359790897,-2.4798087134857942,-2.462817917235925,-2.445076922790612,-2.4265911342286257,-2.4073661825002377,-2.3874079237119794,-2.366722437342819,-2.345316024392289,-2.323195205461142,-2.300366718765115,-2.2768375180823988,-2.2526147706354545,-2.2277058549078057,-2.20211835839648,-2.1758600753007884,-2.1489390041481298,-2.1213633453575675,-2.0931414987419017,-2.064282060949002,-2.034793822843188,-2.0046857668274454,-1.9739670641072997
-2.676802963959719,-2.6763952739029215,-2.67517232791887,-2.673134498528758,-2.6702824064751596,-2.6666169205329417,-2.6621391572446313,-2.6568504805803035,-2.650752501522102,-2.643847077573521,-2.6361363121935892,-2.6276225541561375,-2.6183083968343386,-2.6081966774107403,-2.5972904760130353,-2.5855931147758184,-2.573108156828638,-2.559839405210629,-2.5457909017120715,-2.530966925643223,-2.515371992530796,-2.499010852742488,-2.481888490039973,-2.4640101200607987,-2.4453811887296517,-2.426007370599478,-2.405894567122959,-2.38504890485487,-2.3634767335858746,-2.341184624408316,-2.3181793677145976,-2.2944679711287654,-2.2700576573719173,-2.2449558620620915,-2.2191702314493056,-2.1927086200864365,-2.165579088436642,-2.137789900418075,-2.109349520886605,-2.0802666130573453,-2.050550035865753,-2.0202088412691115,-1.9892522714892167
-2.7052151373510807,-2.7048031199826585,-2.7035671933818732,-2.7015077340239406,-2.698625369240131,-2.6949209770266798,-2.690395685777341,-2.685050873939666,-2.6788881695951168,-2.671909449963137,-2.6641168408293296,-2.655512715897927,-2.646099696068732,-2.635880648638772,-2.6248586864288863,-2.613037166835538,-2.600419690808112,-2.5870101017520346,-2.572812484358034,-2.5578311633579043,-2.5420707022071483,-2.525535901694908,-2.5082317984815963,-2.49016366356468,-2.471337000673085,-2.451757544590705,-2.4314312594095346,-2.410364336712945,-2.3885631936896683,-2.366034471179063,-2.342785031648246,-2.31882195710172,-2.2941525469241286,-2.2687843156567893,-2.2427249907086932,-2.2159825100026636,-2.1885650195573825,-2.1604808710060377,-2.1317386190523373,-2.1023470188646574,-2.0723150234091383,-2.041651780722523,-2.0103666311255743
-2.7448640204033725,-2.744445964318018,-2.7431919234058864,-2.741102279659989,-2.738177669606053,-2.7344189841086326,-2.729827368099741,-2.7244042202300944,-2.7181511924430706,-2.711070189471506,-2.703163368257501,-2.694433137295394,-2.684882155898107,-2.6745133333870954,-2.663329828206142,-2.651335046959262,-2.6385326433730185,-2.6249265171835634,-2.610520812948741,-2.595319918785611,-2.579328465033791,-2.5625513228450045,-2.544993602699288,-2.5266606528482827,-2.5075580576861083,-2.487691636048303,-2.4670674394393464,-2.445691750189318,-2.4235710795402343,-2.400712165662662,-2.377121971603209,-2.352807683163507,-2.3277767067113535,-2.3020366669246566,-2.275595404468884,-2.2484609736087235,-2.220641639754671,-2.1921458769453106,-2.1629823652660383,-2.1331599882050254,-2.102687829947221,-2.07157517260722,-2.0398314934018433
-2.7910167353441744,-2.790591649976789,-2.7893165233597514,-2.787191743908983,-2.784217958852887,-2.7803960740351994,-2.7757272536390594,-2.770212919832386,-2.7638547523346784,-2.756654687905347,-2.7486149197537646,-2.7397378968711963,-2.730026323284804,-2.719483157233979,-2.708111610269236,-2.69591514627394,-2.682897480409171,-2.669062577982059,-2.654414653237903,-2.63895816807648,-2.622697830692898,-2.605638594143442,-2.587785654836823,-2.569144450951298,-2.549720660778152,-2.5295202009920343,-2.508549224848682,-2.4868141203105787,-2.4643215081011203,-2.4410782396878745,-2.4170913951955644,-2.3923682812493885,-2.3669164287493505,-2.3407435905762823,-2.3138577392302313,-2.2862670644019687,-2.2579799704783228,-2.229005073982125,-2.199351200947536,-2.1690273842315446,-2.138042860762477,-2.106407068726334,-2.074129644691833
-2.8449554386643747,-2.8445221381712154,-2.8432223686792644,-2.841056526110899,-2.838025270202748,-2.834129524304726,-2.829370475098771,-2.8237495722373747,-2.8172685279019976,-2.8099293162815284,-2.801734172970924,-2.7926855942902233,-2.78278633652415,-2.772039415082514,-2.760448103581696,-2.7480159328474647,-2.734746689839461,-2.7206444164976458,-2.705713408511091,-2.6899582140094696,-2.67338363217765,-2.6559947117938205,-2.6377967496915806,-2.6187952891464734,-2.5989961181874524,-2.5784052678337908,-2.5570290102579754,-2.534873856875138,-2.5119465563596224,-2.4882540925892664,-2.46380368251805,-2.438602773977736,-2.412659043409193,-2.385980393524074,-2.358574950897577,-2.3304510634930082,-2.3016172981189125,-2.272082437819543,-2.2418554791994563,-2.210945629683064,-2.179362304709959,-2.1471151248668825,-2.1142139129572
-2.9106078279469387,-2.910164528276897,-2.9088347643001455,-2.9066189410756724,-2.903517733564698,-2.8995320864250718,-2.894663213723523,-2.8889125985658417,-2.882281992645112,-2.8747734157081304,-2.8663891549401677,-2.8571317642682765,-2.847004063583332,-2.8360091378810717,-2.8241503363223757,-2.811431271213077,-2.7978558169036205,-2.783428108608898,-2.7681525411486194,-2.752033767608611,-2.7350766979234393,-2.717286497380797,-2.698668585048108,-2.6792286321218226,-2.658972560199923,-2.6379065394781405,-2.616036986870459,-2.5933705640544575,-2.5699141754420998,-2.5456749660765845,-2.5206603194558954,-2.4948778552837156,-2.468335427148392,-2.441041120130656,-2.4130032483408326,-2.384230352386277,-2.354731196769827,-2.324514767220047,-2.293590267954092,-2.2619671188740096,-2.2296549526973517,-2.1966636120229484,-2.1630031463327657
-2.982937028847252,-2.982482713089579,-2.9811199042055394,-2.978849017319922,-2.9756707441668704,-2.971586052879176,-2.966596187693375,-2.960702668570739,-2.9539072907342865,-2.9462121241219332,-2.9376195127559743,-2.928132074029071,-2.9177526979069657,-2.9064845460481736,-2.8943310508409072,-2.8812959143575405,-2.867383107226919,-2.8525968674248734,-2.8369416989832836,-2.8204223706181115,-2.8030439142768047,-2.784811623605513,-2.7657310523365957,-2.7458080125968976,-2.7250485731373226,-2.703459057484232,-2.6810460420132367,-2.6578163539459667,-2.6337770692704403,-2.6089355105856424,-2.583299244870995,-2.556876081181378,-2.5296740682684176,-2.5017014921287606,-2.4729668734800736,-2.4434789651655575,-2.4132467494877394,-2.382279435472381,-2.350586456063319,-2.3181774652490974,-2.285062335122272,-2.251251152872272,-2.2167542177127477
-3.0630937717253746,-3.0626272477075123,-3.0612278177616634,-3.0588959081677434,-3.055632229248006,-3.0514377751506645,-3.046313823547072,-3.040261935242522,-3.0332839537008187,-3.025382004482737,-3.016558494598555,-3.0068161117748606,-2.9961578236358384,-2.984586876799303,-2.9721067958877536,-2.9587213824547307,-2.944434713826835,-2.9292511418617275,-2.913175291622517,-2.8962120599689145,-2.8783666140656097,-2.8596443898082975,-2.840051090167852,-2.8195926834531484,-2.7982754014930578,-2.7761057377381695,-2.7530904452828264,-2.729236534808064,-2.704551272446091,-2.679042177566954,-2.652717020488067,-2.6255838201072916,-2.5976508414603092,-2.568926593203011,-2.5394198250196713,-2.5091395249577193,-2.478094916689884,-2.44629545670458,-2.4137508314253684,-2.3804709542603755,-2.346465962582575,-2.3117462146418446,-2.276322286409746
-3.155545993262318,-3.155065388323315,-3.1536237199032224,-3.151221427148209,-3.1478592418199183,-3.1435381880725726,-3.1382595821410013,-3.132025031939708,-3.1248364365730765,-3.116695985756895,-3.1076061591513406,-3.0975697256056507,-3.086589742314711,-3.0746695538877944,-3.0618127913297726,-3.048023370935064,-3.033305493094703,-3.0176636410168562,-3.001102579361191,-2.983627352787519,-2.96524328441914,-2.9459559742213717,-2.925771297295739,-2.9046954020903657,-2.8827347085271002,-2.8598959060459395,-2.836185951567364,-2.81161206737319,-2.7861817389065964,-2.759902712491983,-2.732782992975367,-2.704830841286028,-2.6760547719201475,-2.646463550347216,-2.6160661903399807,-2.5848719512287657,-2.5528903350809893,-2.5201310838067434,-2.4866041761913116,-2.452319824855537,-2.4172884731449553,-2.3815207919486543,-2.3450276764488165
-3.254923281679601,-3.2544275410982264,-3.2529404703614864,-3.250462522445531,-3.2469944521573013,-3.242537315904604,-3.2370924713743174,-3.2306615771188305,-3.223246592050833,-3.2148497748466056,-3.2054736832580097,-3.195121173333374,-3.183795398547507,-3.1714998088411233,-3.158238149569959,-3.144014460363895,-3.128833073896452,-3.1126986145650135,-3.095615997082191,-3.0775904249787507,-3.0586273890185742,-3.0387326655261138,-3.01791231462687,-2.9961726784014178,-2.973520378953548,-2.9499623163931097,-2.9255056667341726,-2.9001578797091376,-2.873926676499483,-2.846820047383814,-2.818846249303947,-2.790013803349765,-2.7603314921636115,-2.7298083572650143,-2.698453696296547,-2.6662770601916788,-2.6332882502654713,-2.5994973152289966,-2.5649145481284075,-2.5295504832095728,-2.4934158927092467,-2.4565217835737396,-2.4188793941060944
-3.3622439104848927,-3.361731824451932,-3.3601957223394154,-3.357636072058928,-3.3540536533047396,-3.3494495573163077,-3.343825186545871,-3.3371822542312497,-3.3295227838739803,-3.320849108622931,-3.3111638705636066,-3.3004700199133445,-3.288770814122646,-3.276069816882927,-3.2623708970409857,-3.2476782274205083,-3.231996283550993,-3.215329842304458,-3.197683980440357,-3.1790640730591524,-3.15947579196501,-3.1389251039381056,-3.117418268917092,-3.094961838092257,-3.0715626519099692,-3.0472278379890154,-3.0219648089494515,-2.99578126015465,-2.9686851673672217,-2.9406847843195134,-2.911788640199449,-2.88200553705245,-2.85134454710025,-2.8198150099774084,-2.7874265298863667,-2.754188972671914,-2.720112462815958,-2.6852073803535066,-2.6494843577108123,-2.6129542764666276,-2.575628264037575,-2.537517690288625,-2.4986341640697276
-3.4825537950782395,-3.482023385267121,-3.480432317401732,-3.4777810761367576,-3.4740704690659703,-3.4693016264762293,-3.4634760010031838,-3.456595367188788,-3.448661820940755,-3.4396777788941257,-3.429645977675138,-3.418569473067625,-3.406451639082189,-3.393296166928451,-3.379107063890668,-3.3638886521070788,-3.3476455672533367,-3.3303827571304385,-3.3121054801575767,-3.292819303770372,-3.272530102724982,-3.251244057308591,-3.228967651456836,-3.2057076707787346,-3.1814712004897263,-3.1562656232534456,-3.1300986169328913,-3.1029781522516715,-3.074912490366052,-3.0459101803485207,-3.0159800565836616,-2.985131236077112,-2.9533731156784366,-2.9207153692187586,-2.8871679445640113,-2.8527410605847257,-2.8174452040432643,-2.7812911263994455,-2.7442898405355534,-2.7064526174017014,-2.6677909825825936,-2.6283167127867197,-2.588041832259055
-3.6100935636065588,-3.6095437288709404,-3.607894392149073,-3.605146055844899,-3.6012995571282804,-3.5963560676799893,-3.5903170933347983,-3.583184473622796,-3.5749603812090407,-3.5656473212317485,-3.5552481305392094,-3.543765976825646,-3.5312043576663097,-3.5175670994520827,-3.502858356223926,-3.487082608407512,-3.470244661448449,-3.452349644348495,-3.43340300810321,-3.413410524041535,-3.392378282067786,-3.3703126888066137,-3.347220465651479,-3.3231086467172535,-3.2979845766975613,-3.2718559086275136,-3.2447306015525177,-3.216616918103878,-3.1875234219819157,-3.1574589753473856,-3.126432736121973,-3.0944541551987035,-3.061532973563109,-3.027679219326032,-2.9929032046689614,-2.9572155227028434,-2.9206270442413214,-2.883148914489373,-2.8447925496483806,-2.8055696334386413,-2.7654921135403936,-2.7245721979544366,-2.68282235128346
-3.745741840833986,-3.745171346208719,-3.743460036111108,-3.7406084318227846,-3.736617401970041,-3.731488162259232,-3.7252222751064608,-3.717821649161654,-3.709288538727166,-3.6996255430710963,-3.688835605635529,-3.6769220131399347,-3.6638883945799927,-3.6497387201221776,-3.6344772998944004,-3.6181087826731035,-3.6006381544671977,-3.582070736999276,-3.562412186084567,-3.5416684899081132,-3.5198459672007205,-3.4969512653142063,-3.472991358196549,-3.4479735442675628,-3.4219054441957217,-3.3947949985768373,-3.366650465515269,-3.337480418108429,-3.307293741835334,-3.2760996318500024,-3.2439075901805197,-3.2107274228346285,-3.1765692368127283,-3.141443437029178,-3.105360723142861,-3.068332086297971,-3.030368805775994,-2.991482445559935,-2.9516848508118194,-2.9109881442645325,-2.869404722529127,-2.8269472523186905,-2.783628666589946
-3.8951650265404196,-3.894571774040222,-3.8927921972500874,-3.889826838246346,-3.8856766003060765,-3.8803427476319587,-3.8738269049671894,-3.866131057100561,-3.857257548261889,-3.847209081407922,-3.8359887173990077,-3.823599874066717,-3.810046325172741,-3.795332199259371,-3.7794619783918972,-3.762440496793335,-3.7442729393718706,-3.724964840141486,-3.7045220805362513,-3.682950887618772,-3.660257832183379,-3.6364498267545886,-3.6115341234814884,-3.5855183119286598,-3.558410316764321,-3.5302183953464015,-3.5009511352072655,-3.470617451437871,-3.439226583972142,-3.406788094772398,-3.373311864916691,-3.338808091588923,-3.303287284972697,-3.266760265049806,-3.229238158304364,-3.19073239433357,-3.1512547023661424,-3.1108171076894844,-3.069431927986663,-3.0271117695843217,-2.983869523612675,-2.9397183620787417,-2.8946717338540298
-4.052159986902073,-4.051542823308989,-4.049691520523751,-4.046606642471117,-4.042289128834828,-4.036740294771362,-4.029961830509327,-4.021955800834602,-4.012724644461383,-4.002271173289324,-3.990598571547009,-3.9777103948220045,-3.9636105689777916,-3.9483033889579104,-3.931793517477679,-3.9140859836038846,-3.8951861812228827,-3.8750998673975636,-3.8538331606137004,-3.8313925389161945,-3.8077848379358006,-3.7830172488069325,-3.7570973159771666,-3.7300329349091355,-3.70183234967549,-3.6725041504476783,-3.6420572708792935,-3.6105009853847982,-3.5778449063144464,-3.544098981026268,-3.5092734888560133,-3.4733790379859566,-3.436426562213551,-3.398427317620884,-3.359392879145964,-3.3193351370568873,-3.2782662933299416,-3.2361988579327683,-3.1931456450137072,-3.149119768998478,-3.104134640595404,-3.0582039627103765,-3.0113417262728213
