hough_viz/data/file_3_0_2.json
{"header": {"discipline": 0, "disciplineName": "Meteorological products", "gribEdition": 2, "gribLength": 133963, "center": 7, "centerName": "US National Weather Service - NCEP(WMC)", "subcenter": 0, "refTime": "2014-11-30T06:00:00.000Z", "significanceOfRT": 1, "significanceOfRTName": "Start of forecast", "productStatus": 0, "productStatusName": "Operational products", "productType": 1, "productTypeName": "Forecast products", "productDefinitionTemplate": 0, "productDefinitionTemplateName": "Analysis/forecast at horizontal level/layer at a point in time", "parameterCategory": 2, "parameterCategoryName": "Momentum", "parameterNumber": 3, "parameterNumberName": "V-component_of_wind", "parameterUnit": "m.s-1", "genProcessType": 2, "genProcessTypeName": "Forecast", "forecastTime": 6, "surface1Type": 100, "surface1TypeName": "Isobaric surface", "surface1Value": 85000, "surface2Type": 255, "surface2TypeName": "Missing", "surface2Value": 0, "gridDefinitionTemplate": 0, "gridDefinitionTemplateName": "Latitude_Longitude", "numberPoints": 65160, "shape": 6, "shapeName": "Earth spherical with radius of 6,371,229.0 m", "gridUnits": "degrees", "resolution": 48, "winds": "true", "scanMode": 0, "nx": 360, "ny": 181, "basicAngle": 0, "subDivisions": 0, "lo1": 0, "la1": 90, "lo2": 359, "la2": -90, "dx": 1, "dy": 1}, "data":
[rows 95 to 113 of 181, columns 308 to 351 of 360]
-0.4806777293944656,-0.5365219148469837,-0.5908955310240913,-0.6436495436233067,-0.6946393575629819,-0.7437252133073665,-0.7907725699377813,-0.8356524739199211,-0.8782419125565437,-0.9184241511566925,-0.9560890529974009,-0.9911333812007785,-1.0234610816991194,-1.0529835465124326,-1.0796198566167443,-1.1032970037375256,-1.1239500904602968,-1.141522508109929,-1.1559660919110886,-1.1672412530045377,-1.1753170869574463,-1.1801714584702934,-1.1817910620481853,-1.1801714584702931,-1.1753170869574463,-1.1672412530045382,-1.155966091911089,-1.1415225081099292,-1.123950090460297,-1.103297003737526,-1.0796198566167448,-1.0529835465124333,-1.02346108169912,-0.9911333812007769,-0.9560890529973992,-0.9184241511566935,-0.8782419125565445,-0.8356524739199253,-0.7907725699377823,-0.7437252133073677,-0.6946393575629831,-0.6436495436233081,-0.5908955310240928,-0.5365219148469853
-0.5734448470738487,-0.6400665323079966,-0.7049338396675721,-0.7678689723719689,-0.8286994295970124,-0.8872584792877213,-0.9433856151592832,-0.9969269966336199,-1.0477358705057374,-1.095672973184022,-1.1406069124021039,-1.182414527355906,-1.220981226278849,-1.2562013005299286,-1.2879782143337382,-1.3162248693783265,-1.3408638435456173,-1.3618276031200531,-1.3790586878938125,-1.3925098686612494,-1.4021442766708598,-1.4079355046799689,-1.4098676793351475,-1.4079355046799686,-1.40214427667086,-1.3925098686612496,-1.3790586878938131,-1.3618276031200536,-1.340863843545618,-1.3162248693783272,-1.2879782143337388,-1.2562013005299297,-1.2209812262788498,-1.1824145273559044,-1.140606912402102,-1.0956729731840233,-1.0477358705057385,-0.9969269966336252,-0.9433856151592847,-0.8872584792877231,-0.8286994295970139,-0.7678689723719706,-0.7049338396675738,-0.6400665323079984
-0.6649323811625913,-0.7421829066941281,-0.817399160466923,-0.8903749799575972,-0.9609103435174133,-1.0288119186177074,-1.09389359176091,-1.1559769786047032,-1.2148919129011235,-1.2704769129103792,-1.322579624011115,-1.3710572362938185,-1.415776875992858,-1.4566159696842478,-1.4934625802508685,-1.5262157136943322,-1.554785595952513,-1.57909391896401,-1.5990740553050988,-1.6146712408108712,-1.6258427246800031,-1.632557886651729,-1.6347983209338497,-1.6325578866517287,-1.6258427246800031,-1.6146712408108717,-1.5990740553050995,-1.5790939189640105,-1.5547855959525136,-1.5262157136943328,-1.4934625802508694,-1.4566159696842493,-1.415776875992859,-1.3710572362938165,-1.3225796240111127,-1.2704769129103806,-1.2148919129011249,-1.1559769786047087,-1.0938935917609116,-1.0288119186177094,-0.9609103435174151,-0.8903749799575988,-0.817399160466925,-0.7421829066941301
-0.7544033520282973,-0.8420484375406669,-0.9273855268158131,-1.0101807168237347,-1.090207071703643,-1.167245244779376,-1.2410840797733909,-1.3115211895714387,-1.3783635109516013,-1.4414278337571134,-1.5005413030627168,-1.555541892957973,-1.6062788506490193,-1.6526131096615142,-1.694417671012156,-1.7315779513040808,-1.763992096791989,-1.7915712625561782,-1.814239856020292,-1.83193574414532,-1.8446104237319385,-1.8522291543644056,-1.8547710536316302,-1.8522291543644054,-1.8446104237319387,-1.8319357441453206,-1.8142398560202921,-1.7915712625561784,-1.76399209679199,-1.7315779513040817,-1.6944176710121568,-1.6526131096615155,-1.6062788506490209,-1.555541892957971,-1.5005413030627146,-1.4414278337571145,-1.3783635109516028,-1.3115211895714454,-1.241084079773393,-1.167245244779378,-1.0902070717036452,-1.0101807168237364,-0.9273855268158152,-0.8420484375406692
-0.8412443221367009,-0.9389784193570181,-1.0341388419974737,-1.1264647619541244,-1.2157031202978639,-1.3016093208913548,-1.383947900810037,-1.4624931757296329,-1.537029858511219,-1.6073536492882554,-1.6732717954383751,-1.7346036199048944,-1.79118101642007,-1.8428489102727084,-1.8894656833571464,-1.9309035623386515,-1.9670489688712474,-1.9978028309080644,-2.0230808542509346,-2.042813753594929,-2.056947442434563,-2.0654431813111467,-2.068277683994953,-2.0654431813111467,-2.0569474424345633,-2.04281375359493,-2.023080854250935,-1.997802830908065,-1.9670489688712482,-1.9309035623386526,-1.8894656833571477,-1.8428489102727093,-1.7911810164200714,-1.734603619904892,-1.6732717954383725,-1.607353649288257,-1.5370298585112205,-1.4624931757296402,-1.3839479008100397,-1.301609320891357,-1.215703120297866,-1.1264647619541264,-1.0341388419974764,-0.9389784193570203
-0.9262351772154341,-1.0338433434481935,-1.138617816938138,-1.2402714181362096,-1.3385255215873786,-1.4331108196236453,-1.5237680605176347,-1.610248759073559,-1.6923158777078933,-1.7697444761528585,-1.8423223280021186,-1.9098505024085803,-1.9721439093400164,-2.029031806897998,-2.080358269309545,-2.1259826143088434,-2.165779788737561,-2.199640711306857,-2.227472571581611,-2.2491990843673806,-2.26476069880281,-2.274114761584408,-2.2772356338762814,-2.274114761584408,-2.2647606988028106,-2.249199084367381,-2.227472571581612,-2.1996407113068575,-2.165779788737562,-2.1259826143088443,-2.080358269309546,-2.029031806898,-1.9721439093400182,-1.9098505024085775,-1.8423223280021157,-1.76974447615286,-1.6923158777078948,-1.6102487590735672,-1.5237680605176371,-1.4331108196236475,-1.338525521587381,-1.2402714181362118,-1.138617816938141,-1.0338433434481962
-1.0084744953568525,-1.1256370624967713,-1.2397143366904675,-1.3503936400587824,-1.4573716083244066,-1.5603550223122724,-1.6590616116429278,-1.7532208284160224,-1.8425745887633276,-1.9268779802386145,-2.005899933105713,-2.079423853684564,-2.1472482180194414,-2.209187124242126,-2.265070802115977,-2.3147460783643687,-2.358076796507991,-2.3949441900602935,-2.4252472080581695,-2.4489027920356246,-2.4658461036812565,-2.4760307025555597,-2.4794286733809403,-2.476030702555559,-2.4658461036812565,-2.4489027920356254,-2.4252472080581704,-2.394944190060294,-2.358076796507992,-2.3147460783643696,-2.265070802115978,-2.2091871242421277,-2.1472482180194437,-2.0794238536845615,-2.0058999331057104,-1.9268779802386165,-1.8425745887633294,-1.7532208284160313,-1.6590616116429306,-1.5603550223122753,-1.4573716083244095,-1.350393640058785,-1.2397143366904706,-1.1256370624967744
-1.0872371354722312,-1.2135501899602412,-1.336536987730418,-1.455860430518773,-1.5711934610626936,-1.6822199595421599,-1.7886356100421967,-1.8901487346616377,-1.9864810929820131,-2.077368644705125,-2.162562273369224,-2.241828469159879,-2.314949968944148,-2.3817263517737453,-2.4419745882249004,-2.4955295420693027,-2.5422444229010246,-2.5819911884788183,-2.6146608956809976,-2.640163999110967,-2.6584305965349224,-2.6694106204790193,-2.673073975460842,-2.6694106204790193,-2.6584305965349224,-2.6401639991109676,-2.614660895680999,-2.581991188478819,-2.542244422901026,-2.4955295420693036,-2.4419745882249013,-2.381726351773747,-2.3149499689441497,-2.2418284691598758,-2.1625622733692205,-2.077368644705127,-1.9864810929820151,-1.8901487346616472,-1.7886356100421994,-1.6822199595421627,-1.5711934610626965,-1.455860430518776,-1.3365369877304212,-1.213550189960244
-1.1636573373908374,-1.2988487394021198,-1.4304800873005792,-1.5581905887111995,-1.681630198026662,-1.8004605758580152,-1.9143560163994215,-2.0230043401651256,-2.1261077496517586,-2.223383645580527,-2.3145654014822608,-2.399403094502,-2.4776641904201684,-2.5491341810127275,-2.613617172003275,-2.670936419995663,-2.720934816915357,-2.7634753206317466,-2.798441330581098,-2.8257370073606,-2.8452875354174965,-2.8570393281133253,-2.8609601746011637,-2.8570393281133253,-2.8452875354174965,-2.8257370073606003,-2.7984413305810993,-2.7634753206317475,-2.720934816915358,-2.6709364199956647,-2.613617172003276,-2.5491341810127293,-2.4776641904201706,-2.3994030945019964,-2.3145654014822563,-2.223383645580529,-2.1261077496517613,-2.023004340165136,-1.914356016399425,-1.800460575858018,-1.6816301980266648,-1.5581905887112024,-1.4304800873005825,-1.2988487394021233
-1.236729206747524,-1.3804099536445316,-1.520307092809729,-1.6560371759087855,-1.7872281762184077,-1.9135205083257238,-2.0345680137268976,-2.150038909623528,-2.2596166983162678,-2.363001034702945,-2.45990854950369,-2.550073625956392,-2.6332491278537864,-2.709207076926641,-2.7777392777163166,-2.838657888224061,-2.891795934772873,-2.9370077696707435,-2.9741694704208523,-3.0031791793845257,-3.023957382965929,-3.036447129553324,-3.0406141856194644,-3.036447129553324,-3.0239573829659294,-3.0031791793845257,-2.974169470420854,-2.937007769670744,-2.8917959347728743,-2.838657888224062,-2.7777392777163183,-2.7092070769266434,-2.6332491278537877,-2.550073625956388,-2.4599085495036856,-2.363001034702947,-2.25961669831627,-2.1500389096235386,-2.0345680137269015,-1.9135205083257267,-1.7872281762184112,-1.6560371759087884,-1.5203070928097322,-1.3804099536445353
-1.3055958796311056,-1.4572774200261882,-1.604964664307101,-1.7482528120028742,-1.88674912026051,-2.020073980325835,-2.1478619580247083,-2.2697627953926816,-2.385442370707777,-2.4945836142948203,-2.5968873775914627,-2.6920732530935547,-2.7798803429326298,-2.860067973978845,-2.9324163575092723,-2.9967271916335294,-3.05282420482547,-3.100553639071194,-3.1397846713090636,-3.170409772006633,-3.1923449998916125,-3.205530232029069,-3.209929328614209,-3.205530232029069,-3.192344999891613,-3.170409772006634,-3.139784671309065,-3.100553639071195,-3.0528242048254715,-2.9967271916335303,-2.932416357509275,-2.860067973978847,-2.779880342932632,-2.692073253093551,-2.5968873775914583,-2.4945836142948226,-2.3854423707077794,-2.2697627953926927,-2.1478619580247114,-2.020073980325839,-1.8867491202605133,-1.7482528120028777,-1.6049646643071047,-1.457277420026192
-1.371724352932973,-1.5310885682283748,-1.6862561761829356,-1.8368018731688083,-1.982313023894858,-2.122390792411301,-2.256651235291319,-2.3847263539932997,-2.5062651035192984,-2.6209343546048935,-2.7284198068034287,-2.8284268499616525,-2.9206813717256637,-3.004930508863855,-3.0809433403474094,-3.1485115202888165,-3.207449849003465,-3.2575967806291004,-3.2988148659118064,-3.3309911289448593,-3.3540373768278275,-3.367890441397191,-3.372512352365878,-3.36789044139719,-3.354037376827828,-3.3309911289448597,-3.2988148659118073,-3.257596780629101,-3.207449849003466,-3.1485115202888183,-3.080943340347411,-3.0049305088638567,-2.920681371725666,-2.828426849961648,-2.7284198068034247,-2.6209343546048958,-2.506265103519301,-2.384726353993312,-2.256651235291323,-2.122390792411305,-1.9823130238948619,-1.836801873168812,-1.6862561761829393,-1.5310885682283792
-1.4340624172479037,-1.6006689452436245,-1.7628881509215781,-1.9202754027147093,-2.072399313105705,-2.2188429210301885,-2.3592048347380086,-2.4931003319801204,-2.6201624145055726,-2.7400428139781114,-2.8524129465555763,-2.956964813515326,-3.0534118454573282,-3.141489687770992,-3.2209569252127483,-3.2915957436084664,-3.3532125268669692,-3.405638387668273,-3.4487296303720005,-3.482368144877136,-3.506461730353605,-3.5209443479583413,-3.5257763018431647,-3.520944347958341,-3.506461730353606,-3.482368144877137,-3.4487296303720023,-3.4056383876682745,-3.3532125268669706,-3.2915957436084686,-3.220956925212751,-3.1414896877709952,-3.05341184545733,-2.9569648135153215,-2.8524129465555723,-2.7400428139781137,-2.620162414505575,-2.4931003319801333,-2.359204834738013,-2.218842921030193,-2.0723993131057092,-1.920275402714713,-1.7628881509215824,-1.6006689452436287
-1.4916141229379674,-1.664906893979967,-1.8336362709518383,-1.9973397783595257,-2.1555687162681147,-2.3078893901571575,-2.4538842996472034,-2.5931532828393142,-2.7253146131310557,-2.8500060455024907,-2.9668858094046953,-3.075633545529025,-3.17595118388972,-3.26756376081304,-3.350220172593544,-3.423693863751918,-3.4877834480077907,-3.542313260265528,-3.587133838100054,-3.6221223314229634,-3.6471828392060788,-3.6622466723395006,-3.667272541903685,-3.6622466723395006,-3.647182839206079,-3.6221223314229642,-3.587133838100055,-3.542313260265529,-3.487783448007792,-3.42369386375192,-3.3502201725935463,-3.2675637608130423,-3.175951183889722,-3.075633545529021,-2.9668858094046904,-2.850006045502494,-2.7253146131310584,-2.5931532828393276,-2.453884299647208,-2.3078893901571615,-2.1555687162681187,-1.99733977835953,-1.8336362709518426,-1.6649068939799714
-1.546141030701766,-1.7257686297649213,-1.9006660169706109,-2.0703538107374584,-2.2343669086176043,-2.392255762110168,-2.5435876088424467,-2.6879476587414857,-2.824940230944885,-2.9541898383344423,-3.0753422167203417,-3.188065295854628,-3.292050109612672,-3.3870116428478716,-3.472689612598318,-3.548849181504327,-3.615281601481316,-3.6718047858837863,-3.718263808592171,-3.7545313286545534,-3.780507939319366,-3.796122440502389,-3.80133203394123,-3.796122440502389,-3.780507939319366,-3.7545313286545543,-3.718263808592172,-3.6718047858837872,-3.615281601481317,-3.5488491815043286,-3.4726896125983195,-3.3870116428478743,-3.2920501096126737,-3.188065295854624,-3.075342216720337,-2.954189838334445,-2.824940230944888,-2.6879476587414994,-2.5435876088424507,-2.3922557621101714,-2.234366908617608,-2.070353810737463,-1.900666016970615,-1.7257686297649262
-1.5965976056882047,-1.782087149581613,-1.96269211646939,-2.1379174806909815,-2.30728296170282,-2.470324340493904,-2.626594731977833,-2.775665809873763,-2.9171289807190135,-3.050596503795252,-3.1757025538989505,-3.29210422404279,-3.3994824653398807,-3.4975429614946103,-3.586016935503115,-3.664661886352385,-3.7332622536986877,-3.7916300087034807,-3.8396051694073865,-3.877056239229631,-3.9038805673910204,-3.920004630272604,-3.9253842329387894,-3.9200046302726035,-3.9038805673910213,-3.8770562392296317,-3.839605169407388,-3.7916300087034815,-3.7332622536986895,-3.664661886352386,-3.5860169355031166,-3.497542961494613,-3.3994824653398825,-3.2921042240427854,-3.175702553898946,-3.0505965037952545,-2.917128980719016,-2.7756658098737765,-2.626594731977838,-2.4703243404939084,-2.3072829617028248,-2.137917480690986,-1.9626921164693951,-1.782087149581618
-1.6418549268383733,-1.8326023765610744,-2.018326790552264,-2.198519111102725,-2.3726854435868434,-2.540348410193433,-2.701048458385135,-2.85434512049997,-2.9998182210426316,-3.137069028356212,-3.265721347518063,-3.385422551463875,-3.495844547513953,-3.5966846766524783,-3.687666543094786,-3.768540771869029,-3.8390856923356367,-3.899107945771126,-3.948443015350927,-3.98695567707856,-4.014540370425212,-4.031121487663809,-4.036653581104537,-4.031121487663809,-4.0145403704252125,-3.9869556770785617,-3.9484430153509287,-3.899107945771128,-3.8390856923356376,-3.7685407718690307,-3.687666543094789,-3.5966846766524814,-3.495844547513956,-3.3854225514638703,-3.265721347518058,-3.1370690283562155,-2.9998182210426347,-2.8543451204999837,-2.7010484583851393,-2.5403484101934373,-2.372685443586848,-2.19851911110273,-2.018326790552269,-1.8326023765610793
-1.683916388806664,-1.87955045577606,-2.070032805592138,-2.2548413393743036,-2.433469509777345,-2.605427709402478,-2.7702446127771974,-2.9274684682256265,-3.0766683360885088,-3.217435269898756,-3.349383437275393,-3.4721511774632474,-3.585401992619935,-3.688825470133098,-3.78213813343974,-3.865084219015821,-3.937436377406291,-3.9989962963741372,-4.049595244460445,-4.089094533465602,-4.117385898584005,-4.134391795150373,-4.140065611184285,-4.134391795150373,-4.117385898584005,-4.089094533465603,-4.049595244460447,-3.998996296374138,-3.937436377406293,-3.8650842190158237,-3.782138133439742,-3.6888254701331005,-3.5854019926199383,-3.472151177463242,-3.3493834372753875,-3.2174352698987585,-3.0766683360885123,-2.927468468225641,-2.770244612777202,-2.605427709402482,-2.4334695097773493,-2.2548413393743085,-2.070032805592143,-1.8795504557760654
-1.7217882986106343,-1.9218222489638486,-2.116588618116893,-2.30555356498995,-2.4881991497984335,-2.6640247536899206,-2.832548450905635,-2.9933083297054344,-3.1458637584358438,-3.289796593270678,-3.424712324314315,-3.550241156925841,-3.666039025300463,-3.7717885355299923,-3.8671998355574404,-3.9520114096413903,-4.025990795152459,-4.088935219737203,-4.140672157103048,-4.1810597999008685,-4.209987448409063,-4.227375813953809,-4.233177236233796,-4.227375813953808,-4.209987448409064,-4.181059799900869,-4.14067215710305,-4.088935219737204,-4.0259907951524605,-3.9520114096413925,-3.867199835557443,-3.7717885355299945,-3.6660390253004653,-3.5502411569258356,-3.424712324314309,-3.289796593270681,-3.1458637584358464,-2.9933083297054486,-2.832548450905639,-2.664024753689926,-2.4881991497984375,-2.305553564989955,-2.1165886181168982,-1.9218222489638535
