hough_viz/data/file_2_0_1.json
{"header": {"discipline": 0, "disciplineName": "Meteorological products", "gribEdition": 2, "gribLength": 133963, "center": 7, "centerName": "US National Weather Service - NCEP(WMC)", "subcenter": 0, "refTime": "2014-11-30T06:00:00.000Z", "significanceOfRT": 1, "significanceOfRTName": "Start of forecast", "productStatus": 0, "productStatusName": "Operational products", "productType": 1, "productTypeName": "Forecast products", "productDefinitionTemplate": 0, "productDefinitionTemplateName": "Analysis/forecast at horizontal level/layer at a point in time", "parameterCategory": 2, "parameterCategoryName": "Momentum", "parameterNumber": 3, "parameterNumberName": "V-component_of_wind", "parameterUnit": "m.s-1", "genProcessType": 2, "genProcessTypeName": "Forecast", "forecastTime": 6, "surface1Type": 100, "surface1TypeName": "Isobaric surface", "surface1Value": 85000, "surface2Type": 255, "surface2TypeName": "Missing", "surface2Value": 0, "gridDefinitionTemplate": 0, "gridDefinitionTemplateName": "Latitude_Longitude", "numberPoints": 65160, "shape": 6, "shapeName": "Earth spherical with radius of 6,371,229.0 m", "gridUnits": "degrees", "resolution": 48, "winds": "true", "scanMode": 0, "nx": 360, "ny": 181, "basicAngle": 0, "subDivisions": 0, "lo1": 0, "la1": 90, "lo2": 359, "la2": -90, "dx": 1, "dy": 1}, "data":
[rows 19 to 37 of 181, columns 215 to 257 of 360]
-4.8676721692209926,-4.9265379266832845,-4.979401456556904,-5.026198352773705,-5.066871600524156,-5.101371645721104,-5.129656455373805,-5.151691568798634,-5.167450139604136,-5.176912968399204,-5.180068526184588,-5.176912968399204,-5.167450139604138,-5.151691568798634,-5.129656455373805,-5.1013716457211045,-5.066871600524155,-5.026198352773705,-4.979401456556905,-4.926537926683285,-4.867672169220995,-4.802875903027927,-4.732228072373333,-4.655814750756409,-4.573729036038973,-4.486070937020073,-4.3929472515906625,-4.294471436616843,-4.19076346971012,-4.081949703053181,-3.968162709459222,-3.849541120852388,-3.726229459366154,-3.598377961265328,-3.4661423939063343,-3.329683865958671,-3.1891686311188114,-3.044767885555709,-2.8966575593345953,-2.7450181020733164,-2.5900342630922935,-2.431894866325885,-2.2707925802695472
-5.157792413174316,-5.220166654224193,-5.276180926310928,-5.32576698467232,-5.368864416334406,-5.40542071371535,-5.435391338597866,-5.45873977639215,-5.475437580623302,-5.485464407588969,-5.488808041145005,-5.485464407588969,-5.4754375806233035,-5.45873977639215,-5.435391338597866,-5.405420713715352,-5.3688644163344055,-5.32576698467232,-5.27618092631093,-5.220166654224195,-5.1577924131743185,-5.089134196566006,-5.014275653860201,-4.933307988660124,-4.846329847593705,-4.75344720012788,-4.654773209461101,-4.550428094651447,-4.440538984148176,-4.325239760905314,-4.204670899265898,-4.078979293815621,-3.9483180804144316,-3.812846449624032,-3.672729452758738,-3.5281378007958595,-3.3792476563906697,-3.226240419249373,-3.069302505121461,-2.908625118680856,-2.744404020572501,-2.57683928890811,-2.406135075501848
-5.451579978637382,-5.5175070529456995,-5.576711894816809,-5.629122372270698,-5.674674631213806,-5.713313173235396,-5.744990923223828,-5.769669286720323,-5.7873181969403715,-5.7979161514054764,-5.801450238140612,-5.7979161514054764,-5.787318196940372,-5.769669286720324,-5.7449909232238285,-5.713313173235397,-5.674674631213805,-5.629122372270698,-5.5767118948168095,-5.5175070529457,-5.451579978637386,-5.379010993876624,-5.299888512792942,-5.214308933941667,-5.122376522857104,-5.024203285021056,-4.919908829401389,-4.809620222726961,-4.693471834676344,-4.571605174169084,-4.444168716958893,-4.3113177247387915,-4.17321405597869,-4.030025968725723,-3.881927915607775,-3.729100331289815,-3.571729412642041,-3.41000689188771,-3.244129803006909,-3.0743002416810215,-2.900725119070305,-2.7236159097244528,-2.5431883939334696
-5.749303615348175,-5.818831122631464,-5.8812692805140445,-5.936542017718405,-5.984581992928371,-6.02533067683414,-6.058738423441226,-6.084764530556458,-6.103377289377333,-6.1145540231243,-6.118281114668932,-6.1145540231243,-6.103377289377334,-6.084764530556459,-6.058738423441228,-6.025330676834141,-5.984581992928371,-5.936542017718405,-5.881269280514046,-5.818831122631465,-5.74930361534818,-5.672771467221924,-5.589327920886312,-5.499074639449068,-5.402121582631168,-5.2985868727978715,-5.188596651044803,-5.072284923514487,-4.949793398130464,-4.821271311948044,-4.686875249331928,-4.546768951182281,-4.401123115441691,-4.250115189125981,-4.093929152132379,-3.932755293088345,-3.766789977514187,-3.5962354085819537,-3.421299380761962,-3.24219502665727,-3.059140557334465,-2.8723589964670273,-2.682077908615378
-6.054395764634217,-6.127612813825664,-6.193364310689858,-6.251570147156114,-6.302159408378623,-6.345070459135255,-6.380251018920611,-6.4076582256417405,-6.427258687839011,-6.439028525368452,-6.442953398496042,-6.439028525368452,-6.427258687839011,-6.4076582256417405,-6.380251018920613,-6.345070459135256,-6.30215940837862,-6.251570147156117,-6.19336431068986,-6.127612813825666,-6.054395764634222,-5.9738023668117455,-5.885930810999016,-5.790888155151226,-5.688790194104325,-5.579761318496859,-5.46393436321914,-5.341450445574413,-5.212458793349121,-5.0771165630018595,-4.935588648192431,-4.788047478884324,-4.634672811265378,-4.475651508742521,-4.3111773142775265,-4.141450614341042,-3.9666781947725354,-3.787072988843644,-3.602853817831721,-3.4142451244198457,-3.2214766992480186,-3.024783400948603,-2.8244048700072963
-6.363497955341937,-6.440453040694551,-6.509561426092818,-6.570738913614458,-6.623910967914602,-6.669012807035604,-6.705989481333906,-6.734795940427694,-6.755397088083857,-6.767767824977341,-6.771893079270805,-6.767767824977341,-6.755397088083857,-6.734795940427694,-6.705989481333907,-6.669012807035604,-6.623910967914599,-6.570738913614459,-6.5095614260928185,-6.440453040694552,-6.36349795534194,-6.278789927952459,-6.186432162209209,-6.086537181823132,-5.979226693440187,-5.864631438360548,-5.742891033250482,-5.614153800040953,-5.478576585220176,-5.336324568740335,-5.18757106277127,-5.032497300546275,-4.871292215557356,-4.704152211368823,-4.531280922329834,-4.352888965477306,-4.1691936839314785,-3.980418882096845,-3.7867945529909024,-3.5885565980331133,-3.3859465396354014,-3.1792112269442234,-2.9686025350929626
-6.676793926760035,-6.757537764523715,-6.830048583440218,-6.8942380402461305,-6.950027929975964,-6.997350281242852,-7.03614743905123,-7.066372135040548,-7.087987545074505,-7.1009673341055715,-7.105295688260194,-7.1009673341055715,-7.087987545074506,-7.066372135040549,-7.0361474390512315,-6.997350281242853,-6.950027929975962,-6.894238040246131,-6.8300485834402185,-6.7575377645237165,-6.676793926760039,-6.587915444077865,-6.491010601217656,-6.386197461803405,-6.273603724500251,-6.15336656743337,-6.025632481057517,-5.890557089681036,-5.748304961861537,-5.599049409904511,-5.442972278708962,-5.280263724217403,-5.111121981740169,-4.93575312443617,-4.754370812244528,-4.567196031572852,-4.374456826059309,-4.176388018736642,-3.973230925936401,-3.765233063282201,-3.5526478441300955,-3.335734270823366,-3.1147566191381117
-6.998116249504991,-7.082745903991812,-7.1587463236079865,-7.226024913549182,-7.284499705217031,-7.334099456085228,-7.374763736497603,-7.406443003292324,-7.429098660162619,-7.442703104680428,-7.447239761925708,-7.442703104680428,-7.429098660162619,-7.406443003292324,-7.374763736497606,-7.334099456085229,-7.284499705217028,-7.226024913549184,-7.158746323607988,-7.082745903991814,-6.998116249504995,-6.904960468345327,-6.803392056482594,-6.693534759381253,-6.575522421235594,-6.449498821901242,-6.31561750172153,-6.174041574462276,-6.024943528582738,-5.868505017085026,-5.704916636197896,-5.534377693164591,-5.357095963417704,-5.173287437436767,-4.983176057597153,-4.786993445330786,-4.5849786189310855,-4.377377702346042,-4.164443625314035,-3.9464358152079346,-3.723619880962853,-3.496267289472488,-3.2646550348485928
-7.323696401304151,-7.412263363313762,-7.491799624186815,-7.5622082812410625,-7.623403552373506,-7.6753108805726775,-7.717867024754877,-7.751020136813692,-7.774729824788923,-7.78896720207797,-7.793714922629707,-7.78896720207797,-7.774729824788925,-7.751020136813692,-7.717867024754879,-7.6753108805726775,-7.623403552373505,-7.5622082812410625,-7.491799624186817,-7.4122633633137625,-7.323696401304155,-7.226206643358507,-7.119912865729724,-7.004944571012555,-6.881441830364602,-6.7495551128512,-6.609445102122049,-6.4612825006429375,-6.305247821721064,-6.141531169577394,-5.970332007733949,-5.7918589159982155,-5.6063293363408215,-5.413969307975927,-5.215013191967303,-5.00970338569547,-4.798290027533803,-4.581030692093517,-4.358190076408598,-4.13003967744328,-3.896857461314852,-3.6589275246346875,-3.4165397483803344
-7.653616659476577,-7.746173414805114,-7.829292651034249,-7.902873100178182,-7.966825115793829,-8.02107078220121,-8.065544009411719,-8.100190613648572,-8.124968383361406,-8.139847130654548,-8.14480872806632,-8.139847130654548,-8.124968383361406,-8.100190613648572,-8.065544009411719,-8.02107078220121,-7.966825115793827,-7.902873100178184,-7.829292651034251,-7.746173414805115,-7.653616659476582,-7.551735151197745,-7.440653016892794,-7.3205055930314975,-7.191439260742536,-7.053611267470658,-6.907189535394882,-6.752352456841216,-6.589288676939054,-6.41819686378615,-6.23928546640216,-6.0527724607656,-5.858885084243729,-5.657859558738771,-5.449940802887942,-5.23538213366782,-5.014444957766607,-4.7873984531003995,-4.554519240861291,-4.316091048497085,-4.072404364033157,-3.8237560821574585,-3.570449142500123
-7.992036013414495,-8.088685343369445,-8.175479856199958,-8.25231380616182,-8.319093582922374,-8.375737825610265,-8.422177521941157,-8.458356092298555,-8.484229458667365,-8.49976609833615,-8.504947082302708,-8.49976609833615,-8.484229458667365,-8.458356092298555,-8.422177521941157,-8.375737825610267,-8.319093582922374,-8.252313806161823,-8.17547985619996,-8.088685343369445,-7.992036013414499,-7.885649618655981,-7.769655774528329,-7.644195801663147,-7.509422553711733,-7.365500231116491,-7.2126041810579595,-7.050920683821321,-6.880646725842517,-6.701989759710653,-6.515167451418962,-6.320407415172318,-6.117946936074425,-5.908032681032408,-5.690920398231221,-5.4668746055438735,-5.2361682682571375,-4.999082466505433,-4.755906052817914,-4.506935300196189,-4.252473541151352,-3.992830798139955,-3.7283234058494603
-8.334848196591162,-8.435643224557081,-8.526160720665104,-8.606290403289373,-8.675934646754643,-8.735008600278121,-8.783440291347093,-8.821170713406314,-8.848153897748434,-8.864356969519768,-8.869760187773258,-8.864356969519768,-8.848153897748434,-8.821170713406316,-8.783440291347095,-8.735008600278123,-8.67593464675464,-8.606290403289375,-8.526160720665105,-8.435643224557085,-8.334848196591166,-8.223898439982646,-8.102929129919442,-7.9720876488719865,-7.831533407030344,-7.681437648087479,-7.521983240605174,-7.353364455216893,-7.175786727938893,-6.989466409878109,-6.794630503641654,-6.591516386769097,-6.380371522524535,-6.161453158400666,-5.935028012702387,-5.701371949591612,-5.460769642989272,-5.213514229744041,-4.959906952490171,-4.700256792629774,-4.434880093886628,-4.164100176889989,-3.888246945258271
-8.682054214795498,-8.787048076320154,-8.88133627330481,-8.964803930105418,-9.037349354239383,-9.098884160282152,-9.149333377551281,-9.18863554144663,-9.21674276833552,-9.233620813891589,-9.239249114816179,-9.233620813891589,-9.216742768335523,-9.18863554144663,-9.149333377551281,-9.098884160282154,-9.037349354239382,-8.96480393010542,-8.881336273304811,-8.787048076320156,-8.682054214795501,-8.566482607578049,-8.44047406086874,-8.304182096671632,-8.157772765750918,-8.001424445323703,-7.835327621734801,-7.659684658378522,-7.474709549149981,-7.280627657726541,-7.077675442996877,-6.866100170972236,-6.646159613530931,-6.418121734362943,-6.182264362497499,-5.938874853811175,-5.68824974092901,-5.43069437194524,-5.166522538403592,-4.896056092990674,-4.619624557408087,-4.337564720900911,-4.050220229931941
-9.037946730572765,-9.147244473252128,-9.245397707565827,-9.3322868489172,-9.407806036271756,-9.47186326113254,-9.524380479638323,-9.56529370764801,-9.594553098695469,-9.61212300471978,-9.617982019496878,-9.61212300471978,-9.59455309869547,-9.56529370764801,-9.524380479638326,-9.471863261132542,-9.407806036271754,-9.3322868489172,-9.245397707565829,-9.14724447325213,-9.03794673057277,-8.917637641991178,-8.786463785599583,-8.644584976536235,-8.492174072275215,-8.329416762026261,-8.156511340501064,-7.9736684663217305,-7.781110905365655,-7.579073259359643,-7.367801680053838,-7.147553569323723,-6.918597265565623,-6.681211716767643,-6.435686140654549,-6.182319672320524,-5.9214209997791025,-5.653307987874446,-5.378307291011904,-5.096753955179976,-4.808991009748437,-4.5153690495398005,-4.2162458076835785
-9.398265075219815,-9.51192022150974,-9.613986558208747,-9.704339733207677,-9.782869665080636,-9.84948067720224,-9.90409161431487,-9.946635941403814,-9.977061824759968,-9.995332195131216,-10.001424792885585,-9.995332195131216,-9.97706182475997,-9.946635941403816,-9.90409161431487,-9.849480677202243,-9.782869665080634,-9.704339733207679,-9.613986558208747,-9.511920221509744,-9.398265075219822,-9.273159590627497,-9.136756189494719,-8.989221058354445,-8.830733946037926,-8.661487944678441,-8.481689254458297,-8.291556932385676,-8.091322625407381,-7.88123028818273,-7.661535885862387,-7.432507082234242,-7.194422913616355,-6.94757344889412,-6.692259436116057,-6.428791936078628,-6.157491943346555,-5.878689995170452,-5.592725768778011,-5.299947667529659,-5.0007123964427915,-4.695384527601552,-4.38433605598197
-9.762978685553682,-9.881044388303195,-9.98707156052377,-10.080931024438286,-10.162508426747907,-10.231704377953955,-10.288434573448704,-10.332629896227559,-10.364236501097482,-10.383215880279069,-10.389544910322329,-10.383215880279069,-10.364236501097484,-10.33262989622756,-10.288434573448704,-10.231704377953957,-10.162508426747905,-10.080931024438286,-9.987071560523772,-9.881044388303197,-9.762978685553685,-9.633018297147409,-9.491321559798765,-9.33806110915552,-9.173423669468818,-8.99760982609846,-8.810833781130533,-8.61332309240521,-8.405318396272506,-8.187073114413986,-7.958853145087489,-7.720936539171036,-7.473613161400714,-7.217184337215083,-6.951962485636575,-6.67827073863705,-6.396442547451227,-6.106821276317793,-5.8097597841428685,-5.505619994595841,-5.1947724551611625,-4.877595885683222,-4.554476716954627
-10.136138708316366,-10.258717111722564,-10.368796848562358,-10.466243803632896,-10.550939252829975,-10.622780007795077,-10.681678541634502,-10.727563095557391,-10.760377766302762,-10.780082574249022,-10.786653512122983,-10.780082574249022,-10.760377766302762,-10.727563095557391,-10.681678541634504,-10.622780007795077,-10.550939252829972,-10.466243803632896,-10.368796848562363,-10.258717111722566,-10.136138708316372,-10.001210981246565,-9.854098319164557,-9.694979956188137,-9.524049753532282,-9.341515963319145,-9.14760097485492,-8.942541043682754,-8.726586003741708,-8.49999896298263,-8.263055982811627,-8.016045741751753,-7.759269183732757,-7.493039151437175,-7.2176800051497665,-6.933527227574459,-6.640927015100329,-6.340235856014702,-6.031820096176986,-5.71605549268272,-5.393326756061488,-5.064027081566295,-4.728557670125787
-10.513686959734452,-10.640831131546099,-10.755011089718334,-10.856087723560206,-10.943937886763042,-11.018454547435253,-11.07954691850423,-11.127140568326372,-11.161177511370623,-11.181616278864864,-11.188431969319257,-11.181616278864864,-11.161177511370623,-11.127140568326372,-11.07954691850423,-11.018454547435255,-10.94393788676304,-10.856087723560208,-10.755011089718337,-10.640831131546099,-10.513686959734459,-10.373733479871708,-10.221141203714868,-10.056096041447413,-9.878799075176307,-9.689466313944438,-9.488328430556885,-9.275630480541665,-9.051631603587243,-8.816604707820815,-8.570836137311751,-8.314625323205457,-8.048284418912699,-7.77213791979867,-7.486522267835438,-7.191785441699198,-6.888286532811853,-6.576395307843495,-6.256491758208569,-5.928965637104923,-5.594215984659627,-5.252650641759936,-4.904685753162065
-10.89548275791088,-11.027244064581705,-11.14557037297657,-11.250317520715464,-11.341357889533933,-11.418580560766257,-11.481891450482793,-11.531213424116704,-11.566486390440593,-11.587667374778373,-11.594730571363314,-11.587667374778373,-11.566486390440593,-11.531213424116705,-11.481891450482793,-11.418580560766257,-11.34135788953393,-11.250317520715466,-11.145570372976572,-11.027244064581708,-10.895482757910885,-10.75044698382001,-10.592313446058752,-10.421274805984286,-10.23753944783305,-10.041331224836695,-9.832889186491364,-9.612467287312773,-9.380334077431666,-9.136772375406906,-8.882078923654607,-8.616564026913196,-8.340551174184942,-8.054376644614363,-7.758389097783932,-7.452949148926078,-7.138428929569048,-6.815211634152039,-6.4836910531616905,-6.144271093359088,-5.7973652856816535,-5.44339628141928,-5.082795337278916
