hough_viz/data/file_4_2_2.json
{"header": {"discipline": 0, "disciplineName": "Meteorological products", "gribEdition": 2, "gribLength": 133963, "center": 7, "centerName": "US National Weather Service - NCEP(WMC)", "subcenter": 0, "refTime": "2014-11-30T06:00:00.000Z", "significanceOfRT": 1, "significanceOfRTName": "Start of forecast", "productStatus": 0, "productStatusName": "Operational products", "productType": 1, "productTypeName": "Forecast products", "productDefinitionTemplate": 0, "productDefinitionTemplateName": "Analysis/forecast at horizontal level/layer at a point in time", "parameterCategory": 2, "parameterCategoryName": "Momentum", "parameterNumber": 3, "parameterNumberName": "V-component_of_wind", "parameterUnit": "m.s-1", "genProcessType": 2, "genProcessTypeName": "Forecast", "forecastTime": 6, "surface1Type": 100, "surface1TypeName": "Isobaric surface", "surface1Value": 85000, "surface2Type": 255, "surface2TypeName": "Missing", "surface2Value": 0, "gridDefinitionTemplate": 0, "gridDefinitionTemplateName": "Latitude_Longitude", "numberPoints": 65160, "shape": 6, "shapeName": "Earth spherical with radius of 6,371,229.0 m", "gridUnits": "degrees", "resolution": 48, "winds": "true", "scanMode": 0, "nx": 360, "ny": 181, "basicAngle": 0, "subDivisions": 0, "lo1": 0, "la1": 90, "lo2": 359, "la2": -90, "dx": 1, "dy": 1}, "data":
[rows 0 to 19 of 181, columns 180 to 224 of 360]
-2.8529155962767936e-18,0.00040625862906848345,0.0008105380069331329,0.0012108685251029897,0.0016052998135346235,0.0019919102426388994,0.0023688162852671456,0.002734181693066169,0.00308622644249554,0.00342323540692347,0.003743566712551295,0.0040456597374575725,0.004328042714791253,0.004589339903071809,0.0048282782886634274,0.005043693787769514,0.00523453691773192,0.005399877910004941,0.005538911239894256,0.00565095955099221,0.005735476955190196,0.005792051692190627,0.005820408135561703,0.005820408135561703,0.005792051692190627,0.0057354769551901975,0.005650959550992211,0.005538911239894259,0.005399877910004943,0.005234536917731921,0.005043693787769517,0.004828278288663432,0.004589339903071814,0.004328042714791258,0.004045659737457578,0.003743566712551299,0.0034232354069234742,0.003086226442495545,0.0027341816930661757,0.0023688162852671516,0.001991910242638905,0.0016052998135346296,0.001210868525102996,0.0008105380069331395,0.00040625862906848984
-2.6231588994007272e-20,3.7354099773933116e-06,7.452621412858971e-06,1.1133524425935976e-05,1.476018602714779e-05,1.8314937485724157e-05,2.178046040988102e-05,2.5139871120285425e-05,2.837680290564256e-05,3.1475485759669745e-05,3.4420823210980454e-05,3.719846587157654e-05,3.9794881345622845e-05,4.219742015792069e-05,4.4394377380879234e-05,4.6375049659745035e-05,4.812978735827267e-05,4.9650041570779785e-05,5.092840577155878e-05,5.195865189872416e-05,5.273576069670469e-05,5.325594616955064e-05,5.3516674025927825e-05,5.3516674025927825e-05,5.325594616955081e-05,5.273576069670469e-05,5.195865189872433e-05,5.09284057715591e-05,4.9650041570779785e-05,4.8129787358272506e-05,4.63750496597452e-05,4.4394377380879315e-05,4.219742015792078e-05,3.9794881345622845e-05,3.7198465871576456e-05,3.4420823210980536e-05,3.1475485759669745e-05,2.837680290564256e-05,2.5139871120285425e-05,2.1780460409881056e-05,1.8314937485724197e-05,1.4760186027147828e-05,1.1133524425936035e-05,7.452621412859031e-06,3.7354099773933616e-06
2.8004524182887786e-18,-0.0003987878091136969,-0.000795632764107415,-0.0011886014762511176,-0.0015757794414803276,-0.001955280367667451,-0.0023252553644473838,-0.0026839019508255986,-0.003029472836684255,-0.00336028443540413,-0.003674725066129334,-0.00397126280571442,-0.004248452952100007,-0.004504945062755969,-0.004739489533901669,-0.004950943688450024,-0.005138277343015374,-0.0053005778268633815,-0.005437054428351138,-0.00554704224719476,-0.005630005433796787,-0.005685539799851524,-0.0057133747875098475,-0.0057133747875098475,-0.005685539799851525,-0.005630005433796788,-0.0055470422471947615,-0.00543705442835114,-0.005300577826863384,-0.0051382773430153775,-0.004950943688450027,-0.004739489533901673,-0.004504945062755972,-0.004248452952100012,-0.0039712628057144254,-0.003674725066129339,-0.0033602844354041345,-0.00302947283668426,-0.0026839019508256047,-0.002325255364447389,-0.001955280367667457,-0.0015757794414803337,-0.0011886014762511239,-0.0007956327641074214,-0.00039878780911370307
7.811469712423028e-18,-0.001112362728333259,-0.002219306137268424,-0.0033154373097866625,-0.004395416004998215,-0.005453980675259113,-0.006485974099902344,-0.007486368510698737,-0.008450290086638088,-0.009373042698695528,-0.0102501307888999,-0.011077281272240275,-0.011850464354706717,-0.01256591316604156,-0.013220142111552606,-0.013809963853580201,-0.014332504839885888,-0.014785219303309984,-0.015165901664493418,-0.015472697277238524,-0.015704111464159017,-0.015859016798597903,-0.015936658597336808,-0.015936658597336808,-0.015859016798597903,-0.015704111464159023,-0.015472697277238531,-0.015165901664493423,-0.01478521930330999,-0.014332504839885896,-0.013809963853580215,-0.013220142111552615,-0.01256591316604157,-0.011850464354706734,-0.011077281272240289,-0.010250130788899914,-0.009373042698695542,-0.0084502900866381,-0.0074863685106987534,-0.006485974099902359,-0.0054539806752591305,-0.004395416004998232,-0.0033154373097866803,-0.002219306137268442,-0.0011123627283332763
1.6458376081480834e-17,-0.0023436926463166223,-0.004675967057647626,-0.006985460627500278,-0.009260921735351795,-0.011491264563413334,-0.01366562310561974,-0.015773404105719303,-0.01780433866655274,-0.01974853227908859,-0.02159651302747629,-0.023339277735267984,-0.024968335827989442,-0.026475750698365327,-0.027854178372671883,-0.029096903289839004,-0.03019787101898855,-0.031151717756012946,-0.0319537964554898,-0.03260019947061986,-0.03308777759088964,-0.033414155384708405,-0.033577742772272004,-0.033577742772272004,-0.033414155384708405,-0.033087777590889655,-0.03260019947061986,-0.03195379645548981,-0.03115171775601296,-0.030197871018988572,-0.029096903289839025,-0.027854178372671904,-0.026475750698365347,-0.024968335827989477,-0.02333927773526801,-0.02159651302747632,-0.01974853227908862,-0.01780433866655277,-0.015773404105719337,-0.013665623105619775,-0.01149126456341337,-0.009260921735351832,-0.0069854606275003145,-0.004675967057647664,-0.0023436926463166596
3.298373659057376e-17,-0.0046969239560855185,-0.009370964970790284,-0.013999351586123348,-0.018559534767738722,-0.023029297761563695,-0.02738686433159113,-0.031611004851513254,-0.035681139733325686,-0.03957743968901298,-0.043280922336845815,-0.04677354468163654,-0.05003829101839862,-0.05305925583115057,-0.055821721282990816,-0.058312228919920155,-0.06051864523907645,-0.062430220801940856,-0.06403764260452212,-0.06533307944937543,-0.06631022009840953,-0.06696430402060424,-0.06729214458483884,-0.06729214458483884,-0.06696430402060426,-0.06631022009840955,-0.06533307944937544,-0.06403764260452213,-0.06243022080194087,-0.06051864523907648,-0.058312228919920196,-0.05582172128299087,-0.05305925583115062,-0.050038291018398684,-0.04677354468163661,-0.04328092233684587,-0.03957743968901304,-0.03568113973332574,-0.031611004851513316,-0.027386864331591203,-0.023029297761563768,-0.018559534767738792,-0.01399935158612342,-0.009370964970790357,-0.004696923956085592
5.511227794307101e-17,-0.007848054990204823,-0.01565787504538135,-0.023391411507260672,-0.031010987363573096,-0.03847948080666393,-0.04576050608720838,-0.05281859078192631,-0.05961934861166053,-0.06612964696787468,-0.07231776833139038,-0.07815356479695205,-0.08360860495079185,-0.08865631238561911,-0.09327209517820484,-0.0974334656987606,-0.10112015016840983,-0.1043141874310004,-0.1070000164580528,-0.1091645521605254,-0.11079724913805436,-0.11189015305508329,-0.1124379393935867,-0.1124379393935867,-0.11189015305508329,-0.11079724913805439,-0.10916455216052542,-0.10700001645805281,-0.10431418743100047,-0.10112015016840989,-0.09743346569876067,-0.09327209517820492,-0.08865631238561916,-0.08360860495079195,-0.07815356479695217,-0.07231776833139049,-0.0661296469678748,-0.05961934861166062,-0.05281859078192642,-0.045760506087208504,-0.03847948080666405,-0.031010987363573213,-0.023391411507260797,-0.01565787504538147,-0.007848054990204948
8.430871589901458e-17,-0.012005663043224092,-0.023952835702907013,-0.03578331255477569,-0.04743945670480352,-0.05886448059036333,-0.07000272264352352,-0.08079991846861406,-0.09120346521290441,-0.10116267784241774,-0.11062903607431986,-0.1195564207628595,-0.12790133858721187,-0.13562313394656517,-0.1426841870301203,-0.14905009709702907,-0.15468985007334468,-0.15957596964947215,-0.16368465114198794,-0.16699587746766337,-0.1694935166646833,-0.1711654004859416,-0.1720033836815183,-0.1720033836815183,-0.17116540048594162,-0.16949351666468332,-0.1669958774676634,-0.163684651141988,-0.15957596964947218,-0.15468985007334474,-0.14905009709702918,-0.14268418703012042,-0.13562313394656525,-0.12790133858721198,-0.11955642076285962,-0.11062903607432,-0.10116267784241789,-0.09120346521290455,-0.08079991846861423,-0.07000272264352368,-0.05886448059036352,-0.0474394567048037,-0.03578331255477588,-0.023952835702907196,-0.01200566304322428
1.2608411527461315e-16,-0.01795453040588561,-0.03582158814441741,-0.053514126706282604,-0.07094594982205601,-0.08803213140175874,-0.10468942928623055,-0.12083669079456531,-0.13639524809180983,-0.15128930145075348,-0.16544628854057677,-0.1787972379432328,-0.19127710517526492,-0.2028250895779909,-0.2133849305321992,-0.222905181554233,-0.23133946093808525,-0.23864667772240822,-0.2447912318815481,-0.24974318776528937,-0.2534784199423356,-0.25597873073698446,-0.25723193888637486,-0.25723193888637486,-0.25597873073698457,-0.25347841994233566,-0.24974318776528942,-0.2447912318815482,-0.23864667772240833,-0.23133946093808536,-0.22290518155423317,-0.21338493053219942,-0.20282508957799103,-0.1912771051752651,-0.17879723794323302,-0.16544628854057697,-0.1512893014507537,-0.13639524809181008,-0.12083669079456559,-0.10468942928623082,-0.088032131401759,-0.07094594982205628,-0.05351412670628289,-0.035821588144417695,-0.017954530405885894
1.7566682486603486e-16,-0.02501516817953723,-0.04990846497422047,-0.07455861274433002,-0.09884551844775477,-0.12265085872121945,-0.14585865633981493,-0.16835584524638486,-0.19003282139798364,-0.21078397674576388,-0.23050821374677047,-0.24910943790100695,-0.26649702591418284,-0.28258626720529273,-0.29729877660805026,-0.31056287625554185,-0.322313944787588,-0.33249473217951314,-0.34105563865851374,-0.3479549563487625,-0.35315907246799005,-0.3566426330855795,-0.358388666644368,-0.358388666644368,-0.3566426330855795,-0.35315907246799016,-0.3479549563487626,-0.34105563865851385,-0.33249473217951325,-0.32231394478758824,-0.31056287625554213,-0.2972987766080505,-0.28258626720529295,-0.26649702591418317,-0.24910943790100726,-0.23050821374677083,-0.21078397674576418,-0.19003282139798397,-0.1683558452463852,-0.1458586563398153,-0.12265085872121982,-0.09884551844775515,-0.07455861274433041,-0.049908464974220856,-0.02501516817953762
2.3458178788016226e-16,-0.03340473011995211,-0.06664671575259261,-0.09956400528539008,-0.131996228992576,-0.1637853803403254,-0.19477658577870477,-0.2248188592700458,-0.2537658378777343,-0.2814764948317354,-0.3078158265968352,-0.3326555105962933,-0.3558745303865414,-0.37735976523712944,-0.3970065412435525,-0.4147191412879951,-0.4304112713635054,-0.4440064809897219,-0.4554385356719324,-0.4646517395888704,-0.4716012069371608,-0.47625308061044125,-0.4785846971477795,-0.4785846971477795,-0.47625308061044125,-0.4716012069371609,-0.46465173958887046,-0.4554385356719326,-0.44400648098972206,-0.43041127136350565,-0.4147191412879954,-0.3970065412435528,-0.37735976523712966,-0.3558745303865417,-0.3326555105962937,-0.3078158265968357,-0.2814764948317359,-0.25376583787773477,-0.22481885927004625,-0.19477658577870527,-0.1637853803403259,-0.13199622899257646,-0.09956400528539061,-0.06664671575259314,-0.03340473011995263
3.0896356773797586e-16,-0.043996785472779756,-0.08777922302927894,-0.13113400903471506,-0.17384992332967852,-0.21571885827351406,-0.2565368326238238,-0.2961049853125845,-0.3342305442772693,-0.37072776562697224,-0.40541883856796596,-0.43813475168001487,-0.4687161163230301,-0.4970139431624996,-0.5228903680305473,-0.5462193235863064,-0.5668871535033281,-0.5847931661917785,-0.5998501253577465,-0.6119846750096949,-0.6211376968414802,-0.6272645982507972,-0.6303355295898531,-0.6303355295898531,-0.6272645982507974,-0.6211376968414805,-0.6119846750096949,-0.5998501253577468,-0.5847931661917787,-0.5668871535033284,-0.5462193235863069,-0.5228903680305479,-0.4970139431625,-0.4687161163230306,-0.4381347516800155,-0.40541883856796657,-0.37072776562697274,-0.3342305442772699,-0.2961049853125851,-0.25653683262382443,-0.21571885827351472,-0.17384992332967916,-0.13113400903471573,-0.08777922302927964,-0.04399678547278046
3.921163022935796e-16,-0.055837835375532496,-0.11140363442991678,-0.1664266861756113,-0.22063892383541017,-0.27377623083683145,-0.3255797275615048,-0.3757970325806608,-0.42418349223206697,-0.47050337254809405,-0.5145310077279015,-0.5560518995585336,-0.5948637624286581,-0.6307775088437275,-0.6636181706412428,-0.693225751418059,-0.7194560060167764,-0.7421811432736442,-0.7612904486042712,-0.7766908233939456,-0.7883072385647333,-0.7960831001096004,-0.7999805248127269,-0.7999805248127269,-0.7960831001096006,-0.7883072385647336,-0.7766908233939458,-0.7612904486042713,-0.7421811432736444,-0.7194560060167767,-0.6932257514180598,-0.6636181706412433,-0.630777508843728,-0.5948637624286588,-0.5560518995585344,-0.5145310077279023,-0.4705033725480949,-0.4241834922320677,-0.3757970325806616,-0.3255797275615056,-0.2737762308368323,-0.2206389238354111,-0.16642668617561215,-0.11140363442991764,-0.055837835375533384
4.8534337687221305e-16,-0.069113483473853,-0.13789025300348665,-0.2059952350811654,-0.2730966290800973,-0.33886752375372986,-0.40298748991447686,-0.46514414153252454,-0.5250346576491485,-0.5823672576900047,-0.6368626229907489,-0.6882552576094877,-0.7362947817963298,-0.780747151818354,-0.8213958001971471,-0.858042690803797,-0.8905092836710016,-0.9186374048218403,-0.9422900168774974,-0.9613518866895872,-0.9757301467444793,-0.9853547476044835,-0.990178799181672,-0.990178799181672,-0.9853547476044837,-0.9757301467444796,-0.9613518866895872,-0.9422900168774976,-0.9186374048218406,-0.8905092836710021,-0.8580426908037976,-0.8213958001971478,-0.7807471518183545,-0.7362947817963305,-0.6882552576094886,-0.6368626229907498,-0.5823672576900057,-0.5250346576491493,-0.46514414153252565,-0.40298748991447786,-0.33886752375373086,-0.27309662908009835,-0.20599523508116638,-0.13789025300348776,-0.06911348347385408
5.944531393857349e-16,-0.08465084553061344,-0.16888928065087766,-0.2523049041724999,-0.3344913235625939,-0.41504813484724334,-0.4935828733394077,-0.5697129256874431,-0.6430673939288686,-0.7132889024679812,-0.7800353391738207,-0.8429815221160823,-0.9018207838188007,-0.9562664653134635,-1.0060533127126865,-1.050938769500499,-1.090704158243302,-1.125155745964341,-1.154125687991303,-1.1774728456786792,-1.195083474021065,-1.206871775807391,-1.2127803196163103,-1.2127803196163103,-1.206871775807391,-1.1950834740210652,-1.1774728456786792,-1.1541256879913036,-1.1251557459643413,-1.0907041582433026,-1.0509387695004997,-1.0060533127126876,-0.9562664653134642,-0.9018207838188015,-0.8429815221160835,-0.7800353391738222,-0.713288902467982,-0.6430673939288696,-0.5697129256874442,-0.4935828733394088,-0.4150481348472446,-0.33449132356259526,-0.2523049041725011,-0.168889280650879,-0.08465084553061476
7.117823274490403e-16,-0.10135866372002059,-0.20222351821893772,-0.3021031600645267,-0.4005109856815848,-0.49696756203562803,-0.591002962382436,-0.6821590557039314,-0.7699917386764212,-0.8540730992973785,-0.9339935016296884,-1.0093635815067552,-1.079816143475594,-1.1450079497361603,-1.2046213923614066,-1.2583660406511876,-1.3059800560814296,-1.3472314679550976,-1.3819193035401238,-1.4098745671883433,-1.4309610636653174,-1.4450760616798173,-1.452150794380351,-1.452150794380351,-1.4450760616798175,-1.4309610636653174,-1.4098745671883435,-1.3819193035401243,-1.3472314679550979,-1.3059800560814303,-1.2583660406511887,-1.2046213923614075,-1.145007949736161,-1.0798161434755948,-1.0093635815067565,-0.9339935016296899,-0.8540730992973798,-0.7699917386764226,-0.6821590557039329,-0.5910029623824374,-0.4969675620356296,-0.40051098568158633,-0.30210316006452825,-0.20222351821893939,-0.10135866372002218
8.382157213905752e-16,-0.11936293183022932,-0.2381443394549056,-0.3557655317959398,-0.47165347022749055,-0.5852435603625368,-0.6959824026999709,-0.8033304887313626,-0.9067648293721481,-1.0057815029119148,-1.0998981100702996,-1.1886561241977913,-1.2716231251714871,-1.3483949061024592,-1.4185974425910801,-1.481888714936314,-1.537960374421312,-1.5865392455573646,-1.6273886569674312,-1.6603095944252857,-1.6851416704328372,-1.7017639056118887,-1.7100953181035092,-1.7100953181035092,-1.7017639056118892,-1.6851416704328375,-1.6603095944252861,-1.6273886569674314,-1.586539245557365,-1.537960374421313,-1.481888714936315,-1.4185974425910814,-1.3483949061024605,-1.2716231251714887,-1.1886561241977927,-1.0998981100703014,-1.0057815029119164,-0.9067648293721497,-0.8033304887313644,-0.6959824026999726,-0.5852435603625386,-0.47165347022749227,-0.35576553179594167,-0.2381443394549075,-0.1193629318302312
9.780312892747682e-16,-0.13927283768415383,-0.2778671521027716,-0.41510772568744964,-0.5503259361590612,-0.6828630139882789,-0.8120732518544924,-0.9373271504669949,-1.0580144854222118,-1.173547280155696,-1.2833626705048244,-1.3869256469264146,-1.4837316610094589,-1.573309083584252,-1.6552215024522965,-1.7290698485426774,-1.7944943401364533,-1.8511762356870232,-1.8988393866969133,-1.9372515830854804,-1.966225684493104,-1.9856205320101923,-1.9953416358892047,-1.9953416358892047,-1.9856205320101925,-1.9662256844931045,-1.9372515830854808,-1.8988393866969133,-1.8511762356870238,-1.7944943401364544,-1.7290698485426788,-1.6552215024522978,-1.5733090835842534,-1.4837316610094602,-1.3869256469264168,-1.283362670504826,-1.1735472801556979,-1.0580144854222135,-0.9373271504669971,-0.8120732518544944,-0.682863013988281,-0.5503259361590632,-0.41510772568745186,-0.27786715210277385,-0.13927283768415602
1.1238755395347295e-15,-0.16004123519491711,-0.31930276557925835,-0.47700868498589527,-0.6323906660280265,-0.7846917033129602,-0.9331698014962838,-1.077101590208625,-1.2157858482433361,-1.3485469198357716,-1.4747380063902327,-1.5937443176177033,-1.70498606673236,-1.8079212951144992,-1.902048512678451,-1.9869091410818813,-2.062089747873371,-2.127224060693757,-2.1819947517182605,-2.226134983645735,-2.2594297097031943,-2.28171672133206,-2.2928874384519586,-2.2928874384519586,-2.28171672133206,-2.259429709703195,-2.2261349836457356,-2.181994751718261,-2.1272240606937576,-2.0620897478733724,-1.9869091410818827,-1.9020485126784523,-1.8079212951145007,-1.7049860667323615,-1.5937443176177055,-1.474738006390235,-1.3485469198357736,-1.2157858482433381,-1.0771015902086274,-0.9331698014962861,-0.7846917033129628,-0.6323906660280288,-0.47700868498589777,-0.319302765579261,-0.1600412351949196
1.2761360741192977e-15,-0.18172331934850647,-0.362561300951917,-0.5416329203416198,-0.7180657585881692,-0.8910002526385988,-1.0595938830212015,-1.2230252785157374,-1.3804982177914076,-1.5312455085171939,-1.6745327250457478,-1.8096617864613167,-1.9359743575598134,-2.052855056191743,-2.1597344513421723,-2.256091837341411,-2.341457770690683,-2.4154163571436595,-2.4776072779014386,-2.5277275450494914,-2.5655329776843483,-2.5908393915384007,-2.603523496307142,-2.603523496307142,-2.5908393915384007,-2.5655329776843487,-2.5277275450494923,-2.47760727790144,-2.4154163571436604,-2.341457770690684,-2.2560918373414127,-2.159734451342174,-2.0528550561917447,-1.935974357559815,-1.8096617864613196,-1.6745327250457505,-1.5312455085171965,-1.38049821779141,-1.22302527851574,-1.059593883021204,-0.8910002526386016,-0.718065758588172,-0.5416329203416227,-0.36256130095191996,-0.18172331934850933
