hough_viz/data/file_1_3_2.json
{"header": {"discipline": 0, "disciplineName": "Meteorological products", "gribEdition": 2, "gribLength": 133963, "center": 7, "centerName": "US National Weather Service - NCEP(WMC)", "subcenter": 0, "refTime": "2014-11-30T06:00:00.000Z", "significanceOfRT": 1, "significanceOfRTName": "Start of forecast", "productStatus": 0, "productStatusName": "Operational products", "productType": 1, "productTypeName": "Forecast products", "productDefinitionTemplate": 0, "productDefinitionTemplateName": "Analysis/forecast at horizontal level/layer at a point in time", "parameterCategory": 2, "parameterCategoryName": "Momentum", "parameterNumber": 3, "parameterNumberName": "V-component_of_wind", "parameterUnit": "m.s-1", "genProcessType": 2, "genProcessTypeName": "Forecast", "forecastTime": 6, "surface1Type": 100, "surface1TypeName": "Isobaric surface", "surface1Value": 85000, "surface2Type": 255, "surface2TypeName": "Missing", "surface2Value": 0, "gridDefinitionTemplate": 0, "gridDefinitionTemplateName": "Latitude_Longitude", "numberPoints": 65160, "shape": 6, "shapeName": "Earth spherical with radius of 6,371,229.0 m", "gridUnits": "degrees", "resolution": 48, "winds": "true", "scanMode": 0, "nx": 360, "ny": 181, "basicAngle": 0, "subDivisions": 0, "lo1": 0, "la1": 90, "lo2": 359, "la2": -90, "dx": 1, "dy": 1}, "data":
[rows 152 to 170 of 181, columns 258 to 300 of 360]
13.657714753091243,13.706299596656784,13.750709368589284,13.790930541241996,13.8269508628561,13.858759361292698,13.886346347375033,13.909703417839893,13.928823457897362,13.94370064339801,13.95433044260702,13.96070961758458,13.962836225172186,13.96070961758458,13.95433044260702,13.94370064339801,13.928823457897364,13.909703417839893,13.886346347375033,13.858759361292698,13.8269508628561,13.790930541241996,13.750709368589284,13.70629959665679,13.657714753091245,13.604969637306652,13.548080315976243,13.48706411813838,13.42193962991801,13.35272668886512,13.279446377912032,13.20212101895135,13.120774166036474,13.035430598206833,12.94611631193992,12.852858513232551,12.75568560931361,12.654627199990975,12.5497140686351,12.440978172802101,12.32845263449921,12.212171730095449,12.092170879880731
12.235139758032446,12.278664049020588,12.31844813999331,12.354479912331099,12.386748390407062,12.415243744930176,12.439957295939424,12.460881515447753,12.478010029735207,12.491337621290404,12.500860230399853,12.506574956384572,12.508480058483661,12.506574956384572,12.500860230399855,12.491337621290404,12.478010029735207,12.460881515447753,12.439957295939424,12.415243744930176,12.386748390407062,12.3544799123311,12.31844813999331,12.27866404902059,12.235139758032448,12.18788852494955,12.136924742955227,12.082263936111163,12.023922754628646,11.961918969796717,11.896271468568871,11.82700024780993,11.754126408204788,11.677672147830926,11.597660755396678,11.51411660314728,11.427065139440803,11.33653288099639,11.242547404816975,11.145137339789045,11.044332357962043,10.940163165509956,10.83266149337791
10.803619226146107,10.842051142431753,10.877180464910104,10.90899649284923,10.937489534778816,10.962650911442264,10.984472958440506,11.002949028566626,11.018073493830684,11.029841747174046,11.03825020387274,11.04329630262941,11.044978506353482,11.04329630262941,11.038250203872744,11.029841747174046,11.018073493830684,11.002949028566626,10.984472958440506,10.962650911442264,10.937489534778816,10.908996492849234,10.877180464910106,10.842051142431755,10.803619226146107,10.761896422787173,10.716895441525022,10.668629990094484,10.617114770619626,10.562365475135337,10.504398780807392,10.443232344852413,10.378884799159332,10.311375744613912,10.240725745128138,10.166956321376267,10.090089944239379,10.010150027960584,9.927160923012774,9.841147908681247,9.752137185363395,9.660155866587807,9.56523197075522
9.363632026793502,9.396941449742469,9.427388473295629,9.454963822994662,9.479659099120921,9.501466779254065,9.520380220563474,9.536393661831704,9.549502225209421,9.559701917701236,9.566989632382002,9.57136314934324,9.572821136369308,9.57136314934324,9.566989632382002,9.559701917701236,9.549502225209423,9.536393661831704,9.520380220563474,9.501466779254065,9.479659099120921,9.454963822994664,9.42738847329563,9.396941449742473,9.363632026793503,9.327470350821633,9.288467437023671,9.24663516606498,9.201986280460547,9.154534380693438,9.104293921072008,9.051280205326943,8.995509381949615,8.936998439273088,8.875765200297309,8.811828317260057,8.745207265955262,8.675922339800536,8.603994643655563,8.52944608739336,8.45229937922634,8.372578018789147,8.290306289980439
7.920977343418471,7.94915478394007,7.97491083490929,7.998237650783502,8.019128125988617,8.037575897083517,8.05357534469842,8.06712159524659,8.078210522408883,8.086838748390674,8.093003644950734,8.09670333420186,8.09793668918286,8.09670333420186,8.093003644950736,8.086838748390674,8.078210522408886,8.06712159524659,8.05357534469842,8.037575897083515,8.019128125988617,7.998237650783502,7.974910834909291,7.949154783940072,7.920977343418473,7.890387096465837,7.8573933611677225,7.822006187735515,7.784236355445051,7.744095369353125,7.701595456792961,7.656749563649625,7.609571350416605,7.560075188034675,7.508276153514371,7.454190025343409,7.397833278680362,7.339223080336214,7.278377283545142,7.215314422526281,7.150053706837996,7.082615015526484,7.013018891070405
6.4844140311598615,6.507481158202241,6.528566043444444,6.547662264226177,6.564764003653596,6.579866052371209,6.592963810148672,6.604053287282089,6.613131105809301,6.620194500538844,6.625241319892257,6.628270026559479,6.629279697967116,6.628270026559479,6.625241319892258,6.620194500538844,6.613131105809302,6.604053287282089,6.592963810148672,6.579866052371206,6.564764003653596,6.547662264226177,6.528566043444446,6.507481158202241,6.484414031159863,6.459371688787663,6.432361759225723,6.403392469960231,6.372472645317336,6.339611703775148,6.304819655094795,6.268107097271337,6.229485213305536,6.1889657677973835,6.146561103362499,6.102284136872459,6.056148355520171,6.0081678127115685,5.958357123784784,5.906731461558195,5.853306551708621,5.798098667981144,5.741124627231954
5.05416527286953,5.072144549313356,5.088578801392497,5.1034630230745615,5.116792680481443,5.128563713270365,5.138772535870713,5.147416038576226,5.154491588492251,5.15999703033774,5.163930687101775,5.166291360554399,5.1670783316116085,5.166291360554399,5.163930687101775,5.15999703033774,5.1544915884922515,5.147416038576226,5.138772535870713,5.128563713270365,5.116792680481443,5.103463023074562,5.088578801392498,5.072144549313358,5.054165272869532,5.034646448722788,5.01359402249605,4.991014406962283,4.966914480091113,4.941301582953728,4.914183517486712,4.885568544115502,4.8554653792381925,4.823883192570417,4.790831604352177,4.756320682417424,4.720360939127293,4.682963328167942,4.6441392412139475,4.603900504458291,4.562259375009991,4.519228537160465,4.474821098519766
3.6483694295266083,3.6613478421825576,3.6732109728175053,3.683955207806939,3.6935772743527986,3.702074241480405,3.7094435209312566,3.7156828679514473,3.720790381975431,3.7247645072049598,3.72760403308299,3.729308094662432,3.729876172869621,3.729308094662432,3.7276040330829905,3.7247645072049598,3.7207903819754313,3.7156828679514473,3.7094435209312566,3.702074241480405,3.6935772743527986,3.6839552078069393,3.6732109728175053,3.661347842182558,3.6483694295266096,3.6342796881998773,3.6190829100740634,3.602783724234996,3.5853870955725773,3.5668983232684233,3.547323039181681,3.5266672061335154,3.5049371160907685,3.4821393882493723,3.4582809670180725,3.4333691199031,3.4074114352944096,3.3804158201541945,3.352390497608338,3.3233440044415725,3.293285188497099,3.262223205981439,3.23016751867537
2.263417546062182,2.2714692435377093,2.278829029477439,2.2854946620192766,2.2914641107469795,2.296735557308638,2.3013073959705626,2.3051782341064095,2.308346892621384,2.310812406311409,2.312574024157128,2.3136312095526814,2.3139836404691563,2.3136312095526814,2.3125740241571284,2.310812406311409,2.3083468926213846,2.3051782341064095,2.3013073959705626,2.296735557308638,2.2914641107469795,2.285494662019277,2.278829029477439,2.27146924353771,2.2634175460621826,2.2546763896759057,2.2452484370197947,2.2351365599395563,2.2243438386109062,2.212873560601313,2.200729219868573,2.1879145156965185,2.1744333515681786,2.1602898339767433,2.1454882711746794,2.1300331718614056,2.1139292438098867,2.0971813924326117,2.07979471928735,2.0617745205231692,2.0431262852671788,2.023855693952487,2.003968616587886
0.8985753964314838,0.9017719154580351,0.9046937460234776,0.9073399981099162,0.9097098656433306,0.9118026267391126,0.9136176439219592,0.9151543643200546,0.9164123198334787,0.9173911272767961,0.9180904884957776,0.9185101904582209,0.9186501053188426,0.9185101904582209,0.9180904884957777,0.9173911272767961,0.9164123198334788,0.9151543643200546,0.9136176439219592,0.9118026267391125,0.9097098656433306,0.9073399981099162,0.9046937460234779,0.9017719154580355,0.898575396431484,0.8951051626344839,0.8913622711338671,0.8873478620506426,0.8830631582127059,0.8785094647823526,0.8736881688587144,0.8686007390552345,0.8632487250523141,0.8576337571252648,0.8517575456477099,0.8456218805705903,0.8392286308769256,0.8325797440125057,0.8256772452926785,0.8185232372854202,0.811119899170872,0.8034694860775415,0.7955743283953678
-0.41755395897382724,-0.41903933146429645,-0.4203970605150766,-0.42162673254874594,-0.42272797299529113,-0.42370044640620397,-0.42454385655666316,-0.4252579465357667,-0.42584249882478886,-0.4262973353634403,-0.42662231760410496,-0.42681734655404424,-0.4268823628055507,-0.42681734655404424,-0.426622317604105,-0.4262973353634403,-0.425842498824789,-0.4252579465357667,-0.42454385655666316,-0.423700446406204,-0.42272797299529113,-0.42162673254874594,-0.4203970605150767,-0.41903933146429656,-0.4175539589738274,-0.41594139550251874,-0.41420213225282543,-0.4123366990211814,-0.41034566403662054,-0.4082296337876862,-0.4059892528376909,-0.4036252036283752,-0.40113820627202895,-0.3985290183321394,-0.39579843459262837,-0.3929472868157549,-0.38997644348875143,-0.3868868095592749,-0.38367932615975,-0.38035497032069154,-0.3769147546730922,-0.3733597271399642,-0.3696909706171323
-1.6988367157574196,-1.70488001930934,-1.710403999891836,-1.7154069748469087,-1.7198874202199228,-1.7238439712238143,-1.7272754226548195,-1.7301807292595912,-1.7325590060535931,-1.7344095285906753,-1.7357317331837467,-1.7365252170764796,-1.7367897385659932,-1.7365252170764796,-1.7357317331837467,-1.7344095285906753,-1.7325590060535936,-1.7301807292595912,-1.7272754226548195,-1.723843971223814,-1.7198874202199228,-1.7154069748469087,-1.7104039998918361,-1.7048800193093407,-1.69883671575742,-1.6922759300848784,-1.6851996607705884,-1.6776100633147317,-1.669509449582216,-1.6609002870984564,-1.651785198297744,-1.6421669597244277,-1.632048501187151,-1.6214329048664038,-1.6103234043756605,-1.598723383776392,-1.586636376547243,-1.5740660645077067,-1.5610162766966014,-1.5474909882057097,-1.533494318968929,-1.519030532507297,-1.5041040346302836
-2.9475740124012333,-2.9580594724419003,-2.9676438789118977,-2.976324312308165,-2.984098128486603,-2.9909629594674967,-2.996916714156827,-3.0019575789832413,-3.0060840184504816,-3.0092947756051105,-3.011588872419399,-3.012965610089232,-3.013424569246977,-3.012965610089232,-3.011588872419399,-3.0092947756051105,-3.0060840184504816,-3.0019575789832413,-2.996916714156827,-2.990962959467496,-2.984098128486603,-2.9763243123081655,-2.9676438789118977,-2.9580594724419007,-2.9475740124012337,-2.9361906927625974,-2.9239129809954276,-2.9107446170096667,-2.896689612016548,-2.8817522473067463,-2.8659370729462545,-2.849248906390388,-2.8316928310163396,-2.8132741945747406,-2.7939986075606735,-2.773871941504673,-2.7529003271841876,-2.731090152756098,-2.7084480618108158,-2.68498095134858,-2.660695969678568,-2.6356005142414527,-2.6097022293560617
-4.126715972458133,-4.141396016197949,-4.154814550592627,-4.166967488226602,-4.177851127197344,-4.187462152242986,-4.195797635752202,-4.20285503865596,-4.208632211200974,-4.213127393604521,-4.216339216590493,-4.218266701806498,-4.218909262121866,-4.218266701806498,-4.216339216590493,-4.213127393604521,-4.208632211200975,-4.20285503865596,-4.195797635752202,-4.187462152242986,-4.177851127197344,-4.166967488226602,-4.154814550592627,-4.14139601619795,-4.1267159724581335,-4.110778891056711,-4.093589626583064,-4.0751534150536655,-4.055475872317145,-4.03456299234364,-4.012421145398978,-3.9890570761042308,-3.964477901381238,-3.9386911082847273,-3.911704551721672,-3.8835264520586312,-3.854165392617727,-3.8236303170620927,-3.7919305266715444,-3.7590756775093155,-3.7250757774807335,-3.689941183284712,-3.653682597258997
-5.258163025355055,-5.276867986810716,-5.293965563159428,-5.309450546313805,-5.323318219397973,-5.335564358184371,-5.346185232380494,-5.355177606765173,-5.362538742174062,-5.368266396334006,-5.372358824546061,-5.374814780216951,-5.375633515238787,-5.374814780216951,-5.372358824546061,-5.368266396334006,-5.3625387421740625,-5.355177606765173,-5.346185232380494,-5.335564358184371,-5.323318219397973,-5.309450546313805,-5.2939655631594285,-5.276867986810717,-5.258163025355055,-5.237856376504899,-5.215954225862208,-5.192463245034234,-5.167390589601303,-5.140743896937144,-5.112531283882472,-5.0827613442725275,-5.051443146319302,-5.018586229849281,-4.984200603397508,-4.9482967411589085,-4.910885579797721,-4.871978515116113,-4.831587398582885,-4.78972453372341,-4.746402672371861,-4.701635010786871,-4.655435185631832
-6.3462719004829,-6.3688476119458715,-6.389483310729835,-6.408172711001033,-6.424910119787098,-6.439690438711174,-6.452509165544936,-6.463362395580012,-6.4722468228173975,-6.479159740974492,-6.4840990443094535,-6.487063228262643,-6.488051389914908,-6.487063228262643,-6.484099044309455,-6.479159740974492,-6.472246822817398,-6.463362395580012,-6.452509165544936,-6.439690438711174,-6.424910119787098,-6.408172711001033,-6.389483310729836,-6.368847611945873,-6.346271900482901,-6.321763053121325,-6.295328535493476,-6.266976399809495,-6.236715282404571,-6.204554401108211,-6.1705035524364025,-6.134573108607513,-6.096774014382797,-6.057117783732525,-6.0156164963287075,-5.972282793865525,-5.927129876208527,-5.880171497373841,-5.831421961338555,-5.780896117683593,-5.728609357070384,-5.674577606552729,-5.618817324725247
-7.347621395396126,-7.373759226104106,-7.397650938320604,-7.419289254398636,-7.4386675830975095,-7.455780021590579,-7.470621357263311,-7.483187069301084,-7.493473330066289,-7.501477006264249,-7.507195659897663,-7.510627549009233,-7.5117716282122915,-7.510627549009233,-7.507195659897663,-7.501477006264249,-7.493473330066291,-7.483187069301084,-7.470621357263311,-7.455780021590579,-7.4386675830975095,-7.419289254398636,-7.397650938320605,-7.373759226104107,-7.3476213953961285,-7.319245408033103,-7.288639907615672,-7.255814216875738,-7.220778334836695,-7.18354293376761,-7.144119355932357,-7.1025196101346495,-7.058756368060041,-7.012842960416013,-6.964793372871306,-6.914622241795756,-6.862344849801904,-6.807977121089775,-6.751535616596209,-6.693037528950233,-6.632500677236027,-6.56994350156506,-6.505385057459041
-8.289924311563192,-8.319414214019702,-8.346369942314647,-8.370783285472061,-8.392646806951122,-8.41195384691139,-8.428698524241463,-8.442875738350414,-8.454481170721492,-8.46351128622757,-8.469963334207987,-8.473835349306428,-8.475126152069581,-8.473835349306428,-8.469963334207987,-8.46351128622757,-8.454481170721492,-8.442875738350414,-8.428698524241463,-8.41195384691139,-8.392646806951122,-8.370783285472063,-8.346369942314649,-8.319414214019703,-8.289924311563194,-8.25790921785508,-8.223378685003048,-8.186343231341903,-8.146814138229605,-8.104803446610841,-8.060323953349247,-8.013389207329352,-7.964013505329459,-7.912211887666712,-7.85800013361566,-7.801394756601757,-7.74241299917118,-7.681072827738621,-7.617392927114511,-7.551392694813456,-7.483092235145579,-7.412512353092536,-7.339674547970115
-9.17994294645746,-9.212598928813025,-9.242448664290423,-9.269483060371064,-9.29369388211602,-9.315073754674447,-9.333616165530056,-9.349315466484875,-9.36216687537975,-9.372166477551035,-9.379311227023045,-9.383598947435875,-9.385028332708352,-9.383598947435875,-9.379311227023045,-9.372166477551035,-9.36216687537975,-9.349315466484875,-9.333616165530056,-9.315073754674447,-9.29369388211602,-9.269483060371066,-9.242448664290423,-9.212598928813026,-9.179942946457464,-9.144490664552304,-9.106252882206055,-9.065241247017632,-9.021468251528402,-8.974947229416834,-8.92569235143692,-8.873718621101634,-8.819041870112716,-8.761678753538188,-8.701646744739039,-8.638964130046704,-8.573650003192824,-8.505724259493165,-8.435207589787264,-8.362121474135824,-8.286488175277668,-8.208330731848314,-8.127672951362147
