hough_viz/data/file_4_3_2.json
{"header": {"discipline": 0, "disciplineName": "Meteorological products", "gribEdition": 2, "gribLength": 133963, "center": 7, "centerName": "US National Weather Service - NCEP(WMC)", "subcenter": 0, "refTime": "2014-11-30T06:00:00.000Z", "significanceOfRT": 1, "significanceOfRTName": "Start of forecast", "productStatus": 0, "productStatusName": "Operational products", "productType": 1, "productTypeName": "Forecast products", "productDefinitionTemplate": 0, "productDefinitionTemplateName": "Analysis/forecast at horizontal level/layer at a point in time", "parameterCategory": 2, "parameterCategoryName": "Momentum", "parameterNumber": 2, "parameterNumberName": "U-component_of_wind", "parameterUnit": "m.s-1", "genProcessType": 2, "genProcessTypeName": "Forecast", "forecastTime": 6, "surface1Type": 100, "surface1TypeName": "Isobaric surface", "surface1Value": 85000, "surface2Type": 255, "surface2TypeName": "Missing", "surface2Value": 0, "gridDefinitionTemplate": 0, "gridDefinitionTemplateName": "Latitude_Longitude", "numberPoints": 65160, "shape": 6, "shapeName": "Earth spherical with radius of 6,371,229.0 m", "gridUnits": "degrees", "resolution": 48, "winds": "true", "scanMode": 0, "nx": 360, "ny": 181, "basicAngle": 0, "subDivisions": 0, "lo1": 0, "la1": 90, "lo2": 359, "la2": -90, "dx": 1, "dy": 1}, "data":
[rows 40 to 59 of 181, columns 45 to 89 of 360]
-28.790241791649535,-28.720110209637568,-28.51005713761963,-28.161105933048134,-27.674956651115295,-27.053977762255137,-26.301194613193616,-25.42027468776344,-24.415509739291565,-23.29179488160831,-22.0546047405449,-20.709966782106665,-19.264431947264605,-17.725042736429376,-16.099298899097356,-14.39512089582478,-12.620811310540237,-10.785014401190264,-8.896673985783545,-6.964989869008633,-4.999373021710241,-3.0093997315852965,-1.004764948471898,1.0047649484718875,3.0093997315852863,4.999373021710231,6.964989869008622,8.896673985783535,10.785014401190253,12.620811310540226,14.395120895824768,16.09929889909732,17.72504273642938,19.26443194726458,20.709966782106658,22.05460474054489,23.29179488160831,24.415509739291544,25.42027468776344,26.30119461319361,27.053977762255137,27.674956651115288,28.161105933048134,28.51005713761963,28.720110209637568
-29.29084130168403,-29.219490284425664,-29.005784847634462,-28.650766142716893,-28.156163785116945,-27.5243874278036,-26.75851502168374,-25.86227782013475,-24.840042200713153,-23.696788392601988,-22.438086213434907,-21.070067933704507,-19.59939840095693,-18.03324256932451,-16.37923059258958,-14.645420650842029,-12.840259691836108,-10.972542278309962,-9.051367741759975,-7.086095851412442,-5.08630121436869,-3.061726629081743,-1.022235619421621,1.0222356194216102,3.061726629081732,5.086301214368679,7.086095851412431,9.051367741759968,10.972542278309952,12.840259691836101,14.645420650842015,16.379230592589543,18.033242569324518,19.599398400956908,21.070067933704497,22.438086213434897,23.696788392601988,24.840042200713132,25.86227782013475,26.75851502168374,27.5243874278036,28.156163785116938,28.650766142716893,29.005784847634462,29.219490284425664
-29.674108546760692,-29.601823909756266,-29.385322162228434,-29.02565807892849,-28.524583907116945,-27.884540829791078,-27.108647072486715,-26.200682711596862,-25.165071258219537,-24.00685810725627,-22.731685956755403,-21.345767317254296,-19.855854245052566,-18.269205446872412,-16.593550916169228,-14.83705427338036,-13.008272993587058,-11.11611671535603,-9.169803833875934,-7.178816589862651,-5.152854873035676,-3.1017889652304333,-1.0356114533773506,1.0356114533773397,3.1017889652304227,5.1528548730356665,7.178816589862638,9.169803833875921,11.116116715356021,13.008272993587047,14.837054273380346,16.593550916169196,18.26920544687242,19.855854245052548,21.345767317254293,22.7316859567554,24.00685810725627,25.165071258219516,26.200682711596865,27.108647072486715,27.884540829791078,28.52458390711694,29.025658078928487,29.385322162228434,29.601823909756266
-29.947774235189442,-29.874822962322398,-29.656324554989602,-29.293343515468237,-28.787648250896094,-28.14170245776987,-27.35865311906344,-26.442315172443106,-25.397152924274877,-24.228258299972445,-22.941326036648576,-21.542625938928175,-20.038972333090513,-18.437690868356466,-16.746582827062028,-14.973887117594735,-13.128240135260391,-11.218633686633146,-9.254371182377735,-7.245022311967923,-5.200376421121294,-3.130394819090975,-1.0451622481682576,1.0451622481682468,3.1303948190909647,5.200376421121285,7.24502231196791,9.254371182377724,11.218633686633135,13.128240135260382,14.973887117594721,16.74658282706199,18.437690868356476,20.03897233309049,21.542625938928165,22.941326036648572,24.228258299972445,25.397152924274856,26.442315172443113,27.358653119063433,28.14170245776987,28.78764825089609,29.293343515468234,29.656324554989602,29.874822962322398
-30.0,-29.92692150779473,-29.708042062247106,-29.344428022014174,-28.837850878149567,-28.190778623577252,-27.40636372927803,-26.488427785767804,-25.44144288469278,-24.270509831248425,-22.981333293569342,-21.58019401015953,-20.073918190765752,-18.469844259769744,-16.775787104122422,-15.000000000000014,-13.151134403672334,-11.23819780247737,-9.270509831248427,-7.2576568679900335,-5.2094453300079095,-3.1358538980296005,-1.0469849010750492,1.0469849010750385,3.13585389802959,5.209445330007899,7.257656867990024,9.270509831248416,11.238197802477359,13.151134403672323,15.0,16.775787104122383,18.469844259769754,20.073918190765735,21.580194010159527,22.981333293569335,24.270509831248415,25.44144288469276,26.48842778576781,27.40636372927803,28.190778623577252,28.83785087814956,29.344428022014167,29.708042062247106,29.92692150779473
-29.912780470800705,-29.839914440984927,-29.62167134751037,-29.25911444879075,-28.75401008559251,-28.108819075600252,-27.32668472456029,-26.411417512411,-25.367476529007657,-24.19994774988481,-22.91451925789477,-21.51745353143968,-20.015556934306296,-18.416146555745698,-16.727014562350114,-14.956390235400365,-13.112899878634835,-11.20552479176468,-9.243557514484461,-7.23655655415283,-5.194299817705485,-3.12673697467547,-1.0439409834033646,1.043940983403354,3.1267369746754596,5.194299817705474,7.236556554152818,9.24355751448445,11.205524791764672,13.112899878634824,14.956390235400352,16.72701456235008,18.416146555745705,20.015556934306275,21.51745353143967,22.914519257894767,24.199947749884807,25.36747652900764,26.411417512411,27.32668472456029,28.108819075600252,28.7540100855925,29.259114448790744,29.62167134751037,29.839914440984927
-29.698751306380263,-29.626406640851943,-29.40972510020537,-29.04976233512583,-28.548272048021452,-27.90769744916139,-27.131159353600953,-26.22244097688436,-25.185969503598955,-24.026794518576807,-22.750563405825094,-21.363493835038835,-19.872343469739167,-18.28437704461589,-16.60733097247043,-14.849375653190144,-13.019075668381536,-11.125348055589486,-9.177418865386676,-7.184778212982625,-5.157134043336299,-3.104364835024141,-1.0364714732854343,1.0364714732854234,3.1043648350241306,5.157134043336288,7.1847782129826125,9.177418865386667,11.125348055589475,13.019075668381527,14.849375653190132,16.607330972470397,18.2843770446159,19.872343469739143,21.363493835038824,22.750563405825087,24.0267945185768,25.185969503598933,26.222440976884364,27.13115935360095,27.90769744916139,28.548272048021445,29.04976233512583,29.40972510020537,29.626406640851943
-29.242450932788184,-29.17121779203636,-28.957865410482288,-28.603433219482802,-28.109647977045043,-27.47891535523506,-26.71430821998529,-25.819551660400606,-24.799004840498725,-23.657639761801175,-22.40101704024177,-21.035258815404653,-19.567018924075725,-18.00345048341854,-16.35217104170669,-14.621225466394105,-12.819046750329692,-10.954414927063748,-9.036414295407086,-7.074389161640393,-5.077898314993295,-3.056668458184105,-1.0205468199019074,1.0205468199018968,3.056668458184095,5.077898314993285,7.07438916164038,9.036414295407077,10.95441492706374,12.819046750329681,14.621225466394092,16.352171041706654,18.003450483418554,19.567018924075708,21.035258815404642,22.401017040241758,23.65763976180117,24.799004840498704,25.819551660400613,26.714308219985288,27.47891535523506,28.10964797704504,28.6034332194828,28.957865410482288,29.17121779203636
-28.635153044034855,-28.565399250417343,-28.356477703035694,-28.00940624666803,-27.52587577856226,-26.908242010554698,-26.159513992278743,-25.28333945137755,-24.28398702214165,-23.166325449151707,-21.935799867244395,-20.598405273362747,-19.160657319533755,-17.629560569266513,-16.01257437202306,-14.317576522017442,-12.552824878394308,-10.726917133769188,-8.848748927134281,-6.92747050519951,-4.972442143310305,-2.9931885431270295,-0.9993524292359244,0.9993524292359139,2.993188543127019,4.972442143310295,6.927470505199499,8.848748927134274,10.726917133769179,12.552824878394299,14.317576522017427,16.01257437202303,17.629560569266523,19.160657319533733,20.598405273362744,21.935799867244384,23.166325449151703,24.28398702214163,25.283339451377554,26.159513992278743,26.908242010554698,27.52587577856225,28.009406246668025,28.356477703035694,28.565399250417343
-27.8943821101446,-27.826432797291034,-27.622915900952297,-27.28482293498993,-26.8138010543491,-26.212145030285335,-25.482786070469633,-24.62927753843929,-23.655777641967997,-22.56702917469549,-21.368336409713706,-20.065539257681458,-18.664984815366747,-17.17349644322927,-15.59834052269423,-13.947191055072313,-12.228092274596822,-10.449419457723035,-8.619838119623193,-6.748261796667644,-4.843808620571632,-2.9157568957741367,-0.9734998964713121,0.9734998964713021,2.915756895774127,4.843808620571623,6.748261796667633,8.619838119623184,10.449419457723026,12.228092274596811,13.9471910550723,15.5983405226942,17.173496443229283,18.664984815366733,20.06553925768145,21.368336409713702,22.567029174695488,23.65577764196798,24.629277538439293,25.482786070469633,26.212145030285335,26.81380105434909,27.28482293498993,27.622915900952297,27.826432797291034
-26.911916456438473,-26.846360380538783,-26.650011535451807,-26.323826513013916,-25.8693944538664,-25.28892930532209,-24.585259035236533,-23.76181185443289,-22.82259951480344,-21.77219776445754,-20.615724055136873,-19.358812610504913,-18.007586976775617,-16.568630189411767,-15.048952701238017,-13.455958228219249,-11.797407679300786,-10.081381346040047,-8.316239536238307,-6.51058184336149,-4.673205250185214,-2.813061270778984,-0.9392123396294741,0.9392123396294646,2.8130612707789755,4.6732052501852035,6.5105818433614795,8.316239536238298,10.081381346040036,11.797407679300775,13.455958228219236,15.048952701237985,16.568630189411778,18.007586976775595,19.358812610504902,20.61572405513687,21.772197764457538,22.82259951480342,23.761811854432896,24.585259035236533,25.28892930532209,25.869394453866395,26.323826513013913,26.650011535451807,26.846360380538783
-25.78091962779961,-25.718118603330783,-25.53002149020276,-25.217544678643268,-24.782210524268148,-24.226139931317885,-23.55204201982531,-22.76320092705512,-21.863459807517298,-20.85720210950453,-19.749330219372887,-18.545241577608184,-17.25080238303855,-15.872319013303327,-14.416507300815242,-12.890459813899815,-11.301611302515559,-9.657702476899441,-7.9667422956047265,-6.236968946659964,-4.476809711944997,-2.6948399103207743,-0.8997411195378524,0.899741119537843,2.694839910320766,4.476809711944989,6.236968946659954,7.9667422956047185,9.657702476899432,11.301611302515548,12.890459813899804,14.416507300815214,15.872319013303335,17.25080238303853,18.545241577608174,19.74933021937288,20.857202109504527,21.863459807517277,22.763200927055127,23.55204201982531,24.226139931317885,24.78221052426814,25.217544678643264,25.53002149020276,25.718118603330783
-24.522671021876626,-24.462935027772474,-24.28401807321864,-23.98679182363305,-23.572704335426593,-23.0437730012179,-22.40257472129923,-21.652233349237328,-20.79640447277283,-19.83925760416425,-18.785455866743384,-17.64013327664716,-16.408869730407115,-15.097663820254331,-13.712903609581147,-12.261335510938324,-10.750031418191341,-9.186354252964312,-7.57792209322594,-5.932571058779437,-4.258317134474516,-2.5633171171349782,-0.8558288764645161,0.855828876464507,2.56331711713497,4.258317134474507,5.932571058779428,7.577922093225929,9.186354252964305,10.750031418191334,12.261335510938313,13.712903609581124,15.097663820254338,16.408869730407098,17.640133276647155,18.785455866743376,19.839257604164246,20.796404472772817,21.65223334923733,22.402574721299228,23.0437730012179,23.57270433542659,23.98679182363304,24.28401807321864,24.462935027772474
-23.047063308514687,-22.9909218206365,-22.822770872687546,-22.543429679183767,-22.154259162340633,-21.657155321796917,-21.05453999749505,-20.349349070720336,-19.545018160782504,-18.645465887023683,-17.655074777698967,-16.57866991873921,-15.421495446417433,-14.189188998443997,-12.887754247962457,-11.523531654257354,-10.10316757267406,-8.63358187424355,-7.121934232766344,-5.575589243601425,-4.00208054409795,-2.409074110471359,-0.8043309099378549,0.8043309099378467,2.4090741104713507,4.002080544097941,5.575589243601416,7.121934232766336,8.633581874243545,10.103167572674051,11.523531654257344,12.887754247962432,14.189188998444006,15.421495446417419,16.5786699187392,17.655074777698967,18.645465887023683,19.54501816078249,20.34934907072034,21.05453999749505,21.657155321796917,22.154259162340626,22.543429679183767,22.822770872687546,22.9909218206365
-21.4416385548202,-21.389407800953645,-21.23297000233659,-20.973087308198842,-20.611025840902908,-20.14854952752317,-19.58791150617046,-18.931843148929655,-18.183540754889492,-17.34664997809463,-16.42524806628565,-15.423823996957882,-14.347256607514318,-13.200790826060114,-11.990012118640228,-10.720819277410108,-9.399395682313433,-8.032179176276479,-6.625830700684533,-5.187201843945025,-3.723301461237521,-2.241261528075823,-0.7483023940401796,0.7483023940401718,2.2412615280758152,3.7233014612375137,5.187201843945016,6.625830700684524,8.032179176276472,9.399395682313427,10.7208192774101,11.990012118640202,13.200790826060123,14.347256607514304,15.423823996957879,16.425248066285647,17.34664997809463,18.183540754889478,18.931843148929655,19.587911506170457,20.14854952752317,20.6110258409029,20.973087308198842,21.23297000233659,21.389407800953645
-19.729075041147965,-19.681016005927567,-19.53707303905511,-19.297947416196088,-18.964804133348245,-18.539266231098182,-18.023406887330733,-17.419739316914725,-16.731204527572793,-15.961156991587314,-15.11334830314872,-14.191908900965638,-13.201327945182756,-12.146431446643776,-11.032358755051783,-9.86453752057399,-8.648657250875802,-7.390641592411337,-6.096619471013338,-4.772895232382608,-3.425917927949462,-2.062249895743411,-0.6885347893419506,0.6885347893419437,2.0622498957434043,3.4259179279494556,4.7728952323826,6.09661947101333,7.390641592411329,8.648657250875797,9.864537520573982,11.032358755051762,12.146431446643778,13.201327945182742,14.191908900965633,15.113348303148713,15.961156991587314,16.73120452757278,17.41973931691473,18.023406887330733,18.539266231098182,18.964804133348242,19.29794741619608,19.53707303905511,19.681016005927567
-17.84688690173383,-17.80341278222261,-17.673202225229183,-17.456889603498528,-17.15552877038003,-16.770587925559965,-16.303942462140174,-15.757865829911394,-15.135018459334432,-14.43843480019032,-13.671508538046075,-12.8379760605597,-11.941898254175129,-10.987640719891616,-9.979852504494591,-8.923443450866923,-7.8235602777280295,-6.685561505337575,-5.514991349323408,-4.31755270982033,-3.0990793875138873,-1.865507661949848,-0.6228473705769795,0.6228473705769731,1.865507661949842,3.099079387513881,4.317552709820324,5.514991349323402,6.685561505337569,7.823560277728023,8.923443450866914,9.97985250449457,10.987640719891619,11.941898254175115,12.837976060559697,13.671508538046073,14.438434800190318,15.13501845933442,15.757865829911397,16.303942462140174,16.770587925559965,17.155528770380027,17.456889603498528,17.673202225229183,17.80341278222261
-15.870268472625156,-15.831609296262744,-15.715820110796745,-15.523465029499658,-15.25548118699209,-14.91317417361711,-14.498211674735293,-14.0126153459293,-13.458750963701117,-12.83931689964669,-12.157330974260812,-11.416115754418968,-10.619282366165546,-9.770712901670683,-8.874541506067523,-7.935134236312586,-6.957067790195236,-5.945107209126064,-4.904182663334115,-3.8393654325731226,-2.7558431993562964,-1.6588947750885956,-0.5538643822281973,0.5538643822281917,1.6588947750885903,2.75584319935629,3.839365432573117,4.90418266333411,5.945107209126058,6.957067790195229,7.935134236312578,8.874541506067507,9.77071290167069,10.619282366165535,11.416115754418964,12.157330974260809,12.83931689964669,13.458750963701103,14.012615345929303,14.498211674735293,14.91317417361711,15.255481186992087,15.523465029499654,15.715820110796745,15.831609296262744
-13.819834311797628,-13.786169889996536,-13.685340634272324,-13.517837774623572,-13.28447736814516,-12.986396323280134,-12.625046860916084,-12.20218943931092,-11.719884177317232,-11.180480817690285,-10.58660727937756,-9.941156854561745,-9.247274112832104,-8.508339581157479,-7.727953274298773,-6.909917155898819,-6.058216615697772,-5.177001053114847,-4.270563661791474,-3.3433205135834125,-2.399789043902574,-1.4445660432257938,-0.48230526199370033,0.48230526199369533,1.444566043225789,2.3997890439025693,3.3433205135834076,4.270563661791471,5.177001053114844,6.058216615697766,6.909917155898814,7.7279532742987564,8.508339581157484,9.247274112832097,9.94115685456174,10.586607279377558,11.180480817690285,11.71988417731722,12.20218943931092,12.625046860916084,12.986396323280134,13.284477368145156,13.517837774623569,13.685340634272324,13.786169889996536
-11.667549314072751,-11.639127750352648,-11.554001526193858,-11.412585368003622,-11.215568241089542,-10.963909993089851,-10.658836677692209,-10.30183458142336,-9.894642982610613,-9.439245677792618,-8.937861316862076,-8.392932594026458,-7.807114347247383,-7.1832606241369,-6.524410777324468,-5.833774657036382,-5.114716973028189,-4.370740902056957,-3.6054710207562426,-2.822635647063084,-2.0260486762277763,-1.2195909998995875,-0.40719159881275724,0.40719159881275313,1.2195909998995835,2.0260486762277723,2.822635647063079,3.605471020756239,4.370740902056954,5.114716973028186,5.8337746570363755,6.524410777324457,7.1832606241369055,7.807114347247375,8.392932594026455,8.937861316862072,9.439245677792616,9.894642982610604,10.30183458142336,10.658836677692207,10.963909993089851,11.215568241089539,11.41258536800362,11.554001526193858,11.639127750352648
