hough_viz/data/file_4_0_2.json
{"header": {"discipline": 0, "disciplineName": "Meteorological products", "gribEdition": 2, "gribLength": 133963, "center": 7, "centerName": "US National Weather Service - NCEP(WMC)", "subcenter": 0, "refTime": "2014-11-30T06:00:00.000Z", "significanceOfRT": 1, "significanceOfRTName": "Start of forecast", "productStatus": 0, "productStatusName": "Operational products", "productType": 1, "productTypeName": "Forecast products", "productDefinitionTemplate": 0, "productDefinitionTemplateName": "Analysis/forecast at horizontal level/layer at a point in time", "parameterCategory": 2, "parameterCategoryName": "Momentum", "parameterNumber": 3, "parameterNumberName": "V-component_of_wind", "parameterUnit": "m.s-1", "genProcessType": 2, "genProcessTypeName": "Forecast", "forecastTime": 6, "surface1Type": 100, "surface1TypeName": "Isobaric surface", "surface1Value": 85000, "surface2Type": 255, "surface2TypeName": "Missing", "surface2Value": 0, "gridDefinitionTemplate": 0, "gridDefinitionTemplateName": "Latitude_Longitude", "numberPoints": 65160, "shape": 6, "shapeName": "Earth spherical with radius of 6,371,229.0 m", "gridUnits": "degrees", "resolution": 48, "winds": "true", "scanMode": 0, "nx": 360, "ny": 181, "basicAngle": 0, "subDivisions": 0, "lo1": 0, "la1": 90, "lo2": 359, "la2": -90, "dx": 1, "dy": 1}, "data":
[rows 0 to 18 of 181, columns 220 to 263 of 360]
-0.0002233754760445843,-0.00018002046596613878,-0.00013578841427310133,-9.0894815075129e-05,-4.5558385474824335e-05,-3.9991220851214376e-19,4.555838547482354e-05,9.089481507512705e-05,0.00013578841427310055,0.00018002046596613804,0.00022337547604458355,0.00026564222325736525,0.00030661478826069785,0.00034609355683643493,0.0003838861923924678,0.00041980857300726965,0.0004536856884533903,0.0004853524928296937,0.0005146547086483912,0.000541449578459464,0.0005656065603506038,0.0005870079639342891,0.0006055495237235196,0.0006211409071027946,0.0006337061544195304,0.0006431840490518543,0.0006495284156498324,0.0006527083450971322,0.0006527083450971322,0.0006495284156498324,0.0006431840490518548,0.0006337061544195308,0.000621140907102795,0.0006055495237235199,0.0005870079639342885,0.0005656065603506043,0.0005414495784594646,0.0005146547086483917,0.0004853524928296942,0.00045368568845339277,0.00041980857300727035,0.00038388619239246855,0.00034609355683643374,0.00030661478826069655
-2.1658855382679116e-06,-1.7455081942410217e-06,-1.3166269097496658e-06,-8.813311513008888e-07,-4.417416360740601e-07,-3.877614876667801e-21,4.41741636074053e-07,8.813311513008705e-07,1.3166269097496575e-06,1.7455081942410136e-06,2.1658855382678993e-06,2.575710905666409e-06,2.972987668442062e-06,3.355780334140712e-06,3.722223975373313e-06,4.07053331555453e-06,4.399011426590938e-06,4.706057996144101e-06,4.990177124191331e-06,5.249984610900363e-06,5.484214700311663e-06,5.691726246974424e-06,5.8715082754922185e-06,6.022684905893767e-06,6.144519620831977e-06,6.2364188538224205e-06,6.297934881039706e-06,6.3287680025827824e-06,6.3287680025827824e-06,6.297934881039706e-06,6.2364188538224374e-06,6.144519620831993e-06,6.022684905893767e-06,5.8715082754922185e-06,5.691726246974424e-06,5.484214700311695e-06,5.249984610900363e-06,4.990177124191331e-06,4.70605799614411e-06,4.3990114265909794e-06,4.070533315554538e-06,3.722223975373321e-06,3.355780334140712e-06,2.972987668442046e-06
0.00021904370496804847,0.00017652944957765674,0.00013315516045360197,8.91321527725272e-05,4.4674902202676214e-05,3.921569787588082e-19,-4.4674902202675435e-05,-8.91321527725253e-05,-0.0001331551604536012,-0.00017652944957765603,-0.0002190437049680477,-0.00026049080144603236,-0.00030066881292381374,-0.0003393819961681535,-0.0003764417444417212,-0.00041166750637616057,-0.00044488766560020845,-0.0004759403768374055,-0.0005046743544000085,-0.0005309496092376632,-0.0005546381309499803,-0.0005756245114403403,-0.0005938065071725353,-0.0006090955372910071,-0.0006214171151778665,-0.0006307112113442095,-0.0006369325458877529,-0.0006400508090919666,-0.0006400508090919666,-0.000636932545887753,-0.0006307112113442099,-0.0006214171151778667,-0.0006090955372910074,-0.0005938065071725356,-0.0005756245114403396,-0.0005546381309499809,-0.0005309496092376639,-0.000504674354400009,-0.000475940376837406,-0.00044488766560021084,-0.00041166750637616127,-0.0003764417444417219,-0.00033938199616815234,-0.00030066881292381244
0.000613292004134598,0.0004942579835200051,0.0003728159876923446,0.0002495576698479791,0.00012508353212156028,1.0979851690941803e-18,-0.00012508353212155812,-0.0002495576698479737,-0.0003728159876923425,-0.0004942579835200032,-0.000613292004134596,-0.0007293381277529447,-0.0008418309893256875,-0.0009502225349389904,-0.0010539846918781062,-0.0011526119413445624,-0.0012456237812929355,-0.0013325670673885188,-0.0014130182206809536,-0.0014865852912383255,-0.0015529098676878158,-0.001611668823359888,-0.0016625758905289315,-0.001705383055080862,-0.0017398817648129443,-0.0017659039454791616,-0.0017833228196310492,-0.001792053524264676,-0.001792053524264676,-0.0017833228196310492,-0.0017659039454791627,-0.0017398817648129447,-0.0017053830550808626,-0.0016625758905289326,-0.0016116688233598865,-0.0015529098676878169,-0.001486585291238327,-0.001413018220680955,-0.00133256706738852,-0.0012456237812929418,-0.0011526119413445644,-0.001053984691878108,-0.0009502225349389871,-0.0008418309893256839
0.001295568487527324,0.0010441112289746775,0.0007875671654681664,0.0005271861538974693,0.0002642367443775438,2.319474206838972e-18,-0.00026423674437753915,-0.000527186153897458,-0.000787567165468162,-0.0010441112289746731,-0.0012955684875273197,-0.0015407138666388284,-0.0017783530426640764,-0.0020073282614248874,-0.0022265239786719683,-0.0024348722949043672,-0.0026313581580685,-0.0028150243087897296,-0.0029849759440437793,-0.0031403850765471812,-0.00328049456862805,-0.0034046218209247297,-0.0035121620979412464,-0.003602591474257893,-0.0036754693870431855,-0.003730440782431694,-0.0037672378453107933,-0.00378568130408896,-0.00378568130408896,-0.0037672378453107933,-0.003730440782431697,-0.003675469387043187,-0.0036025914742578947,-0.003512162097941249,-0.003404621820924726,-0.0032804945686280523,-0.003140385076547184,-0.002984975944043783,-0.0028150243087897327,-0.0026313581580685134,-0.002434872294904372,-0.0022265239786719727,-0.0020073282614248805,-0.0017783530426640686
0.002615517605862801,0.002107871045145901,0.00158995514857952,0.0010642931503509927,0.0005334460228763152,4.682597394685427e-18,-0.000533446022876306,-0.00106429315035097,-0.001589955148579511,-0.002107871045145892,-0.0026155176058627917,-0.003110421627714851,-0.003590171988055146,-0.004052431391352462,-0.004494947756260089,-0.004915565187529787,-0.005312234479316725,-0.005683023098704394,-0.006026124600810638,-0.006339867429605662,-0.006622723061564892,-0.006873313452481986,-0.007090417751161627,-0.007272978247283908,-0.0074201055244626415,-0.007531082793392593,-0.007605369383974932,-0.0076426033794076,-0.0076426033794076,-0.007605369383974933,-0.007531082793392597,-0.007420105524462643,-0.007272978247283912,-0.007090417751161631,-0.0068733134524819805,-0.006622723061564898,-0.006339867429605668,-0.006026124600810645,-0.0056830230987044,-0.005312234479316754,-0.004915565187529797,-0.004494947756260099,-0.004052431391352448,-0.003590171988055131
0.004400981596997564,0.0035467938192184165,0.0026753264184745263,0.0017908250963427012,0.0008975990543545802,7.879138306683727e-18,-0.0008975990543545645,-0.0017908250963426628,-0.0026753264184745116,-0.0035467938192184014,-0.0044009815969975495,-0.005233728234821268,-0.006040976674777418,-0.0068187940836109025,-0.007563391013091824,-0.008271139861826367,-0.008938592548566167,-0.009562497310913562,-0.010139814547581023,-0.010667731627023263,-0.011143676590295283,-0.01156533068137786,-0.011930639643923716,-0.012237823729388081,-0.012485386367784606,-0.01267212145882394,-0.012797119247913078,-0.012859770758388312,-0.012859770758388312,-0.01279711924791308,-0.012672121458823947,-0.012485386367784613,-0.012237823729388086,-0.011930639643923723,-0.01156533068137785,-0.01114367659029529,-0.010667731627023275,-0.010139814547581035,-0.009562497310913572,-0.008938592548566212,-0.008271139861826383,-0.007563391013091838,-0.00681879408361088,-0.006040976674777392
0.006777021270142232,0.005461667272149132,0.004119704580211028,0.002757671101669393,0.00138220252672052,1.2132995041655391e-17,-0.0013822025267204963,-0.0027576711016693346,-0.0041197045802110034,-0.005461667272149107,-0.006777021270142209,-0.008059358301731006,-0.009302430949797566,-0.0105001830893538,-0.01164677939237342,-0.012736633756923568,-0.013764436522091939,-0.014725180336121043,-0.015614184551722463,-0.01642711802972024,-0.017160020239925355,-0.017809320556440786,-0.018371855653391847,-0.018844884916332058,-0.019226103794241108,-0.019513655027065813,-0.019706137694104404,-0.01980261403915135,-0.01980261403915135,-0.01970613769410441,-0.019513655027065827,-0.01922610379424111,-0.01884488491633206,-0.018371855653391854,-0.01780932055644077,-0.01716002023992537,-0.01642711802972026,-0.015614184551722482,-0.014725180336121056,-0.013764436522092006,-0.01273663375692359,-0.011646779392373442,-0.010500183089353764,-0.009302430949797526
0.010250488543756396,0.008260968288476236,0.006231201426084298,0.004171076776702656,0.0020906310605400364,1.8351591609115842e-17,-0.0020906310605399996,-0.004171076776702567,-0.006231201426084263,-0.008260968288476202,-0.010250488543756361,-0.012190069449226897,-0.014070261561682194,-0.01588190477414672,-0.017616172942995095,-0.019264616888036712,-0.020819205556072334,-0.022272365147378074,-0.02361701601449602,-0.024846607153565493,-0.025955148120155022,-0.026937238214105565,-0.02778809279119866,-0.028503566573462355,-0.029080173844548633,-0.029515105431793125,-0.02980624239222196,-0.029952166335828888,-0.029952166335828888,-0.029806242392221967,-0.029515105431793153,-0.029080173844548647,-0.02850356657346236,-0.027788092791198676,-0.02693723821410554,-0.025955148120155036,-0.024846607153565518,-0.023617016014496048,-0.022272365147378098,-0.020819205556072442,-0.019264616888036747,-0.017616172942995133,-0.015881904774146666,-0.014070261561682135
0.014437307093425788,0.01163516602751864,0.008776339602288291,0.00587475573271017,0.002944550643730591,2.5847310846010517e-17,-0.0029445506437305396,-0.005874755732710045,-0.008776339602288243,-0.01163516602751859,-0.01443730709342574,-0.01716911105040682,-0.019817268824183183,-0.022368878856273023,-0.024811509959086944,-0.027133261879424463,-0.029322823275311376,-0.03136952682372096,-0.03326340119069907,-0.034995219610701504,-0.036556544838467785,-0.03793977025443215,-0.039138156923409224,-0.04014586642600923,-0.040957989302830095,-0.041570568972850275,-0.04198062100949373,-0.04218614768045617,-0.04218614768045617,-0.041980621009493735,-0.0415705689728503,-0.040957989302830115,-0.040145866426009244,-0.039138156923409245,-0.037939770254432105,-0.03655654483846781,-0.034995219610701546,-0.033263401190699114,-0.03136952682372099,-0.029322823275311525,-0.02713326187942451,-0.024811509959087,-0.022368878856272947,-0.0198172688241831
0.019485138281233612,0.015703262215330232,0.011844881434400252,0.007928793581765198,0.003974077443799228,3.488451293398632e-17,-0.0039740774437991575,-0.00792879358176503,-0.011844881434400186,-0.015703262215330163,-0.019485138281233546,-0.023172084712070103,-0.026746139075439074,-0.030189888937745005,-0.033486556695823275,-0.036620081315736394,-0.039575196580516975,-0.04233750546564225,-0.04489355027988994,-0.047230878229857914,-0.049338102088721296,-0.0512049556736572,-0.05282234386165511,-0.05418238690004246,-0.05527845879584731,-0.05610521959697005,-0.056658641407893326,-0.05693602801318404,-0.05693602801318404,-0.056658641407893326,-0.056105219596970096,-0.05527845879584733,-0.05418238690004249,-0.05282234386165514,-0.05120495567365716,-0.04933810208872134,-0.04723087822985796,-0.04489355027989,-0.0423375054656423,-0.039575196580517176,-0.036620081315736464,-0.03348655669582334,-0.0301898889377449,-0.026746139075438963
0.026064713508971188,0.02100580580395664,0.01584455992456155,0.010606120941903604,0.005316010004140114,4.6664017591297683e-17,-0.005316010004140022,-0.010606120941903377,-0.015844559924561463,-0.021005805803956546,-0.026064713508971098,-0.030996636549785902,-0.03577754709310091,-0.04038415302332479,-0.0447940114194199,-0.04898563789455789,-0.05293861126589271,-0.056633673044510884,-0.060052821260852894,-0.06317939816850054,-0.06599817139904215,-0.06849540817264074,-0.07065894220275645,-0.07247823296907238,-0.07394441706984949,-0.07505035140352911,-0.07579064796920573,-0.07616170011642563,-0.07616170011642563,-0.07579064796920573,-0.07505035140352918,-0.07394441706984953,-0.07247823296907241,-0.0706589422027565,-0.06849540817264066,-0.06599817139904221,-0.0631793981685006,-0.060052821260852964,-0.05663367304451093,-0.052938611265892985,-0.04898563789455798,-0.044794011419419986,-0.040384153023324654,-0.035777547093100756
0.0335803028262449,0.027062692239581763,0.020413234936659867,0.013664326405057766,0.0068488466487433355,6.011928123689731e-17,-0.006848846648743216,-0.013664326405057471,-0.02041323493665975,-0.027062692239581652,-0.03358030282624478,-0.03993431355301885,-0.04609376831834545,-0.052028658877754444,-0.05771007104101355,-0.06311032553915688,-0.0682031128751012,-0.07296362150087121,-0.07736865869696628,-0.08139676356496015,-0.08502831158283959,-0.0882456102137036,-0.091032985102024,-0.093376856437531,-0.09526580511468316,-0.09669062836540183,-0.0976443845940323,-0.09812242719609979,-0.09812242719609979,-0.09764438459403232,-0.0966906283654019,-0.09526580511468319,-0.09337685643753105,-0.09103298510202404,-0.08824561021370352,-0.08502831158283967,-0.08139676356496024,-0.0773686586969664,-0.07296362150087128,-0.06820311287510156,-0.06311032553915698,-0.05771007104101366,-0.05202865887775427,-0.046093768318345246
0.04218634119725106,0.03399838215999977,0.025644786422370613,0.01716625186309658,0.008604085050290923,7.552679092610953e-17,-0.008604085050290774,-0.017166251863096213,-0.025644786422370464,-0.03399838215999964,-0.04218634119725091,-0.05016877262074557,-0.057906786826978945,-0.06536268498856113,-0.07250014271911319,-0.07928438704202657,-0.08568236580090997,-0.0916629086863729,-0.09719687909463887,-0.1022573160781519,-0.10681956569660166,-0.11086140112844298,-0.11436313095773537,-0.11730769510874342,-0.11968074796090998,-0.12147072823927772,-0.12266891533985863,-0.12326947181553995,-0.12326947181553995,-0.12266891533985863,-0.1214707282392778,-0.11968074796091004,-0.11730769510874348,-0.11436313095773544,-0.11086140112844285,-0.10681956569660175,-0.102257316078152,-0.09719687909463898,-0.091662908686373,-0.08568236580091039,-0.07928438704202671,-0.07250014271911331,-0.0653626849885609,-0.0579067868269787
0.05271481388047101,0.04248338056674842,0.03204497249331938,0.021450444535052276,0.010751412167201265,9.437606139018625e-17,-0.010751412167201078,-0.02145044453505182,-0.0320449724933192,-0.04248338056674824,-0.05271481388047082,-0.06268942591984256,-0.07235862137765137,-0.08167529290557143,-0.09059405061642732,-0.09907144321916211,-0.10706616970915982,-0.1145392805825886,-0.12145436759446684,-0.1277777411359752,-0.13347859436684276,-0.13852915330317664,-0.14290481212951903,-0.1465842530759079,-0.14954955027590852,-0.1517862570996332,-0.15328347653626972,-0.15403391428322263,-0.15403391428322263,-0.15328347653626972,-0.1517862570996333,-0.1495495502759086,-0.14658425307590794,-0.14290481212951908,-0.1385291533031765,-0.13347859436684284,-0.12777774113597534,-0.12145436759446696,-0.11453928058258872,-0.10706616970916034,-0.09907144321916227,-0.0905940506164275,-0.08167529290557116,-0.07235862137765105
0.06436733889115866,0.051874263663008256,0.039128462236674745,0.026192030875503414,0.013127994572720045,1.152377383042491e-16,-0.013127994572719816,-0.026192030875502863,-0.03912846223667451,-0.05187426366300804,-0.06436733889115845,-0.07654682291441373,-0.08835337851088909,-0.09972948532850993,-0.11061972011838313,-0.12097102675129494,-0.13073297470183956,-0.13985800474086996,-0.14830166063927983,-0.15602280575428595,-0.16298382344301476,-0.1691508003270062,-0.17449369151478308,-0.17898646697754458,-0.1826072383648482,-0.18533836564245373,-0.18716654303279667,-0.18808286383939882,-0.18808286383939882,-0.18716654303279673,-0.18533836564245387,-0.18260723836484827,-0.17898646697754467,-0.17449369151478322,-0.169150800327006,-0.16298382344301487,-0.15602280575428606,-0.14830166063928,-0.13985800474087012,-0.13073297470184025,-0.12097102675129515,-0.11061972011838334,-0.09972948532850962,-0.0883533785108887
0.07729044409839249,0.062289119681810105,0.04698432893541874,0.031450635261302255,0.015763717253599104,1.3837415254171958e-16,-0.015763717253598833,-0.03145063526130158,-0.046984328935418464,-0.062289119681809856,-0.07729044409839224,-0.0919152172405359,-0.10609218868356826,-0.11975228964768375,-0.13282896949409384,-0.14525851995305003,-0.1569803855041304,-0.1679374583966483,-0.1780763568728715,-0.1873476852385828,-0.19570627451393538,-0.20311140249218224,-0.2095269921341736,-0.21492178733206693,-0.21926950518594096,-0.22254896405144267,-0.2247441867346295,-0.2258444783312518,-0.2258444783312518,-0.22474418673462954,-0.22254896405144284,-0.21926950518594102,-0.21492178733206702,-0.20952699213417372,-0.20311140249218204,-0.1957062745139355,-0.18734768523858306,-0.1780763568728717,-0.1679374583966485,-0.1569803855041312,-0.14525851995305028,-0.1328289694940941,-0.11975228964768336,-0.1060921886835678
0.09246372000289299,0.07451741012321816,0.05620805891188737,0.037624867687552174,0.018858371889881227,1.6553907854336246e-16,-0.018858371889880893,-0.03762486768755137,-0.05620805891188704,-0.07451741012321787,-0.0924637200028927,-0.10995955593313447,-0.1269196799599651,-0.14326146406395232,-0.15890529271561205,-0.1737749507542654,-0.18779799470064115,-0.20090610569422435,-0.21303542233587572,-0.22412685181415254,-0.23412635779954316,-0.24298522370403408,-0.2506602900234277,-0.25711416460611153,-0.2623154048238599,-0.2662386707571586,-0.26886484864874627,-0.2701811440239172,-0.2701811440239172,-0.26886484864874627,-0.26623867075715885,-0.26231540482385995,-0.2571141646061116,-0.2506602900234279,-0.2429852237040338,-0.23412635779954336,-0.22412685181415273,-0.21303542233587594,-0.20090610569422457,-0.18779799470064207,-0.17377495075426577,-0.15890529271561232,-0.14326146406395185,-0.12691967995996453
0.108904913382924,0.08776752757443665,0.06620254719396819,0.044315034658227496,0.022211623728163064,1.9497397476210005e-16,-0.02221162372816267,-0.04431503465822655,-0.0662025471939678,-0.08776752757443626,-0.10890491338292364,-0.12951172540049355,-0.1494875693103843,-0.16873512480903274,-0.18716061974080708,-0.20467428694652393,-0.22119080160002477,-0.23662969690215263,-0.25091575610690636,-0.2639793789698709,-0.2757569208336087,-0.2861910026980343,-0.29523079076513364,-0.30283224409612064,-0.308958329174462,-0.31357920032944814,-0.3166723451413003,-0.3182226941194167,-0.3182226941194167,-0.3166723451413004,-0.3135792003294484,-0.30895832917446214,-0.30283224409612075,-0.29523079076513387,-0.2861910026980341,-0.27575692083360887,-0.26397937896987117,-0.25091575610690664,-0.2366296969021529,-0.22119080160002588,-0.20467428694652426,-0.18716061974080742,-0.1687351248090322,-0.14948756931038362
