hough_viz/data/file_4_2_0.json
{"header": {"discipline": 0, "disciplineName": "Meteorological products", "gribEdition": 2, "gribLength": 133963, "center": 7, "centerName": "US National Weather Service - NCEP(WMC)", "subcenter": 0, "refTime": "2014-11-30T06:00:00.000Z", "significanceOfRT": 1, "significanceOfRTName": "Start of forecast", "productStatus": 0, "productStatusName": "Operational products", "productType": 1, "productTypeName": "Forecast products", "productDefinitionTemplate": 0, "productDefinitionTemplateName": "Analysis/forecast at horizontal level/layer at a point in time", "parameterCategory": 2, "parameterCategoryName": "Momentum", "parameterNumber": 2, "parameterNumberName": "U-component_of_wind", "parameterUnit": "m.s-1", "genProcessType": 2, "genProcessTypeName": "Forecast", "forecastTime": 6, "surface1Type": 100, "surface1TypeName": "Isobaric surface", "surface1Value": 85000, "surface2Type": 255, "surface2TypeName": "Missing", "surface2Value": 0, "gridDefinitionTemplate": 0, "gridDefinitionTemplateName": "Latitude_Longitude", "numberPoints": 65160, "shape": 6, "shapeName": "Earth spherical with radius of 6,371,229.0 m", "gridUnits": "degrees", "resolution": 48, "winds": "true", "scanMode": 0, "nx": 360, "ny": 181, "basicAngle": 0, "subDivisions": 0, "lo1": 0, "la1": 90, "lo2": 359, "la2": -90, "dx": 1, "dy": 1}, "data":
[rows 76 to 94 of 181, columns 301 to 343 of 360]
-3.7709075178783493,-4.151702339861773,-4.512270485373051,-4.850855302651434,-5.165807240501588,-5.4555918847411276,-5.718797433712388,-5.954141576438123,-6.160477739911657,-6.336800675085397,-6.4822513543431,-6.596121156596071,-6.677855319613888,-6.727055642770215,-6.743482427036236,-6.7270556427702175,-6.677855319613889,-6.596121156596075,-6.482251354343103,-6.336800675085401,-6.160477739911661,-5.954141576438127,-5.718797433712395,-5.4555918847411355,-5.165807240501595,-4.85085530265146,-4.512270485373061,-4.1517023398618,-3.7709075178783587,-3.37174121351813,-2.956148124891862,-2.5261529797521116,-2.083850671223019,-1.631396051691642,-1.1709934345838275,-0.704885855170522,-0.23534414272575183,0.23534414272571555,0.7048858551705097,1.1709934345838153,1.6313960516916302,2.083850671223007,2.5261529797521223
-4.495623900136007,-4.949602231516539,-5.379466598357399,-5.783122744673154,-6.158604098294347,-6.504081351809352,-6.817871374766311,-7.098445413715455,-7.344436540142205,-7.55464631000556,-7.72805060243696,-7.86380460915422,-7.961246950282556,-8.01990289653086,-8.039486682025085,-8.019902896530862,-7.961246950282556,-7.863804609154222,-7.728050602436966,-7.554646310005563,-7.344436540142209,-7.098445413715463,-6.817871374766319,-6.504081351809359,-6.158604098294358,-5.783122744673185,-5.379466598357411,-4.949602231516572,-4.495623900136018,-4.019743341012557,-3.524278996394848,-3.011644718766013,-2.484338010796818,-1.9449278577637774,-1.3960422117112323,-0.8403551883328465,-0.28057403894916777,0.28057403894912447,0.8403551883328317,1.396042211711218,1.9449278577637636,2.4843380107968036,3.0116447187660254
-5.176252232204657,-5.698961961350356,-6.1939069206780095,-6.65867578809747,-7.091004256405088,-7.488786064760736,-7.850083260179011,-8.173135639041321,-8.456369322630929,-8.69840442491195,-8.898061775195357,-9.054368662940055,-9.166563576700861,-9.234099914135733,-9.256648644997417,-9.234099914135738,-9.166563576700867,-9.054368662940057,-8.89806177519536,-8.698404424911955,-8.456369322630934,-8.17313563904133,-7.850083260179021,-7.488786064760745,-7.091004256405099,-6.6586757880975025,-6.193906920678023,-5.698961961350395,-5.1762522322046705,-4.628324322498725,-4.057847681931072,-3.467601615350502,-2.8604617422620398,-2.239385987097854,-1.6074001685068844,-0.9675832578701844,-0.3230523788623351,0.32305237886228527,0.9675832578701673,1.6074001685068677,2.239385987097838,2.8604617422620238,3.467601615350516
-5.823601231798344,-6.411681735987639,-6.968525171259194,-7.491418652370077,-7.9778146948414115,-8.42534362604658,-8.83182513001823,-9.195278869728408,-9.51393413509145,-9.78623846968564,-10.010865234164777,-10.18672006951172,-10.31294622864552,-10.388928750407091,-10.414297455588148,-10.388928750407095,-10.312946228645522,-10.186720069511722,-10.010865234164783,-9.786238469685648,-9.513934135091457,-9.195278869728416,-8.831825130018242,-8.42534362604659,-7.977814694841423,-7.491418652370117,-6.96852517125921,-6.41168173598768,-5.823601231798358,-5.207148727794092,-4.565327518608742,-3.901264492657878,-3.2181948982525204,-2.519446581794662,-1.8084237748442569,-1.08859050904486,-0.36345373971020517,0.3634537397101491,1.0885905090448407,1.808423774844238,2.519446581794644,3.2181948982525026,3.901264492657894
-6.4156210968406775,-7.063485114163248,-7.676936542028656,-8.252986706744265,-8.788829149811965,-9.281853300711768,-9.729657195339138,-10.130059178132559,-10.481108530880084,-10.781094976422507,-11.02855701095168,-11.22228902431017,-11.361347173602768,-11.445053981504202,-11.47300163686055,-11.445053981504207,-11.361347173602772,-11.222289024310173,-11.028557010951683,-10.781094976422514,-10.48110853088009,-10.130059178132568,-9.72965719533915,-9.28185330071178,-8.788829149811978,-8.252986706744306,-7.676936542028673,-7.063485114163297,-6.415621096840694,-5.736500818430296,-5.029432884663516,-4.297862059439517,-3.5453524822815092,-2.7755703042073745,-1.9922658266105717,-1.1992552301683033,-0.4004019827934498,0.40040198279338796,1.1992552301682822,1.9922658266105508,2.775570304207354,3.5453524822814892,4.297862059439533
-6.9545659810961356,-7.656853879218199,-8.321838354904974,-8.946279670634919,-9.52713561108645,-10.06157630450506,-10.546998009554237,-10.981035800481417,-11.361575088798494,-11.686761925344475,-11.95501203253938,-12.165018522825362,-12.315758265691528,-12.406496872262936,-12.436792273169386,-12.406496872262942,-12.315758265691528,-12.165018522825367,-11.955012032539386,-11.68676192534448,-11.3615750887985,-10.981035800481429,-10.546998009554247,-10.061576304505074,-9.527135611086464,-8.946279670634967,-8.32183835490499,-7.65685387921825,-6.954565981096152,-6.218396136584715,-5.451930891166794,-4.658904386473323,-3.843180167920384,-3.008732361904416,-2.159626314258055,-1.2999987842934195,-0.43403779092721523,0.4340377909271482,1.2999987842933964,2.1596263142580323,3.008732361904394,3.8431801679203623,4.658904386473341
-7.454655891951768,-8.207444007243602,-8.920246280341535,-9.589590010221665,-10.212214221514246,-10.78508555164776,-11.305413029086655,-11.770661670664005,-12.178564831764636,-12.527135249189964,-12.814674722904472,-13.039782389495588,-13.20136154703943,-13.298624998122314,-13.331098884987457,-13.298624998122317,-13.20136154703943,-13.039782389495592,-12.814674722904478,-12.52713524918997,-12.178564831764646,-11.770661670664019,-11.305413029086667,-10.785085551647773,-10.21221422151426,-9.589590010221716,-8.920246280341553,-8.207444007243659,-7.454655891951788,-6.665549442493753,-5.843969106170537,-4.9939175397958175,-4.1195361091540486,-3.225084712682759,-2.3149210276757524,-1.3934792801168643,-0.46524864157738843,0.4652486415773167,1.3934792801168396,2.314921027675728,3.225084712682735,4.119536109154025,4.993917539795838
-7.89249689975996,-8.689499196342345,-9.444167126305555,-10.152824023353764,-10.812017382318533,-11.418535679416793,-11.969424018472132,-12.461998526871797,-12.893859431124227,-13.262902748314437,-13.567330536497186,-13.805659654089418,-13.97672898558698,-14.07970509840265,-14.114086303265914,-14.079705098402654,-13.976728985586982,-13.80565965408942,-13.567330536497192,-13.262902748314445,-12.893859431124236,-12.461998526871808,-11.969424018472147,-11.41853567941681,-10.812017382318547,-10.152824023353816,-9.444167126305574,-8.689499196342403,-7.892496899759982,-7.057043151632982,-6.18720819864268,-5.287229789244629,-4.361492527783858,-3.4145065131433707,-2.450885365995942,-1.4753237517074183,-0.4925745083997004,0.49257450839962436,1.4753237517073925,2.450885365995917,3.4145065131433463,4.361492527783832,5.287229789244651
-8.2703255161342,-9.105481806159897,-9.896277104105815,-10.638858734770825,-11.32960891509441,-11.965162379631924,-12.542422775789788,-13.05857774894396,-13.511112643948897,-13.897822756284805,-14.216824073156362,-14.466562452213656,-14.645821193177543,-14.753726965481063,-14.78975406304821,-14.753726965481068,-14.645821193177543,-14.466562452213662,-14.216824073156367,-13.897822756284818,-13.511112643948906,-13.058577748943973,-12.542422775789802,-11.965162379631938,-11.329608915094425,-10.638858734770881,-9.896277104105836,-9.105481806159958,-8.27032551613422,-7.394877031524131,-6.483401449346854,-5.540339387017637,-4.570285348107838,-3.5779653383854844,-2.568213841190437,-1.5459502643169598,-0.5161549731542117,0.5161549731541321,1.5459502643169327,2.5682138411904103,3.577965338385458,4.570285348107812,5.54033938701766
-8.605392783166344,-9.474384928273889,-10.297218822372724,-11.06988570144178,-11.788621210114467,-12.449923741239498,-13.050571495359176,-13.587638176992343,-14.058507251251797,-14.460884691339354,-14.792810154813756,-15.052666534181983,-15.239187835284426,-15.351465345091173,-15.388952058860536,-15.351465345091178,-15.23918783528443,-15.052666534181988,-14.792810154813761,-14.46088469133936,-14.058507251251804,-13.587638176992357,-13.050571495359192,-12.449923741239516,-11.788621210114485,-11.069885701441839,-10.297218822372747,-9.47438492827395,-8.605392783166367,-7.6944760294302945,-6.746072561924817,-5.764802907010533,-4.7554477118092535,-3.722924453371922,-2.6722634812249253,-1.6085835100122796,-0.5370666816332115,0.5370666816331284,1.6085835100122512,2.6722634812248973,3.7229244533718937,4.755447711809227,5.764802907010557
-8.874002346008606,-9.77011929600214,-10.618637206874512,-11.41542218465667,-12.156592373029445,-12.838536865337174,-13.457933296562196,-14.011764029553119,-14.497330856649624,-14.912268145079137,-15.254554362081779,-15.522521923614804,-15.714865318654418,-15.830647469514295,-15.869304297193821,-15.830647469514302,-15.714865318654425,-15.522521923614805,-15.254554362081784,-14.912268145079143,-14.497330856649635,-14.01176402955313,-13.45793329656221,-12.838536865337192,-12.156592373029461,-11.415422184656729,-10.618637206874531,-9.770119296002207,-8.874002346008629,-7.934652148596938,-6.95664512350568,-5.944746022652273,-4.903884716740286,-3.8391321774250535,-2.7556757720497322,-1.6587939913124354,-0.5538307329909649,0.5538307329908794,1.6587939913124066,2.7556757720497043,3.839132177425025,4.903884716740258,5.944746022652298
-9.07775131888776,-9.994443303800335,-10.862443365574727,-11.677522695161025,-12.435710307997017,-13.133312390245633,-13.766930294684922,-14.333477098575532,-14.830192642837929,-15.254656979270171,-15.60480216029217,-15.878922313778457,-16.075681953895703,-16.194122487455473,-16.23366688408386,-16.19412248745548,-16.07568195389571,-15.87892231377846,-15.604802160292177,-15.254656979270182,-14.83019264283794,-14.33347709857554,-13.766930294684938,-13.133312390245655,-12.435710307997034,-11.677522695161086,-10.862443365574746,-9.994443303800404,-9.077751318887783,-8.116833442041958,-7.116371168567703,-6.0812386500953615,-5.0164789482037255,-3.9272794651310896,-2.818946671273198,-1.6968802525922781,-0.5665468038906499,0.5665468038905627,1.6968802525922486,2.8189466712731686,3.9272794651310603,5.016478948203698,6.081238650095386
-9.236438510267586,-10.16915508886379,-11.052328566066942,-11.881656209472403,-12.65309761816526,-13.362894407147296,-14.007588517811165,-14.584039065254156,-15.08943764035369,-15.521321992054379,-15.877588023207617,-16.156500041521358,-16.35669921567851,-16.477210195426537,-16.51744586338582,-16.477210195426537,-16.35669921567851,-16.156500041521358,-15.877588023207622,-15.52132199205439,-15.089437640353697,-14.58403906525417,-14.00758851781118,-13.362894407147314,-12.653097618165274,-11.881656209472462,-11.052328566066965,-10.169155088863855,-9.236438510267611,-8.258722931692938,-7.2407716851589345,-6.187544126814712,-5.104171475454408,-3.9959318137351576,-2.8682243738891646,-1.7265432332063753,-0.576450547443039,0.57645054744295,1.726543233206345,2.8682243738891353,3.9959318137351287,5.10417147545438,6.187544126814737
-9.326949444931254,-10.268806023670496,-11.160634011679193,-11.99808851264599,-12.777089532422863,-13.493841856346279,-14.144853539141815,-14.726952917330385,-15.237304061253832,-15.673420591439292,-16.033177791989992,-16.314822961987517,-16.516983954474508,-16.63867586141672,-16.679305812075963,-16.638675861416726,-16.516983954474508,-16.31482296198752,-16.03317779199,-15.6734205914393,-15.237304061253843,-14.7269529173304,-14.14485353914183,-13.493841856346297,-12.777089532422885,-11.998088512646055,-11.160634011679214,-10.268806023670566,-9.326949444931277,-8.33965290603801,-7.311726416485453,-6.248177930804,-5.154188950308319,-4.035089279343941,-2.8963310590164717,-1.743462204907537,-0.5820993781886182,0.5820993781885284,1.7434622049075064,2.896331059016442,4.035089279343913,5.15418895030829,6.248177930804027
-9.34985943359482,-10.294029515121768,-11.18804811960327,-12.027559678264732,-12.8084741751798,-13.526987073416674,-14.179597850359848,-14.763127051904288,-15.274731782436167,-15.711919555134685,-16.07256043511722,-16.354897416267995,-16.55755498119525,-16.67954580261373,-16.72027555350396,-16.679545802613735,-16.557554981195253,-16.354897416268,-16.07256043511723,-15.711919555134692,-15.274731782436177,-14.763127051904304,-14.179597850359864,-13.526987073416691,-12.808474175179821,-12.027559678264794,-11.188048119603295,-10.294029515121837,-9.349859433594844,-8.360137776752007,-7.329686369018896,-6.263525466073472,-5.166849296664718,-4.04500075685243,-2.9034453799549285,-1.7477447090194782,-0.5835292015444871,0.583529201544397,1.7477447090194476,2.9034453799548987,4.045000756852401,5.1668492966646875,6.263525466073499
-9.326949444931254,-10.268806023670496,-11.160634011679191,-11.99808851264599,-12.77708953242286,-13.493841856346277,-14.144853539141815,-14.726952917330385,-15.237304061253832,-15.673420591439292,-16.03317779198999,-16.314822961987513,-16.516983954474508,-16.63867586141672,-16.67930581207596,-16.638675861416726,-16.516983954474508,-16.31482296198752,-16.03317779199,-15.6734205914393,-15.23730406125384,-14.7269529173304,-14.14485353914183,-13.493841856346297,-12.777089532422885,-11.998088512646055,-11.160634011679214,-10.268806023670566,-9.326949444931277,-8.33965290603801,-7.311726416485453,-6.248177930804,-5.154188950308319,-4.035089279343941,-2.8963310590164717,-1.743462204907537,-0.5820993781886182,0.5820993781885284,1.7434622049075064,2.896331059016442,4.035089279343913,5.15418895030829,6.248177930804027
-9.236438510267586,-10.16915508886379,-11.052328566066942,-11.881656209472403,-12.65309761816526,-13.362894407147296,-14.007588517811165,-14.584039065254156,-15.08943764035369,-15.521321992054382,-15.877588023207617,-16.156500041521358,-16.35669921567851,-16.477210195426537,-16.51744586338582,-16.477210195426537,-16.35669921567851,-16.156500041521358,-15.877588023207625,-15.52132199205439,-15.089437640353701,-14.584039065254172,-14.00758851781118,-13.362894407147317,-12.653097618165274,-11.881656209472462,-11.052328566066965,-10.169155088863857,-9.236438510267611,-8.258722931692938,-7.2407716851589345,-6.187544126814712,-5.104171475454408,-3.9959318137351585,-2.8682243738891646,-1.7265432332063753,-0.576450547443039,0.57645054744295,1.726543233206345,2.8682243738891353,3.9959318137351287,5.10417147545438,6.187544126814737
-9.07775131888776,-9.994443303800335,-10.862443365574727,-11.677522695161025,-12.435710307997017,-13.133312390245633,-13.766930294684922,-14.333477098575532,-14.830192642837929,-15.254656979270171,-15.60480216029217,-15.878922313778457,-16.075681953895703,-16.194122487455473,-16.23366688408386,-16.19412248745548,-16.07568195389571,-15.87892231377846,-15.604802160292177,-15.254656979270182,-14.83019264283794,-14.33347709857554,-13.766930294684938,-13.133312390245655,-12.435710307997034,-11.677522695161086,-10.862443365574746,-9.994443303800404,-9.077751318887783,-8.116833442041958,-7.116371168567703,-6.0812386500953615,-5.0164789482037255,-3.9272794651310896,-2.818946671273198,-1.6968802525922781,-0.5665468038906499,0.5665468038905627,1.6968802525922486,2.8189466712731686,3.9272794651310603,5.016478948203698,6.081238650095386
-8.874002346008606,-9.77011929600214,-10.618637206874512,-11.41542218465667,-12.156592373029445,-12.838536865337174,-13.457933296562196,-14.011764029553119,-14.497330856649624,-14.912268145079137,-15.254554362081779,-15.522521923614804,-15.714865318654418,-15.830647469514295,-15.869304297193821,-15.830647469514302,-15.714865318654425,-15.522521923614805,-15.254554362081784,-14.912268145079143,-14.497330856649635,-14.01176402955313,-13.45793329656221,-12.838536865337192,-12.156592373029461,-11.415422184656729,-10.618637206874531,-9.770119296002207,-8.874002346008629,-7.934652148596938,-6.95664512350568,-5.944746022652273,-4.903884716740286,-3.8391321774250535,-2.7556757720497322,-1.6587939913124354,-0.5538307329909649,0.5538307329908794,1.6587939913124066,2.7556757720497043,3.839132177425025,4.903884716740258,5.944746022652298
