hough_viz/data/file_4_3_1.json
{"header": {"discipline": 0, "disciplineName": "Meteorological products", "gribEdition": 2, "gribLength": 133963, "center": 7, "centerName": "US National Weather Service - NCEP(WMC)", "subcenter": 0, "refTime": "2014-11-30T06:00:00.000Z", "significanceOfRT": 1, "significanceOfRTName": "Start of forecast", "productStatus": 0, "productStatusName": "Operational products", "productType": 1, "productTypeName": "Forecast products", "productDefinitionTemplate": 0, "productDefinitionTemplateName": "Analysis/forecast at horizontal level/layer at a point in time", "parameterCategory": 2, "parameterCategoryName": "Momentum", "parameterNumber": 2, "parameterNumberName": "U-component_of_wind", "parameterUnit": "m.s-1", "genProcessType": 2, "genProcessTypeName": "Forecast", "forecastTime": 6, "surface1Type": 100, "surface1TypeName": "Isobaric surface", "surface1Value": 85000, "surface2Type": 255, "surface2TypeName": "Missing", "surface2Value": 0, "gridDefinitionTemplate": 0, "gridDefinitionTemplateName": "Latitude_Longitude", "numberPoints": 65160, "shape": 6, "shapeName": "Earth spherical with radius of 6,371,229.0 m", "gridUnits": "degrees", "resolution": 48, "winds": "true", "scanMode": 0, "nx": 360, "ny": 181, "basicAngle": 0, "subDivisions": 0, "lo1": 0, "la1": 90, "lo2": 359, "la2": -90, "dx": 1, "dy": 1}, "data":
[rows 114 to 132 of 181, columns 215 to 257 of 360]
17.522408235281347,18.505357191810376,19.39814990825288,20.19643678823759,20.896328658328766,21.494415715688145,21.987784140291815,22.3740302907683,22.65127241469783,22.8181598163209,22.87387943699225,22.8181598163209,22.65127241469784,22.374030290768303,21.987784140291822,21.494415715688156,20.89632865832875,20.1964367882376,19.398149908252897,18.505357191810393,17.522408235281393,16.45409186717642,15.305612817454035,14.082566360599893,12.790911056011527,11.436939718496161,10.027248760309371,8.568706054097945,7.068417473314275,5.533692273115458,3.9720074804068255,2.3909714665183666,0.7982868799847221,-0.7982868799846913,-2.3909714665183355,-3.9720074804067154,-5.533692273115427,-7.068417473314245,-8.568706054097916,-10.027248760309416,-11.436939718496134,-12.790911056011502,-14.082566360599866
18.424123233876948,19.457655409621896,20.39639184408783,21.235759107727503,21.97166788760541,22.6005329101192,23.119290408092525,23.525413047140553,23.816922238589175,23.992397778960036,24.050984769059195,23.992397778960036,23.81692223858918,23.525413047140557,23.11929040809253,22.60053291011921,21.97166788760539,21.23575910772752,20.39639184408784,19.457655409621918,18.424123233876994,17.30083058172302,16.09325002204823,14.807264765953926,13.449140004340942,12.025492384529635,10.543257774619093,9.009657472635249,7.4321630250923265,5.818459826369571,4.1764096762422795,2.514012477983485,0.8393672636396892,-0.8393672636396567,-2.5140124779834525,-4.176409676242165,-5.818459826369539,-7.4321630250922945,-9.009657472635217,-10.543257774619143,-12.025492384529608,-13.449140004340915,-14.8072647659539
19.128132244353704,20.201156989438623,21.175763728284174,22.04720427482586,22.811233058317843,23.464127807326804,24.002707684264365,24.42434878210791,24.72699690781198,24.909177590130234,24.97000326309115,24.909177590130234,24.726996907811987,24.424348782107916,24.00270768426437,23.464127807326815,22.81123305831783,22.047204274825873,21.175763728284192,20.201156989438644,19.12813224435375,17.961917161727495,16.70819342421484,15.373069047841208,13.963048624361987,12.485001631545614,10.946128965768251,9.35392785997078,7.716155357893073,6.040790522536935,4.335995562973138,2.610076068879198,0.871440546541695,-0.8714405465416614,-2.610076068879165,-4.335995562973018,-6.040790522536903,-7.716155357893041,-9.353927859970751,-10.946128965768299,-12.485001631545588,-13.963048624361955,-15.373069047841177
19.561065433721335,20.658376294106255,21.655041621758993,22.54620576338769,23.327527056873883,23.99519898341377,24.54596871249544,24.977152949361972,25.286651007753843,25.47295504424122,25.535157404285535,25.47295504424122,25.28665100775385,24.977152949361972,24.545968712495448,23.995198983413776,23.327527056873862,22.546205763387707,21.655041621759008,20.658376294106276,19.56106543372139,18.36845502881482,17.086355357398457,15.721012680195347,14.27907880948499,12.767578702142808,11.193876234756228,9.565638327558503,7.890797591963516,6.177513683680683,4.434133549692463,2.669150762767597,0.8911641416287133,-0.8911641416286789,-2.669150762767563,-4.434133549692341,-6.17751368368065,-7.890797591963484,-9.56563832755847,-11.19387623475628,-12.767578702142778,-14.27907880948496,-15.721012680195317
19.834036675490722,20.946660316724994,21.957233934447082,22.860834115573986,23.653058610852867,24.330047782176763,24.88850340635377,25.32570474371861,25.639521793303004,25.828425669986142,25.891496053069382,25.828425669986142,25.63952179330301,25.325704743718614,24.888503406353774,24.33004778217678,23.653058610852842,22.860834115574004,21.957233934447103,20.946660316725012,19.83403667549078,18.62478360128394,17.324792453528286,15.94039665842116,14.47834085311727,12.945748026534728,11.350084816868872,9.699125134881847,8.000912290190332,6.263719805069896,4.4960111066860735,2.7063982941278444,0.9036001811269188,-0.903600181126884,-2.7063982941278093,-4.49601110668595,-6.263719805069862,-8.000912290190296,-9.699125134881818,-11.350084816868925,-12.945748026534702,-14.478340853117242,-15.940396658421133
19.906373217894647,21.023054699119864,22.037313971081016,22.94420966455811,23.739323474893414,24.418781687527446,24.979274050347207,25.418069900901518,25.73303146991409,25.922624296280517,25.98592470280855,25.922624296280517,25.7330314699141,25.41806990090152,24.979274050347218,24.418781687527453,23.739323474893393,22.944209664558134,22.03731397108103,21.02305469911989,19.9063732178947,18.692709887333564,17.38797755318591,15.998532740232589,14.531144683935741,12.992962351404318,11.391479612344778,9.734498729681505,8.030092347715614,6.286564163013714,4.512408469632831,2.71626877577352,0.9068956934771129,-0.9068956934770779,-2.7162687757734845,-4.512408469632706,-6.28656416301368,-8.03009234771558,-9.734498729681473,-11.391479612344831,-12.99296235140429,-14.531144683935711,-15.998532740232559
19.710424805211524,20.816114230710486,21.820389640105887,22.7183583045526,23.50564541098095,24.17841537574618,24.733390531206602,25.167867094190697,25.479728338557052,25.6674549076713,25.730132216558914,25.6674549076713,25.47972833855706,25.167867094190708,24.73339053120661,24.178415375746187,23.505645410980925,22.71835830455261,21.820389640105905,20.81611423071051,19.710424805211574,18.508708171346623,17.21681897175965,15.84105116077092,14.388107340863803,12.865066108279498,11.279347566807497,9.638677177786143,7.951048122431057,6.224682359860049,4.467990570534688,2.689531180270433,0.8979686644467191,-0.8979686644466842,-2.6895311802703974,-4.467990570534564,-6.224682359860015,-7.951048122431024,-9.638677177786109,-11.279347566807546,-12.86506610827947,-14.388107340863774,-15.84105116077089
19.36500872637018,20.451321456057336,21.43799740337019,22.320229582273797,23.093719846274233,23.754699828556184,24.299949301087505,24.72681186324627,25.03320788353774,25.217644631349884,25.279223549386856,25.217644631349884,25.033207883537752,24.726811863246276,24.29994930108751,23.754699828556195,23.09371984627421,22.320229582273814,21.437997403370204,20.451321456057357,19.36500872637023,18.184351620732105,16.915102181882343,15.56344406550264,14.135962414067734,12.639611774693467,11.081682217282147,9.469763818035105,7.811709681363933,6.115597680355464,4.389691102186034,2.6423983902168717,0.8822321789036183,-0.8822321789035844,-2.642398390216837,-4.389691102185912,-6.115597680355431,-7.811709681363899,-9.469763818035076,-11.081682217282195,-12.639611774693439,-14.135962414067706,-15.563444065502614
18.838563602595748,19.895344507767927,20.855197294371283,21.713445656113564,22.46590829324722,23.108919283441345,23.639345941787003,24.054604082923003,24.352670610927355,24.53209337563716,24.591998247378264,24.53209337563716,24.352670610927365,24.054604082923007,23.63934594178701,23.108919283441356,22.4659082932472,21.713445656113578,20.855197294371294,19.895344507767952,18.838563602595794,17.69000310919758,16.455258698844187,15.140345922186913,13.75167090209899,12.295999123689171,10.780422473538172,9.212324688740447,7.5993453840788225,5.94934283258949,4.270355680845634,2.570563785479265,0.8582483617422942,-0.858248361742261,-2.570563785479232,-4.270355680845516,-5.949342832589458,-7.59934538407879,-9.212324688740416,-10.780422473538218,-12.295999123689144,-13.751670902098963,-15.140345922186887
18.076418660810294,19.090445763811417,20.011466134016125,20.834992652761446,21.55701318162869,22.17401010917839,22.68297748839989,23.081435681382818,23.367443439863848,23.53960736279307,23.597088684843815,23.53960736279307,23.367443439863855,23.081435681382818,22.6829774883999,22.1740101091784,21.557013181628665,20.834992652761464,20.01146613401614,19.090445763811438,18.076418660810344,16.97432506312903,15.789534259993285,14.527818433101348,13.19532453513454,11.798544342421945,10.344282827658528,8.839625006762503,7.291901421389533,5.708652425270919,4.097591448368123,2.4665674178172465,0.8235265187453362,-0.8235265187453046,-2.466567417817215,-4.09759144836801,-5.7086524252708895,-7.291901421389502,-8.839625006762473,-10.344282827658574,-11.798544342421918,-13.195324535134517,-14.527818433101322
17.191396273829028,18.155776557733876,19.0317037232617,19.814910341309965,20.50158070796322,21.088369434218937,21.57241774438663,21.95136740375551,22.22337220767703,22.387106976088315,22.441774009656218,22.387106976088315,22.223372207677038,21.951367403755512,21.572417744386637,21.088369434218944,20.5015807079632,19.81491034130998,19.031703723261717,18.155776557733894,17.191396273829078,16.143261235351268,15.016477850849721,13.816535695709964,12.549280767494023,11.220887004828144,9.83782620859429,8.406836511967066,6.9348895529057915,5.429156509035419,3.8969731603899325,2.345804150229319,0.7832066180482753,-0.7832066180482451,-2.345804150229289,-3.8969731603898246,-5.429156509035391,-6.934889552905763,-8.406836511967038,-9.837826208594333,-11.220887004828118,-12.549280767493999,-13.81653569570994
16.162720212701064,17.06939518308307,17.89290977594268,18.6292519109629,19.27483420327879,19.82651144085584,20.281595907647013,20.637870477875,20.893599417646275,21.047536841272056,21.098932781098156,21.047536841272056,20.893599417646282,20.637870477875005,20.281595907647016,19.826511440855846,19.274834203278772,18.629251910962914,17.89290977594269,17.069395183083085,16.162720212701107,15.177302094113799,14.117941685340991,12.98980008380779,11.798373481996414,10.549466390549108,9.249163359275638,7.903799333838491,6.5199287925340155,5.104293813533265,3.6637912281547997,2.2054390201956977,0.7363421350202306,-0.7363421350202021,-2.205439020195669,-3.6637912281546985,-5.104293813533237,-6.519928792533989,-7.903799333838465,-9.24916335927568,-10.549466390549087,-11.798373481996391,-12.989800083807765
14.95530103169181,15.794243792657731,16.55623858549764,17.23757304817629,17.83492778767904,18.345392551760856,18.766480407402923,19.096139856900116,19.332764832551767,19.475202521261956,19.522758980929062,19.475202521261956,19.332764832551774,19.09613985690012,18.766480407402927,18.345392551760867,17.83492778767902,17.237573048176305,16.556238585497653,15.79424379265775,14.95530103169185,14.04349754740115,13.063275554706898,12.019410596626035,10.916988278305336,9.76137949046456,8.558214242956616,7.3133542359257335,6.032864302193223,4.722982860001823,3.390091520069073,2.040683995021286,0.6813344626786604,-0.6813344626786341,-2.0406839950212587,-3.3900915200689794,-4.722982860001798,-6.032864302193197,-7.313354235925711,-8.558214242956655,-9.761379490464536,-10.916988278305313,-12.019410596626015
13.663191366953743,14.429651063399,15.12581095032681,15.74827940674583,16.294023828906724,16.7603854048427,17.14509206783435,17.446269565690127,17.66245059191475,17.792581934278886,17.836029605963297,17.792581934278886,17.66245059191475,17.44626956569013,17.145092067834355,16.76038540484271,16.29402382890671,15.748279406745844,15.125810950326823,14.429651063399014,13.663191366953777,12.830165975587938,11.934633305272762,10.980956301159491,9.973781181748832,8.918014802981677,7.818800752530054,6.681494290755261,5.511636260417369,4.314926092246461,3.097194037888984,1.8643727655077056,0.6224684564190307,-0.6224684564190067,-1.8643727655076814,-3.0971940378888982,-4.314926092246439,-5.511636260417346,-6.681494290755239,-7.818800752530088,-8.918014802981656,-9.973781181748814,-10.980956301159468
12.276097768649464,12.964746117090854,13.590231525661485,14.149506692324392,14.639846884685754,15.058863214617165,15.404514276678615,15.675116093640433,15.869350320651199,15.98627066808127,16.025307511750754,15.98627066808127,15.869350320651202,15.67511609364044,15.404514276678622,15.058863214617176,14.63984688468574,14.149506692324403,13.590231525661498,12.96474611709087,12.276097768649496,11.527641505868296,10.723023732424942,9.866164465231826,8.961238236507487,8.012653755875402,7.025032431573781,6.003185855419373,4.952092361215496,3.876872770810359,2.782765445967724,1.675100767594882,0.5592751666629139,-0.5592751666628923,-1.6751007675948604,-2.7827654459676467,-3.8768727708103388,-4.952092361215475,-6.003185855419354,-7.0250324315738135,-8.012653755875384,-8.96123823650747,-9.86616446523181
10.783392132191699,11.388304647746438,11.937734487805724,12.4290048854173,12.859722420586342,13.227788680777046,13.531410484167681,13.769108615852069,13.939725034425983,14.042428513848439,14.076718693091403,14.042428513848439,13.939725034425987,13.76910861585207,13.531410484167685,13.227788680777051,12.859722420586332,12.429004885417307,11.937734487805734,11.388304647746452,10.783392132191723,10.125944014111749,9.41916331465132,8.666493398332927,7.87160119733073,7.0383593465457235,6.170827316517709,5.2732316360930565,4.349945301200752,3.4054664700559694,2.4443965485853663,1.4714177728398885,0.4912703976115811,-0.4912703976115621,-1.4714177728398694,-2.4443965485852988,-3.405466470055951,-4.349945301200734,-5.273231636093041,-6.170827316517737,-7.038359346545707,-7.8716011973307145,-8.666493398332912
9.250180000454277,9.769084403151878,10.240394808622243,10.661815039945889,11.031291980116835,11.347025574622227,11.607477601127089,11.81137916353882,11.957736873941474,12.045837692281799,12.075252400228688,12.045837692281799,11.95773687394148,11.811379163538822,11.60747760112709,11.347025574622233,11.031291980116825,10.661815039945896,10.240394808622252,9.76908440315189,9.250180000454302,8.686209650619341,8.079920960501275,7.434267707654494,6.752395449825995,6.037626200114364,5.293442242455801,4.523469166286982,3.731458203037547,2.9212679505077785,2.096845574167965,1.2622075769649428,0.42142023132365136,-0.42142023132363515,-1.2622075769649264,-2.096845574167907,-2.9212679505077634,-3.7314582030375316,-4.523469166286969,-5.293442242455824,-6.0376262001143495,-6.7523954498259835,-7.434267707654481
7.674814176128259,8.105345783695176,8.49638896135043,8.846038586040017,9.15259119993912,9.414553309527356,9.630648661739171,9.799824461740405,9.921256502038947,9.994353177940779,10.01875836978855,9.994353177940779,9.921256502038952,9.799824461740407,9.630648661739174,9.414553309527362,9.152591199939112,8.846038586040022,8.496388961350437,8.105345783695183,7.674814176128279,7.206891645364901,6.703857862939493,6.168163558875308,5.602418581973913,5.00937918489429,4.391934595966866,3.7530929431636424,3.095966598800912,2.423757016374296,1.7397391333991095,1.047245416243933,0.34964962468959226,-0.3496496246895788,-1.0472454162439195,-1.7397391333990615,-2.423757016374284,-3.095966598800899,-3.753092943163631,-4.391934595966886,-5.0093791848942795,-5.602418581973902,-6.168163558875296
6.073422604118191,6.414121458471867,6.723571357825097,7.000264693374031,7.242853443001006,7.45015573870275,7.621161624532576,7.75503797700416,7.851132563985475,7.908977222308139,7.928290138611326,7.908977222308139,7.851132563985477,7.7550379770041635,7.6211616245325775,7.450155738702754,7.242853443000999,7.000264693374037,6.723571357825102,6.414121458471874,6.073422604118206,5.703134645335581,5.30506158783795,4.881142803547319,4.4334435821685645,3.9641450693056752,3.475533640139574,2.9699897604381578,2.4499763891662125,1.9180269791970155,1.376733134584569,0.8287319845291293,0.27669333554893916,-0.2766933355489285,-0.8287319845291187,-1.3767331345845308,-1.9180269791970055,-2.4499763891662023,-2.969989760438147,-3.4755336401395898,-3.9641450693056672,-4.433443582168556,-4.881142803547309
