hough_viz/data/file_4_3_1.json
{"header": {"discipline": 0, "disciplineName": "Meteorological products", "gribEdition": 2, "gribLength": 133963, "center": 7, "centerName": "US National Weather Service - NCEP(WMC)", "subcenter": 0, "refTime": "2014-11-30T06:00:00.000Z", "significanceOfRT": 1, "significanceOfRTName": "Start of forecast", "productStatus": 0, "productStatusName": "Operational products", "productType": 1, "productTypeName": "Forecast products", "productDefinitionTemplate": 0, "productDefinitionTemplateName": "Analysis/forecast at horizontal level/layer at a point in time", "parameterCategory": 2, "parameterCategoryName": "Momentum", "parameterNumber": 3, "parameterNumberName": "V-component_of_wind", "parameterUnit": "m.s-1", "genProcessType": 2, "genProcessTypeName": "Forecast", "forecastTime": 6, "surface1Type": 100, "surface1TypeName": "Isobaric surface", "surface1Value": 85000, "surface2Type": 255, "surface2TypeName": "Missing", "surface2Value": 0, "gridDefinitionTemplate": 0, "gridDefinitionTemplateName": "Latitude_Longitude", "numberPoints": 65160, "shape": 6, "shapeName": "Earth spherical with radius of 6,371,229.0 m", "gridUnits": "degrees", "resolution": 48, "winds": "true", "scanMode": 0, "nx": 360, "ny": 181, "basicAngle": 0, "subDivisions": 0, "lo1": 0, "la1": 90, "lo2": 359, "la2": -90, "dx": 1, "dy": 1}, "data":
[rows 120 to 139 of 181, columns 180 to 224 of 360]
-2.292446734667039e-15,0.32644718576805537,0.6513039536614157,0.9729876341613739,1.289931016712073,1.6005899850127714,1.903451039797222,2.197038672450025,2.479922553536192,2.7507245012224746,3.0081251956406665,3.250870606481379,3.4777781025036854,3.687742213195632,3.879740014515435,4.052836112474621,4.206187200283497,4.339046166857045,4.450765736665071,4.540801623193463,4.60871518065344,4.654175541019706,4.6769612259862114,4.6769612259862114,4.654175541019706,4.608715180653442,4.540801623193463,4.450765736665072,4.339046166857048,4.206187200283498,4.0528361124746235,3.8797400145154373,3.6877422131956346,3.477778102503689,3.2508706064813837,3.0081251956406714,2.7507245012224786,2.4799225535361966,2.19703867245003,1.9034510397972264,1.600589985012776,1.2899310167120779,0.972987634161379,0.6513039536614209,0.32644718576806053
-3.3288459729143803e-15,0.47403168993196165,0.9457539451200889,1.4128685821544333,1.8730998654775748,2.324205594539461,2.763988027573069,3.190304588771468,3.6010783067016465,3.9943079331007008,4.368077692756127,4.7205666169700695,5.050057415135832,5.354944841205058,5.633743514285097,5.885095155265459,6.107775204217069,6.300698786325145,6.462925997290282,6.593666482447659,6.69228328729559,6.758295960673783,6.791382895473105,6.791382895473105,6.758295960673783,6.692283287295592,6.593666482447661,6.4629259972902835,6.300698786325147,6.107775204217073,5.885095155265463,5.633743514285102,5.354944841205063,5.0500574151358375,4.720566616970076,4.368077692756132,3.9943079331007065,3.6010783067016527,3.1903045887714745,2.7639880275730757,2.324205594539468,1.873099865477582,1.4128685821544404,0.9457539451200964,0.47403168993196915
-4.366475689889524e-15,0.6217914157539172,1.2405535262325558,1.8532717846313782,2.4569610891857057,3.0486803262864,3.6255466992896865,4.184749773212742,4.723565166890254,5.239367825885786,5.729644811493029,6.192007543520546,6.6242034372144545,7.024126877624866,7.389829477950244,7.719529571882109,8.011620893704174,8.26468040385742,8.477475221845854,8.648968632706271,8.778325137779433,8.864914525175491,8.908314940102986,8.908314940102986,8.864914525175493,8.778325137779435,8.648968632706273,8.477475221845856,8.264680403857422,8.011620893704178,7.7195295718821155,7.389829477950251,7.024126877624872,6.624203437214461,6.192007543520555,5.729644811493035,5.239367825885795,4.723565166890262,4.184749773212752,3.6255466992896954,3.048680326286409,2.456961089185715,1.853271784631388,1.2405535262325658,0.6217914157539269
-5.388081393236203e-15,0.7672693026678553,1.530800546418778,2.286873883783062,3.0318058014613145,3.7619670660309192,4.473800405206409,5.163837838512614,5.828717572936715,6.465200381246111,7.07018538317776,7.640725152615102,8.17404007715191,8.667531900084484,9.118796378857091,9.525634998290116,9.886065681524963,10.198332446503258,10.460913960934995,10.67253095407644,10.832152449208683,10.939000786452542,10.992555411449317,10.992555411449317,10.939000786452544,10.832152449208687,10.672530954076443,10.460913960935,10.198332446503262,9.886065681524968,9.525634998290123,9.118796378857098,8.66753190008449,8.174040077151918,7.640725152615111,7.070185383177769,6.465200381246121,5.828717572936726,5.163837838512626,4.47380040520642,3.7619670660309303,3.031805801461326,2.286873883783074,1.5308005464187902,0.7672693026678674
-6.3929879587218585e-15,0.9103692121670748,1.816303197042494,2.713388335316058,3.597254118368805,4.4635944409516,5.308188580097001,6.126921758057463,6.9158051890886485,7.670995512412901,8.388813516686467,9.065762064747306,9.698543131315915,10.284073870642914,10.819501635823615,11.302217876607088,11.72987084799071,12.100377067685404,12.411931466632002,12.66301618311614,12.852407957638075,12.979184092509925,13.042726947146097,13.042726947146097,12.97918409250993,12.852407957638077,12.663016183116145,12.411931466632007,12.10037706768541,11.729870847990714,11.302217876607095,10.819501635823622,10.28407387064292,9.698543131315922,9.065762064747318,8.38881351668648,7.670995512412911,6.91580518908866,6.126921758057477,5.308188580097014,4.4635944409516135,3.597254118368819,2.7133883353160724,1.8163031970425083,0.9103692121670891
-7.375095536604702e-15,1.0502225182757994,2.095328458010591,3.13022616811961,4.1498737309867835,5.149303526180463,6.123646432200749,7.068155548350187,7.978229321156526,8.849433962678999,9.677525051477309,10.45846821100622,11.188458764692657,11.863940271937473,12.481621854736497,13.038494230507489,13.531844373012321,13.959268729948064,14.318684932812301,14.608341941993036,14.826828577657782,14.973080394879775,15.046384869506696,15.046384869506696,14.973080394879778,14.826828577657786,14.608341941993041,14.318684932812307,13.959268729948068,13.53184437301233,13.038494230507503,12.48162185473651,11.863940271937487,11.188458764692669,10.458468211006235,9.677525051477323,8.849433962679013,7.9782293211565385,7.068155548350202,6.123646432200764,5.149303526180479,4.1498737309867995,3.130226168119626,2.0953284580106084,1.0502225182758163
-8.307516913684905e-15,1.1830004493373112,2.360237439400278,3.525975589908695,4.674535541772905,5.800321626360295,6.897849127030321,7.9617710001228765,8.986903925217206,9.9682535577483,10.90103886095141,11.780715398592536,12.602997475005095,13.363879014568322,14.059653078904976,14.68692992671259,15.24265352824231,15.724116453968598,16.12897306491383,16.455250940365477,16.70136048731171,16.86610268477865,16.948674925340065,16.948674925340065,16.866102684778653,16.701360487311717,16.45525094036548,16.12897306491383,15.724116453968605,15.24265352824232,14.686929926712603,14.059653078904987,13.363879014568333,12.602997475005106,11.78071539859255,10.901038860951425,9.968253557748314,8.98690392521722,7.961771000122893,6.897849127030338,5.800321626360312,4.674535541772922,3.5259755899087137,2.3602374394002967,1.1830004493373298
-9.205286854304363e-15,1.3108439739655695,2.6153016478555964,3.90701783500644,5.179699423997192,6.427146038055828,7.643280242671486,8.822177154244748,9.958093305524622,11.045494627204016,12.079083409348936,13.0538241113087,13.964967894363983,14.808075757591608,15.579040164230797,16.274105053189498,16.889884138196397,17.423377405447205,17.871985729370465,18.23352353530593,18.50622944740477,18.688774869875537,18.78027045976935,18.78027045976935,18.68877486987554,18.50622944740478,18.23352353530594,17.871985729370472,17.423377405447205,16.889884138196404,16.274105053189512,15.579040164230811,14.808075757591622,13.964967894363996,13.053824111308716,12.079083409348952,11.04549462720403,9.958093305524637,8.822177154244768,7.643280242671503,6.427146038055848,5.179699423997214,3.907017835006461,2.6153016478556173,1.3108439739655904
-1.0060186143378379e-14,1.4325826659984107,2.8581859332508293,4.269864405940259,5.660740528449218,7.024038092119255,8.353115248258293,9.64149686656009,10.882906081287821,12.071294871533407,13.20087352656723,14.266138852726758,15.261900984423063,16.18330866864421,17.025872899772196,17.785488789567246,18.458455565770635,19.04149460189503,19.53176539036337,19.92687938117602,20.224911618686498,20.424410119791744,20.524402947847882,20.524402947847882,20.424410119791744,20.2249116186865,19.926879381176022,19.531765390363375,19.04149460189504,18.458455565770645,17.785488789567264,17.025872899772207,16.18330866864422,15.26190098442308,14.266138852726774,13.200873526567248,12.071294871533427,10.882906081287839,9.641496866560109,8.353115248258312,7.0240380921192775,5.66074052844924,4.2698644059402815,2.8581859332508524,1.432582665998433
-1.0836721561681261e-14,1.5431622481194383,3.078806364884215,4.599450846519772,6.097687265966266,7.566216365990391,8.997883620432784,10.385714090340594,11.72294640516853,13.003065703496937,14.219835372781526,15.367327433502751,16.439951419686302,17.432481615091312,18.34008251237449,19.158332371196032,19.883244760493966,20.511287979975524,21.039402266206125,21.465014699469062,21.786051738771928,22.00094932392976,22.108660495509103,22.108660495509103,22.00094932392976,21.786051738771935,21.46501469946907,21.03940226620613,20.511287979975528,19.88324476049397,19.158332371196042,18.340082512374508,17.432481615091326,16.43995141968632,15.367327433502771,14.219835372781548,13.003065703496956,11.722946405168548,10.385714090340617,8.997883620432805,7.566216365990414,6.0976872659662895,4.599450846519795,3.0788063648842394,1.5431622481194625
-1.1564566385752405e-14,1.6468082307722833,3.2855933773808808,4.90837144332153,6.507236416978089,8.074398788916287,9.602223501590576,11.08326714657732,12.510314228111982,13.876412316259675,15.17490591845467,16.399468904391128,17.544135326294246,18.603328484418007,19.571888096165694,20.445095436468176,21.218696326938012,21.888921861798888,22.45250676961583,22.906705321369273,23.249304707370968,23.4786358178503,23.593581374689276,23.593581374689276,23.4786358178503,23.249304707370975,22.90670532136928,22.45250676961584,21.88892186179889,21.218696326938023,20.445095436468186,19.57188809616571,18.60332848441802,17.54413532629427,16.39946890439115,15.174905918454689,13.876412316259698,12.510314228112005,11.083267146577342,9.6022235015906,8.074398788916312,6.507236416978115,4.908371443321555,3.2855933773809074,1.6468082307723093
-1.2234902194195031e-14,1.7422648600917134,3.476041580916967,5.192883376570427,6.884425966400051,8.542428324941492,10.15881283136567,11.725704622835808,13.235469960047118,14.680753418037868,16.054513721080145,17.35005804706736,18.56107463427101,19.681663531609203,20.706365342615282,21.630187823068702,22.44863020270703,23.15770511252617,23.75395801084149,24.23448401346747,24.596942046021645,24.839566249403585,24.961174582882897,24.961174582882897,24.839566249403592,24.596942046021656,24.234484013467473,23.753958010841497,23.157705112526177,22.44863020270704,21.63018782306872,20.706365342615303,19.681663531609225,18.561074634271023,17.35005804706738,16.054513721080166,14.680753418037892,13.23546996004714,11.725704622835833,10.158812831365694,8.542428324941516,6.8844259664000775,5.192883376570456,3.476041580916995,1.742264860091741
-1.280563217031922e-14,1.823537498501029,3.638190905610768,5.435119412337996,7.205568563624609,8.940912909170503,10.632698025760302,12.272681706363743,13.852874115339352,15.365576714111066,16.803419767674036,18.159398249202702,19.4269059678376,20.599767753382977,21.672269541115256,22.639186210132134,23.495807039616324,24.23795865899374,24.86202538017566,25.364966812827376,25.74433267684455,25.998274739871412,26.125555821703067,26.125555821703067,25.99827473987142,25.744332676844557,25.36496681282738,24.862025380175663,24.23795865899375,23.49580703961633,22.639186210132156,21.672269541115277,20.599767753382995,19.42690596783762,18.15939824920273,16.803419767674054,15.36557671411109,13.852874115339375,12.272681706363768,10.632698025760325,8.940912909170532,7.205568563624637,5.435119412338024,3.6381909056107964,1.8235374985010575
-1.331859736416045e-14,1.8965843620962073,3.7839287558243364,5.65283822901323,7.494207642571683,9.299066029810692,11.058620302091267,12.764298087868763,14.407789496424838,15.981087602820267,17.476527456828094,18.88682342580062,20.205104689539503,21.424948714241,22.540412542435,23.546061746476596,24.436996904531245,25.20887747006533,25.85794291855279,26.381031068372362,26.775593486638797,27.039707904911587,27.172087584293568,27.172087584293568,27.039707904911587,26.775593486638805,26.38103106837237,25.857942918552805,25.20887747006534,24.43699690453126,23.546061746476617,22.540412542435018,21.42494871424102,20.20510468953952,18.886823425800646,17.47652745682812,15.98108760282029,14.407789496424861,12.76429808786879,11.058620302091294,9.29906602981072,7.494207642571713,5.652838229013259,3.7839287558243657,1.8965843620962373
-1.3765645125382776e-14,1.9602445036157587,3.910938893053053,5.842579581329546,7.74575580917985,9.611195493328527,11.429810399147652,13.192740417622744,14.89139673091272,16.517503656207655,18.063138964023246,19.520772474506455,20.883302743715063,22.144091661138575,23.296996789905297,24.336401292117525,25.257241293521094,26.05503055419162,26.725882325044672,27.266528283686362,27.674334457351783,27.947314055355363,28.084137148535433,28.084137148535433,27.947314055355367,27.67433445735179,27.26652828368637,26.72588232504468,26.05503055419163,25.257241293521105,24.33640129211754,23.29699678990531,22.144091661138592,20.88330274371508,19.520772474506483,18.06313896402327,16.517503656207683,14.891396730912744,13.192740417622772,11.42981039914768,9.611195493328555,7.745755809179879,5.842579581329577,3.9109388930530837,1.9602445036157898
-1.4100905971250168e-14,2.0079860532782092,4.006189400346964,5.984874995357928,7.934402880989039,9.84527515334741,11.708182234802223,13.514048229311532,15.254075139274924,16.91978572849404,18.503064822414885,19.996198844442457,21.391913395710787,22.68340869522287,23.864392707700063,24.9291117977457,25.872378760978314,26.689598095569824,27.376788391068786,27.93060172543156,28.348339975762308,28.627967963296314,28.768123368586416,28.768123368586416,28.627967963296314,28.348339975762315,27.930601725431565,27.376788391068793,26.68959809556984,25.872378760978318,24.92911179774572,23.864392707700077,22.68340869522289,21.391913395710812,19.996198844442482,18.50306482241491,16.919785728494066,15.254075139274947,13.51404822931156,11.70818223480225,9.84527515334744,7.9344028809890705,5.984874995357957,4.0061894003469956,2.0079860532782408
-1.4374788027752362e-14,2.0469871891499634,4.0840016624768865,6.101119290226582,8.088512878076662,10.03650004423927,11.935590391051758,13.77653174124048,15.550355213597918,17.24841891847095,18.86245006017823,20.38458524123914,21.807408772056075,23.123988799408654,24.327911077745707,25.41331021874505,26.374898266895713,27.207990461885537,27.908528062282723,28.473098119315864,28.89895010441752,29.184009309522764,29.326886954838365,29.326886954838365,29.184009309522764,28.89895010441752,28.47309811931587,27.908528062282734,27.207990461885544,26.374898266895727,25.413310218745075,24.32791107774573,23.123988799408675,21.807408772056096,20.38458524123917,18.862450060178258,17.24841891847098,15.550355213597944,13.776531741240511,11.935590391051786,10.036500044239304,8.088512878076694,6.101119290226614,4.084001662476919,2.0469871891499953
-1.458068405200956e-14,2.076307031859136,4.142498504568774,6.1885081409665945,8.20436798776829,10.180256978433814,12.106548780416212,13.973858693686546,15.773089372048506,17.495475144495252,19.132624720677065,20.67656207242441,22.119765292155662,23.455203238854597,24.676369793082582,25.777315554138696,26.752676824941766,27.597701743423368,28.308273433122324,28.880930060192767,29.312881699110893,29.60202392491152,29.746948065735015,29.746948065735015,29.60202392491152,29.312881699110896,28.880930060192775,28.30827343312233,27.597701743423375,26.752676824941783,25.777315554138706,24.676369793082607,23.455203238854622,22.119765292155684,20.67656207242444,19.13262472067709,17.49547514449528,15.773089372048537,13.973858693686575,12.10654878041624,10.180256978433846,8.204367987768322,6.1885081409666265,4.142498504568806,2.0763070318591685
-1.4672353168904764e-14,2.0893608249003197,4.168542493883608,6.227415442857071,8.255949049770544,10.244260502798683,12.182662948406602,14.061712684726977,15.87225517032568,17.605469624208077,19.252911999776984,20.806556123378883,22.258832797015394,23.602666674714932,24.831510732906985,25.939378166863037,26.92087155780735,27.771209168598535,28.486248239872534,29.062505173149493,29.497172502575683,29.78813257261474,29.93396785505262,29.93396785505262,29.78813257261474,29.49717250257569,29.062505173149503,28.48624823987254,27.771209168598546,26.920871557807363,25.939378166863055,24.831510732907002,23.602666674714953,22.258832797015415,20.80655612337891,19.25291199977701,17.605469624208105,15.872255170325706,14.061712684727008,12.182662948406632,10.244260502798713,8.255949049770576,6.227415442857104,4.168542493883642,2.0893608249003526
-1.4704422012999026e-14,2.0939274670591512,4.177653529979711,6.241026484838422,8.273993786008788,10.266651021152718,12.209290164521693,14.09244687348277,15.906946597843953,17.64394927734112,19.294992409522695,20.852032278210896,22.307483141678617,23.65425418962047,24.88578408886778,25.996072949544395,26.979711555926976,27.83190771960018,28.548509626517102,29.126026064219754,29.561643430675428,29.85323944186287,29.999393471326684,29.999393471326684,29.85323944186287,29.561643430675435,29.126026064219758,28.548509626517113,27.831907719600192,26.979711555926993,25.996072949544416,24.885784088867805,23.65425418962049,22.307483141678635,20.852032278210924,19.294992409522727,17.643949277341143,15.90694659784398,14.0924468734828,12.209290164521724,10.266651021152748,8.27399378600882,6.241026484838453,4.177653529979744,2.093927467059184
