hough_viz/data/file_3_3_2.json
{"header": {"discipline": 0, "disciplineName": "Meteorological products", "gribEdition": 2, "gribLength": 133963, "center": 7, "centerName": "US National Weather Service - NCEP(WMC)", "subcenter": 0, "refTime": "2014-11-30T06:00:00.000Z", "significanceOfRT": 1, "significanceOfRTName": "Start of forecast", "productStatus": 0, "productStatusName": "Operational products", "productType": 1, "productTypeName": "Forecast products", "productDefinitionTemplate": 0, "productDefinitionTemplateName": "Analysis/forecast at horizontal level/layer at a point in time", "parameterCategory": 2, "parameterCategoryName": "Momentum", "parameterNumber": 2, "parameterNumberName": "U-component_of_wind", "parameterUnit": "m.s-1", "genProcessType": 2, "genProcessTypeName": "Forecast", "forecastTime": 6, "surface1Type": 100, "surface1TypeName": "Isobaric surface", "surface1Value": 85000, "surface2Type": 255, "surface2TypeName": "Missing", "surface2Value": 0, "gridDefinitionTemplate": 0, "gridDefinitionTemplateName": "Latitude_Longitude", "numberPoints": 65160, "shape": 6, "shapeName": "Earth spherical with radius of 6,371,229.0 m", "gridUnits": "degrees", "resolution": 48, "winds": "true", "scanMode": 0, "nx": 360, "ny": 181, "basicAngle": 0, "subDivisions": 0, "lo1": 0, "la1": 90, "lo2": 359, "la2": -90, "dx": 1, "dy": 1}, "data":
[rows 140 to 159 of 181, columns 90 to 134 of 360]
-5.510910596163088e-15,1.5700786872883183,3.1358538980295894,4.69303395120692,6.237350724532756,7.7645713530756355,9.270509831248416,10.751038486358986,12.202099292274017,13.619714992186399,15.0,16.339171050450794,17.633557568774187,18.879611731495125,20.073918190765735,21.213203435596423,22.294344764321824,23.314378843709115,24.27050983124842,25.16011703836272,25.980762113533153,26.73019572565103,27.406363729278027,28.007412794916046,28.5316954888546,28.977774788672043,29.344428022014167,29.63065021785413,29.835656861048193,29.95888604263721,30.0,29.95888604263721,29.835656861048204,29.63065021785413,29.34442802201417,28.97777478867205,28.531695488854606,28.007412794916064,27.406363729278034,26.730195725651026,25.98076211353317,25.160117038362728,24.27050983124841,23.31437884370914,22.294344764321817
-5.484649128066686e-15,1.5625966984889044,3.120910428041994,4.67066995904367,6.207627508341871,7.727570382126658,9.226332522630813,10.69980592700495,12.143951907067605,13.554812159068687,14.928519613125221,16.26130903259084,17.54952733430788,18.789643601454266,19.978258761541166,21.11211490303444,22.188104205063603,23.203277455742885,24.154852135756034,25.04022004504826,25.85695445172136,26.60281674353716,27.275762563798054,27.873947414786567,28.395731713405493,28.83968528516108,29.204591284171993,29.48944952845924,29.69347924137547,29.816121191659544,29.857039226250443,29.816121191659544,29.69347924137548,29.48944952845924,29.204591284172,28.839685285161092,28.395731713405496,27.87394741478659,27.275762563798054,26.602816743537158,25.856954451721375,25.040220045048272,24.15485213575603,23.203277455742914,22.188104205063595
-5.4410977916539065e-15,1.5501887626475503,3.0961285656489625,4.633582095461215,6.158335298826125,7.666208933197643,9.153070021754862,10.61484318160455,12.047521794122213,13.447178986815107,14.809978396607114,16.13218468504298,17.410173776591577,18.64044279198487,19.819619649366608,20.944472306934323,22.011917621741148,23.0190298003764,23.963048418361982,24.841385986283896,25.651635041920976,26.391574748931447,27.05917698401096,27.65261189583762,28.170252920567293,28.61068124013196,28.972689671121486,29.255285973589437,29.457695570713774,29.579363671858104,29.61995679321423,29.579363671858104,29.45769557071379,29.25528597358944,28.972689671121493,28.61068124013196,28.170252920567293,27.65261189583764,27.059176984010964,26.39157474893144,25.65163504192099,24.84138598628391,23.96304841836197,23.019029800376426,22.011917621741144
-5.379386434497288e-15,1.5326069701389395,3.0610131711029123,4.581029347733335,6.088489241345039,7.579261009151968,9.04925854936073,10.49445270089195,11.910882287030534,13.294664972735596,14.64200790585124,15.949218113050422,17.212712622018312,18.42902828213023,19.594831256706858,20.7069261608289,21.762264819664896,22.757954623306652,23.691266455211977,24.559642172523297,25.36070161775952,26.092249142662233,26.752279626314905,27.338983971039994,27.850754061009955,28.28618716998086,28.64408980606761,28.92348098302219,29.12359490904883,29.243883085786038,29.28401581170248,29.243883085786038,29.123594909048833,28.923480983022195,28.644089806067615,28.286187169980863,27.850754061009955,27.33898397104001,26.752279626314905,26.092249142662226,25.360701617759535,24.559642172523308,23.691266455211963,22.757954623306677,21.76226481966489
-5.2873722721008456e-15,1.5063917970225538,3.0086546788374586,4.502671047306717,5.984345907412111,7.4496180913521215,8.894471389920291,10.314945560655817,11.707147182592704,13.067260327855884,14.391557020854556,15.676407456403915,16.91828994876901,18.113800584360447,19.259662551624977,20.352735122558254,21.39002226122186,22.368680835669664,23.286028410774858,24.139550600598096,24.92690796014468,25.645942397620644,26.29468308961233,26.87135188297639,27.374368168633985,27.802353213910365,28.15413394154528,28.428746145016284,28.625437131361714,28.743667784259813,28.783114041709112,28.743667784259813,28.625437131361714,28.428746145016287,28.154133941545293,27.802353213910365,27.374368168633993,26.871351882976402,26.294683089612334,25.645942397620637,24.926907960144696,24.139550600598103,23.286028410774843,22.36868083566969,21.39002226122185
-5.18107774315332e-15,1.4761080949802705,2.948170280275197,4.412151735756717,5.864039790015409,7.299854918814128,8.71566165268702,10.107579363788112,11.471792902422337,12.80456305410552,14.102236788491687,15.36125727207504,16.57817361722356,17.74965034082199,18.87247650659927,19.943574526081747,20.96000859404909,21.918992735372466,22.817898441178713,23.654261873410356,24.425790618034554,25.13036996839062,25.766068721453927,26.331144471129196,26.824048384064522,27.243429444895863,27.588138159286306,27.857229704610123,28.049966519645892,28.16582032618058,28.204473576983375,28.16582032618058,28.049966519645892,27.857229704610123,27.588138159286316,27.243429444895863,26.824048384064522,26.33114447112921,25.766068721453934,25.130369968390617,24.425790618034572,23.654261873410363,22.817898441178702,21.918992735372495,20.960008594049082
-5.060147693074989e-15,1.4416546791667588,2.8793578830660906,4.309168967149676,5.72716891862094,7.129471098176946,8.512231893016258,9.871661251914798,11.204033073492644,12.505695419198798,13.773080523021171,15.00271457048502,16.191227220137087,17.33536084141717,18.43197944359706,19.478077271313257,20.47078704313333,21.407387810575123,22.28531241603743,23.102154529200448,23.855675242609987,24.5438092083672,25.16467029910354,25.716556777724815,26.19795596175429,26.60754836949019,26.944211336613336,27.207022093331982,27.395260293629732,27.508409989683827,27.546161046042343,27.508409989683827,27.395260293629732,27.207022093331986,26.94421133661334,26.607548369490196,26.19795596175429,25.716556777724826,25.164670299103545,24.543809208367197,23.855675242610005,23.10215452920045,22.285312416037424,21.407387810575152,20.470787043133328
-4.915019537610142e-15,1.4003071341749262,2.7967761238292157,4.185579344529637,5.562910183182733,6.924993471696918,8.268095834455528,9.588535921240192,10.882694497555741,12.147024364700266,13.378060082390476,14.572427467292396,15.726852841423495,16.838172005076395,17.903338909670346,18.91943400675874,19.88367225030833,20.793410730316932,21.64615591684601,22.43957049461286,23.17147976940938,23.839877628787775,24.442932040675238,24.97899007484658,25.446582433491088,25.84442747845565,26.171434744125886,26.4267079263166,26.60954733897923,26.71945183199267,26.756120164780953,26.71945183199267,26.609547338979233,26.42670792631661,26.17143474412589,25.84442747845565,25.446582433491088,24.978990074846593,24.442932040675245,23.839877628787768,23.171479769409398,22.43957049461286,21.646155916846,20.793410730316957,19.88367225030833
-4.75922476135876e-15,1.355920629709865,2.708124775222565,4.052906138965846,5.386578768696252,6.705487160438207,8.00601627796605,9.28460146136736,10.53773819752784,11.761991725758055,12.954006452234006,14.110515147446316,15.228347901449373,16.304440812364042,17.335844384319792,18.319731611817907,19.253405728356956,20.134307598082394,20.96002273020006,21.72828789692756,22.436997336844346,23.08420852663742,23.668147505422642,24.187213737048246,24.63998449705323,25.025218772256107,25.34186066228586,25.589042273731426,25.766086098977205,25.872506873204383,25.908012904468013,25.872506873204383,25.766086098977212,25.589042273731426,25.34186066228586,25.025218772256107,24.63998449705323,24.187213737048257,23.668147505422642,23.08420852663741,22.436997336844364,21.728287896927565,20.960022730200052,20.134307598082415,19.253405728356952
-4.592751177445632e-15,1.3084916936860278,2.6133969025917874,3.911138972242555,5.198160881830323,6.4709349937607685,7.7259727226624495,8.959834097357092,10.169137189581356,11.350567383616992,12.500886461422416,13.616941478363032,14.69567340521347,15.734125512743947,16.729451475909634,17.67892317542979,18.579938175372963,19.430026856253104,20.22685918408487,20.9682510968448,21.652170490833534,22.27674279053082,22.84025608667667,23.34116582849566,23.778099057203306,24.14985816919055,24.4554241985721,24.693959610101057,24.86481059479481,24.967508861980036,25.001772922844832,24.967508861980036,24.86481059479481,24.693959610101064,24.455424198572103,24.149858169190555,23.77809905720331,23.341165828495676,22.84025608667667,22.276742790530815,21.65217049083355,20.968251096844806,20.226859184084862,19.43002685625312,18.57993817537296
-4.409113692301251e-15,1.256172699105865,2.5089023161589576,3.754755206355142,4.99031657352052,6.212199829830572,7.41705587821173,8.601582291983947,9.76253236658253,10.896724018549573,12.00104850740379,13.072478956481849,14.108078649397083,15.10500907937484,16.060537729402327,16.972045561867827,17.837034197160662,18.65313276155612,19.418104385615525,20.12985233528984,20.786425758922,21.3860250343957,21.927006701774495,22.407887967911268,22.827350770681203,23.18424539169839,23.477593607614068,23.706591371358805,23.870611015979613,23.96920297503144,24.00209701480758,23.96920297503144,23.870611015979613,23.706591371358805,23.47759360761408,23.184245391698397,22.827350770681203,22.407887967911282,21.9270067017745,21.386025034395697,20.786425758922014,20.129852335289844,19.418104385615514,18.65313276155614,17.83703419716066
-4.218644671872919e-15,1.2019073750101665,2.4005204054489715,3.5925537763145883,4.774740206994658,5.943839406655519,7.096646955653907,8.230003088628731,9.340801355198161,10.425997134524097,11.482615980406496,12.507761774033437,13.498624662041626,14.452488758129059,15.366739587110617,16.2388712510129,17.066493297566243,17.847337272268362,18.579262936060402,19.260264131573436,19.888474281866362,20.4621715065836,20.979783341509393,21.439891048582954,21.841233504560922,22.182710657668412,22.46338654276454,22.682491846757802,22.83942601723978,22.93375890855755,22.965231960812993,22.93375890855755,22.839426017239788,22.682491846757806,22.463386542764542,22.182710657668412,21.841233504560925,21.439891048582968,20.979783341509393,20.462171506583594,19.88847428186638,19.26026413157344,18.579262936060395,17.847337272268383,17.066493297566243
-4.021390631393364e-15,1.14570897375973,2.288277638859624,3.424574294007651,4.551484429055024,5.665919261652201,6.764824203386367,7.845187232196221,8.904047148114936,9.938501689713362,10.945715488997083,11.922927842952802,12.867460280443556,13.776723903711815,14.648226484368317,15.479579294416922,16.268503653591896,17.012837175062185,17.710539692383453,18.359698851452414,18.958535352136558,19.50540782521214,19.99881733124309,20.43741146906984,20.819988082646933,21.14549855606912,21.413050687754698,21.621911135908046,21.771507428558486,21.861429532666175,21.891430977994165,21.861429532666175,21.77150742855849,21.621911135908046,21.413050687754705,21.14549855606912,20.819988082646933,20.437411469069854,19.998817331243092,19.505407825212135,18.958535352136575,18.359698851452418,17.710539692383445,17.012837175062206,16.26850365359189
-3.814452965461068e-15,1.086751672020213,2.1705246332465866,3.248348337324567,4.317268544399847,5.374355418484621,6.416711557934156,7.441479937023547,8.44585173685652,9.42707404414269,10.382457396741763,11.309383155292117,12.205310680719416,13.067784297951606,13.894440026753644,14.683012061233057,15.431338980256275,16.137369671753824,16.799168954675917,17.414922883189163,17.982943718576028,18.50167455520937,18.96969358792252,19.385718009078396,19.748607524656137,20.05736747971767,20.311151584687813,20.509264234975166,20.65116241757593,20.736457199434817,20.764914793483527,20.736457199434817,20.651162417575932,20.50926423497517,20.31115158468782,20.057367479717673,19.748607524656137,19.38571800907841,18.96969358792252,18.501674555209366,17.98294371857604,17.414922883189167,16.799168954675913,16.13736967175384,15.431338980256271
-3.604318684344454e-15,1.026883642863733,2.05095266904017,3.0694001765107566,4.079434671448901,5.078287719510665,6.063221533920668,7.031536479555556,7.9805784724561235,8.907746254486863,9.81049852320392,10.686360897388253,11.532932699152699,12.347893534033087,13.129009651028236,13.874140065156201,14.581242425745224,15.248378614375001,15.873720057124586,16.455552736566354,16.99228188976862,17.482436379430077,17.92467272616477,18.31777879088576,18.660677097194135,18.95242778466686,19.192231184948916,19.379430013588653,19.51351117160882,19.59410715187512,19.62099704640784,19.59410715187512,19.51351117160882,19.379430013588657,19.19223118494892,18.95242778466686,18.660677097194135,18.31777879088577,17.924672726164772,17.482436379430073,16.992281889768634,16.455552736566354,15.873720057124583,15.248378614375017,14.581242425745218
-3.391118990877346e-15,0.9661422664599553,1.9296364041232563,2.8878415425302535,3.838131308000564,4.777901022340914,5.704574842086822,6.615612818710707,7.508517860444145,8.380842576632752,9.230195985864047,10.054250069481135,10.85074615252014,11.617501094581206,12.352413273664611,13.053468346570636,13.718744770074165,14.346419067741168,14.934770827950869,15.482187419424347,15.987168411334828,16.448329685884296,16.864407232074143,17.234260610271427,17.55687607807474,17.831369368911542,18.05698811575144,18.233113913291923,18.35926401296428,18.435092646113898,18.460391971728093,18.435092646113898,18.359264012964285,18.233113913291923,18.056988115751444,17.831369368911545,17.556876078074744,17.23426061027144,16.864407232074143,16.448329685884296,15.987168411334839,15.482187419424351,14.934770827950864,14.346419067741186,13.718744770074164
-3.175175227917441e-15,0.9046190945703141,1.806758691081701,2.703946087607105,3.5937221558553514,4.4736480814709925,5.341312048654756,6.194335850783207,7.0303814089076955,7.8471571802661595,8.642424439242733,9.41400341355889,10.159779258877847,10.87770785544582,11.565821410882203,12.222233853761763,12.845146003205215,13.432850500309028,13.98373648789749,14.496294025770233,14.96911822934337,15.400913120340538,15.790495178979203,16.136796587916134,16.43886815906058,16.69588193523275,16.90713345953697,17.07204370622904,17.190160667785538,17.26116059382506,17.284848878485466,17.26116059382506,17.19016066778554,17.07204370622904,16.907133459536972,16.69588193523275,16.438868159060583,16.136796587916148,15.790495178979207,15.400913120340538,14.969118229343382,14.496294025770235,13.983736487897483,13.43285050030904,12.845146003205214
-2.959426396614972e-15,0.8431514594264569,1.683991899309354,2.5202166344490995,3.349533630971918,4.169669788635496,4.978377171238591,5.7734391680580766,6.552676569424778,7.3139535397856195,8.055183471880602,8.774334705988085,9.469436098562994,10.138582425004174,10.779939601742631,11.391749713337141,11.972335830798201,12.520106607933897,13.033560643119195,13.511290594533392,13.951987037586266,14.354442053959847,14.717552542428558,15.040323242383,15.32186946177013,15.561419501972631,15.758316772981232,15.912021593062258,16.022112667987766,16.088288245773715,16.110366943761203,16.088288245773715,16.02211266798777,15.912021593062262,15.758316772981235,15.561419501972635,15.32186946177013,15.040323242383009,14.717552542428562,14.354442053959843,13.951987037586276,13.511290594533396,13.03356064311919,12.52010660793391,11.9723358307982
-2.7439649468061523e-15,0.7817657003265721,1.5613886352084065,2.3367319123719406,3.105670369787895,3.8660964005927863,4.615925729892693,5.353103127616028,6.075608041756229,6.781460136564287,7.468724720511547,8.135518049144567,8.780012488297817,9.400441523511832,9.995104601926565,10.562371793378633,11.100688257926508,11.608578507558779,12.084650450404244,12.527599206358898,12.936210683671657,13.309364906685467,13.646039085612657,13.945310419930726,14.206358627714415,14.428468193971414,14.611030331819265,14.753544651127868,14.855620530054042,14.91697818570886,14.937449441023094,14.91697818570886,14.855620530054045,14.753544651127871,14.611030331819267,14.428468193971417,14.206358627714415,13.945310419930733,13.646039085612658,13.309364906685463,12.93621068367167,12.5275992063589,12.084650450404238,11.608578507558795,11.100688257926507
-2.5316796223435884e-15,0.721284831013465,1.4405926704410064,2.15595194549325,2.8654019061212663,3.566997999296274,4.258817198894175,4.938963276576663,5.6055719992212065,6.256816238654392,6.890910979683401,7.506118212698439,8.100751697436358,8.673181584847955,9.22183888440093,9.745219764573937,10.241889674754162,10.710487277240903,11.149728178577579,11.558408449984874,11.935407927245873,12.279693280998334,12.590320849018592,12.866439222734156,13.107291580875438,13.312217763870203,13.480656083295113,13.612144861424625,13.706323696657561,13.762934451352837,13.781821959366802,13.762934451352837,13.706323696657565,13.612144861424628,13.480656083295116,13.312217763870208,13.107291580875438,12.866439222734165,12.590320849018596,12.279693280998334,11.935407927245885,11.558408449984878,11.149728178577574,10.710487277240917,10.24188967475416
