hough_viz/data/file_5_2_2.json
{"header": {"discipline": 0, "disciplineName": "Meteorological products", "gribEdition": 2, "gribLength": 133963, "center": 7, "centerName": "US National Weather Service - NCEP(WMC)", "subcenter": 0, "refTime": "2014-11-30T06:00:00.000Z", "significanceOfRT": 1, "significanceOfRTName": "Start of forecast", "productStatus": 0, "productStatusName": "Operational products", "productType": 1, "productTypeName": "Forecast products", "productDefinitionTemplate": 0, "productDefinitionTemplateName": "Analysis/forecast at horizontal level/layer at a point in time", "parameterCategory": 2, "parameterCategoryName": "Momentum", "parameterNumber": 2, "parameterNumberName": "U-component_of_wind", "parameterUnit": "m.s-1", "genProcessType": 2, "genProcessTypeName": "Forecast", "forecastTime": 6, "surface1Type": 100, "surface1TypeName": "Isobaric surface", "surface1Value": 85000, "surface2Type": 255, "surface2TypeName": "Missing", "surface2Value": 0, "gridDefinitionTemplate": 0, "gridDefinitionTemplateName": "Latitude_Longitude", "numberPoints": 65160, "shape": 6, "shapeName": "Earth spherical with radius of 6,371,229.0 m", "gridUnits": "degrees", "resolution": 48, "winds": "true", "scanMode": 0, "nx": 360, "ny": 181, "basicAngle": 0, "subDivisions": 0, "lo1": 0, "la1": 90, "lo2": 359, "la2": -90, "dx": 1, "dy": 1}, "data":
[rows 19 to 37 of 181, columns 43 to 85 of 360]
1.2067395703427466,1.1285037357810896,1.041679306380953,0.9469270684760953,0.8449681438099377,0.7365785013636716,0.6225830517637688,0.5038493692140189,0.3812810887319821,0.2558110289408801,0.1283940927566155,2.7061455120473224e-16,-0.12839409275661495,-0.2558110289408796,-0.3812810887319829,-0.5038493692140174,-0.6225830517637685,-0.736578501363671,-0.8449681438099371,-0.9469270684760949,-1.0416793063809529,-1.1285037357810894,-1.2067395703427457,-1.2757913881248195,-1.3351336630993613,-1.3843147647219696,-1.4229603951129353,-1.4507764376901127,-1.4675511955737053,-1.473157002727342,-1.4675511955737053,-1.4507764376901129,-1.4229603951129353,-1.3843147647219696,-1.3351336630993615,-1.2757913881248202,-1.2067395703427461,-1.1285037357810896,-1.041679306380954,-0.9469270684760955,-0.8449681438099378,-0.7365785013636708,-0.622583051763769
1.4729522696822697,1.3774572242555678,1.2714788976208695,1.1558238488353272,1.0313722826546265,0.8990713506433134,0.7599279427794802,0.6150010244140577,0.4653935769050714,0.312244203263514,0.15671846269691642,3.303134555311261e-16,-0.15671846269691572,-0.3122442032635134,-0.4653935769050723,-0.6150010244140557,-0.7599279427794796,-0.8990713506433126,-1.0313722826546259,-1.1558238488353265,-1.271478897620869,-1.3774572242555674,-1.4729522696822686,-1.5572372589437904,-1.6296707323791848,-1.6897014275190818,-1.7368724745259407,-1.7708248732493832,-1.7913002254341053,-1.7981427012866251,-1.7913002254341053,-1.7708248732493836,-1.7368724745259412,-1.6897014275190816,-1.6296707323791852,-1.5572372589437915,-1.4729522696822688,-1.3774572242555678,-1.2714788976208706,-1.1558238488353272,-1.0313722826546265,-0.8990713506433121,-0.7599279427794805
1.7671507353876321,1.6525820944172944,1.5254363058520914,1.3866810259157294,1.237372266071252,1.078646356136171,0.9117112961264163,0.7378375626468078,0.5583484397969538,0.37460994818024135,0.188020448662206,3.96288242236235e-16,-0.18802044866220521,-0.37460994818024057,-0.558348439796955,-0.7378375626468052,-0.9117112961264158,-1.0786463561361699,-1.2373722660712514,-1.3866810259157287,-1.5254363058520912,-1.6525820944172942,-1.767150735387631,-1.8682702922268797,-1.9551711840498365,-2.0271920425975365,-2.0837847456490453,-2.124518588562535,-2.149083562197667,-2.1572927122723398,-2.1490835621976663,-2.1245185885625353,-2.0837847456490457,-2.027192042597536,-1.955171184049837,-1.868270292226881,-1.7671507353876315,-1.6525820944172944,-1.5254363058520932,-1.3866810259157298,-1.2373722660712525,-1.0786463561361699,-0.9117112961264167
2.0914934798848264,1.9558969171297171,1.805414797832404,1.6411923817843252,1.4644795007318134,1.2766210464018333,1.0790467350638715,0.8732602265258412,0.6608276803750057,0.4433658365578557,0.2225297110128887,4.690229634600444e-16,-0.22252971101288782,-0.4433658365578548,-0.6608276803750072,-0.8732602265258382,-1.0790467350638706,-1.2766210464018324,-1.4644795007318128,-1.6411923817843244,-1.8054147978324033,-1.9558969171297167,-2.091493479884825,-2.211172514379718,-2.3140231908977134,-2.399262753687573,-2.46624247820741,-2.5144526083101635,-2.5435262357956825,-2.5532420928036648,-2.5435262357956825,-2.5144526083101644,-2.46624247820741,-2.399262753687573,-2.314023190897714,-2.2111725143797196,-2.0914934798848255,-1.9558969171297171,-1.805414797832405,-1.6411923817843257,-1.4644795007318137,-1.2766210464018317,-1.079046735063872
2.4740057908367135,2.313610033116175,2.1356063060476895,1.9413493254758376,1.7323175043183414,1.510101700951076,1.2763931118152347,1.032970400391247,0.7816861604956985,0.5244528169237718,0.263228070741786,5.548023643370119e-16,-0.2632280707417849,-0.5244528169237707,-0.7816861604957003,-1.0329704003912439,-1.2763931118152338,-1.5101017009510742,-1.7323175043183408,-1.9413493254758365,-2.1356063060476895,-2.3136100331161744,-2.474005790836712,-2.615572870643443,-2.7372338615784977,-2.8380628500399467,-2.917292466543388,-2.9743197258670815,-3.0087106161335737,-3.0202034019021484,-3.0087106161335737,-2.974319725867083,-2.9172924665433886,-2.8380628500399463,-2.737233861578498,-2.6155728706434447,-2.474005790836713,-2.313610033116175,-2.1356063060476917,-1.941349325475838,-1.7323175043183419,-1.5101017009510735,-1.276393111815235
2.88874687166521,2.7014624501575004,2.4936182682164674,2.266796145566431,2.0227223355196973,1.7632543871465207,1.4903670082050502,1.2061370364229351,0.9127276335081846,0.6123718221824261,0.3073554915296436,6.478091523904537e-16,-0.30735549152964237,-0.6123718221824249,-0.9127276335081866,-1.2061370364229314,-1.4903670082050489,-1.763254387146519,-2.0227223355196964,-2.2667961455664294,-2.4936182682164674,-2.7014624501575,-2.8887468716652083,-3.054046185206493,-3.1961023631948513,-3.313834272339927,-3.4063459017246522,-3.4729331819893625,-3.5130893437247446,-3.526508774293038,-3.5130893437247446,-3.472933181989363,-3.4063459017246527,-3.313834272339926,-3.1961023631948517,-3.0540461852064955,-2.8887468716652087,-2.7014624501575004,-2.49361826821647,-2.266796145566431,-2.022722335519698,-1.7632543871465183,-1.4903670082050509
3.3372353688218115,3.120874357195835,2.8807616072761393,2.6187245220736566,2.336757362029094,2.037006067486818,1.721751926793074,1.3933942143141973,1.0544319305099568,0.7074447830311312,0.3550735535865998,7.483838881174398e-16,-0.3550735535865983,-0.7074447830311299,-1.054431930509959,-1.393394214314193,-1.7217519267930723,-2.0370060674868156,-2.3367573620290925,-2.6187245220736552,-2.880761607276139,-3.120874357195834,-3.3372353688218093,-3.528198004213241,-3.6923089224084094,-3.828319140226966,-3.935193537786097,-4.01211873638785,-4.058509288822164,-4.074012134973631,-4.058509288822164,-4.012118736387851,-3.935193537786098,-3.828319140226965,-3.6923089224084107,-3.5281980042132437,-3.33723536882181,-3.120874357195835,-2.880761607276142,-2.618724522073657,-2.3367573620290942,-2.0370060674868147,-1.7217519267930748
3.8507841764600492,3.601128557993336,3.3240661767794206,3.02170564483418,2.6963481083759966,2.350469734713571,1.9867028671175453,1.6078159910987657,1.2166926645618819,0.8163095721885688,0.4097138710697047,8.6354857113291e-16,-0.409713871069703,-0.8163095721885671,-1.2166926645618845,-1.6078159910987604,-1.9867028671175437,-2.350469734713569,-2.6963481083759953,-3.021705644834178,-3.3240661767794197,-3.6011285579933356,-3.8507841764600474,-4.07113300217684,-4.260498047529752,-4.417438130181905,-4.540758841341303,-4.6295216359329405,-4.683050975493537,-4.700939469427138,-4.683050975493537,-4.629521635932941,-4.540758841341304,-4.417438130181905,-4.260498047529753,-4.071133002176844,-3.8507841764600483,-3.601128557993336,-3.3240661767794237,-3.0217056448341806,-2.696348108375997,-2.350469734713568,-1.9867028671175462
4.398655775346021,4.113480320764794,3.7969987971552213,3.4516198200087396,3.0799719318869605,2.684883597625623,2.269361678009313,1.8365685457453071,1.389798017897767,0.9324502879510417,0.4680060482841315,9.86410231174634e-16,-0.46800604828412956,-0.9324502879510398,-1.3897980178977696,-1.836568545745301,-2.2693616780093113,-2.6848835976256207,-3.079971931886958,-3.451619820008737,-3.7969987971552204,-4.1134803207647925,-4.398655775346019,-4.650354803495888,-4.8666618236301495,-5.045930608715837,-5.186796815052988,-5.28818836575404,-5.349333609896269,-5.369767195251241,-5.349333609896269,-5.288188365754043,-5.186796815052988,-5.045930608715835,-4.866661823630151,-4.650354803495891,-4.398655775346019,-4.113480320764794,-3.7969987971552253,-3.4516198200087405,-3.0799719318869605,-2.6848835976256193,-2.269361678009314
4.981504895142465,4.658541927471028,4.300124642827012,3.908980813164836,3.4880872792073245,3.0406472948903627,2.5700661486662515,2.0799252472024197,1.5739548587141712,1.0560057233711853,0.5300197468396544,1.1171156931070615e-15,-0.5300197468396524,-1.0560057233711828,-1.5739548587141747,-2.079925247202413,-2.5700661486662497,-3.0406472948903605,-3.488087279207322,-3.9089808131648334,-4.300124642827011,-4.658541927471026,-4.9815048951424625,-5.266555602646969,-5.511524641982117,-5.714547650842212,-5.874079501541184,-5.98890606036725,-6.058153427873572,-6.081294589780721,-6.058153427873572,-5.988906060367251,-5.874079501541185,-5.714547650842212,-5.511524641982117,-5.2665556026469735,-4.981504895142463,-4.658541927471028,-4.300124642827017,-3.908980813164836,-3.488087279207325,-3.040647294890359,-2.570066148666252
5.631445585177935,5.266345396228453,4.861165138907382,4.418988479627463,3.9431806497593818,3.4373628341890576,2.905384611914128,2.3512946584233387,1.7793099328314101,1.1937835842739284,0.5991718218138854,1.26286661771931e-15,-0.599171821813883,-1.1937835842739257,-1.779309932831414,-2.351294658423331,-2.905384611914126,-3.4373628341890545,-3.9431806497593795,-4.418988479627461,-4.8611651389073804,-5.266345396228451,-5.631445585177932,-5.953687072864396,-6.230617406991816,-6.460128980502382,-6.640475071738792,-6.770283138050795,-6.848565261673504,-6.874725668378109,-6.848565261673504,-6.7702831380507975,-6.640475071738794,-6.460128980502381,-6.230617406991818,-5.9536870728644,-5.631445585177933,-5.266345396228453,-4.8611651389073876,-4.418988479627464,-3.9431806497593826,-3.437362834189053,-2.9053846119141293
6.314776580188897,5.905374396019895,5.451028746934632,4.955197477664049,4.421654163558398,3.85445939140029,3.2579298558874097,2.636605506979396,1.9952149981373302,1.33863969841569,0.6718765422963575,1.4161054068365448e-15,-0.6718765422963547,-1.3386396984156874,-1.995214998137334,-2.6366055069793877,-3.257929855887408,-3.8544593914002863,-4.4216541635583955,-4.955197477664046,-5.451028746934631,-5.905374396019894,-6.3147765801888935,-6.676119501616308,-6.98665312248525,-7.244014094435586,-7.446243745071961,-7.591802984643437,-7.679584019445801,-7.7089187828005725,-7.679584019445801,-7.591802984643439,-7.446243745071962,-7.244014094435585,-6.986653122485251,-6.676119501616313,-6.314776580188894,-5.905374396019895,-5.451028746934637,-4.955197477664049,-4.421654163558399,-3.854459391400285,-3.257929855887412
7.031468916008058,6.575601840494828,6.06969046451849,5.517585079127857,4.9234875396761,4.291919287164351,3.627686937345561,2.93584569947631,2.2216609031219345,1.490567925819279,0.7481308265716174,1.5768255651673821e-15,-0.7481308265716143,-1.4905679258192759,-2.22166090312194,-2.9358456994763005,-3.6276869373455582,-4.291919287164347,-4.923487539676097,-5.517585079127853,-6.069690464518487,-6.575601840494827,-7.031468916008055,-7.433822267353445,-7.77959974257967,-8.066169766314108,-8.291351367640424,-8.453430778604158,-8.551174477021654,-8.583838574328693,-8.551174477021654,-8.45343077860416,-8.291351367640424,-8.066169766314106,-7.779599742579672,-7.433822267353451,-7.0314689160080555,-6.575601840494828,-6.069690464518494,-5.517585079127858,-4.923487539676101,-4.291919287164346,-3.627686937345563
7.810248743352185,7.30389149478965,6.741947221741503,6.12869265943687,5.468795045388114,4.767276598895224,4.029476298924427,3.261009251254505,2.4677239541313063,1.655657787664713,0.830991065720486,1.7514690082461335e-15,-0.8309910657204824,-1.6556577876647096,-2.467723954131311,-3.2610092512544937,-4.029476298924425,-4.7672765988952195,-5.46879504538811,-6.128692659436865,-6.7419472217415,-7.303891494789648,-7.81024874335218,-8.257165283020674,-8.641239809072664,-8.959549282454363,-9.209671175872808,-9.389701910691365,-9.498271344312535,-9.534553197790439,-9.498271344312531,-9.389701910691365,-9.209671175872812,-8.95954928245436,-8.641239809072667,-8.25716528302068,-7.810248743352183,-7.30389149478965,-6.74194722174151,-6.12869265943687,-5.468795045388115,-4.767276598895218,-4.029476298924429
8.617927752575971,8.059206727356466,7.43915027265971,6.762477392506267,6.034337976100359,5.260273604063439,4.446175373659551,3.5982390639880215,2.7229179823633856,1.8268738507501425,0.9169261060360995,1.9325931695566786e-15,-0.9169261060360957,-1.8268738507501385,-2.7229179823633913,-3.59823906398801,-4.446175373659548,-5.260273604063434,-6.034337976100355,-6.762477392506264,-7.439150272659709,-8.059206727356464,-8.617927752575966,-9.111061143951318,-9.534853858612063,-9.88608057810661,-10.162068255023097,-10.360716456494279,-10.480513349759903,-10.520547208126867,-10.4805133497599,-10.36071645649428,-10.162068255023097,-9.88608057810661,-9.534853858612069,-9.111061143951325,-8.61792775257597,-8.059206727356466,-7.439150272659718,-6.762477392506267,-6.034337976100361,-5.260273604063432,-4.446175373659552
9.454195803499609,8.84125750515076,8.161031898690473,7.418695911715362,6.61989916932103,5.770720997043762,4.877624153522382,3.947405645002711,2.987144996015862,2.004150369921879,1.0059029493737113,2.120128499340618e-15,-1.0059029493737073,-2.0041503699218755,-2.9871449960158682,-3.9474056450026977,-4.87762415352238,-5.770720997043758,-6.619899169321027,-7.41869591171536,-8.161031898690469,-8.841257505150756,-9.454195803499601,-9.995181963184313,-10.460098752873312,-10.845407875072638,-11.148176894706335,-11.36610155671806,-11.497523322843408,-11.541441994087515,-11.497523322843405,-11.366101556718062,-11.148176894706335,-10.845407875072636,-10.460098752873316,-9.995181963184322,-9.454195803499605,-8.84125750515076,-8.16103189869048,-7.418695911715364,-6.619899169321031,-5.770720997043755,-4.877624153522385
10.338757463029102,9.668470900518432,8.924601436472479,8.112810366673283,7.239275911334873,6.310646195116897,5.333988650881724,4.3167362322629375,3.2666308444000176,2.1916644233655913,1.100018112706192,2.318493799020397e-15,-1.1000181127061877,-2.1916644233655873,-3.2666308444000243,-4.316736232262924,-5.33398865088172,-6.310646195116891,-7.239275911334869,-8.11281036667328,-8.924601436472475,-9.668470900518432,-10.338757463029095,-10.93035983853367,-11.438775575735285,-11.860135323884027,-12.191232280872498,-12.42954659893621,-12.573264562216586,-12.621292390233782,-12.573264562216586,-12.429546598936211,-12.191232280872498,-11.860135323884023,-11.43877557573529,-10.93035983853368,-10.338757463029097,-9.668470900518432,-8.924601436472487,-8.112810366673285,-7.239275911334874,-6.310646195116888,-5.333988650881727
11.243859297754305,10.514892802022501,9.705901623001449,8.823042672045721,7.8730350388569,6.863108855153847,5.800950269004642,4.694642948598774,3.552606560651141,2.383532691654474,1.196318699657927,2.521465287499202e-15,-1.196318699657922,-2.383532691654469,-3.5526065606511485,-4.694642948598759,-5.800950269004639,-6.863108855153841,-7.8730350388568935,-8.823042672045716,-9.705901623001447,-10.5148928020225,-11.243859297754298,-11.88725323500232,-12.440177997412224,-12.898425493676976,-13.25850818365259,-13.517685620644482,-13.67398530786153,-13.726217710307681,-13.67398530786153,-13.517685620644485,-13.25850818365259,-12.898425493676974,-12.440177997412226,-11.887253235002328,-11.243859297754303,-10.514892802022501,-9.705901623001457,-8.823042672045721,-7.8730350388569015,-6.863108855153838,-5.800950269004645
12.1685415867853,11.379625709791247,10.504104009939816,9.548639736021332,8.520504548085414,7.427523175717255,6.278013867120774,5.0807250822270875,3.84476891163196,2.5795517280843834,1.2947025983101643,2.7288277448204736e-15,-1.294702598310159,-2.579551728084378,-3.8447689116319674,-5.0807250822270715,-6.27801386712077,-7.4275231757172495,-8.520504548085409,-9.548639736021329,-10.504104009939812,-11.379625709791243,-12.168541586785295,-12.864847514737612,-13.463244185095457,-13.959177437875631,-14.348872921571779,-14.629364818248405,-14.798518415206177,-14.855046351434499,-14.798518415206175,-14.62936481824841,-14.348872921571779,-13.95917743787563,-13.463244185095462,-12.864847514737619,-12.168541586785299,-11.379625709791247,-10.504104009939827,-9.548639736021334,-8.520504548085414,-7.427523175717245,-6.278013867120777
