hough_viz/data/file_5_1_0.json
{"header": {"discipline": 0, "disciplineName": "Meteorological products", "gribEdition": 2, "gribLength": 133963, "center": 7, "centerName": "US National Weather Service - NCEP(WMC)", "subcenter": 0, "refTime": "2014-11-30T06:00:00.000Z", "significanceOfRT": 1, "significanceOfRTName": "Start of forecast", "productStatus": 0, "productStatusName": "Operational products", "productType": 1, "productTypeName": "Forecast products", "productDefinitionTemplate": 0, "productDefinitionTemplateName": "Analysis/forecast at horizontal level/layer at a point in time", "parameterCategory": 2, "parameterCategoryName": "Momentum", "parameterNumber": 3, "parameterNumberName": "V-component_of_wind", "parameterUnit": "m.s-1", "genProcessType": 2, "genProcessTypeName": "Forecast", "forecastTime": 6, "surface1Type": 100, "surface1TypeName": "Isobaric surface", "surface1Value": 85000, "surface2Type": 255, "surface2TypeName": "Missing", "surface2Value": 0, "gridDefinitionTemplate": 0, "gridDefinitionTemplateName": "Latitude_Longitude", "numberPoints": 65160, "shape": 6, "shapeName": "Earth spherical with radius of 6,371,229.0 m", "gridUnits": "degrees", "resolution": 48, "winds": "true", "scanMode": 0, "nx": 360, "ny": 181, "basicAngle": 0, "subDivisions": 0, "lo1": 0, "la1": 90, "lo2": 359, "la2": -90, "dx": 1, "dy": 1}, "data":
[rows 0 to 18 of 181, columns 301 to 343 of 360]
0.00035133296206054336,0.00036427469410433053,0.0003744440757709096,0.0003817637119253573,0.00038617789571682105,0.0003876530325412911,0.00038617789571682116,0.0003817637119253573,0.00037444407577090987,0.00036427469410433086,0.00035133296206054423,0.00033571737403483443,0.00031754677408102604,0.0002969594514364765,0.00027411208805747686,0.00024917856617495487,0.00022234864494571053,0.00019382651627064692,0.00016382925077111082,0.00013258514575040275,0.00010033198771343301,6.73152426678548e-05,3.37861879795194e-05,1.8044844722712524e-18,-3.378618797951856e-05,-6.731524266785394e-05,-0.0001003319877134335,-0.00013258514575040196,-0.00016382925077111006,-0.00019382651627064616,-0.00022234864494570985,-0.00024917856617495416,-0.00027411208805747626,-0.00029695945143647583,-0.00031754677408102637,-0.000335717374034834,-0.0003513329620605439,-0.00036427469410433053,-0.0003744440757709096,-0.00038176371192535707,-0.0003861778957168212,-0.0003876530325412911,-0.00038617789571682116
2.8403578780782567e-05,2.9449855519263314e-05,3.0272001074933522e-05,3.086375842368947e-05,3.1220623934794255e-05,3.133988164622711e-05,3.1220623934794255e-05,3.0863758423689464e-05,3.027200107493354e-05,2.9449855519263344e-05,2.8403578780782638e-05,2.7141133657230408e-05,2.567212811828202e-05,2.400774218309873e-05,2.216064283363105e-05,2.0144887611237378e-05,1.797581763030656e-05,1.5669940823113665e-05,1.3244806304487721e-05,1.071887081245211e-05,8.111358241302489e-06,5.442113336164645e-06,2.731450662500711e-06,1.4588388338587786e-19,-2.731450662500642e-06,-5.442113336164574e-06,-8.111358241302528e-06,-1.071887081245205e-05,-1.3244806304487654e-05,-1.5669940823113604e-05,-1.79758176303065e-05,-2.014488761123732e-05,-2.2160642833631006e-05,-2.4007742183098683e-05,-2.567212811828205e-05,-2.7141133657230367e-05,-2.8403578780782604e-05,-2.9449855519263314e-05,-3.0272001074933522e-05,-3.0863758423689444e-05,-3.122062393479427e-05,-3.133988164622711e-05,-3.1220623934794255e-05
-0.00029452580449897825,-0.00030537498306580386,-0.00031390007362104257,-0.0003200361950779784,-0.00032373664784723254,-0.00032497326924883687,-0.00032373664784723265,-0.0003200361950779784,-0.0003139000736210428,-0.0003053749830658042,-0.000294525804498979,-0.00028143510672037366,-0.00026620251784446197,-0.000248943967070279,-0.00022979080239021472,-0.00020888879095248012,-0.00018639700968509738,-0.00016248663462441957,-0.00013733963816213538,-0.00011114740412549851,-8.410927123082803e-05,-5.643101599552551e-05,-2.832328665451798e-05,-1.5127167054994964e-18,2.832328665451727e-05,5.64310159955248e-05,8.410927123082846e-05,0.00011114740412549786,0.00013733963816213476,0.00016248663462441895,0.00018639700968509687,0.00020888879095247952,0.00022979080239021428,0.0002489439670702785,0.00026620251784446224,0.0002814351067203732,0.0002945258044989787,0.00030537498306580386,0.00031390007362104257,0.0003200361950779782,0.0003237366478472327,0.00032497326924883687,0.00032373664784723265
-0.0011227847670002135,-0.0011641437659171976,-0.001196642927846327,-0.0012200349145417904,-0.0012341416988603667,-0.0012388559196554842,-0.001234141698860367,-0.00122003491454179,-0.0011966429278463277,-0.0011641437659171989,-0.0011227847670002167,-0.0010728806980503849,-0.00101481135916531,-0.0009490186930771349,-0.0008760034217014912,-0.0007963212353413686,-0.0007105785635483928,-0.0006194279598277464,-0.000523563135311975,-0.0004237136792004227,-0.00032063950614483644,-0.00021512507284006505,-0.00010797340783491028,-5.7667452147727686e-18,0.00010797340783490757,0.0002151250728400623,0.0003206395061448381,0.0004237136792004202,0.0005235631353119726,0.0006194279598277441,0.0007105785635483905,0.0007963212353413663,0.0008760034217014894,0.000949018693077133,0.0010148113591653112,0.0010728806980503834,0.0011227847670002154,0.0011641437659171976,0.001196642927846327,0.0012200349145417894,0.0012341416988603674,0.0012388559196554842,0.001234141698860367
-0.0027921801565232744,-0.002895033151561858,-0.0029758531962482447,-0.0030340252012418926,-0.0030691064424595836,-0.0030808299304730213,-0.003069106442459584,-0.0030340252012418926,-0.002975853196248247,-0.0028950331515618607,-0.0027921801565232818,-0.0026680769845290877,-0.0025236681356536903,-0.0023600526484334854,-0.0021784757355199566,-0.001980319306859501,-0.0017670914525243617,-0.0015404149652365213,-0.0013020149899352247,-0.0010537058943823948,-0.0007973774607282899,-0.0005349805031283786,-0.00026851202086960075,-1.434094229781353e-17,0.00026851202086959397,0.0005349805031283718,0.0007973774607282939,0.0010537058943823885,0.0013020149899352186,0.001540414965236515,0.0017670914525243562,0.0019803193068594956,0.0021784757355199523,0.0023600526484334806,0.0025236681356536933,0.002668076984529084,0.0027921801565232787,0.002895033151561858,0.0029758531962482447,0.0030340252012418917,0.003069106442459585,0.0030808299304730213,0.003069106442459584
-0.007275894324960208,-0.007543909811410126,-0.007754511589057924,-0.007906096851210876,-0.007997511942494304,-0.008028061138865615,-0.007997511942494305,-0.007906096851210872,-0.007754511589057929,-0.007543909811410133,-0.007275894324960229,-0.006952504889392268,-0.006576202693578788,-0.006149851624447418,-0.005676696471072084,-0.005160338229868827,-0.004604706698838874,-0.004014030569432835,-0.003392805243655438,-0.002745758621342054,-0.0020778151179858457,-0.0013940581869627225,-0.0006996916313814652,-3.7369788061658523e-17,0.0006996916313814478,0.001394058186962705,0.0020778151179858565,0.0027457586213420378,0.0033928052436554214,0.0040140305694328195,0.004604706698838859,0.005160338229868813,0.005676696471072072,0.0061498516244474066,0.006576202693578794,0.0069525048893922595,0.007275894324960221,0.007543909811410126,0.007754511589057924,0.007906096851210869,0.007997511942494307,0.008028061138865615,0.007997511942494305
-0.01438612564295377,-0.0149160542386865,-0.015332462655103024,-0.015632181772720133,-0.015812930548077406,-0.0158733333738553,-0.015812930548077413,-0.015632181772720133,-0.015332462655103034,-0.014916054238686513,-0.014386125642953806,-0.013746709944498068,-0.013002673482874262,-0.012159678824816871,-0.011224141668687845,-0.010203182017138024,-0.009104569989588076,-0.007936666686927706,-0.006708360558489342,-0.00542899975558212,-0.004108320986415187,-0.0027563754138696544,-0.0013834521600795933,-7.388871282273791e-17,0.0013834521600795586,0.0027563754138696197,0.004108320986415209,0.0054289997555820885,0.00670836055848931,0.007936666686927675,0.009104569989588049,0.010203182017137996,0.011224141668687817,0.012159678824816852,0.013002673482874278,0.013746709944498052,0.014386125642953794,0.0149160542386865,0.015332462655103024,0.015632181772720122,0.015812930548077413,0.0158733333738553,0.015812930548077413
-0.02498505583641951,-0.025905407561568155,-0.026628603493060496,-0.02714913967318024,-0.027463054507288337,-0.02756795891395027,-0.027463054507288344,-0.027149139673180233,-0.02662860349306051,-0.025905407561568172,-0.024985055836419575,-0.023874552749966645,-0.02258234990123733,-0.021118281734163902,-0.019493490691526408,-0.017720342414234827,-0.015812331631335698,-0.013783979456975235,-0.011650722875952653,-0.009428797258945437,-0.007135112801534107,-0.004787125827404298,-0.002402705935182336,-1.2832597610889679e-16,0.0024027059351822756,0.004787125827404238,0.007135112801534145,0.00942879725894538,0.0116507228759526,0.01378397945697518,0.015812331631335653,0.01772034241423478,0.019493490691526363,0.021118281734163864,0.022582349901237354,0.023874552749966617,0.024985055836419558,0.025905407561568155,0.026628603493060496,0.027149139673180226,0.027463054507288344,0.02756795891395027,0.027463054507288344
-0.043672743062133264,-0.04528147608568002,-0.04654558973451192,-0.047455463340468684,-0.04800417221601224,-0.04818754035528029,-0.04800417221601226,-0.047455463340468684,-0.046545589734511957,-0.045281476085680054,-0.04367274306213338,-0.04173163409356062,-0.03947292219128618,-0.03691379751673397,-0.034073736553919175,-0.03097435388164428,-0.027639237673503972,-0.024093770177640313,-0.02036493454250831,-0.01648110945882444,-0.012471853180592782,-0.00836767856894613,-0.004199820870847339,-2.243079791173456e-16,0.004199820870847233,0.008367678568946024,0.012471853180592848,0.01648110945882434,0.020364934542508213,0.02409377017764022,0.02763923767350389,0.0309743538816442,0.0340737365539191,0.036913797516733904,0.03947292219128623,0.04173163409356058,0.04367274306213333,0.04528147608568002,0.04654558973451192,0.04745546334046866,0.04800417221601226,0.04818754035528029,0.04800417221601226
-0.0684567588527909,-0.07097843807259124,-0.07295992852070646,-0.07438614985836975,-0.0752462476800255,-0.07553367612190968,-0.07524624768002552,-0.07438614985836974,-0.07295992852070651,-0.07097843807259129,-0.06845675885279107,-0.06541408236279997,-0.061873565207924995,-0.05786215286153756,-0.053410374593750844,-0.048552111125239564,-0.043324336774499185,-0.037766838060955106,-0.03192191090552637,-0.02583403873313024,-0.019549553926955666,-0.013116285211053813,-0.006583193644866299,-3.516013915898719e-16,0.0065831936448661355,0.013116285211053649,0.019549553926955766,0.025834038733130085,0.03192191090552622,0.03776683806095496,0.04332433677449906,0.04855211112523944,0.05341037459375072,0.057862152861537446,0.06187356520792506,0.06541408236279989,0.06845675885279098,0.07097843807259124,0.07295992852070646,0.07438614985836972,0.07524624768002552,0.07553367612190968,0.07524624768002552
-0.10080596846829747,-0.1045192660327496,-0.10743710887223414,-0.10953729044090096,-0.11080382708888813,-0.11122707970754883,-0.11080382708888815,-0.10953729044090091,-0.10743710887223422,-0.10451926603274969,-0.10080596846829773,-0.09632547661549411,-0.09111188972273337,-0.08520488633431943,-0.07864942231278457,-0.07149538869762953,-0.06379723200438982,-0.05561353985377481,-0.04700659508449839,-0.0380419017432715,-0.028787686559449646,-0.019314379698430365,-0.009694078745564704,-5.177504659581639e-16,0.009694078745564461,0.01931437969843012,0.028787686559449792,0.038041901743271274,0.04700659508449818,0.05561353985377459,0.06379723200438961,0.07149538869762934,0.07864942231278439,0.08520488633431926,0.09111188972273347,0.096325476615494,0.10080596846829765,0.1045192660327496,0.10743710887223414,0.10953729044090087,0.11080382708888817,0.11122707970754883,0.11080382708888815
-0.14868868807785549,-0.1541657977340632,-0.15846961258166087,-0.1615673779909438,-0.16343551809666546,-0.16405981522460755,-0.16343551809666548,-0.1615673779909438,-0.15846961258166095,-0.15416579773406333,-0.14868868807785587,-0.14207996772469145,-0.13438993302691168,-0.12567710979193694,-0.1160078078655322,-0.10545561647384083,-0.09410084416494179,-0.08202990761230436,-0.06933467393172381,-0.05611176151710311,-0.042461804716128766,-0.028488687942126566,-0.014298755050944682,-7.636813445151157e-16,0.014298755050944325,0.02848868794212621,0.04246180471612899,0.05611176151710278,0.06933467393172348,0.08202990761230403,0.0941008441649415,0.10545561647384057,0.11600780786553194,0.1256771097919367,0.13438993302691182,0.14207996772469123,0.14868868807785574,0.1541657977340632,0.15846961258166087,0.16156737799094373,0.1634355180966655,0.16405981522460755,0.16343551809666548
-0.20707894463682958,-0.21470692294459298,-0.22070085192516334,-0.2250151141597652,-0.22761687550777043,-0.22848633499433443,-0.2276168755077705,-0.22501511415976516,-0.22070085192516348,-0.21470692294459315,-0.20707894463683008,-0.1978749705226954,-0.18716504840270873,-0.17503068725103121,-0.16156423688295535,-0.14686818511704616,-0.13105437778096207,-0.11424316749716805,-0.09656249772680854,-0.07814692904271918,-0.059136615042208095,-0.039676235693562156,-0.019913896234122094,-1.063580080673115e-15,0.019913896234121594,0.039676235693561664,0.05913661504220841,0.07814692904271872,0.09656249772680807,0.11424316749716758,0.13105437778096168,0.14686818511704577,0.161564236882955,0.1750306872510309,0.1871650484027089,0.19787497052269518,0.20707894463682988,0.21470692294459298,0.22070085192516334,0.22501511415976505,0.22761687550777052,0.22848633499433443,0.2276168755077705
-0.2779249009865153,-0.2881625672042491,-0.2962071422882432,-0.30199740216466103,-0.30548927945958854,-0.30665619887835843,-0.30548927945958854,-0.301997402164661,-0.2962071422882433,-0.2881625672042494,-0.277924900986516,-0.26557205845663195,-0.2511980522050993,-0.2349122770987547,-0.2168386777197782,-0.19711480507258008,-0.17589076973760703,-0.15332809943918033,-0.12959850972198175,-0.10488259709208111,-0.07936846456846512,-0.053250290105494986,-0.026726848781417754,-1.4274526515996788e-15,0.026726848781417085,0.05325029010549431,0.07936846456846554,0.10488259709208046,0.12959850972198111,0.1533280994391797,0.17589076973760648,0.19711480507257956,0.21683867771977777,0.23491227709875423,0.2511980522050995,0.2655720584566316,0.2779249009865158,0.2881625672042491,0.2962071422882432,0.3019974021646608,0.3054892794595886,0.30665619887835843,0.30548927945958854
-0.3730304922785847,-0.38677147646326676,-0.39756889617306074,-0.40534057652431466,-0.41002737033688635,-0.4115936082798992,-0.4100273703368865,-0.4053405765243146,-0.39756889617306096,-0.3867714764632671,-0.37303049227858553,-0.35645052080569456,-0.33715774563876244,-0.31529899644610626,-0.2910406315077569,-0.26456727162849436,-0.23608039506205378,-0.20579680413995113,-0.17394697527483297,-0.14077330489582057,-0.10652826466530413,-0.07147248001716126,-0.03587274663982442,-1.915925357679393e-15,0.03587274663982353,0.07147248001716035,0.10652826466530466,0.14077330489581977,0.17394697527483213,0.20579680413995027,0.23608039506205303,0.26456727162849364,0.2910406315077562,0.3152989964461057,0.33715774563876283,0.3564505208056941,0.3730304922785852,0.38677147646326676,0.39756889617306074,0.4053405765243144,0.4100273703368865,0.4115936082798992,0.4100273703368865
-0.4833918988393366,-0.5011981655506226,-0.5151900115903417,-0.5252609505616238,-0.5313343365378984,-0.5333639473846754,-0.5313343365378985,-0.5252609505616238,-0.515190011590342,-0.5011981655506229,-0.4833918988393378,-0.46190672789787657,-0.4369061678502038,-0.4085804880540337,-0.37714526403612963,-0.34283973683237284,-0.3059249922190299,-0.26668197369233965,-0.22540934431886886,-0.18242121372925146,-0.1380447475542123,-0.09261767749658992,-0.04648573098913573,-2.4827535975032833e-15,0.04648573098913457,0.09261767749658872,0.13804474755421303,0.18242121372925038,0.2254093443188678,0.26668197369233854,0.30592499221902897,0.34283973683237184,0.37714526403612886,0.4085804880540329,0.43690616785020414,0.461906727897876,0.4833918988393373,0.5011981655506226,0.5151900115903417,0.5252609505616236,0.5313343365378986,0.5333639473846754,0.5313343365378985
-0.6111851834864115,-0.6336988549262433,-0.6513896954422563,-0.6641230670561017,-0.6718020611211776,-0.6743682358559465,-0.6718020611211777,-0.6641230670561015,-0.6513896954422567,-0.633698854926244,-0.611185183486413,-0.5840200237565467,-0.5524101190049603,-0.5165960396933963,-0.47685035259054975,-0.43347554637437247,-0.3868017295105967,-0.33718411792797565,-0.28500033161058147,-0.23064752068172967,-0.17453934285170694,-0.1171028152328484,-0.058775064481454815,-3.1391138674128533e-15,0.05877506448145333,0.11710281523284692,0.17453934285170786,0.23064752068172825,0.28500033161058014,0.3371841179279743,0.3868017295105955,0.4334755463743713,0.4768503525905487,0.5165960396933953,0.5524101190049608,0.584020023756546,0.6111851834864123,0.6336988549262433,0.6513896954422563,0.6641230670561012,0.6718020611211778,0.6743682358559465,0.6718020611211777
-0.7720830228976662,-0.8005235413713553,-0.8228715923258781,-0.8389570935993488,-0.8486576248143842,-0.8518993590710984,-0.8486576248143846,-0.8389570935993486,-0.8228715923258786,-0.800523541371356,-0.7720830228976682,-0.7377664864232539,-0.6978351015115729,-0.6525927701130338,-0.6023838136876483,-0.5475903527108064,-0.4886293985057422,-0.42594967953555224,-0.3600282263086427,-0.2913667408885429,-0.22048777863823033,-0.14793077125832296,-0.07424792138609787,-3.965502746887163e-15,0.07424792138609602,0.14793077125832108,0.22048777863823144,0.2913667408885412,0.36002822630864095,0.42594967953555046,0.4886293985057408,0.5475903527108049,0.6023838136876472,0.6525927701130327,0.6978351015115736,0.7377664864232528,0.7720830228976674,0.8005235413713553,0.8228715923258781,0.8389570935993482,0.8486576248143846,0.8518993590710984,0.8486576248143846
-0.9526154732207189,-0.9877061009912599,-1.015279688940007,-1.0351263854132833,-1.0470951450671637,-1.051094878413748,-1.0470951450671642,-1.0351263854132833,-1.0152796889400078,-0.9877061009912604,-0.9526154732207214,-0.9102748664940233,-0.861006518394312,-0.8051853907996696,-0.7432363161968125,-0.675630764449337,-0.6028832546273954,-0.5255474392068777,-0.44421189043976894,-0.35949562096394716,-0.2720433727431954,-0.18252071019159202,-0.09160895482641257,-4.8927371328622876e-15,0.09160895482641028,0.18252071019158972,0.27204337274319684,0.359495620963945,0.44421189043976683,0.5255474392068757,0.6028832546273937,0.6756307644493351,0.7432363161968107,0.8051853907996681,0.8610065183943132,0.9102748664940222,0.9526154732207206,0.9877061009912599,1.015279688940007,1.0351263854132826,1.0470951450671642,1.051094878413748,1.0470951450671642
