hough_viz/data/file_4_0_1.json
{"header": {"discipline": 0, "disciplineName": "Meteorological products", "gribEdition": 2, "gribLength": 133963, "center": 7, "centerName": "US National Weather Service - NCEP(WMC)", "subcenter": 0, "refTime": "2014-11-30T06:00:00.000Z", "significanceOfRT": 1, "significanceOfRTName": "Start of forecast", "productStatus": 0, "productStatusName": "Operational products", "productType": 1, "productTypeName": "Forecast products", "productDefinitionTemplate": 0, "productDefinitionTemplateName": "Analysis/forecast at horizontal level/layer at a point in time", "parameterCategory": 2, "parameterCategoryName": "Momentum", "parameterNumber": 3, "parameterNumberName": "V-component_of_wind", "parameterUnit": "m.s-1", "genProcessType": 2, "genProcessTypeName": "Forecast", "forecastTime": 6, "surface1Type": 100, "surface1TypeName": "Isobaric surface", "surface1Value": 85000, "surface2Type": 255, "surface2TypeName": "Missing", "surface2Value": 0, "gridDefinitionTemplate": 0, "gridDefinitionTemplateName": "Latitude_Longitude", "numberPoints": 65160, "shape": 6, "shapeName": "Earth spherical with radius of 6,371,229.0 m", "gridUnits": "degrees", "resolution": 48, "winds": "true", "scanMode": 0, "nx": 360, "ny": 181, "basicAngle": 0, "subDivisions": 0, "lo1": 0, "la1": 90, "lo2": 359, "la2": -90, "dx": 1, "dy": 1}, "data":
[rows 57 to 75 of 181, columns 43 to 85 of 360]
2.1823416584912043,1.0938353571997692,1.9203407183433056e-15,-1.0938353571997583,-2.182341658491201,-3.2602158105906773,-4.322206518976708,-5.3631398716689676,-6.377944546007384,-7.361676515626406,-8.30954313725442,-9.216926499990095,-10.079405923300026,-10.892779494129982,-11.653084538202897,-12.356616925769657,-12.999949117756849,-13.57994686439265,-14.093784474956616,-14.538958584260854,-14.91330034879358,-15.214986013106696,-15.442545794968991,-15.594871045997484,-15.67121965288083,-15.671219652880833,-15.594871045997484,-15.442545794968995,-15.214986013106696,-14.913300348793584,-14.538958584260858,-14.09378447495662,-13.579946864392653,-12.999949117756858,-12.356616925769654,-11.653084538202908,-10.892779494129984,-10.07940592330003,-9.216926499990098,-8.309543137254437,-7.361676515626404,-6.377944546007388,-5.363139871668966
2.2710931237370744,1.1383194508390468,1.998437129994131e-15,-1.1383194508390357,-2.2710931237370717,-3.3928022592257276,-4.497982003150734,-5.58124803089196,-6.637322779251764,-7.661061158212418,-8.647475617297427,-9.591760444416172,-10.489315178810115,-11.335767024035167,-12.126992151786432,-12.85913579277519,-13.528631016777346,-14.132216110359007,-14.666950467616392,-15.130228916512259,-15.51979441101217,-15.833749027185904,-16.070563209702076,-16.229083223667946,-16.308536775509843,-16.308536775509847,-16.229083223667946,-16.07056320970208,-15.833749027185904,-15.51979441101217,-15.130228916512262,-14.666950467616399,-14.132216110359012,-13.528631016777359,-12.859135792775188,-12.126992151786443,-11.335767024035173,-10.489315178810118,-9.591760444416177,-8.647475617297442,-7.661061158212417,-6.637322779251768,-5.581248030891958
2.3603229623277513,1.1830433152202045,2.0769544838970687e-15,-1.1830433152201925,-2.3603229623277477,-3.5261033532216617,-4.6747049230213555,-5.800531800335787,-6.898099069786393,-7.962059493963505,-8.98722956462944,-9.968614756249655,-10.901433858819079,-11.781142271436634,-12.603454143144027,-13.364363253160809,-14.060162528789277,-14.687462105900087,-15.243205844009477,-15.724686215488553,-16.1295574963657,-16.455847194457995,-16.701965659154865,-16.866713826036058,-16.949289058592942,-16.949289058592942,-16.866713826036058,-16.70196565915487,-16.455847194457995,-16.1295574963657,-15.724686215488553,-15.243205844009484,-14.687462105900092,-14.06016252878929,-13.364363253160805,-12.603454143144038,-11.781142271436641,-10.901433858819084,-9.96861475624966,-8.987229564629455,-7.962059493963503,-6.898099069786397,-5.800531800335785
2.4496227017983574,1.2278022153867387,2.155533346732603e-15,-1.2278022153867263,-2.4496227017983534,-3.659508872642016,-4.851566284110721,-6.019987352320975,-7.159079647277727,-8.263293625821127,-9.32724966844288,-10.345764288251846,-11.313875384401037,-12.226866416944207,-13.08028938534433,-13.869986498685156,-14.592110432010546,-15.243143070104995,-15.819912647397281,-16.319609200483505,-16.739798257986354,-17.07843270105493,-17.333862736722015,-17.504843935529586,-17.590543294264005,-17.590543294264005,-17.504843935529586,-17.333862736722015,-17.07843270105493,-16.739798257986354,-16.319609200483505,-15.819912647397288,-15.243143070104999,-14.592110432010559,-13.869986498685153,-13.080289385344342,-12.226866416944212,-11.313875384401044,-10.34576428825185,-9.3272496684429,-8.263293625821124,-7.159079647277734,-6.019987352320973
2.538921697845729,1.272560742933974,2.23411155539655e-15,-1.2725607429339612,-2.5389216978457245,-3.7929132814570856,-5.0284261728235045,-6.239441077331558,-7.42005805209727,-8.564525249894803,-9.667266941577905,-10.722910680471921,-11.72631347639389,-12.672586851783777,-13.55712065787574,-14.375605534879549,-15.124053906748228,-15.79881940824782,-16.3966146496822,-16.91452723272527,-17.350033939332835,-17.70101302460728,-17.965754553725446,-18.142968732569198,-18.23179219147271,-18.23179219147271,-18.142968732569198,-17.96575455372545,-17.70101302460728,-17.350033939332835,-16.91452723272527,-16.396614649682203,-15.798819408247823,-15.124053906748237,-14.375605534879544,-13.557120657875753,-12.67258685178378,-11.726313476393896,-10.722910680471925,-9.667266941577923,-8.564525249894803,-7.420058052097277,-6.2394410773315565
2.6279273115429493,1.317172221101234,2.312431603716608e-15,-1.3171722211012211,-2.627927311542945,-3.925879404281144,-5.204705007189712,-6.45817381047837,-7.680179040135729,-8.86476720951846,-10.00616712413969,-11.098817998348515,-12.137396546918673,-13.116842919559074,-14.032385351995822,-14.879563413528098,-15.654249737798136,-16.35267013090531,-16.971421958899366,-17.50749072507104,-17.95826475627697,-18.32154792674879,-18.595570357397044,-18.778997038484256,-18.87093433365815,-18.870934333658152,-18.778997038484256,-18.595570357397044,-18.321547926748792,-17.958264756276975,-17.50749072507104,-16.97142195889937,-16.352670130905313,-15.65424973779815,-14.879563413528093,-14.032385351995833,-13.11684291955908,-12.137396546918678,-11.098817998348519,-10.00616712413971,-8.86476720951846,-7.680179040135737,-6.4581738104783675
2.716423624219369,1.3615284269275019,2.39030349512946e-15,-1.3615284269274885,-2.7164236242193645,-4.058084678667973,-5.379975152479369,-6.675654928141094,-7.938811584027395,-9.163291147882878,-10.343128078356669,-11.472574328520311,-12.54612734977454,-13.55855689971298,-14.504930523337386,-15.380637583482619,-16.181411723377398,-16.903351651905705,-17.542940150304894,-18.097061207701984,-18.563015202005367,-18.93853205219235,-19.221782277915636,-19.41138591254772,-19.506419226239547,-19.50641922623955,-19.41138591254772,-19.22178227791564,-18.938532052192354,-18.56301520200537,-18.097061207701984,-17.5429401503049,-16.903351651905712,-16.18141172337741,-15.380637583482615,-14.504930523337398,-13.558556899712984,-12.546127349774547,-11.472574328520315,-10.343128078356688,-9.163291147882878,-7.938811584027401,-6.675654928141092
2.8044461278991495,1.4056471497588099,2.467758460665731e-15,-1.4056471497587957,-2.8044461278991446,-4.1895821264062905,-5.554306901928915,-6.8919716525423205,-8.1960594100431,-9.460216789963175,-10.678284944620202,-11.844329568404495,-12.952669809119365,-13.997905944522024,-14.974945689227546,-15.879029003811446,-16.70575128524317,-17.451084825669447,-18.11139843500198,-18.683475131710583,-19.16452781563385,-19.552212846450942,-19.84464146166169,-20.040388978447606,-20.138501734583375,-20.13850173458338,-20.040388978447606,-19.84464146166169,-19.552212846450946,-19.16452781563385,-18.683475131710587,-18.111398435001984,-17.45108482566945,-16.705751285243185,-15.879029003811443,-14.97494568922756,-13.99790594452203,-12.95266980911937,-11.844329568404499,-10.678284944620222,-9.460216789963173,-8.196059410043109,-6.891971652542319
2.8913671934688967,1.449213808735298,2.5442442212000256e-15,-1.4492138087352835,-2.8913671934688927,-4.319434127875116,-5.7264572133983425,-7.105581574999358,-8.45008825741753,-9.753426959245482,-11.009247945339023,-12.211432982088613,-13.354125144838418,-14.43175735223454,-15.439079488485742,-16.371183981399895,-17.22352971158231,-17.991964136313065,-18.67274352031761,-19.26255117486878,-19.75851361636087,-20.15821456563288,-20.45970671983778,-20.661521239506154,-20.762674904584504,-20.762674904584507,-20.661521239506154,-20.45970671983778,-20.158214565632885,-19.75851361636087,-19.262551174868783,-18.672743520317614,-17.991964136313065,-17.223529711582326,-16.371183981399888,-15.439079488485755,-14.431757352234541,-13.354125144838425,-12.211432982088619,-11.009247945339043,-9.75342695924548,-8.450088257417537,-7.105581574999355
2.9771423041013483,1.4922060910905561,2.61972160437099e-15,-1.4922060910905413,-2.9771423041013434,-4.447574179067841,-5.896337919702523,-7.316375294690232,-8.700768024681672,-10.042771487455026,-11.33584757703734,-12.57369655669975,-13.750287750641476,-14.85988892483617,-15.897094213899862,-16.85685045792377,-17.73448182096135,-18.52571257123109,-19.226687912051904,-19.833992762025115,-20.34466839296772,-20.7562268445387,-21.066663045331712,-21.274464581381434,-21.37861906449236,-21.378619064492366,-21.274464581381434,-21.066663045331712,-20.7562268445387,-20.34466839296772,-19.833992762025115,-19.226687912051908,-18.52571257123109,-17.734481820961363,-16.85685045792377,-15.897094213899877,-14.859888924836172,-13.750287750641482,-12.573696556699755,-11.335847577037361,-10.042771487455024,-8.70076802468168,-7.31637529469023
3.0619450885226085,1.5347110231794647,2.69434339391499e-15,-1.5347110231794494,-3.0619450885226036,-4.574261665180099,-6.064292898808023,-7.524779507013545,-8.948606145849077,-10.328836075052797,-11.658744953149812,-12.931853597768036,-14.141959551563307,-15.283167299968172,-16.34991699354618,-17.33701153501956,-18.239641899004617,-19.05341056110012,-19.774352922184075,-20.398956623542162,-20.924178658726294,-21.347460198776197,-21.66673905857686,-21.880459743617124,-21.98758102820261,-21.987581028202612,-21.880459743617124,-21.66673905857686,-21.3474601987762,-20.924178658726294,-20.398956623542162,-19.774352922184086,-19.053410561100122,-18.239641899004628,-17.337011535019556,-16.3499169935462,-15.283167299968174,-14.141959551563314,-12.931853597768038,-11.658744953149833,-10.328836075052795,-8.948606145849084,-7.524779507013541
3.1448298704948154,1.5762546122605963,2.7672774467169143e-15,-1.5762546122605805,-3.14482987049481,-4.6980838337171615,-6.228449204751388,-7.7284701973415935,-9.190838859993443,-10.60843067957932,-11.974339291249992,-13.281910125550075,-14.524772828811415,-15.696872298875848,-16.792498184944236,-17.8063127078316,-18.73337666509069,-19.569173494309908,-20.309631277351283,-20.951142578326404,-21.490582018661406,-21.925321503627238,-22.253243026153008,-22.472748985543532,-22.58276997082931,-22.58276997082931,-22.472748985543532,-22.253243026153015,-21.925321503627245,-21.490582018661406,-20.951142578326404,-20.30963127735129,-19.56917349430991,-18.733376665090702,-17.8063127078316,-16.79249818494425,-15.696872298875855,-14.524772828811422,-13.28191012555008,-11.974339291250015,-10.60843067957932,-9.190838859993452,-7.72847019734159
3.22589391086101,1.6168856075060045,2.8386093469731986e-15,-1.6168856075059888,-3.2258939108610045,-4.819185983348007,-6.388999466147029,-7.927686385766963,-9.42775041420368,-10.881883390296572,-12.283000924355017,-13.624276912592947,-14.89917679322025,-16.101489382171,-17.225357133367858,-18.2653046760978,-19.216265490467784,-20.07360659098047,-20.83315109797379,-21.4911985869588,-22.04454311671587,-22.49048884831803,-22.826863178987214,-23.05202732679664,-23.16488431465159,-23.164884314651594,-23.05202732679664,-22.826863178987217,-22.490488848318034,-22.044543116715875,-21.4911985869588,-20.833151097973793,-20.073606590980482,-19.216265490467798,-18.265304676097795,-17.225357133367865,-16.101489382171007,-14.899176793220256,-13.62427691259295,-12.28300092435504,-10.881883390296572,-9.42775041420369,-7.92768638576696
3.3054789573720593,1.6567753000477121,2.908639813922208e-15,-1.6567753000476957,-3.305478957372054,-4.938078653481657,-6.546620526765439,-8.123267922906813,-9.660339574275811,-11.150347022292896,-12.586031100446316,-13.96039730022179,-15.26674984764481,-16.498724324418443,-17.650318674729462,-18.715922446661043,-19.690344125750418,-20.568836427525625,-21.34711942579813,-22.021401404033092,-22.588397328211133,-23.045344851183884,-23.390017770551626,-23.620736874497616,-23.736378122739215,-23.736378122739218,-23.620736874497616,-23.390017770551633,-23.045344851183884,-22.588397328211137,-22.021401404033096,-21.347119425798137,-20.568836427525632,-19.69034412575044,-18.715922446661036,-17.650318674729483,-16.49872432441845,-15.266749847644821,-13.960397300221796,-12.586031100446341,-11.150347022292896,-9.660339574275822,-8.123267922906813
3.382351098066837,1.69530522736153,2.9762830728537427e-15,-1.6953052273615132,-3.382351098066831,-5.052918494215089,-6.698868579377132,-8.312182450188367,-9.88500020363993,-11.409659229736127,-12.878731542959963,-14.285059970672075,-15.621793022136284,-16.882418268293783,-18.0607940696629,-19.1511794977893,-20.148262304472293,-21.047184802504145,-21.84356753183382,-22.533530595856124,-23.113712563878003,-23.58128684767092,-23.933975472324654,-24.170060174312024,-24.28839077269609,-24.288390772696093,-24.170060174312024,-23.933975472324654,-23.581286847670924,-23.113712563878003,-22.53353059585613,-21.843567531833823,-21.047184802504148,-20.148262304472308,-19.151179497789297,-18.060794069662915,-16.88241826829379,-15.62179302213629,-14.285059970672082,-12.87873154295999,-11.409659229736123,-9.885000203639938,-8.312182450188367
3.456713129047413,1.7325770351021998,3.0417175731919873e-15,-1.7325770351021827,-3.456713129047407,-5.164008464095479,-6.8461452689908056,-8.494928342307723,-10.10232497864812,-11.660504103174716,-13.161874423820402,-14.599121415300235,-15.965242954743278,-17.25358343533142,-18.45786619174676,-19.572224079454145,-20.591228058839505,-21.509913644945208,-22.3238050939417,-23.028937208501546,-23.62187465584225,-24.099728704322228,-24.460171297051005,-24.70144639394837,-24.82237852699512,-24.822378526995124,-24.70144639394837,-24.460171297051005,-24.099728704322235,-23.62187465584225,-23.02893720850155,-22.323805093941708,-21.509913644945215,-20.591228058839523,-19.57222407945414,-18.457866191746778,-17.253583435331425,-15.965242954743283,-14.599121415300239,-13.161874423820429,-11.660504103174716,-10.102324978648129,-8.49492834230772
3.529100579114407,1.7688591415234072,3.105414550848913e-15,-1.7688591415233896,-3.529100579114402,-5.272148593427896,-6.989511229748743,-8.672821669941467,-10.313878994747212,-11.90468813783806,-13.437498836976408,-14.904843392513676,-16.299573049272233,-17.614892824562098,-18.844394612653513,-19.982088404424022,-21.02243147008066,-21.9603553627825,-22.791290611604065,-23.511188983538418,-24.116543206081417,-24.60440405431084,-24.972394719213707,-25.218722387260904,-25.342186974814467,-25.34218697481447,-25.218722387260904,-24.972394719213707,-24.604404054310844,-24.11654320608142,-23.511188983538418,-22.791290611604072,-21.960355362782504,-21.02243147008068,-19.982088404424015,-18.844394612653534,-17.6148928245621,-16.299573049272244,-14.90484339251368,-13.437498836976433,-11.904688137838058,-10.313878994747222,-8.672821669941465
3.5980328405016344,1.8034094349954268,3.1660711523642287e-15,-1.8034094349954086,-3.5980328405016286,-5.375126991681898,-7.126034064464579,-8.84222381559163,-10.515335141106336,-12.137216810811386,-13.69996718024291,-15.19597268668819,-16.617944941697747,-17.958956239381347,-19.212473307494633,-20.37238913688489,-21.43305273422562,-22.389296653088138,-23.236462169221042,-23.970421977386515,-24.587600299176543,-25.084990303845927,-25.460168757289384,-25.711307827794542,-25.837183991054296,-25.8371839910543,-25.711307827794542,-25.460168757289384,-25.08499030384593,-24.587600299176547,-23.970421977386522,-23.23646216922105,-22.389296653088145,-21.43305273422564,-20.372389136884888,-19.21247330749465,-17.95895623938135,-16.617944941697754,-15.19597268668819,-13.699967180242938,-12.137216810811385,-10.515335141106345,-8.842223815591629
3.663777849009534,1.8363622105544375,3.2239231465166178e-15,-1.836362210554419,-3.663777849009528,-5.4733439300659,-7.25624442967361,-9.00379323581509,-10.7074764663698,-12.358993947892149,-13.950299653222073,-15.473640900920726,-16.921596125555038,-18.287111034818544,-19.56353297733437,-20.744643353704106,-21.824687912898824,-22.798404786391874,-23.66105012345326,-24.408421202713622,-25.036876907400284,-25.543355464492155,-25.925389361370133,-26.181117367290543,-26.30929360111422,-26.309293601114224,-26.181117367290543,-25.925389361370136,-25.543355464492155,-25.036876907400284,-24.408421202713626,-23.661050123453265,-22.798404786391878,-21.824687912898845,-20.7446433537041,-19.563532977334386,-18.287111034818547,-16.921596125555048,-15.473640900920728,-13.9502996532221,-12.358993947892149,-10.707476466369808,-9.003793235815088
