hough_viz/data/file_1_1_0.json
{"header": {"discipline": 0, "disciplineName": "Meteorological products", "gribEdition": 2, "gribLength": 133963, "center": 7, "centerName": "US National Weather Service - NCEP(WMC)", "subcenter": 0, "refTime": "2014-11-30T06:00:00.000Z", "significanceOfRT": 1, "significanceOfRTName": "Start of forecast", "productStatus": 0, "productStatusName": "Operational products", "productType": 1, "productTypeName": "Forecast products", "productDefinitionTemplate": 0, "productDefinitionTemplateName": "Analysis/forecast at horizontal level/layer at a point in time", "parameterCategory": 2, "parameterCategoryName": "Momentum", "parameterNumber": 2, "parameterNumberName": "U-component_of_wind", "parameterUnit": "m.s-1", "genProcessType": 2, "genProcessTypeName": "Forecast", "forecastTime": 6, "surface1Type": 100, "surface1TypeName": "Isobaric surface", "surface1Value": 85000, "surface2Type": 255, "surface2TypeName": "Missing", "surface2Value": 0, "gridDefinitionTemplate": 0, "gridDefinitionTemplateName": "Latitude_Longitude", "numberPoints": 65160, "shape": 6, "shapeName": "Earth spherical with radius of 6,371,229.0 m", "gridUnits": "degrees", "resolution": 48, "winds": "true", "scanMode": 0, "nx": 360, "ny": 181, "basicAngle": 0, "subDivisions": 0, "lo1": 0, "la1": 90, "lo2": 359, "la2": -90, "dx": 1, "dy": 1}, "data":
[rows 133 to 151 of 181, columns 172 to 214 of 360]
14.05196759295648,14.084293735838235,14.112329666410437,14.136066844657043,14.15549804000361,14.170617333519807,14.18142011972236,14.187903107977945,14.190064323505533,14.187903107977945,14.18142011972236,14.170617333519807,14.155498040003613,14.136066844657043,14.112329666410439,14.084293735838235,14.05196759295648,14.015361084621444,13.97448536153018,13.929352874823916,13.879977372295308,13.82637389420074,13.76855876867891,13.706549606777113,13.640365297086763,13.570025999989737,13.495553141517314,13.416969406823634,13.334298733275533,13.247566303161019,13.15679853601851,13.062023080589162,12.963268806394808,12.86056579494402,12.75394533056899,12.64343989089603,12.529083136952547,12.410909902913598,12.288956185491035,12.163259132968582,12.033857033886092,11.900789305376483,11.764096481158928
14.644489420296932,14.678178642414705,14.707396749127291,14.73213484031634,14.752385380519632,14.768142201226453,14.779400502756578,14.786156855722293,14.788409202073035,14.786156855722293,14.779400502756578,14.768142201226453,14.752385380519632,14.73213484031634,14.707396749127291,14.678178642414705,14.644489420296932,14.606339344837384,14.563740036918606,14.516704472702472,14.465246979677476,14.409383232294473,14.349130247192086,14.28450637801326,14.215531309814567,14.142226053069963,14.064612937270772,13.982715604123925,13.896559000350456,13.806169370086486,13.711574246889027,13.612802445348962,13.509884052313865,13.402850417723245,13.291734145059063,13.176569081414375,13.057390307183189,12.934234125374665,12.807138050554808,12.676140797419224,12.541282269000211,12.402603544511928,12.260146866837275
15.234198812035821,15.269244643463285,15.299639315055856,15.325373568302126,15.346439564299262,15.36283088614082,15.37454254087137,15.381570961007432,15.38391400562415,15.381570961007432,15.37454254087137,15.36283088614082,15.346439564299265,15.325373568302126,15.299639315055858,15.269244643463285,15.234198812035821,15.194512496073214,15.150197784411759,15.101268175741906,15.047738574496453,14.98962528631049,14.92694601305456,14.859719847442479,14.787967267215528,14.711710128904729,14.630971661173124,14.545776457740127,14.45615046989,14.36212099856687,14.263716686058588,14.160967507272005,14.053904760602334,13.942561058399349,13.826970317033357,13.707167746563929,13.583189840014574,13.455074362256644,13.322860338505736,13.186588042434273,13.04629898390374,12.902035896320369,12.753842723618156
15.821253856069255,15.85765019055669,15.889216131179571,15.915942062646604,15.937819843980161,15.954842810996116,15.967005778333808,15.974305041035564,15.976738375675248,15.974305041035564,15.967005778333808,15.954842810996116,15.937819843980165,15.915942062646604,15.889216131179575,15.85765019055669,15.821253856069255,15.78003821439334,15.734015820212653,15.683200692394294,15.627608309718461,15.567255606163442,15.502160965747397,15.43234421692838,15.357826626564409,15.27863089343538,15.194781141328786,15.106302911691401,15.013223155849069,14.915570226797103,14.813373870563687,14.706665217148922,14.59547677104235,14.479842401321754,14.359797331336338,14.235378127977315,14.1066226905393,13.97357023917583,13.836261302952488,13.694737707501401,13.5490425622807,13.39922024744301,13.245316400316788
16.405187490762064,16.442927147598038,16.475658129538633,16.503370466409695,16.52605571676494,16.54370697045737,16.55631885074411,16.56388751592425,16.566410660509057,16.56388751592425,16.55631885074411,16.54370697045737,16.526055716764947,16.503370466409695,16.475658129538633,16.442927147598038,16.405187490762064,16.36245065489579,16.314729658053412,16.26203903651286,16.204394840347874,16.141814628539024,16.074317463625047,16.00192390589624,15.924656007131581,15.842537303881544,15.755592810298637,15.66384901051786,15.567333850589367,15.466076729965833,15.360108492547106,15.249461417284833,15.134169208350013,15.014266984866333,14.889791270212593,14.7607799808973,14.627272415008937,14.489309240245397,14.346932481526183,14.200185508191248,14.049113020790227,13.893761037466257,13.734176879938394
16.98154720417275,17.02061275977156,17.05449367184137,17.083179619928146,17.106661866014214,17.12493325717994,17.13798822778258,17.14582280115161,17.148434590800097,17.14582280115161,17.13798822778258,17.12493325717994,17.106661866014214,17.083179619928146,17.05449367184137,17.02061275977156,16.98154720417275,16.937308904791603,16.887911337042663,16.83336954790359,16.77370015133171,16.708921323203256,16.639052795776795,16.564115851682626,16.484133317439827,16.39912955650316,16.30913046184164,16.214163448051355,16.114257443004664,16.009442879038517,15.89975168368446,15.785217269943196,15.665874526106684,15.541759805130773,15.412910913561818,15.279367100020371,15.1411690432457,14.998358839704665,14.850979990768685,14.699077389462849,14.542697306791021,14.38188737764127,14.216696586275821
17.55283129254158,17.5932110705754,17.628231786087856,17.657882771429765,17.682154994623737,17.701041062115472,17.714535221025844,17.72263336090334,17.725333014976098,17.72263336090334,17.714535221025844,17.701041062115472,17.682154994623737,17.657882771429765,17.62823178608786,17.5932110705754,17.55283129254158,17.507104752057955,17.45604537787172,17.39966872316288,17.337991960806583,17.271033878142127,17.198814871250132,17.12135693873969,17.038683675047402,16.950820263250254,16.857793467394632,16.75963162434374,16.656364635145874,16.548023955926315,16.434642588305472,16.316255069346276,16.192897461033848,16.06460733929066,15.931423782530585,15.793387359755181,15.65054011819601,15.50292557050666,15.350588681508315,15.193575854493096,15.031934917089123,14.865715106691782,14.694967055465526
18.118498967949208,18.160180048023317,18.196329361333188,18.2269358964478,18.251990330320055,18.271485031126694,18.285414060593006,18.29377317580168,18.296559830485236,18.29377317580168,18.285414060593006,18.271485031126694,18.251990330320055,18.2269358964478,18.196329361333195,18.160180048023317,18.118498967949208,18.071298817571616,18.01859397451359,17.960400493180888,17.896736099871653,17.827620187376827,17.75307380907289,17.673119672508825,17.587782132489156,17.49708718365526,17.40106245256713,17.299737189288077,17.193142258474843,17.081310129975975,16.964274868941146,16.842072125444616,16.71473912362586,16.582314650350735,16.444839043396627,16.302354179165167,16.15490345992627,16.002531800597428,15.845285615062114,15.683212802031724,15.516362730455146,15.344786224480485,15.168535547973569
18.672318778650073,18.715273905096193,18.752528177811897,18.784070248784825,18.80989050999459,18.829981096339516,18.844335888032376,18.852950512464556,18.85582234553801,18.852950512464556,18.844335888032376,18.829981096339516,18.80989050999459,18.784070248784825,18.752528177811904,18.715273905096193,18.672318778650073,18.62367588302115,18.56936003530667,18.509387780639997,18.443777387150885,18.372548840400754,18.295723837294965,18.21332577947368,18.125379766183517,18.031912586632075,17.932952711827685,17.828530285906865,17.718677116952104,17.603426667302838,17.48281404336249,17.356875984904715,17.225650853882104,17.089178622740768,16.947500862244357,16.800660728811184,16.648702951368346,16.491673817726927,16.329621160482194,16.162594342443384,15.990644241597304,15.813823235610379,15.632185185873945
19.218999079564302,19.26321182814776,19.301556815801444,19.334022362270655,19.360598578235436,19.381277368322955,19.396052433573438,19.404919273358875,19.407875186753976,19.404919273358875,19.396052433573438,19.381277368322955,19.360598578235436,19.334022362270655,19.301556815801444,19.26321182814776,19.218999079564302,19.16893203768258,19.113025953408567,19.05129785627711,18.983766549264562,18.910452603061227,18.831378349805338,18.746567876280437,18.65604701657834,18.55984334422981,18.457986163805383,18.350506501988942,18.237437098126644,18.118812394254228,17.994668524605654,17.865043304606218,17.72997621935364,17.5895084115905,17.44368266917181,17.292543412031332,17.136136678650914,16.974510112036707,16.807712945206596,16.635795986193404,16.458811602568247,16.276813705488856,16.089857733277743
19.75805724615764,19.803510082380047,19.84293057759045,19.876306723924127,19.903628354683597,19.924887147435452,19.940076626545487,19.94919216515121,19.95223098657127,19.94919216515121,19.940076626545487,19.924887147435452,19.903628354683597,19.876306723924127,19.84293057759045,19.803510082380047,19.75805724615764,19.706585914297463,19.6491117654658,19.58565230684516,19.51622686880138,19.44085659899542,19.35956445594161,19.272375202014203,19.179315395904574,19.08041338453115,18.97569929440468,18.86520502245141,18.748964226296966,18.627012314013886,18.49938643333604,18.366125460343024,18.227269987618136,18.082862311883478,17.93294642111601,17.777567981148323,17.616774321758392,17.450614422252535,17.279138896545767,17.102399977744334,16.920451502235014,16.733348893286013,16.541149144164528
20.281601304366514,20.3282585384726,20.36872358810361,20.402984127213426,20.43102971970994,20.452851822634013,20.468443788761682,20.477800868629025,20.480920211978876,20.477800868629025,20.468443788761682,20.452851822634013,20.431029719709944,20.402984127213426,20.36872358810361,20.3282585384726,20.281601304366514,20.228766098030835,20.16976901358123,20.104628022101153,20.033362966167644,19.95599555380709,19.872549351882782,19.78304977891618,19.687524097344205,19.58600140521486,19.478512627323628,19.36509050579352,19.24576959010151,19.120586226554394,18.9895785472174,18.852786458298738,18.71025162799384,18.56201747379277,18.40812914925489,18.248633530254594,18.08357920070249,17.913016437746297,17.736997196455874,17.55557509399727,17.36880539330035,17.176744986225238,16.97945237623246
20.79633729902832,20.844178668323995,20.885670698875213,20.92080075180752,20.949558126166473,20.97193406217727,20.98792174391304,20.997516301371057,21.00071481195616,20.997516301371057,20.98792174391304,20.97193406217727,20.949558126166473,20.92080075180752,20.885670698875217,20.844178668323995,20.79633729902832,20.74216116393271,20.681666765612743,20.614872531248167,20.541798807009815,20.462467851861977,20.376903830782084,20.285132807399833,20.18718273605795,20.083083453297043,19.972866668767054,19.85656595556826,19.73421674002453,19.60585629089213,19.47152370800734,19.331259910376197,19.18510762371024,19.033111367411784,18.875317441012932,18.71177391007224,18.542530591533502,18.36763903855107,18.18715252478618,18.001126028179332,17.80961621420348,17.612681418603152,17.410381629624847
21.30194475776236,21.35094926231615,21.393450060893347,21.429434207338986,21.45889074053348,21.481810687731468,21.498187067294996,21.508014890820213,21.511291164656868,21.508014890820213,21.498187067294996,21.481810687731468,21.458890740533484,21.429434207338986,21.39345006089335,21.35094926231615,21.30194475776236,21.24645147447879,21.1844863162571,21.11606815828474,21.041217841395426,20.959958165720774,20.87231388374516,20.77831169276593,20.677980226761036,20.571350047666993,20.45845363606928,20.33932538130853,20.21400157100517,20.082520380005846,19.944921858755034,19.801247921095246,19.651542331499698,19.49585069174121,19.334220427001473,19.16670077142487,18.993342753121286,18.814199178622466,18.629324616796595,18.43877538222613,18.242609518053808,18.04088677830216,17.83366860967185
21.789046556144715,21.839171624223024,21.882644269063785,21.91945124847826,21.94958135070396,21.97302539781986,21.98977624854211,21.999828800399303,22.003179991286775,21.999828800399303,21.98977624854211,21.97302539781986,21.949581350703962,21.91945124847826,21.882644269063793,21.839171624223024,21.789046556144715,21.732284333410167,21.668902246342302,21.59891960173883,21.522357716991234,21.439239913591283,21.34959151002707,21.25343981407077,21.15081411446041,21.04174567197824,20.926267709928425,20.804415404016854,20.67622587163633,20.541738160560204,20.40099323704808,20.254033973367097,20.100905134732596,19.94165336567221,19.776327175817514,19.604976925127477,19.427654808548354,19.24441484011465,19.05531283649581,18.860406399994012,18.659754900997918,18.45341945989787,18.241462928468053
22.26607495238784,22.31729741042194,22.36172180347231,22.399334599438486,22.430124341098434,22.454081649598603,22.471199227310727,22.48147186005481,22.48489641868742,22.48147186005481,22.471199227310727,22.454081649598603,22.43012434109844,22.399334599438486,22.361721803472314,22.31729741042194,22.26607495238784,22.20807003222693,22.143300318799803,22.0717855415886,21.993547484687237,21.908609980165764,21.816998900810862,21.71874215224476,21.6138696644249,21.502413382527006,21.384407257214225,21.259887234295505,21.128891243776064,20.9914591883036,20.847632931013553,20.697456282777164,20.54097498885628,20.37823671496889,20.209291032769716,20.034189404750165,19.85298516856236,19.665733520772044,19.47249150004505,19.273317969772886,19.068273600142305,18.85742084965461,18.64082394610017
22.732945618274265,22.785242098700806,22.83059797365849,22.86899942730843,22.900434762195843,22.924894402813194,22.942370898517012,22.9528589257974,22.95635528989966,22.9528589257974,22.942370898517012,22.924894402813194,22.900434762195843,22.86899942730843,22.830597973658495,22.785242098700806,22.732945618274265,22.673724462393405,22.607596670396,22.53458238544808,22.45470384840816,22.367985391052404,22.274453428662998,22.174136451981756,22.06706501853154,21.953271743308232,21.83279128884578,21.705660354657766,21.57191766605826,21.43160396236581,21.28476198449382,21.131436461931237,20.971674099117525,20.805523561216052,20.633035459290202,20.45426233488675,20.26925864403119,20.078080740639955,19.880786859354387,19.677437097801942,19.468093398289902,19.25281952893709,19.031681064249504
23.17901020545697,23.232332844496845,23.278578689895625,23.31773365472081,23.349785811990806,23.374725398308016,23.392544816832853,23.403238639597813,23.406803609160885,23.403238639597813,23.392544816832853,23.374725398308016,23.34978581199081,23.31773365472081,23.278578689895628,23.232332844496845,23.17901020545697,23.118627015368396,23.051201667535775,22.976754700373217,22.895308791148107,22.806888749073373,22.711521507750373,22.609236116964677,22.50006373383716,22.384037613333305,22.261193098133376,22.13156760786675,21.995200627713455,21.852133696376658,21.70241039342958,21.546076326040698,21.383179115081365,21.213768380620078,21.037895726807665,20.85561472615819,20.666980903230247,20.472051717713647,20.27088654692661,20.0635466677289,19.85009523785625,19.630597276681964,19.405119645411332
23.61412121616012,23.66844481542912,23.715558777125963,23.755448749881513,23.788102582823655,23.81351032927854,23.831664249800475,23.842558814529408,23.846190704875376,23.842558814529408,23.831664249800475,23.81351032927854,23.788102582823655,23.755448749881513,23.715558777125963,23.66844481542912,23.61412121616012,23.55260452681356,23.483913485968923,23.40806901758268,23.325094224614627,23.235014381990496,23.13785692890297,23.033651460453452,22.922429718637076,22.804225582673855,22.67907505868865,22.54701626874343,22.408089439224913,22.26233688859116,22.109803014481045,21.950534280190254,21.784579200518117,21.611988326989536,21.432814232456526,21.24711149508398,21.05493668172463,20.856348330688284,20.651406933910426,20.44017491852583,20.222716627852627,19.999098301792724,19.76938805665448
