hough_viz/data/file_3_2_1.json
{"header": {"discipline": 0, "disciplineName": "Meteorological products", "gribEdition": 2, "gribLength": 133963, "center": 7, "centerName": "US National Weather Service - NCEP(WMC)", "subcenter": 0, "refTime": "2014-11-30T06:00:00.000Z", "significanceOfRT": 1, "significanceOfRTName": "Start of forecast", "productStatus": 0, "productStatusName": "Operational products", "productType": 1, "productTypeName": "Forecast products", "productDefinitionTemplate": 0, "productDefinitionTemplateName": "Analysis/forecast at horizontal level/layer at a point in time", "parameterCategory": 2, "parameterCategoryName": "Momentum", "parameterNumber": 2, "parameterNumberName": "U-component_of_wind", "parameterUnit": "m.s-1", "genProcessType": 2, "genProcessTypeName": "Forecast", "forecastTime": 6, "surface1Type": 100, "surface1TypeName": "Isobaric surface", "surface1Value": 85000, "surface2Type": 255, "surface2TypeName": "Missing", "surface2Value": 0, "gridDefinitionTemplate": 0, "gridDefinitionTemplateName": "Latitude_Longitude", "numberPoints": 65160, "shape": 6, "shapeName": "Earth spherical with radius of 6,371,229.0 m", "gridUnits": "degrees", "resolution": 48, "winds": "true", "scanMode": 0, "nx": 360, "ny": 181, "basicAngle": 0, "subDivisions": 0, "lo1": 0, "la1": 90, "lo2": 359, "la2": -90, "dx": 1, "dy": 1}, "data":
[rows 120 to 139 of 181, columns 315 to 359 of 360]
14.345102784481558,13.574678648044147,12.767047260996845,11.924422284833723,11.049113296044302,10.143519455724931,9.210122933644755,8.251482104791249,7.270224537042004,6.269039789183835,5.250672039019127,4.217912561765205,3.173592079362992,2.120573001664927,1.0617415807685193,-2.2372568824636225e-14,-1.0617415807685642,-2.1205730016648996,-3.1735920793629653,-4.2179125617651785,-5.250672039019099,-6.269039789183808,-7.270224537041978,-8.251482104791226,-9.21012293364473,-10.143519455724908,-11.049113296044338,-11.92442228483376,-12.767047260996824,-13.574678648044125,-14.345102784481485,-15.07620799130245,-15.765990359953621,-16.412559244908714,-17.014142445796516,-17.569091064878933,-18.075884026565063,-18.533132246573665,-18.93958243931664,-19.294120553067657,-19.595774823500616,-19.84371843722797,-20.037271798038837,-20.175904389624968,-20.259236229689055
13.2384210995818,12.52743287616708,11.782107830010016,11.00448884525517,10.196707321488114,9.36097733171736,8.499589553753864,7.6149049916227565,6.709348504215168,5.78540215891862,4.84559842844285,3.892513249488135,2.928758962281852,1.9569771503354938,0.9798314000478792,-2.0646592194537154e-14,-0.9798314000479208,-1.9569771503354685,-2.928758962281827,-3.892513249488111,-4.845598428442825,-5.785402158918596,-6.709348504215144,-7.614904991622733,-8.499589553753841,-9.360977331717336,-10.196707321488152,-11.004488845255201,-11.782107830009995,-12.527432876167058,-13.238421099581732,-13.913123730953815,-14.549691457268738,-15.14637949063593,-15.70155235063122,-16.213688347034953,-16.68138375067912,-17.103356640971445,-17.478450419550608,-17.805636980441953,-18.084019528024587,-18.312835035085687,-18.49145633422517,-18.61939383687792,-18.696296875241977
12.079750136888492,11.430989984562515,10.750898283247274,10.041339117023425,9.304257338244739,8.541673236832974,7.755677002803428,6.948422997199694,6.122123847139599,5.279044381158103,4.421495421469729,3.551827450165484,2.6724241667048347,1.7856959543611743,0.8940732735288133,-1.8839533280605476e-14,-0.894073273528851,-1.7856959543611515,-2.672424166704812,-3.5518274501654616,-4.421495421469706,-5.279044381158081,-6.1221238471395765,-6.948422997199674,-7.755677002803408,-8.541673236832956,-9.304257338244769,-10.041339117023455,-10.750898283247254,-11.430989984562498,-12.079750136888428,-12.695400533742283,-13.276253720179625,-13.820717617991033,-14.327299889477828,-14.794612027845972,-15.221373163006664,-15.606413572352224,-15.948677886884479,-16.24722798390777,-16.50124555835816,-16.710034365720606,-16.87302213038686,-16.989762114223115,-17.059934341048162
10.865607732147863,10.282054823557795,9.670319517393265,9.032078537607228,8.36908125836169,7.683144909114736,6.976149593720706,6.2500331371965,5.506785774277717,4.748444694323623,3.977088457522732,3.1948312977038,2.403817327367863,1.606214660824904,0.8042094715432359,-1.694596131245239e-14,-0.8042094715432699,-1.606214660824883,-2.4038173273678423,-3.1948312977037796,-3.9770884575227115,-4.748444694323604,-5.506785774277698,-6.250033137196483,-6.976149593720687,-7.683144909114719,-8.36908125836172,-9.032078537607255,-9.67031951739325,-10.28205482355778,-10.865607732147808,-11.419378765203149,-11.941850074814356,-12.431589603438317,-12.88725500906845,-13.307597344500843,-13.691464480611705,-14.03780426426324,-14.345667402182238,-14.61421006290695,-14.842696189670544,-15.030499517881408,-15.177105291670976,-15.282111674803723,-15.345230852082391
9.627925800265913,9.110844359178044,8.56879072698873,8.00325063502608,7.415774189371953,6.807971622128942,6.181508877885943,5.538103047480071,4.879517661569879,4.207557856920437,3.5240654286489383,2.830913781992297,2.1300027974336184,1.4232536232618536,0.7126034098378743,-1.5015677185524236e-14,-0.7126034098379042,-1.4232536232618351,-2.1300027974336,-2.8309137819922783,-3.5240654286489206,-4.20755785692042,-4.879517661569862,-5.538103047480055,-6.181508877885927,-6.807971622128927,-7.415774189371978,-8.003250635026102,-8.568790726988716,-9.11084435917803,-9.627925800265865,-10.118617765964087,-10.5815753037023,-11.015529479049345,-11.419290853774381,-11.791752746014398,-12.13189426361227,-12.438783102311215,-12.711578101135936,-12.949531547956383,-13.151991228914808,-13.318402216098475,-13.448308388558603,-13.541353682506145,-13.597283067257893
8.364836192729395,7.9155907744814655,7.444649272126684,6.953302503588227,6.442897216205565,5.914832395393617,5.370555430120816,4.811558145716785,4.23937271488265,3.6555674581122073,3.061742545034457,2.4595256084598818,1.850567283152047,1.236536681552447,0.6191168188593223,-1.3045767342364142e-14,-0.6191168188593484,-1.236536681552431,-1.850567283152031,-2.4595256084598667,-3.0617425450344418,-3.655567458112193,-4.239372714882636,-4.811558145716771,-5.370555430120803,-5.914832395393603,-6.442897216205588,-6.953302503588248,-7.44464927212667,-7.915590774481454,-8.364836192729351,-8.791154176405614,-9.193376217549984,-9.570399853505792,-9.92119168869348,-10.244790227076038,-10.540308507552817,-10.806936535058254,-11.043943500702044,-11.250679784865497,-11.426578737763814,-11.571158232593666,-11.684021987009329,-11.764860649305009,-11.81345264632638
7.083121238924592,6.702712144213656,6.303931381415266,5.887871980881313,5.455674332508726,5.008523060010038,4.547643773942002,4.074299712392434,3.5897882785322985,3.0954374845238295,2.5926023115315022,2.0826609958128444,1.5670112510686538,1.047066437406901,0.5242516874209112,-1.104680947859867e-14,-0.5242516874209334,-1.0470664374068874,-1.5670112510686403,-2.082660995812831,-2.592602311531489,-3.095437484523817,-3.5897882785322857,-4.074299712392422,-4.54764377394199,-5.0085230600100275,-5.455674332508745,-5.88787198088133,-6.303931381415254,-6.702712144213646,-7.083121238924558,-7.444115990661298,-7.784706937901792,-8.103960544533843,-8.401001758612715,-8.675016410817703,-8.92525344603364,-9.151026981940754,-9.351718188970457,-9.526776986474141,-9.675723550456063,-9.798149628737479,-9.893719659947557,-9.962171693273742,-10.003318106450724
5.799095570983991,5.487646899997364,5.1611569702995235,4.820520668093715,4.466671653806943,4.100579802991653,3.7232485479641446,3.3357121274665005,2.939032751889978,2.534297691830186,2.1226162979539605,1.705116960346293,1.2829440156715433,0.8572546106261826,0.42921553028013276,-9.044247833681266e-15,-0.42921553028015086,-0.8572546106261713,-1.2829440156715322,-1.7051169603462826,-2.12261629795395,-2.5342976918301763,-2.9390327518899677,-3.3357121274664907,-3.7232485479641357,-4.100579802991643,-4.466671653806959,-4.820520668093728,-5.161156970299514,-5.487646899997355,-5.799095570983962,-6.0946493241006925,-6.3734980670539425,-6.634877494821818,-6.878071184561065,-7.102412559272296,-7.307286714841207,-7.492132105448009,-7.656442082725496,-7.799766284446986,-7.9217118689379245,-8.021944591827545,-8.100189722189498,-8.15623279556021,-8.189920201771086
4.514828235741272,4.27235296756494,4.018167476872144,3.7529684684246365,3.4774828342708166,3.1924656613851488,2.8986981620271726,2.5969855324931186,2.288154746128752,1.9730522866529328,1.6525418280045805,1.3275018670724417,0.9988233157961807,0.66740705923868,0.33416148632270154,-7.041309285340408e-15,-0.3341614863227157,-0.6674070592386712,-0.9988233157961721,-1.3275018670724332,-1.6525418280045723,-1.9730522866529245,-2.288154746128744,-2.596985532493111,-2.8986981620271655,-3.1924656613851417,-3.4774828342708286,-3.752968468424647,-4.018167476872136,-4.272352967564934,-4.514828235741249,-4.74492867354526,-4.962023591671033,-5.165517948038064,-5.354853978760275,-5.52951272693804,-5.689015465082984,-5.832925007276753,-5.9608469074672215,-6.072430540617703,-6.167370063745831,-6.245405254217868,-6.306322223000892,-6.349954000917752,-6.376180996297988
3.24790730624236,3.073473827498139,2.8906161706273044,2.699835535757046,2.5016548393465445,2.296617280909304,2.0852848541409883,1.8682368065338446,1.6460680516995394,1.4193875387523138,1.1888165832217856,0.9549871640702742,0.7185401914823901,0.4801237501747691,0.2403913230409115,-5.065424126730798e-15,-0.24039132304092165,-0.4801237501747627,-0.7185401914823839,-0.9549871640702681,-1.1888165832217796,-1.4193875387523078,-1.6460680516995339,-1.8682368065338388,-2.0852848541409825,-2.296617280909299,-2.5016548393465534,-2.699835535757054,-2.890616170627299,-3.073473827498134,-3.2479073062423423,-3.4134384968194107,-3.569613689741897,-3.7160048196616056,-3.852210638666951,-3.9778578160755864,-4.092601961707867,-4.19612856983638,-4.288153881224293,-4.368425660889685,-4.43672388946413,-4.492861366250449,-4.536684222326841,-4.568072342290889,-4.5869396934875315
1.998242787063324,1.8909243177051984,1.778422956228788,1.6610470610460188,1.5391183513268871,1.4129710251895822,1.2829508436866364,1.149414183097965,1.0127270581282224,0.8732641186859449,0.7314076229941939,0.5875463898473362,0.44207473288575583,0.29539137980957353,0.1478983794937362,-3.116452001324773e-15,-0.14789837949374243,-0.2953913798095697,-0.44207473288575205,-0.5875463898473324,-0.7314076229941902,-0.8732641186859412,-1.012727058128219,-1.1494141830979616,-1.2829508436866333,-1.412971025189579,-1.5391183513268925,-1.6610470610460235,-1.778422956228785,-1.8909243177051955,-1.998242787063314,-2.100084211838245,-2.196169451763591,-2.28623514387552,-2.370034424372342,-2.4473376052510325,-2.517932803866082,-2.581626523685096,-2.6382441846493503,-2.6876306016855813,-2.7296504100575083,-2.7641884363911418,-2.791150014357009,-2.810461244143983,-2.822069195013523
0.7704275129731156,0.729050608235142,0.6856754264556851,0.6404208559930276,0.593410936479201,0.5447745188359768,0.4946449121034324,0.4431595180491589,0.3904594545595529,0.3366891688455031,0.281996041522625,0.2265299826512378,0.17044302084330964,0.1138888865625991,0.057022590760139866,-1.2015558771060617e-15,-0.05702259076014227,-0.11388888656259762,-0.1704430208433082,-0.22652998265123636,-0.28199604152262353,-0.3366891688455017,-0.3904594545595515,-0.4431595180491575,-0.4946449121034312,-0.5447745188359756,-0.5934109364792032,-0.6404208559930296,-0.6856754264556839,-0.7290506082351409,-0.7704275129731117,-0.8096927294497832,-0.8467386344360843,-0.881463687681477,-0.9137727102287244,-0.9435771452927972,-0.9707953009888657,-0.9953525742440774,-1.0171816552793955,-1.0362227121010212,-1.0524235544957372,-1.0657397770806445,-1.0761348810152374,-1.083580374042186,-1.0880558485826333
-0.4074438524709827,-0.3855615011973293,-0.3626223526489468,-0.3386892814375243,-0.31382788644768483,-0.28810631103500306,-0.2615950562497965,-0.23436678759865884,-0.20649613587334895,-0.17805949259298054,-0.14913480062017836,-0.11980134052510914,-0.0901395132829497,-0.06023061990040243,-0.030156638575287196,6.354479133773197e-16,0.030156638575288473,0.06023061990040165,0.09013951328294893,0.11980134052510838,0.14913480062017762,0.17805949259297982,0.20649613587334825,0.23436678759865825,0.2615950562497959,0.28810631103500234,0.31382788644768594,0.3386892814375253,0.3626223526489462,0.3855615011973286,0.40744385247098047,0.42820942846608445,0.4478013121822352,0.466165803627982,0.48325256700877217,0.4990147686938656,0.5134092055840601,0.5263964235283849,0.5379408254651855,0.5480107689911936,0.5565786530911591,0.5636209937903093,0.5691184885222954,0.5730560690361831,0.5754229426974812
-1.55141005613952,-1.4680893737631902,-1.3807447604590208,-1.2896156217408254,-1.1949517362435211,-1.097012571097257,-0.9960665707460173,-0.8923904211601015,-0.7862682914590833,-0.6779910550240146,-0.5678554922337054,-0.45616347701033494,-0.34322114940401366,-0.2293380764841856,-0.11482640383780855,2.419573339952794e-15,0.11482640383781341,0.22933807648418264,0.3432211494040108,0.4561634770103321,0.5678554922337026,0.6779910550240117,0.7862682914590806,0.8923904211600988,0.9960665707460149,1.0970125710972543,1.1949517362435254,1.2896156217408294,1.3807447604590182,1.4680893737631873,1.5514100561395125,1.63047843138915,1.7050777785915159,1.7750036261212658,1.8400643120908065,1.9000815096822086,1.9548907159286175,2.0043417026054535,2.0482989279955324,2.086641908399485,2.119265548373219,2.146080428787203,2.1670130519181035,2.1820060429009263,2.191018306989538
-2.655716493863791,-2.5130874644907166,-2.3635702370600495,-2.207574627899355,-2.0455282101302177,-1.8778751417200483,-1.705074948075914,-1.5276012625174098,-1.3459405280806074,-1.1605906642115145,-0.9720597020034859,-0.7808643917193072,-0.5875287864146443,-0.3925828055450442,-0.19656078249354114,4.141845543411809e-15,0.1965607824935494,0.39258280554503905,0.5875287864146393,0.7808643917193022,0.9720597020034811,1.1605906642115096,1.3459405280806023,1.527601262517405,1.7050749480759093,1.877875141720044,2.0455282101302252,2.2075746278993615,2.363570237060046,2.513087464490712,2.655716493863778,2.791066388923752,2.9187661650163332,3.0384658059315535,3.1498372232738827,3.2525751557297204,3.346398005767428,3.431048611476602,3.5062949514309825,3.5719307806430596,3.627776195867265,3.673678128702229,3.709510765140655,3.735175890416763,3.7506031582061308
-3.682911130517737,-3.485115153037928,-3.2777667171710405,-3.061434150567157,-2.8367104057542476,-2.6042114348965053,-2.3645745015122124,-2.118456433778834,-1.866531824212568,-1.6094911806571721,-1.3480390336499553,-1.082892005352548,-0.8147768453393698,-0.5444284386275606,-0.27258779140822986,5.74385446939164e-15,0.2725877914082413,0.5444284386275535,0.8147768453393629,1.0828920053525408,1.3480390336499486,1.6094911806571657,1.866531824212562,2.1184564337788276,2.364574501512206,2.6042114348964995,2.8367104057542574,3.061434150567166,3.2777667171710343,3.485115153037923,3.6829111305177182,3.8706125045847783,4.0477047988197485,4.213702615553664,4.368150966309225,4.5106265188925825,4.640738757717459,4.75813105418123,4.862481644159124,4.953504509937327,5.030950164167676,5.094606333695097,5.144298541383605,5.179890584345989,5.2012849072664595
-4.663376383082286,-4.412923125493541,-4.150374352356361,-3.876449691608356,-3.5918999517043657,-3.297505063702679,-2.9940719435281298,-2.6824322802717595,-2.363440256588746,-2.037970207443141,-1.7069142236165058,-1.3711797065490907,-1.031686881215557,-0.6893662738522881,-0.3451561614496518,7.27298442215116e-15,0.3451561614496663,0.6893662738522791,1.0316868812155484,1.371179706549082,1.706914223616497,2.037970207443132,2.363440256588738,2.6824322802717524,2.9940719435281222,3.2975050637026717,3.591899951704378,3.8764496916083675,4.150374352356354,4.412923125493535,4.663376383082263,4.9010476501522815,5.125285486280877,5.335475271145802,5.5310408891568565,5.71144630854867,5.876197050606516,6.024841544998098,6.156972367496441,6.2722273567013715,6.37029060669877,6.450893332936679,6.513814608945104,6.558881971880114,6.585971895232495
-5.591364964034036,-5.291072760580297,-4.976278094467789,-4.6478437959951915,-4.306670080745433,-3.9536920821573416,-3.5898772883898014,-3.2162228905040955,-2.8337530492324294,-2.4435160878245767,-2.046581618666717,-1.6440376115482362,-1.236987411612155,-0.8265467151627857,-0.41384051161971264,8.72027195349455e-15,0.41384051161973,0.826546715162775,1.2369874116121444,1.6440376115482258,2.0465816186667065,2.4435160878245665,2.8337530492324197,3.2162228905040857,3.5898772883897925,3.953692082157333,4.306670080745448,4.647843795995206,4.97627809446778,5.291072760580289,5.591364964034007,5.876331624772321,6.145191668985938,6.397208169981897,6.6316903680484245,6.847995563779278,7.045530879668148,7.223754885144691,7.382179080598102,7.520369236320558,7.637946582700728,7.7345888484048695,7.810031143700213,7.864066686499284,7.896547369135233
-6.421991413372192,-6.077089235730908,-5.715530178907803,-5.3383052511459415,-4.946448399751739,-4.541033677117257,-4.12317229681715,-3.694009587849659,-3.2547218553693305,-2.806513156516377,-2.35061200017975,-1.888267979739666,-1.4207483480190146,-0.9493345438314496,-0.4753186796466773,1.0015713867336e-14,0.4753186796466974,0.9493345438314372,1.4207483480190022,1.8882679797396544,2.3506120001797375,2.806513156516366,3.25472185536932,3.694009587849648,4.123172296817139,4.541033677117247,4.946448399751755,5.338305251145959,5.715530178907793,6.077089235730899,6.421991413372158,6.749291358936517,7.058091966023521,7.347546833633609,7.6168625860944275,7.865301047648386,8.092181265741115,8.29688137746507,8.478840314042545,8.637559338676184,8.772603413551911,8.883602392247278,8.970252034277127,9.032314838995598,9.069620696568887
-7.197413134001334,-6.8108658306007,-6.405650417375897,-5.982877561608368,-5.543706054309188,-5.089339634053463,-4.621023687616426,-4.140041836455051,-3.6477124183907343,-3.145384874136988,-2.634436048576255,-2.116266416923778,-1.5922962461223884,-1.0639617019895322,-0.5327109127865937,1.1225058692084169e-14,0.5327109127866161,1.0639617019895182,1.5922962461223749,2.116266416923765,2.634436048576241,3.145384874136975,3.647712418390722,4.14004183645504,4.621023687616415,5.089339634053452,5.543706054309207,5.982877561608386,6.405650417375886,6.810865830600691,7.197413134001296,7.564232828287659,7.910319486175064,8.234724508190425,8.536558722717519,8.814994823154567,9.069269635504126,9.29868621017997,9.502615732297462,9.680499245211438,9.831849182577553,9.956250704737682,10.053362835766626,10.122919398063416,10.164729741925614
