hough_viz/data/file_2_1_1.json
{"header": {"discipline": 0, "disciplineName": "Meteorological products", "gribEdition": 2, "gribLength": 133963, "center": 7, "centerName": "US National Weather Service - NCEP(WMC)", "subcenter": 0, "refTime": "2014-11-30T06:00:00.000Z", "significanceOfRT": 1, "significanceOfRTName": "Start of forecast", "productStatus": 0, "productStatusName": "Operational products", "productType": 1, "productTypeName": "Forecast products", "productDefinitionTemplate": 0, "productDefinitionTemplateName": "Analysis/forecast at horizontal level/layer at a point in time", "parameterCategory": 2, "parameterCategoryName": "Momentum", "parameterNumber": 3, "parameterNumberName": "V-component_of_wind", "parameterUnit": "m.s-1", "genProcessType": 2, "genProcessTypeName": "Forecast", "forecastTime": 6, "surface1Type": 100, "surface1TypeName": "Isobaric surface", "surface1Value": 85000, "surface2Type": 255, "surface2TypeName": "Missing", "surface2Value": 0, "gridDefinitionTemplate": 0, "gridDefinitionTemplateName": "Latitude_Longitude", "numberPoints": 65160, "shape": 6, "shapeName": "Earth spherical with radius of 6,371,229.0 m", "gridUnits": "degrees", "resolution": 48, "winds": "true", "scanMode": 0, "nx": 360, "ny": 181, "basicAngle": 0, "subDivisions": 0, "lo1": 0, "la1": 90, "lo2": 359, "la2": -90, "dx": 1, "dy": 1}, "data":
[rows 80 to 99 of 181, columns 132 to 175 of 360]
-9.657822447874146,-9.687364876189061,-9.705104742626506,-9.711020433891845,-9.705104742626508,-9.687364876189061,-9.657822447874146,-9.616513450580001,-9.563488212956665,-9.498811338088268,-9.422561624784128,-9.334831971574543,-9.23572926352823,-9.125374242029338,-9.003901357672676,-8.871458606456372,-8.728207349471544,-8.574322116308656,-8.409990392420118,-8.23541239069813,-8.050800807546105,-7.8563805637408795,-7.652388530401387,-7.439073240397694,-7.216694585551967,-6.985523500000326,-6.745841630101335,-6.49794099129331,-6.24212361231848,-5.978701167247472,-5.70799459575248,-5.430333712091738,-5.146056803281593,-4.855510216945927,-4.559047939344923,-4.257031164097327,-3.949827852121669,-3.637812283332538,-3.321364600638184,-3.000870346794957,-2.6767199946828018,-2.3493084715742234,-2.0190346779762693,-1.6863010016316504
-8.74929688437007,-8.77606021299901,-8.792131264106853,-8.797490457593382,-8.792131264106853,-8.77606021299901,-8.74929688437007,-8.711873885213395,-8.663836809688885,-8.60524418357352,-8.536167392956722,-8.456690597267393,-8.366910626738619,-8.26693686443495,-8.156891112985964,-8.036907446188561,-7.907132045658668,-7.767723022731458,-7.618850225827057,-7.460695033516395,-7.293450133539364,-7.117319288044481,-6.932517085336105,-6.739268678431648,-6.53780951074728,-6.328385029246419,-6.1112503854004006,-5.886670124325729,-5.654917862476592,-5.416275954285348,-5.171035148157152,-4.919494232237838,-4.661959670386534,-4.398745228796695,-4.130171593720327,-3.856565980761173,-3.5782617362129177,-3.2955979309280523,-3.0089189472122904,-2.7185740592477896,-2.4249170075563273,-2.128305568020981,-1.8291011159913484,-1.5276681860033083
-7.826825498211535,-7.850767068111191,-7.865143687656318,-7.869937841150541,-7.865143687656318,-7.8507670681111925,-7.826825498211535,-7.7933481470723525,-7.750375801689213,-7.697960817245589,-7.636167053326114,-7.565069796113521,-7.484755666664037,-7.395322515372948,-7.296879302758982,-7.189545966712692,-7.073453276370627,-6.948742672793253,-6.815566096640831,-6.674085803057132,-6.524474163986513,-6.366913458165275,-6.201595649043097,-6.02872215090514,-5.848503583479764,-5.66115951533083,-5.466918196347237,-5.266016279655585,-5.058698533294803,-4.845217542003974,-4.625833399486754,-4.400813391527278,-4.170431670343559,-3.934968920575275,-3.694712017312765,-3.449953676583916,-3.200992098724781,-2.948130605068384,-2.691677268394411,-2.4319445375900046,-2.1692488569788826,-1.9039102807826966,-1.63625208318428,-1.3666003644678149
-6.884581366070549,-6.905640694152326,-6.918286562780683,-6.92250356491264,-6.9182865627806835,-6.905640694152328,-6.884581366070549,-6.8551342360826775,-6.817335180980618,-6.771230253090517,-6.716875624165086,-6.654337516946984,-6.583692124486598,-6.505025517312554,-6.41843353856803,-6.324021687240653,-6.221904989628241,-6.112207859196959,-5.995063945002685,-5.870615968860239,-5.739015551458801,-5.600423027635484,-5.455007251032028,-5.302945388372645,-5.144422703613647,-4.979632332227864,-4.808775045898817,-4.632059007911352,-4.449699519536746,-4.261918757721249,-4.068945504397721,-3.8710148677500995,-3.6683679957702506,-3.461251782456324,-3.2499185670104382,-3.034625826402228,-2.8156358616728268,-2.5932154783614334,-2.367635661443873,-2.1391712451791642,-1.9081005782662748,-1.6747051847191246,-1.4392694208729575,-1.2020801289399154
-5.927229853045044,-5.945360727161305,-5.956248095044134,-5.959878692112837,-5.956248095044135,-5.945360727161306,-5.927229853045044,-5.901877562372614,-5.86933474300498,-5.829641043354703,-5.7828448240804615,-5.729003099167033,-5.66818146646255,-5.600454027757604,-5.525903298503643,-5.444620107280606,-5.356703485136284,-5.26226054493224,-5.161406350843291,-5.054263778169543,-4.940963363631744,-4.82164314633242,-4.696448499576479,-4.565531953756242,-4.429053010516636,-4.287177948427033,-4.1400796203964045,-3.987937243078701,-3.8309361785249503,-3.669267708348147,-3.503128800676079,-3.3327218701760173,-3.158254531443595,-2.9799393460564207,-2.797993563600544,-2.6126388569852885,-2.424101052368965,-2.2326098540244725,-2.0383985644800307,-1.841703800276003,-1.6427652036840612,-1.4418251507400066,-1.239128455945919,-1.0349220740013678
-4.960302685608257,-4.975475814675473,-4.984587092875804,-4.987625419520248,-4.984587092875805,-4.975475814675473,-4.960302685608257,-4.93908619179468,-4.911852182264306,-4.878633837462671,-4.839471628826021,-4.794413269473101,-4.743513656074081,-4.686834801967398,-4.624445761606073,-4.556422546425494,-4.482848032235184,-4.403811858247399,-4.319410317865553,-4.229746241365542,-4.13492887061289,-4.035073725968358,-3.9303024655441927,-3.820742736982448,-3.7065280219359917,-3.5877974734416793,-3.4646957463838093,-3.337372821254437,-3.2059838214252445,-3.070688824153594,-2.9316526655530617,-2.789044739766032,-2.6430387925830043,-2.4938127097601255,-2.3415483002928053,-2.186431074909442,-2.028650020055195,-1.8683973676410905,-1.7058683608390628,-1.541261016208234,-1.3747758824422152,-1.2066157960314268,-1.0369856341380936,-0.8660920649849545
-3.9806675841174846,-3.992844095684559,-4.000155941771526,-4.00259421402023,-4.000155941771526,-3.992844095684559,-3.9806675841174846,-3.9636412422739973,-3.941785814128928,-3.9151279271549013,-3.883700059880861,-3.847540502321989,-3.8066933093292183,-3.761208246915184,-3.7111407316219975,-3.6565517630047375,-3.597507849312877,-3.5340809264602315,-3.466348270382128,-3.394392402886583,-3.3183009911141883,-3.2381667407292025,-3.1540872829719864,-3.0661650557103712,-2.9745071786348936,-2.879225322749955,-2.780435574319905,-2.6782582934358143,-2.5728179673752374,-2.4642430589336413,-2.352665849912275,-2.2382222799531863,-2.121051780917687,-2.001297107010117,-1.8791041608538421,-1.7546218157313724,-1.6280017342052093,-1.4993981833403593,-1.3689678467536908,-1.2368696337190874,-1.1032644855609588,-0.9683151795720367,-0.8321861306943287,-0.6950431912048161
-2.9923205058094284,-3.00147375070653,-3.006970162179985,-3.008803043699069,-3.006970162179985,-3.0014737507065306,-2.9923205058094284,-2.979521579307636,-2.963092564721573,-2.943053478274817,-2.9194287345074175,-2.892247116530543,-2.8615417409586916,-2.827350017562197,-2.789713603689185,-2.748678353512516,-2.7042942621635357,-2.6566154048207062,-2.6056998708273347,-2.551609692918656,-2.4944107716444983,-2.434172795079615,-2.3709691539195017,-2.30487685206514,-2.235976412805599,-2.164351780712816,-2.0900902193680673,-2.013282205044736,-1.9340213164769096,-1.852404120848102,-1.768530056139019,-1.6825013099777042,-1.594422695139641,-1.504401521849536,-1.4125474670403468,-1.3189724407288261,-1.2237904496704093,-1.1271174584595365,-1.0290712482446633,-0.9297712732300806,-0.8293385151393523,-0.7278953358177291,-0.6255653281530957,-0.5224731654970595
-1.9991001161857171,-2.0052151873827184,-2.0088872127536157,-2.0101117185011255,-2.0088872127536157,-2.005215187382719,-1.9991001161857171,-1.990549449434909,-1.979573604800602,-1.9661859546587837,-1.9504028097989417,-1.9322433995518806,-1.9117298483617453,-1.8888871488307895,-1.8637431312697432,-1.8363284297908655,-1.806676444984999,-1.7748233032280907,-1.7408078126667694,-1.704671415936602,-1.6664581396706177,-1.6262145408596416,-1.583989650129775,-1.539834912006127,-1.4938041222355851,-1.445953362244984,-1.3963409308145274,-1.3450272730497046,-1.292074906738241,-1.2375483461817987,-1.181514023595241,-1.1240402081692182,-1.0651969228946614,-1.0050558592505638,-0.9436902898589561,-0.8811749792135007,-0.8175860925904757,-0.753001103253112,-0.6874986980623609,-0.6211586816090787,-0.5540618789844158,-0.48629003730689835,-0.417925726126162,-0.3490522368246641
-1.0004437432241708,-1.0035040125267825,-1.0053416667680737,-1.0059544670494203,-1.005341666768074,-1.0035040125267827,-1.0004437432241708,-0.9961645873269851,-0.9906717583275327,-0.9839719483918445,-0.9760733202063002,-0.9669854970326532,-0.9567195509835696,-0.9452879895329617,-0.9327047402775599,-0.9189851339682812,-0.9041458858320705,-0.8882050752069706,-0.8711821235152338,-0.8530977706013132,-0.8339740494635524,-0.8138342594103742,-0.7927029376736618,-0.7706058295139215,-0.747569856853647,-0.7236230854771047,-0.6987946908364997,-0.6731149225061807,-0.6466150673281936,-0.619327411294083,-0.591285200209384,-0.5625225991887336,-0.5330746510309354,-0.5029772335247106,-0.47226701573713925,-0.44098141333804913,-0.4091585430147869,-0.37683717603290295,-0.3440566909993392,-0.31085702588566416,-0.2772786293698014,-0.24336241155554936,-0.20914969412992346,-0.17468216001904088
0.0,0.0,0.0,0.0,0.0,0.0,0.0,0.0,0.0,0.0,0.0,0.0,0.0,0.0,0.0,0.0,0.0,0.0,0.0,0.0,0.0,0.0,0.0,0.0,0.0,0.0,0.0,0.0,0.0,0.0,0.0,0.0,0.0,0.0,0.0,0.0,0.0,0.0,0.0,0.0,0.0,0.0,0.0,0.0
1.0004437432241706,1.0035040125267825,1.0053416667680737,1.0059544670494203,1.0053416667680737,1.0035040125267825,1.0004437432241706,0.9961645873269851,0.9906717583275327,0.9839719483918445,0.9760733202063002,0.9669854970326532,0.9567195509835696,0.9452879895329614,0.9327047402775599,0.9189851339682811,0.9041458858320705,0.8882050752069706,0.8711821235152338,0.8530977706013132,0.8339740494635524,0.8138342594103742,0.7927029376736617,0.7706058295139215,0.747569856853647,0.7236230854771047,0.6987946908364997,0.6731149225061804,0.6466150673281936,0.619327411294083,0.591285200209384,0.5625225991887336,0.5330746510309354,0.5029772335247105,0.47226701573713925,0.44098141333804913,0.4091585430147868,0.3768371760329029,0.34405669099933917,0.31085702588566416,0.2772786293698014,0.24336241155554936,0.20914969412992346,0.17468216001904086
1.9991001161857171,2.0052151873827184,2.0088872127536157,2.0101117185011255,2.0088872127536157,2.005215187382719,1.9991001161857171,1.990549449434909,1.979573604800602,1.9661859546587837,1.950402809798942,1.9322433995518806,1.9117298483617453,1.8888871488307895,1.8637431312697432,1.8363284297908655,1.806676444984999,1.7748233032280907,1.7408078126667694,1.704671415936602,1.6664581396706177,1.6262145408596416,1.583989650129775,1.539834912006127,1.4938041222355853,1.4459533622449845,1.3963409308145274,1.3450272730497048,1.292074906738241,1.2375483461817987,1.181514023595241,1.1240402081692182,1.0651969228946616,1.0050558592505638,0.9436902898589561,0.8811749792135007,0.8175860925904757,0.753001103253112,0.6874986980623609,0.6211586816090787,0.5540618789844158,0.4862900373068984,0.417925726126162,0.3490522368246641
2.9923205058094284,3.00147375070653,3.006970162179985,3.008803043699069,3.006970162179985,3.0014737507065306,2.9923205058094284,2.979521579307636,2.963092564721573,2.943053478274817,2.9194287345074175,2.892247116530543,2.8615417409586916,2.827350017562197,2.789713603689185,2.748678353512516,2.7042942621635357,2.6566154048207062,2.6056998708273347,2.551609692918656,2.4944107716444983,2.434172795079615,2.3709691539195017,2.30487685206514,2.235976412805599,2.164351780712816,2.0900902193680673,2.013282205044736,1.9340213164769096,1.852404120848102,1.768530056139019,1.6825013099777042,1.594422695139641,1.504401521849536,1.4125474670403468,1.3189724407288261,1.2237904496704093,1.1271174584595365,1.0290712482446633,0.9297712732300806,0.8293385151393523,0.7278953358177291,0.6255653281530957,0.5224731654970595
3.9806675841174846,3.992844095684559,4.000155941771526,4.00259421402023,4.000155941771526,3.992844095684559,3.9806675841174846,3.9636412422739973,3.941785814128928,3.9151279271549013,3.883700059880861,3.847540502321989,3.8066933093292183,3.761208246915184,3.7111407316219975,3.6565517630047375,3.597507849312877,3.5340809264602315,3.466348270382128,3.394392402886583,3.3183009911141883,3.2381667407292025,3.1540872829719864,3.0661650557103712,2.9745071786348936,2.879225322749955,2.780435574319905,2.6782582934358143,2.5728179673752374,2.4642430589336413,2.352665849912275,2.2382222799531863,2.121051780917687,2.001297107010117,1.8791041608538421,1.7546218157313724,1.6280017342052093,1.4993981833403593,1.3689678467536908,1.2368696337190874,1.1032644855609588,0.9683151795720367,0.8321861306943287,0.6950431912048161
4.960302685608257,4.975475814675473,4.984587092875804,4.987625419520248,4.984587092875805,4.975475814675473,4.960302685608257,4.93908619179468,4.911852182264306,4.878633837462672,4.839471628826021,4.794413269473103,4.743513656074081,4.686834801967398,4.624445761606073,4.556422546425494,4.482848032235184,4.403811858247399,4.319410317865553,4.229746241365542,4.13492887061289,4.035073725968358,3.9303024655441927,3.820742736982448,3.7065280219359917,3.5877974734416793,3.4646957463838097,3.337372821254437,3.2059838214252445,3.070688824153594,2.9316526655530617,2.789044739766032,2.6430387925830043,2.4938127097601255,2.3415483002928053,2.186431074909442,2.028650020055195,1.8683973676410905,1.7058683608390628,1.541261016208234,1.3747758824422152,1.2066157960314272,1.0369856341380936,0.8660920649849547
5.927229853045044,5.9453607271613045,5.956248095044134,5.959878692112837,5.956248095044135,5.945360727161305,5.927229853045044,5.901877562372614,5.86933474300498,5.829641043354703,5.7828448240804615,5.729003099167033,5.66818146646255,5.600454027757604,5.525903298503643,5.444620107280606,5.356703485136283,5.262260544932239,5.161406350843291,5.054263778169543,4.940963363631744,4.82164314633242,4.696448499576479,4.565531953756241,4.429053010516636,4.287177948427033,4.1400796203964045,3.987937243078701,3.8309361785249503,3.669267708348147,3.503128800676079,3.3327218701760173,3.158254531443595,2.9799393460564207,2.797993563600544,2.6126388569852885,2.424101052368965,2.2326098540244725,2.03839856448003,1.8417038002760024,1.6427652036840612,1.4418251507400066,1.2391284559459188,1.0349220740013678
6.88458136607055,6.905640694152326,6.918286562780683,6.922503564912641,6.9182865627806835,6.9056406941523285,6.88458136607055,6.8551342360826775,6.817335180980619,6.771230253090517,6.716875624165086,6.654337516946984,6.583692124486598,6.505025517312554,6.41843353856803,6.324021687240653,6.221904989628243,6.112207859196959,5.995063945002686,5.870615968860239,5.739015551458801,5.600423027635484,5.455007251032028,5.302945388372645,5.144422703613648,4.979632332227864,4.808775045898817,4.632059007911352,4.449699519536746,4.261918757721249,4.068945504397721,3.8710148677500995,3.6683679957702506,3.461251782456324,3.2499185670104382,3.034625826402228,2.8156358616728268,2.5932154783614334,2.367635661443873,2.1391712451791647,1.9081005782662748,1.6747051847191246,1.4392694208729575,1.2020801289399154
7.826825498211535,7.850767068111191,7.865143687656318,7.869937841150543,7.865143687656318,7.850767068111194,7.826825498211535,7.7933481470723525,7.750375801689213,7.6979608172455904,7.636167053326114,7.565069796113521,7.484755666664038,7.39532251537295,7.296879302758982,7.189545966712694,7.0734532763706275,6.948742672793252,6.815566096640832,6.674085803057133,6.524474163986514,6.366913458165275,6.201595649043097,6.02872215090514,5.848503583479764,5.661159515330832,5.466918196347238,5.266016279655585,5.058698533294803,4.845217542003974,4.625833399486754,4.400813391527278,4.170431670343559,3.934968920575275,3.694712017312765,3.4499536765839154,3.2009920987247815,2.9481306050683838,2.6916772683944115,2.4319445375900046,2.1692488569788826,1.9039102807826966,1.6362520831842802,1.3666003644678149
8.74929688437007,8.77606021299901,8.792131264106853,8.797490457593382,8.792131264106853,8.77606021299901,8.74929688437007,8.711873885213395,8.663836809688885,8.60524418357352,8.536167392956722,8.456690597267393,8.366910626738619,8.26693686443495,8.156891112985964,8.036907446188561,7.907132045658668,7.767723022731458,7.618850225827057,7.460695033516395,7.293450133539364,7.117319288044481,6.932517085336105,6.739268678431648,6.53780951074728,6.328385029246419,6.1112503854004006,5.886670124325729,5.654917862476592,5.416275954285348,5.171035148157152,4.919494232237838,4.661959670386534,4.398745228796695,4.130171593720327,3.856565980761173,3.5782617362129177,3.2955979309280523,3.0089189472122904,2.7185740592477896,2.4249170075563273,2.128305568020981,1.8291011159913484,1.5276681860033083
