hough_viz/data/file_2_1_0.json
{"header": {"discipline": 0, "disciplineName": "Meteorological products", "gribEdition": 2, "gribLength": 133963, "center": 7, "centerName": "US National Weather Service - NCEP(WMC)", "subcenter": 0, "refTime": "2014-11-30T06:00:00.000Z", "significanceOfRT": 1, "significanceOfRTName": "Start of forecast", "productStatus": 0, "productStatusName": "Operational products", "productType": 1, "productTypeName": "Forecast products", "productDefinitionTemplate": 0, "productDefinitionTemplateName": "Analysis/forecast at horizontal level/layer at a point in time", "parameterCategory": 2, "parameterCategoryName": "Momentum", "parameterNumber": 3, "parameterNumberName": "V-component_of_wind", "parameterUnit": "m.s-1", "genProcessType": 2, "genProcessTypeName": "Forecast", "forecastTime": 6, "surface1Type": 100, "surface1TypeName": "Isobaric surface", "surface1Value": 85000, "surface2Type": 255, "surface2TypeName": "Missing", "surface2Value": 0, "gridDefinitionTemplate": 0, "gridDefinitionTemplateName": "Latitude_Longitude", "numberPoints": 65160, "shape": 6, "shapeName": "Earth spherical with radius of 6,371,229.0 m", "gridUnits": "degrees", "resolution": 48, "winds": "true", "scanMode": 0, "nx": 360, "ny": 181, "basicAngle": 0, "subDivisions": 0, "lo1": 0, "la1": 90, "lo2": 359, "la2": -90, "dx": 1, "dy": 1}, "data":
[rows 38 to 56 of 181, columns 86 to 128 of 360]
-3.9519991850947376,-2.9682201431403503,-1.9808247821608091,-0.9910160913068592,-3.477542081675646e-15,0.9910160913068646,1.9808247821607896,2.9682201431403312,3.951999185094732,4.930963324800888,5.903919845252435,6.86968334880169,7.8270772013840295,8.77493496606531,9.71210182416553,10.637435982227617,11.549810063116745,12.448112479555832,13.331248788423325,14.198143024163565,15.047739009685127,15.879001643149898,16.690918159085193,17.482499362282475,18.25278083297942,19.000824101856715,19.725717793418482,20.426578736362853,21.10255303959022,21.752817132537956,22.376578768574305,22.973077990228862,23.541588055083714,24.0814163211971,24.591905090980916,25.072432412503968,25.522412837244516,25.941298133369212,26.328577953669033,26.68378045733884,27.00647288484267,27.296262085164564,27.552794994802518
-3.9184610231523536,-2.9430307027637572,-1.9640147528029708,-0.9826059533991608,-3.448030342418064e-15,0.9826059533991665,1.9640147528029512,2.943030702763738,3.918461023152348,4.8891173023768815,5.853816945279244,6.811384613945173,7.760653659672376,8.700467544352335,9.62968124953376,10.547162671451327,11.451794000319582,12.342473082212095,13.218114761866174,14.0776522047774,14.920038196973183,15.74424642088166,16.549272705741544,17.334136251029506,18.097880821414606,18.839575911783637,19.558317880918356,20.253231052443084,20.9234687817015,21.568214487262704,22.186682645799934,22.77811974912972,23.34180522224556,23.877052301227568,24.38320886995847,24.859658254626744,25.305819975048532,25.72115045189348,26.105143668952277,26.457331789639582,26.777285726980757,27.06461566638827,27.318971540590738
-3.877559107079992,-2.9123105822645154,-1.9435138556116034,-0.9723492567009755,-3.4120389042367853e-15,0.9723492567009809,1.9435138556115839,2.912310582264496,3.8775591070799855,4.8380834234156795,5.792713280349548,6.740285608450401,7.679645936798761,8.609649799531917,9.529164130199202,10.437068642229063,11.332257193825532,12.213639135631736,13.08014063951807,13.930706006876347,14.764298954826,15.579903878765112,16.376527089728164,17.15319802504299,17.90897043081192,18.642923514776317,19.354163068160176,20.04182255512575,20.705064168514017,21.34307985058358,21.955092277504637,22.54035580640825,23.0981573838374,23.627817414492746,24.128690589214777,24.60016667119373,25.041671239449,25.452666388672764,25.832651384584615,26.181163273999253,26.497777448863573,26.782108163576172,27.03380900495894
-3.822611286041503,-2.8710410319459703,-1.9159728566029792,-0.958570363467199,-3.363687841645878e-15,0.9585703634672043,1.9159728566029601,2.871041031945951,3.8226112860414974,4.769524277113117,5.7106263375419575,6.644770879433068,7.570819791556078,8.487644825958476,9.394128972561882,10.289167820066869,11.171670901507895,12.040563022819425,12.894785572794216,13.733297812837991,14.555078144949174,15.359125356378659,16.14445983945329,16.910124785076935,17.655187348455012,18.378739785622134,19.0799005593883,19.75781541335622,20.41165841270113,21.040632950445108,21.643972718000022,22.22094263879646,22.770839763861332,23.29299412825293,23.78676956730993,24.25156449172014,24.68681262046431,25.091983670742426,25.46658400404151,25.810157227558225,26.1222847502431,26.40258629278931,26.650720350944376
-3.7596424493701313,-2.82374715341912,-1.8844115565265727,-0.9427800944237332,-3.3082787261316987e-15,0.9427800944237384,1.884411556526554,2.8237471534191014,3.7596424493701255,4.690957200125102,5.616556742118278,6.535313374885439,7.446107734993152,8.347830159810758,9.239382039463273,10.119677155318413,10.98764300337655,11.842222100951744,12.682373275051415,13.507072930885263,14.31531629895791,15.106118659225716,15.878516540826455,16.631568895920154,17.364358246210994,18.07599180075315,18.765602543679176,19.432350290525196,20.07542271186632,20.694036323014842,21.2874374385757,21.85490309069601,22.395741909890052,22.90929496736648,23.39493657783153,23.852075061790227,24.280153466416618,24.67865024411513,25.04707988794582,25.384993523139936,25.691979453984608,25.967663665410658,26.21171027867233
-3.6892568869184164,-2.770882809457867,-1.8491328381157686,-0.9251299832474932,-3.246343299552815e-15,0.9251299832474983,1.849132838115751,2.7708828094578486,3.689256886918412,4.60313617314871,5.511407247010787,6.4129635201095985,7.306706585000457,8.191547553429373,9.066408382975585,9.930223190480298,10.781939550661024,11.62051977832975,12.444942192652439,13.25420236190976,14.047314327242447,14.82331180389029,15.581249358461239,16.32020356079636,17.03927410902731,17.737584926455376,18.41428522891605,19.068550561328475,19.69958380216698,20.306616134630804,20.888907983329005,21.44574991533912,21.976463504541922,22.480402158179142,22.956951904627108,23.40553214142665,23.825596342657693,24.216632724796987,24.578164870247413,24.90975230777951,25.21099104917778,25.481514081438092,25.720991813916516
-3.6050768215435762,-2.7076578557081654,-1.8069400258582928,-0.9040207179246739,-3.17226946854513e-15,0.9040207179246789,1.806940025858275,2.707657855708147,3.6050768215435713,4.4981035565914445,5.385650045335338,6.266634949094794,7.139984923469893,8.004635926046118,8.859534512766077,9.703639121388912,10.535921340473347,11.355367162338696,12.160978218476966,12.9517729959111,13.7267880330174,14.485079093355072,15.225722316072886,15.947815341491282,16.650478410488724,17.332855436352556,17.994115047788895,18.633451601820436,19.250086165338352,19.843267464112266,20.41227279810219,20.956408921957205,21.47501288962814,21.967452862065226,22.433128877016586,22.871473579989914,23.281952915486432,23.664066777665365,24.017349619645756,24.3413710207037,24.635736210673702,24.900086550915248,25.13409997125879
-3.512849409332067,-2.6383887972254656,-1.7607137147820828,-0.8808934738943831,-3.0911144146019998e-15,0.8808934738943882,1.7607137147820655,2.638388797225448,3.5128494093320617,4.383030155546363,5.247870854670158,6.106317831530084,6.957325200718445,7.799856140843534,8.632884157736719,9.455394335077571,10.266384570912965,11.064866798564026,11.849868190433115,12.620432343244415,13.375620443274038,14.114512410149926,14.836208017828007,15.53982799137901,16.22451507824953,16.889435092692164,17.53377793209238,18.15675856395378,18.75761798233926,19.335624132602806,19.890072803285356,20.420288484087937,20.925625188876964,21.40546724271881,21.85923003198486,22.286360716613203,22.686338903659042,23.0586772813134,23.402922212617415,23.718654288149168,24.005488837009423,24.263076395483875,24.491103132810828
-3.4133629224156,-2.563667679987014,-1.7108490033930974,-0.8559459208246207,-3.0035717738760267e-15,0.8559459208246255,1.71084900339308,2.5636676799869975,3.4133629224155944,4.258899507911469,5.09924728039012,5.933382405536455,6.760288618189137,7.578958460503202,8.388394509382175,9.187610591684598,9.975632985723962,10.751501607598694,11.51427118090644,12.26301238841775,12.996813004306015,13.714779005554114,14.416035661183695,15.099728597980178,15.765024841414927,16.411113830496312,17.03720840531354,17.64254576606965,18.226388402435656,18.788024992093202,19.326771267371274,19.84197084892094,20.3329960454125,20.799248618280668,21.240160510586097,21.6551945391053,22.043845048805593,22.405638528907954,22.74013418978686,23.046924500004668,23.325635682825784,23.57592817160612,23.79749702350268
-3.3007321794593585,-2.479074332589458,-1.6543961155174236,-0.8277022716188058,-2.904462910241144e-15,0.8277022716188107,1.654396115517407,2.479074332589442,3.300732179459354,4.118368592607399,4.930987408011392,5.737598574819114,6.5372193615727285,7.328875553515725,8.111602639523475,8.88444698721158,9.646467004789903,10.396734288247231,11.134334752468483,11.858369744906634,12.567957140452434,13.262232416167993,13.940349704574746,14.601482824212722,15.244826286215416,15.869596275673825,16.475031606594232,17.060394649286067,17.624972229050094,18.168076495071873,18.68904575846205,19.187245298422347,19.662068135555074,20.112935771374055,20.539298893115863,20.940638042992873,21.316464251072496,21.6663196310118,21.9897779379214,22.28644508767926,22.555959637061495,22.7979932241052,23.012250968166967
-3.1802933710298387,-2.388616597035104,-1.5940296616550622,-0.7975006466737298,-2.7984833781197357e-15,0.7975006466737342,1.5940296616550464,2.3886165970350888,3.1802933710298342,3.9680954474386088,4.751063010782916,5.5282421356937474,6.298685949122657,7.061455783960761,7.815622322659971,8.560266729463354,9.294481769864884,10.017372915935002,10.728059436165074,11.425675468503039,12.109371075273014,12.778313278693396,13.431687075731954,14.068696431061515,14.688565246906391,15.290538308597938,15.873882204687323,16.437886220494395,16.981863204004064,17.50515040305515,18.00711027280183,18.48713125246379,18.944628510418884,19.37904465673036,19.78985042224059,20.176545303404097,20.538658172073948,20.875747849498893,21.187403643831658,21.473245850493754,21.732926214786985,21.966128356188154,22.172568153809983
-3.0529888722514107,-2.2930022611284384,-1.5302219799602024,-0.765577359022001,-2.6864624158284702e-15,0.7655773590220052,1.530221979960187,2.2930022611284238,3.052988872251406,3.8092558867104245,4.560881909642365,5.306951200517417,6.046554788827803,6.778791581528375,7.502769460879631,8.217606371355856,8.922431394293797,9.616385808972996,10.298624138834647,10.968315181564556,11.624643021785158,12.266808025122707,12.894027812438567,13.505538213037685,14.10059419569292,14.67847077635072,15.238463901412631,15.779891305516077,16.302093342769684,16.8044337904301,17.286300624041473,17.74710676309292,18.186290786285774,18.60331761553888,18.997679167898855,19.368894974560895,19.71651276624597,20.040109024221355,20.33928949629287,20.61368967714052,20.86297525241206,21.086842506033506,21.28501869024043
-2.9136116942715495,-2.18832052214069,-1.4603632185385373,-0.7306266873062952,-2.563818159352353e-15,0.7306266873062993,1.460363218538523,2.1883205221406756,2.9136116942715446,3.635353079360411,4.3526653467052805,5.064674561801898,5.770513251098267,6.469321458877609,7.160247794981868,7.842450472099571,8.515098331353899,9.177371854941828,9.828464164590281,10.467582004613018,11.093946708370527,11.706795146955384,12.305380658947223,12.888973960104714,13.456864031886067,14.008358987715559,14.542786915940805,15.059496698453565,15.557858803976899,16.037266055052026,16.49713436779053,16.936903463490616,17.356037551250417,17.754025980746665,18.130383864383415,18.48465266805297,18.816400769788956,19.125223985631305,19.41074606206207,19.67261913441243,19.91052415068219,20.124171260255476,20.313300167039074
-2.7669678877951593,-2.0781810509860263,-1.3868622706855174,-0.6938538123379248,-2.4347796691719664e-15,0.6938538123379286,1.3868622706855036,2.078181050986013,2.7669678877951553,3.452383600451739,4.133593115490091,4.809766484048435,5.480079893033694,6.143716668810898,6.799868272194143,7.447735283527138,8.08652837665282,8.715469280585769,9.333791727715452,9.940742387385308,10.535581783710105,11.11758519651342,11.686043544287505,12.240264248099878,12.779572075394121,13.303309962656668,13.810839815947517,14.301543288319417,14.77482253317837,15.230100932667588,15.666823800187556,16.084459056196195,16.48249787646584,16.860455312007183,17.21787087990488,17.554309124345117,17.869360147151355,18.162640107182217,18.43379168798271,18.682484533119325,18.90841564866847,19.11130977236786,19.290919708981214
-2.614104345879002,-1.9633701355438862,-1.310243861132595,-0.6555212564041001,-2.300268153640192e-15,0.6555212564041037,1.3102438611325822,1.9633701355438735,2.6141043458789976,3.261653672740566,3.9052291770211243,4.544046761103931,5.177328124165076,5.804301710413195,6.424203649111299,7.03627868523568,7.639781099637736,8.233975617587957,8.818138304594862,9.391557448407692,9.953534426128154,10.503384555374828,11.040437928463138,11.564040228584698,12.073553526991585,12.568357060214181,13.047847986365893,13.511442119613116,13.958574641915709,14.388700791170717,14.801296524921137,15.195859158820879,15.571907979078262,15.928984828131686,16.266654662844036,16.58450608453579,16.882151840210852,17.15922929436476,17.415400870800127,17.65035446391128,17.86380381893684,18.055488880717057,18.22517611053097
-2.4506652522884274,-1.8406162616053938,-1.228324763532794,-0.6145367409447469,-2.1564507338654658e-15,0.6145367409447502,1.228324763532782,1.840616261605382,2.450665252288423,3.057728484857587,3.6610663462749096,4.259943762293344,4.853631093031455,5.44140502192727,6.022549436988043,6.596356303262474,7.1621265254721695,7.719170799751599,8.26681045345865,8.804378272032684,9.331219311892747,9.846691698385424,10.350167407810197,10.841033032569614,11.318690528511981,11.782557943555972,12.232070126709651,12.666679416619893,13.085856308813376,13.489090100816211,13.875889514366245,14.245783293959946,14.59832078100465,14.933072462876636,15.24963049621608,15.547609203821391,15.826645544537442,16.086399555565336,16.326554766654667,16.546818585673794,16.74692265508829,16.926623178913246,17.08570121974111
-2.2808292204427736,-1.7130578520144741,-1.1431993864698282,-0.5719481085691275,-2.0070043600009155e-15,0.5719481085691305,1.143199386469817,1.713057852014463,2.2808292204427696,2.8458217498007685,3.4073470837218625,3.9647210900830316,4.517264694514401,5.064304707746794,5.605174645789123,6.13921554193653,6.665776749619742,7.18421673511774,7.69390385916776,8.194217146520412,8.684547042502412,9.16429615566505,9.632879985613615,10.089727635131116,10.534282505728616,10.96600297577471,11.384363060378085,11.788853052219082,12.178980142549559,12.554269021604416,12.914262457693342,13.258521854267197,13.586627784280356,13.898180501197949,14.19280042602541,14.470128609767082,14.729827170750184,14.971579706281672,15.19509167813611,15.400090771405182,15.58632722627143,15.753574142302124,15.90162775489249
-2.105677828431288,-1.5815072454687134,-1.0554098395400517,-0.5280265792953259,-1.8528807613217306e-15,0.5280265792953289,1.0554098395400409,1.5815072454687034,2.105677828431285,2.62728296731472,3.1456871666043926,3.660258830637526,4.170371033105178,4.675402280865411,5.174737271136908,5.6677676411507,6.1538927093464215,6.632520207210313,7.103067000863143,7.56495980151901,8.01763586394945,8.460543672101798,8.893143611036535,9.314908624364978,9.72532485638632,10.123892278141605,10.510125296622029,10.883553346389208,11.24372146288669,11.590190836744167,11.922539348399107,12.240362082384413,12.543271820655574,12.830899514356178,13.102894733447089,13.358926093651508,13.598681660195625,13.821869327853129,14.028217176830388,14.217473804058884,14.389408629491093,14.543812177026743,14.680496329727209
-1.921856322574106,-1.4434447938149946,-0.963274649920245,-0.4819309042456465,-1.6911279389663249e-15,0.4819309042456492,0.9632746499202355,1.4434447938149855,1.9218563225741034,2.39792636544343,2.871074904408699,3.3407254808581386,3.8063058979084623,4.267248917538668,4.722992951682146,5.1729827464352995,5.61667005854882,6.053514323377705,6.482983313475956,6.904553787033755,7.317712125367032,7.721954958682692,8.116789779357171,8.501735541981118,8.876323249439139,9.240096524310497,9.592612164894735,9.933440685184674,10.262166838128959,10.578390121546606,10.88172526607723,11.171802704572416,11.448269022356365,11.710787387807235,11.959037962734563,12.192718292052884,12.41154367227661,12.61524749838741,12.80358158865133,12.976316486990033,13.133241742537665,13.274166166042821,13.398918062803201
