hough_viz/data/file_3_1_1.json
{"header": {"discipline": 0, "disciplineName": "Meteorological products", "gribEdition": 2, "gribLength": 133963, "center": 7, "centerName": "US National Weather Service - NCEP(WMC)", "subcenter": 0, "refTime": "2014-11-30T06:00:00.000Z", "significanceOfRT": 1, "significanceOfRTName": "Start of forecast", "productStatus": 0, "productStatusName": "Operational products", "productType": 1, "productTypeName": "Forecast products", "productDefinitionTemplate": 0, "productDefinitionTemplateName": "Analysis/forecast at horizontal level/layer at a point in time", "parameterCategory": 2, "parameterCategoryName": "Momentum", "parameterNumber": 3, "parameterNumberName": "V-component_of_wind", "parameterUnit": "m.s-1", "genProcessType": 2, "genProcessTypeName": "Forecast", "forecastTime": 6, "surface1Type": 100, "surface1TypeName": "Isobaric surface", "surface1Value": 85000, "surface2Type": 255, "surface2TypeName": "Missing", "surface2Value": 0, "gridDefinitionTemplate": 0, "gridDefinitionTemplateName": "Latitude_Longitude", "numberPoints": 65160, "shape": 6, "shapeName": "Earth spherical with radius of 6,371,229.0 m", "gridUnits": "degrees", "resolution": 48, "winds": "true", "scanMode": 0, "nx": 360, "ny": 181, "basicAngle": 0, "subDivisions": 0, "lo1": 0, "la1": 90, "lo2": 359, "la2": -90, "dx": 1, "dy": 1}, "data":
[rows 0 to 19 of 181, columns 45 to 89 of 360]
0.0373898711965713,0.03538179501469238,0.0332767397920366,0.03108047533864868,0.028799021462734845,0.026438631470787125,0.024005775027704724,0.021507120423892336,0.01894951629793966,0.016339972864979076,0.01368564270217317,0.010993801143997948,0.0082718263410568,0.005527179037082413,0.002767382119556865,6.475597080907189e-18,-0.002767382119556851,-0.005527179037082378,-0.00827182634105679,-0.010993801143997936,-0.013685642702173139,-0.016339972864979086,-0.018949516297939666,-0.02150712042389231,-0.024005775027704693,-0.02643863147078714,-0.02879902146273486,-0.031080475338648657,-0.0332767397920366,-0.03538179501469237,-0.037389871196571285,-0.03929546434043848,-0.04109335134794279,-0.042778604335766204,-0.044346604142609616,-0.04579305298999278,-0.04711398626216648,-0.048305783372848604,-0.04936517768899957,-0.050289265484436435,-0.05107551389874444,-0.05172176787967142,-0.05222625608997626,-0.05258759576254099,-0.05280479649043957
-0.009571673188811082,-0.009057612874183869,-0.008518726272255465,-0.007956490433744207,-0.007372446408002929,-0.006768195019109783,-0.006145392478120726,-0.0055057458435101335,-0.004851008342242173,-0.00418297456429759,-0.0035034755438272665,-0.0028143737404149045,-0.0021175579342047894,-0.0014149380488866676,-0.0007084399167276798,-1.657729673231571e-18,0.0007084399167276766,0.0014149380488866587,0.0021175579342047864,0.0028143737404149,0.003503475543827256,0.004182974564297595,0.004851008342242178,0.005505745843510125,0.006145392478120716,0.006768195019109784,0.00737244640800293,0.007956490433744206,0.008518726272255465,0.009057612874183866,0.009571673188811082,0.010059498212546612,0.010519750850908711,0.010951169583407371,0.011352571921284384,0.011722857648632748,0.012061011838012062,0.01236610763229404,0.012637308785113491,0.01287387195296152,0.013075148732638348,0.013240587438481456,0.013369734614497635,0.013462236277254338,0.013517838886123653
-0.05653321757419346,-0.05349702076306011,-0.050314192336547534,-0.04699345620613709,-0.0435439142787407,-0.03997502150900669,-0.03629655998394617,-0.032518612110912594,-0.028651532982424004,-0.02470592199357426,-0.020692593789827702,-0.016622548624827753,-0.01250694220946638,-0.008357055134855748,-0.004184261953012224,-9.79105642737033e-18,0.004184261953012204,0.008357055134855695,0.012506942209466363,0.01662254862482774,0.02069259378982765,0.02470592199357427,0.02865153298242402,0.03251861211091256,0.036296559983946125,0.039975021509006704,0.04354391427874072,0.046993456206137076,0.050314192336547534,0.0534970207630601,0.05653321757419345,0.05941446076553171,0.06213285304976022,0.06468094350258094,0.06705174798517838,0.06923876828725826,0.0712360099381906,0.07303799863743668,0.07463979525922655,0.07603700939035948,0.07722581136402115,0.07820294275663434,0.07896572531897152,0.07951206831704966,0.07984047426268687
-0.11733243991706362,-0.11103093444461898,-0.10442510089852726,-0.0975330454093724,-0.09037365862218928,-0.08296656391851882,-0.07533206363008285,-0.06749108339150436,-0.059465114784597366,-0.05127615643143533,-0.04294665369765664,-0.03449943717127791,-0.02595766008563925,-0.017344734858000685,-0.008684268917734005,-2.0320947387813676e-17,0.008684268917733962,0.01734473485800057,0.025957660085639215,0.03449943717127787,0.04294665369765653,0.051276156431435356,0.0594651147845974,0.06749108339150425,0.07533206363008274,0.08296656391851887,0.09037365862218932,0.09753304540937237,0.10442510089852725,0.11103093444461895,0.11733243991706362,0.12331234532737348,0.12895426017047712,0.1342427203499541,0.13916323056404903,0.14370230403628537,0.14784749948178302,0.15158745520795483,0.15491192025611633,0.15781178249865144,0.1602790936147202,0.16230709087605427,0.16389021568312462,0.16502412880087672,0.16570572225227215
-0.20116489734855042,-0.19036105058288452,-0.1790354374094053,-0.16721910054658756,-0.15494442775242867,-0.14224506305185572,-0.12915581452079067,-0.11571255887963473,-0.10195214315767095,-0.08791228369791872,-0.07363146277925839,-0.05914882313918021,-0.044504060686261955,-0.029737315696441984,-0.01488906279131341,-3.4839992232193714e-17,0.014889062791313336,0.02973731569644179,0.04450406068626189,0.059148823139180136,0.0736314627792582,0.08791228369791877,0.10195214315767101,0.11571255887963457,0.12915581452079053,0.14224506305185577,0.15494442775242875,0.1672191005465875,0.1790354374094053,0.1903610505828845,0.20116489734855036,0.21141736511338446,0.2210903525758838,0.23015734674977437,0.23859349563426496,0.24637567633165247,0.2534825584255784,0.2598946624462163,0.2655944132621456,0.27056618825256473,0.27479636012780867,0.27827333428080314,0.28098758056707623,0.2829316594262222,0.2841002422732194
-0.31751595911582847,-0.3004633131862698,-0.2825871182002164,-0.2639363715655658,-0.2445621936824462,-0.22451768782575288,-0.2038577945927623,-0.1826391413147745,-0.16091988684553374,-0.1387595621518538,-0.11621890714337454,-0.09335970418869227,-0.07024460877418247,-0.046936977769665524,-0.023500695771631042,-5.499097354955459e-17,0.023500695771630928,0.04693697776966522,0.07024460877418237,0.09335970418869216,0.11621890714337423,0.1387595621518539,0.16091988684553388,0.1826391413147742,0.20385779459276201,0.22451768782575293,0.2445621936824463,0.26393637156556576,0.2825871182002164,0.3004633131862698,0.3175159591158284,0.3336983158717144,0.34896602873888166,0.3632772499776066,0.3765927535252352,0.3888760425120923,0.40009344929686624,0.4102142277472721,0.4192106375130639,0.4270580200604067,0.4337348662592029,0.4392228753381235,0.4435070050457501,0.44657551288034014,0.4484199882752085
-0.45238457678526317,-0.42808862002959597,-0.40261930212250285,-0.37604643269401633,-0.34844284613218257,-0.31988420194906586,-0.2904487774032851,-0.260217252947489,-0.22927249108884296,-0.19769930926865817,-0.16558424738367847,-0.13301533058623977,-0.1000818280134467,-0.06687400810667132,-0.03348289119203063,-7.834903280294582e-17,0.033482891192030476,0.06687400810667089,0.10008182801344655,0.1330153305862396,0.16558424738367802,0.1976993092686583,0.22927249108884312,0.2602172529474887,0.29044877740328484,0.319884201949066,0.3484428461321826,0.3760464326940163,0.4026193021225028,0.42808862002959597,0.452384576785263,0.47544057886082813,0.4971934313572055,0.517583511217724,0.5365549306507837,0.5540556903144053,0.5700378218428143,0.5844575193243953,0.5972752593706518,0.6084559094470681,0.6179688241689415,0.625787929298254,0.6318917932113457,0.6362636856415052,0.6388916235354678
-0.6093162289836755,-0.5765920347701741,-0.5422874418677888,-0.5064964767811814,-0.46931724005785513,-0.43085163740137206,-0.39120510035490197,-0.3504862973206922,-0.30880683570752976,-0.26628095602259344,-0.22302521874616152,-0.17915818484743884,-0.13480009081718242,-0.09007251910783558,-0.04509806488447781,-1.0552821573019728e-16,0.04509806488447759,0.09007251910783498,0.13480009081718225,0.1791581848474386,0.22302521874616094,0.2662809560225936,0.30880683570753,0.35048629732069164,0.3912051003549014,0.4308516374013722,0.46931724005785536,0.5064964767811813,0.5422874418677888,0.5765920347701741,0.6093162289836754,0.6403703297665844,0.6696692199871992,0.6971325934239654,0.7226851748792492,0.7462569265034193,0.7677832397637271,0.7872051125318008,0.8044693108043812,0.8195285146140233,0.8323414477298368,0.8428729907927673,0.8510942775753183,0.8569827741018734,0.8605223404127572
-0.798540015245054,-0.7556532886109737,-0.7106953688376271,-0.6637894824581255,-0.6150641952466473,-0.5646530598285866,-0.5126942496220885,-0.4593301801143169,-0.4047071185105006,-0.34897478282569455,-0.29228593151810295,-0.23479594478876567,-0.17666239869522898,-0.11804463324652142,-0.059103315663266494,-1.383001124695675e-16,0.05910331566326621,0.11804463324652065,0.17666239869522873,0.23479594478876545,0.2922859315181022,0.3489747828256948,0.4047071185105009,0.4593301801143162,0.512694249622088,0.5646530598285868,0.6150641952466476,0.6637894824581254,0.7106953688376271,0.7556532886109737,0.7985400152450538,0.8392379992031832,0.8776356901402151,0.9136278426542812,0.9471158047571245,0.9780077882723409,1.006219120420391,1.0316724759008022,1.0542980888354438,1.074033943991949,1.0908259467631567,1.104628071436668,1.1154024873481274,1.1231196625724422,1.1277584448687363
-1.0056742597463313,-0.9516630940723904,-0.895043486006888,-0.83597062595995,-0.7746064285348614,-0.7111190887313921,-0.6456826209349917,-0.5784763819554574,-0.5096845794223828,-0.43949576688485276,-0.36810232699926765,-0.29569994422185586,-0.2224870684511838,-0.14866437109077346,-0.07443419502273643,-1.741739431654964e-16,0.07443419502273607,0.1486643710907725,0.22248706845118346,0.2956999442218556,0.36810232699926676,0.43949576688485315,0.5096845794223831,0.5784763819554565,0.645682620934991,0.7111190887313922,0.7746064285348617,0.8359706259599498,0.8950434860068878,0.9516630940723901,1.005674259746331,1.0569289421778678,1.1052866558451258,1.150614855616245,1.192789300046378,1.2316943919148513,1.2672234950691144,1.299279226707018,1.327773724296309,1.352628886399724,1.3737765867455984,1.391158860957243,1.4047280654292702,1.4144470079154072,1.4202890494698535
-1.2336661505449114,-1.1674103562878115,-1.097954771389826,-1.0254897687813607,-0.9502139699975856,-0.8723337007706108,-0.7920624255049958,-0.7096201621866561,-0.6252328793288545,-0.539131876608218,-0.4515531508883956,-0.36273674936906203,-0.27292611163323094,-0.18236740239627447,-0.09130883678555186,-2.1366013488741873e-16,0.09130883678555143,0.1823674023962733,0.2729261116332305,0.36273674936906164,0.45155315088839443,0.5391318766082184,0.625232879328855,0.7096201621866551,0.7920624255049951,0.8723337007706109,0.9502139699975858,1.0254897687813602,1.0979547713898257,1.1674103562878113,1.2336661505449114,1.2965405516344497,1.3558612251933881,1.4114655773788287,1.4632012005264434,1.5109262908892835,1.5545100373119953,1.593832979775103,1.6287873368266184,1.6592773010035118,1.6852193014333061,1.7065422328960294,1.7231876507186799,1.735109930968016,1.7422763955025815
-1.4931196551520105,-1.4129295416198475,-1.3288666864256322,-1.241161500012315,-1.1500543761995414,-1.0557950332809056,-0.9586418295634601,-0.8588610552255573,-0.7567262024339805,-0.6525172157209264,-0.5465197246754969,-0.43902426105285114,-0.3303254624468628,-0.22072126470894887,-0.11051208532661379,-2.5859520161262696e-16,0.11051208532661326,0.22072126470894743,0.33032546244686223,0.4390242610528507,0.5465197246754955,0.6525172157209269,0.7567262024339809,0.8588610552255561,0.9586418295634589,1.055795033280906,1.1500543761995419,1.2411615000123144,1.328866686425632,1.412929541619847,1.4931196551520105,1.5692172314948767,1.6410136924811691,1.7083122490018319,1.7709284403913106,1.8286906400214025,1.8814405257179239,1.929033513710781,1.9713391549280308,2.008241492547728,2.0396393798275074,2.065446757340773,2.0855928888596122,2.1000225552378717,2.108696205763002
-1.7696120644307192,-1.6745725330274985,-1.5749431147093595,-1.470996886786755,-1.3630187586452074,-1.2513046908284868,-1.1361608838313282,-1.0179029388251624,-0.8968549926172414,-0.773348829214184,-0.6477229704250688,-0.5203217479966886,-0.39149435982417197,-0.2615939128238166,-0.13097645509158007,-3.06481256876235e-16,0.13097645509157946,0.26159391282381494,0.39149435982417136,0.520321747996688,0.6477229704250669,0.7733488292141846,0.8968549926172419,1.0179029388251608,1.1361608838313266,1.2513046908284875,1.363018758645208,1.4709968867867542,1.5749431147093593,1.674572533027498,1.7696120644307185,1.859801212169561,1.9448927740590451,2.024653520042671,2.098864831459801,2.1673233002642047,2.2298412865513804,2.286247432866487,2.3363871338832163,2.3801229601662497,2.417335034855787,2.447921362241682,2.4717981073266,2.4888998256119166,2.499179642476536
-2.0654927348471124,-1.9545625114482474,-1.8382749680654777,-1.7169488407721658,-1.5909166760499478,-1.4605239193019404,-1.3261279680108995,-1.1880971921375652,-1.046809924444204,-0.9026534235108081,-0.7560228122862394,-0.6073199950836942,-0.4569525559889211,-0.3053326417005651,-0.15287583186471831,-3.577251885702538e-16,0.15287583186471757,0.3053326417005631,0.4569525559889204,0.6073199950836935,0.7560228122862376,0.9026534235108088,1.0468099244442046,1.1880971921375634,1.3261279680108977,1.460523919301941,1.5909166760499487,1.7169488407721651,1.8382749680654775,1.9545625114482474,2.0654927348471124,2.1707615862304004,2.2700805309936207,2.3631773428127483,2.4497968497976705,2.5297016339005873,2.602672681662389,2.6685099845133133,2.7270330869825408,2.778081581314095,2.821515547133351,2.857215934959055,2.8850848925096804,2.9050460329097305,2.9170446440608475
-2.3914084806567946,-2.2629744888437795,-2.1283378412542704,-1.9878675675808324,-1.8419486870796355,-1.6909811532594379,-1.5353787576368154,-1.375567995562379,-1.2119868972266639,-1.0450838270498282,-0.8753162547459351,-0.7031495014302688,-0.5290554642065061,-0.3535113227295479,-0.17699823128925724,-4.1417093135153425e-16,0.1769982312892564,0.3535113227295456,0.5290554642065054,0.703149501430268,0.8753162547459328,1.0450838270498288,1.2119868972266647,1.3755679955623772,1.5353787576368134,1.6909811532594385,1.8419486870796362,1.987867567580832,2.12833784125427,2.262974488843779,2.3914084806567946,2.5132877880490954,2.6282783483108476,2.736064980309266,2.836352248378203,2.928865272086761,3.0133504796674595,3.0895763030388137,3.1573338125173525,3.2164372894793645,3.266724735402729,3.3080583158936063,3.3403247384809336,3.3634355631432107,3.377327444716451
-2.733187370650132,-2.5863976577153074,-2.4325188085789806,-2.2719725944706477,-2.1051990614037495,-1.9326553240401376,-1.7548143127705558,-1.5721634774453181,-1.385203451308144,-1.1944466787952472,-1.0004160109607438,-0.8036432723782592,-0.6046678034467465,-0.4040349820959299,-0.2022947289433141,-4.733640312881692e-16,0.20229472894331313,0.40403498209592736,0.6046678034467455,0.8036432723782584,1.000416010960741,1.1944466787952481,1.3852034513081448,1.5721634774453157,1.754814312770554,1.932655324040138,2.105199061403751,2.271972594470647,2.43251880857898,2.586397657715306,2.733187370650131,2.8724856069835294,3.0039105599322142,3.127102002835384,3.24172227651098,3.3474572147560098,3.444017005454294,3.531136984931314,3.6085783633789585,3.676128879361789,3.7336033816108745,3.7808443365105533,3.817722259887124,3.8441360719159654,3.860013374174306
-3.092600183636409,-2.9265076946790223,-2.7523938515495763,-2.5707358881895823,-2.3820317164497204,-2.1867985613480667,-1.9855715433922625,-1.7789022118514053,-1.5673570329978386,-1.3515158374624778,-1.131970230959347,-0.9093219727354404,-0.6841813261904631,-0.4571653861872589,-0.22889638763768982,-5.356111717069894e-16,0.22889638763768871,0.457165386187256,0.6841813261904622,0.9093219727354392,1.131970230959344,1.3515158374624787,1.5673570329978392,1.7789022118514028,1.9855715433922598,2.1867985613480676,2.382031716449721,2.570735888189581,2.752393851549576,2.926507694679022,3.0926001836364088,3.2502160704544516,3.398923340943129,3.5383143988105443,3.6680071828560394,3.7876462141733773,3.8969035704937287,3.9954797849978023,4.083104667133591,4.159538043189892,4.224570414595755,4.278023532141499,4.319750884547413,4.349638100040986,4.367603259841983
-3.4799693620623695,-3.2930726607368346,-3.097149876146894,-2.892738019026682,-2.6803973680680713,-2.4607099342357244,-2.2342778655154887,-2.001721796468625,-1.7636791471156148,-1.5208023758121971,-1.2737571909063552,-1.023220726078014,-0.7698796843626953,-0.5144284559462193,-0.25756721488947615,-6.02700108918375e-16,0.25756721488947487,0.514428455946216,0.7698796843626942,1.0232207260780126,1.2737571909063523,1.520802375812198,1.763679147115616,2.001721796468622,2.2342778655154865,2.4607099342357257,2.680397368068072,2.8927380190266807,3.0971498761468936,3.293072660736834,3.479969362062369,3.6573277092561955,3.8246615754166853,3.981512310047922,4.127449996188845,4.262074628785745,4.385017211078321,4.49594076599414,4.594541259779378,4.680548435334211,4.7537265529687245,4.81387503654903,4.860829023262507,4.894459815495306,4.914675233583561
-3.881689807769833,-3.6732181388666367,-3.4546784343670693,-3.226669696410655,-2.9898168810994386,-2.744769185536754,-2.4921982684230803,-2.2327964090862364,-1.9672746099918608,-1.6963606479350808,-1.4207970792548943,-1.1413392045388613,-0.8587529983967054,-0.573813009977133,-0.2873002399824642,-6.722745594931748e-16,0.28730023998246285,0.5738130099771294,0.858752998396704,1.14133920453886,1.4207970792548907,1.6963606479350821,1.967274609991862,2.2327964090862333,2.4921982684230772,2.744769185536755,2.98981688109944,3.2266696964106543,3.4546784343670693,3.673218138866636,3.881689807769831,4.07952203472288,4.266172575342858,4.441129833471835,4.603914263426418,4.7540796843991036,4.891214503408882,5.014942843448966,5.12492557373956,5.220861239261743,5.302486887024726,5.369578786801716,5.421953044358927,5.459466105496891,5.482015149522519
-4.2989916231305605,-4.06810816704374,-3.826074309241784,-3.5735534477053585,-3.311237724563427,-3.039846128979782,-2.7601225264537166,-2.4728336199364063,-2.1787668483514055,-1.8787282282793025,-1.5735401447222843,-1.2640390970040138,-0.9510734059831384,-0.6355008888647651,-0.318186507983136,-7.445475663511125e-16,0.31818650798313447,0.635500888864761,0.9510734059831369,1.2640390970040125,1.57354014472228,1.8787282282793036,2.178766848351407,2.472833619936403,2.7601225264537135,3.039846128979783,3.311237724563428,3.573553447705357,3.826074309241783,4.068108167043739,4.2989916231305605,4.518091841997624,4.72480828517449,4.918574357259084,5.098858958916345,5.265167942584555,5.41704546689948,5.5540752461238485,5.675881691157625,5.782130939001639,5.872531767852845,5.946836395323041,6.004841157593186,6.0463870676417635,6.071360251017144
