hough_viz/data/file_3_1_1.json
{"header": {"discipline": 0, "disciplineName": "Meteorological products", "gribEdition": 2, "gribLength": 133963, "center": 7, "centerName": "US National Weather Service - NCEP(WMC)", "subcenter": 0, "refTime": "2014-11-30T06:00:00.000Z", "significanceOfRT": 1, "significanceOfRTName": "Start of forecast", "productStatus": 0, "productStatusName": "Operational products", "productType": 1, "productTypeName": "Forecast products", "productDefinitionTemplate": 0, "productDefinitionTemplateName": "Analysis/forecast at horizontal level/layer at a point in time", "parameterCategory": 2, "parameterCategoryName": "Momentum", "parameterNumber": 3, "parameterNumberName": "V-component_of_wind", "parameterUnit": "m.s-1", "genProcessType": 2, "genProcessTypeName": "Forecast", "forecastTime": 6, "surface1Type": 100, "surface1TypeName": "Isobaric surface", "surface1Value": 85000, "surface2Type": 255, "surface2TypeName": "Missing", "surface2Value": 0, "gridDefinitionTemplate": 0, "gridDefinitionTemplateName": "Latitude_Longitude", "numberPoints": 65160, "shape": 6, "shapeName": "Earth spherical with radius of 6,371,229.0 m", "gridUnits": "degrees", "resolution": 48, "winds": "true", "scanMode": 0, "nx": 360, "ny": 181, "basicAngle": 0, "subDivisions": 0, "lo1": 0, "la1": 90, "lo2": 359, "la2": -90, "dx": 1, "dy": 1}, "data":
[rows 140 to 159 of 181, columns 0 to 44 of 360]
0.0,1.1464738449990222,2.2898052848793213,3.426860527636181,4.554522983884944,5.669701809215889,6.769340375983915,7.850424651312449,8.909991458348061,9.945136598122257,10.953022809758965,11.930887547209409,12.876050551198777,13.785921195630602,14.658005588312843,15.489913406542994,16.279364448816487,17.024194884700528,17.72236318574288,18.371955721159473,18.97119200296335,19.518429566158495,20.012168470622203,20.45105541233671,20.833887432701435,21.159615215758887,21.42734596429676,21.636345846943055,21.786042009546836,21.876024145331666,21.906045619517936,21.876024145331666,21.786042009546836,21.636345846943055,21.427345964296762,21.159615215758887,20.833887432701438,20.45105541233671,20.012168470622207,19.518429566158495,18.971192002963356,18.371955721159473,17.722363185742882,17.024194884700535,16.27936444881649
0.0,1.106594199677381,2.2101553015718656,3.307658521410754,4.396095679154979,5.4724834442115045,6.533871512535108,7.577350693206694,8.600060882323385,9.599198902344533,10.572026185406488,11.515876279546779,12.428162157263573,13.306383306378265,14.148132583765541,14.951102813165354,15.713093108992695,16.432014908811997,17.105897697941597,17.73289441049751,18.311286492072625,18.83948861017489,19.316052999513463,19.73967343022275,20.109188788147677,20.42358625737686,20.68200409630065,20.883733999584962,21.02822303958696,21.11507518189131,21.144052370812975,21.11507518189131,21.028223039586962,20.883733999584962,20.682004096300652,20.42358625737686,20.109188788147677,19.73967343022275,19.316052999513467,18.839488610174893,18.311286492072632,17.732894410497515,17.1058976979416,16.432014908812004,15.713093108992695
0.0,1.0661856267726846,2.1294489128520393,3.1868755274774463,4.2355671377990385,5.272649353006586,6.295279602834905,7.300654928851374,8.286019667170162,9.248673001535405,10.185976366070815,11.095360677405365,11.974333376352208,12.820485259840176,13.63149708437193,14.405145922909162,15.139311257761117,15.83198079277617,16.481255968905717,17.085357168022554,17.642628590730457,18.15154279479524,18.610704881757762,19.01885632025362,19.374878395560156,19.67779527591575,19.926776687206836,20.12114018869155,20.26035304352237,20.34403367894077,20.37195273214163,20.34403367894077,20.26035304352237,20.12114018869155,19.926776687206836,19.67779527591575,19.37487839556016,19.01885632025362,18.610704881757762,18.151542794795244,17.64262859073046,17.085357168022554,16.48125596890572,15.83198079277618,15.13931125776112
0.0,1.02523198773039,2.0476538858454125,3.064463306990009,4.0728732472183795,5.070119724978071,6.0534693569913,7.020226850268512,7.967742389719123,8.893418901110497,9.794719169467895,10.669172793404364,11.514382956319219,12.32803299590575,13.107892753961574,13.851824689097237,14.557789735588615,15.223852892314301,15.848188526459197,16.429085377447144,16.96495124738723,17.454317365177534,17.89584241230461,18.288316199304315,18.630662982806996,18.92194441407531,19.161362110952872,19.348259846174265,19.482125346038345,19.56259169451486,19.589438338935793,19.56259169451486,19.482125346038348,19.348259846174262,19.161362110952876,18.92194441407531,18.630662982806996,18.288316199304315,17.89584241230461,17.454317365177538,16.964951247387237,16.429085377447144,15.848188526459197,15.223852892314309,14.557789735588617
0.0,0.983584353268223,1.9644727701922473,2.9399767038020044,3.907422365621913,4.864158054339253,5.8075614239331275,6.735046671342648,7.644071623973371,8.532144707615688,9.396831775676539,10.235762781006027,11.046638272031927,11.827235695396595,12.575415487821259,13.289126940500214,13.966413819951146,14.605419729915115,15.204393199609665,15.761692484388501,16.275790065649435,16.74527683765672,17.168865969801917,17.545396433717123,17.87383618557306,18.153284994839467,18.382976911754383,18.562282366739247,18.690709896005295,18.767907488621713,18.793663551353077,18.767907488621713,18.690709896005302,18.56228236673924,18.382976911754383,18.153284994839467,17.87383618557306,17.545396433717123,17.168865969801917,16.74527683765672,16.27579006564944,15.761692484388501,15.204393199609669,14.605419729915122,13.966413819951148
0.0,0.9417163915785774,1.8808516039857412,2.8148315328827733,3.7410962042047133,4.657106790871338,5.560352571535708,6.448357812296867,7.3186885525143754,8.168959276125246,8.996839450177657,9.800059912659773,10.576419092115097,11.323789041996815,12.040121273221343,12.723452368934542,13.37190936610082,13.98371488916464,14.557192021713364,15.090768902788582,15.582983035247743,16.03248529436716,16.43804362569911,16.798546422047416,17.113005570305535,17.380559159805877,17.60047384475705,17.77214685429368,17.895107644629473,17.969019188785015,17.993678900355313,17.969019188785015,17.895107644629473,17.77214685429368,17.60047384475705,17.380559159805877,17.113005570305535,16.798546422047416,16.43804362569911,16.032485294367163,15.58298303524775,15.090768902788582,14.557192021713364,13.983714889164647,13.37190936610082
0.0,0.8996298532329301,1.796793883570653,2.6890330267671207,3.573901717349613,4.4489745917437125,5.311853136026276,6.160172260085376,6.991606780167902,7.803877792046619,8.594758917338233,9.362082405851789,10.103745077241273,10.817714085676746,11.502032491733473,12.154824626226826,12.774301231291197,13.358764364611387,13.906612053364508,14.416342685116106,14.886559123635493,15.315972538349035,15.703405936935159,16.047797391378513,16.348202948640814,16.603799217970543,16.813885627759745,16.977886345762123,17.095351857409177,17.16596019789841,17.189517834676465,17.16596019789841,17.09535185740918,16.977886345762123,16.81388562775975,16.603799217970543,16.348202948640814,16.047797391378513,15.703405936935162,15.315972538349039,14.886559123635498,14.416342685116108,13.90661205336451,13.358764364611394,12.774301231291197
0.0,0.8574114774976515,1.7124728497334227,2.5628404529206033,3.406183488567184,4.240190412032513,5.062575268310483,5.871083957673307,6.66350041400219,7.4376526788705295,8.191418854730982,8.92273292088916,9.629590396322742,10.310053833824625,10.962258130411053,11.584415639439237,12.174821070422581,12.731856163113333,13.253994123041464,13.739803806352173,14.187953642471724,14.597215283849824,14.966466972774889,15.294696616033939,15.581004558989768,15.824606051471754,16.024833398721533,16.181137791497935,16.293090810324934,16.360385599759688,16.382837709461963,16.360385599759688,16.293090810324934,16.181137791497935,16.024833398721533,15.824606051471754,15.581004558989768,15.294696616033939,14.966466972774889,14.597215283849824,14.187953642471726,13.739803806352175,13.253994123041466,12.73185616311334,12.174821070422583
0.0,0.8152589129045342,1.6282832577967494,2.436844591459925,3.2387267034809,4.031731690728766,4.813685981654579,5.5824462938998884,6.335905508884701,7.071998447273053,7.788707529486013,8.484068305747076,9.156174840502441,9.803184936457901,10.423325183913562,11.014895821556564,11.576275395388699,12.105925203019112,12.602393511140592,13.06431953462967,13.490437166364044,13.879578447534204,14.230676768937345,14.542769794479037,14.8150020988696,15.046627512285331,15.237011165568141,15.385631230357795,15.492080349387143,15.556066753020128,15.577415058972026,15.556066753020128,15.492080349387146,15.385631230357792,15.237011165568145,15.046627512285331,14.815002098869602,14.542769794479037,14.230676768937345,13.879578447534204,13.490437166364048,13.064319534629671,12.602393511140592,12.105925203019119,11.576275395388699
0.0,0.7731769444524037,1.5442346646429332,2.3110597449561125,3.0715503711481604,3.8236220912737395,4.56521352902385,5.294292033815009,6.008859252143206,6.706956604931966,7.386670655861443,8.046138355964388,8.683552150113854,9.297164931406167,9.88529482985951,10.446329822302618,10.978732150818283,11.481042537630872,11.951884184885293,12.38996654835423,12.794088874730143,13.163143492806634,13.496118849528228,13.792102282586985,14.050282521966446,14.269951913576357,14.450508358883358,14.591456965221177,14.692411402257061,14.753094960896355,14.77334131172289,14.753094960896355,14.692411402257063,14.591456965221175,14.45050835888336,14.269951913576357,14.050282521966446,13.792102282586985,13.496118849528228,13.163143492806636,12.794088874730146,12.389966548354233,11.951884184885296,11.481042537630875,10.978732150818283
0.0,0.7314915675448819,1.4609781675484788,2.186460327946173,2.90594955256396,3.6174737714482457,4.319082746172512,5.008853415305279,5.684895165387826,6.345355012974265,6.988422683530358,7.612335573270203,8.21538358033067,8.795913792041759,9.352335015445338,9.883122138644413,10.386820311028861,10.86204893091981,11.30750542970287,11.72196884207818,12.104303152641418,12.453460409623062,12.76848359725135,13.048509258865986,13.292769863592824,13.500595910092658,13.671417761617848,13.804767207347043,13.900278745718493,13.957690586244466,13.976845367060719,13.957690586244466,13.900278745718497,13.804767207347037,13.671417761617851,13.500595910092658,13.292769863592826,13.048509258865986,12.768483597251352,12.453460409623064,12.104303152641423,11.721968842078182,11.30750542970287,10.862048930919816,10.386820311028865
0.0,0.6901311434682325,1.378370685442646,2.062832209177633,2.741639653212973,3.412932453527892,4.074870643217718,4.725639895715268,5.363456497733864,5.986572238301465,6.593279200485412,7.181914442674049,7.7508645565840695,8.29857008950048,8.823529818628105,9.32430486583891,9.79952264153693,10.24788060683097,10.668149843703128,11.059178423387705,11.41989456372784,11.749309566855937,12.046520529145775,12.310712816008602,12.541162294749904,12.737237319366802,12.898400461845823,13.02420998521575,13.114321054317934,13.168486680975514,13.186558400970828,13.168486680975514,13.114321054317937,13.024209985215746,12.898400461845824,12.737237319366802,12.541162294749908,12.310712816008602,12.046520529145779,11.74930956685594,11.419894563727846,11.059178423387706,10.668149843703134,10.247880606830973,9.799522641536933
0.0,0.6490986257249297,1.2964181172350397,1.9401842167987269,2.57863240628472,3.210012743583628,3.832594659077623,4.444671699011475,5.0445662027636775,5.630633901197604,6.2012684234889095,6.754905700076316,7.290028249667553,7.805169338550098,8.29891700080635,8.769917908414037,9.216881080624283,9.638581422450084,10.033863082566532,10.401642621418935,10.740911980855344,11.050741247143867,11.330281199801572,11.578765639248811,11.795513486909005,11.979930651997666,12.131511659883971,12.249841037561575,12.334594452431231,12.38553960127392,12.40253684697782,12.38553960127392,12.334594452431231,12.249841037561573,12.131511659883975,11.979930651997666,11.795513486909005,11.578765639248811,11.330281199801576,11.050741247143868,10.740911980855346,10.401642621418937,10.033863082566535,9.63858142245009,9.216881080624283
0.0,0.608932705524976,1.2161963688305015,1.8201265224258356,2.4190678357386437,3.0113786522610364,3.5954354892159444,4.1696374874105695,4.7324107990801485,5.282212901695292,5.817536825909004,6.3369152860549285,6.8389247018753565,7.32218910045577,7.78538388767096,8.22723947880544,8.646544778396922,9.042150499764775,9.412972315124948,9.757993827657048,10.076269357377374,10.366926533182022,10.62916868395545,10.86227702219061,11.065612614135565,11.238618131066481,11.380819376886905,11.491826587866338,11.571335500955504,11.61912818775022,11.635073651818008,11.61912818775022,11.571335500955508,11.491826587866338,11.380819376886906,11.238618131066481,11.065612614135567,10.86227702219061,10.629168683955452,10.366926533182026,10.076269357377377,9.75799382765705,9.41297231512495,9.04215049976478,8.646544778396922
0.0,0.5693293119187554,1.1370981317671365,1.7017502446750663,2.261737978449551,2.815526445636584,3.3615977505409713,3.8984551496729214,4.424627154217911,4.938671563285253,5.4391794168804815,5.924778857766768,6.394138891630243,6.8459730352429045,7.279042842623717,7.692161299532959,8.084196076995761,8.454072634937097,8.800777167421453,9.123359381424427,9.420935101519856,9.692688693343184,9.937875299188589,10.155822879612163,10.345934055445312,10.507687745169546,10.640640593164687,10.744428184915826,10.818766045848152,10.86345042105202,10.878358833760965,10.86345042105202,10.818766045848154,10.744428184915824,10.640640593164688,10.507687745169546,10.345934055445314,10.155822879612163,9.937875299188592,9.692688693343186,9.420935101519857,9.123359381424429,8.800777167421455,8.4540726349371,8.084196076995763
0.0,0.5302827831466032,1.0591120980441058,1.5850384602988494,2.1066203423085863,2.6224281243894394,3.1310480132640848,3.631085917170853,4.121171266972342,4.599960772790165,5.066142105869121,5.51843749557911,5.9556072316956055,6.376453062359204,6.779821478400696,7.164606875029503,7.529754582219573,7.874263755486604,8.197190119133207,8.497648554442964,8.774815525729304,9.027931337589568,9.256302217177312,9.459302215785453,9.63637492452816,9.787034999418944,9.91086949166478,10.007538979530057,10.07677849866795,10.118398268369276,10.132284211738241,10.118398268369276,10.076778498667952,10.007538979530056,9.910869491664782,9.787034999418944,9.63637492452816,9.459302215785453,9.256302217177314,9.02793133758957,8.774815525729306,8.497648554442966,8.197190119133207,7.874263755486607,7.529754582219573
0.0,0.4925009854706897,0.9836520599735279,1.4721070125527953,1.9565270221355588,2.4355843271471755,2.9079658648134723,3.3723768701745436,3.8275444249455086,4.27222094649705,4.705187607392679,5.125257676110026,5.53127976978945,5.92214101009442,6.296770073533698,6.654140127884542,6.993271646668462,7.313235093965217,7.613153472206151,7.892204725963579,8.149623995147564,8.384705711434268,8.59680553217968,8.785342106518012,8.949798668804021,9.089724455031718,9.204735938347168,9.294517880268964,9.358824194734957,9.397478622607078,9.410375214785358,9.397478622607078,9.358824194734957,9.294517880268964,9.204735938347172,9.089724455031718,8.949798668804023,8.785342106518012,8.59680553217968,8.38470571143427,8.149623995147566,7.89220472596358,7.613153472206151,7.313235093965219,6.993271646668463
0.0,0.4555006934374207,0.9097528911355944,1.361511519395314,1.8095383392178759,2.252605340232109,2.689498106585444,3.1190191455733496,3.5399911698836015,3.9512603244589712,4.351699349133737,4.74021066837544,5.11572939966313,5.477226272256331,5.823710448354611,6.1542322389151005,6.467885706684162,6.763811149308424,7.04119745571918,7.299284329331446,7.5373643719640455,7.754785022768865,7.950950346854777,8.125322668703738,8.277424045902038,8.406837579147211,8.513208554940055,8.596245417829683,8.65572056954673,8.691470992834413,8.703398698267474,8.691470992834413,8.65572056954673,8.596245417829683,8.513208554940055,8.406837579147211,8.277424045902038,8.125322668703738,7.950950346854777,7.754785022768867,7.537364371964049,7.299284329331447,7.041197455719181,6.7638111493084265,6.467885706684163
0.0,0.4192555836333965,0.837362016854152,1.2531732989910307,1.6655497202223826,2.073360985441547,2.475489312317171,2.8708324950568858,3.2583069254767696,3.63685056309606,4.005425846116285,4.363022535306046,4.708660482996508,5.041392319598054,5.360306050274467,5.664527554657381,5.9532229827494625,6.225601040449284,6.480915158433458,6.718465538451252,6.937601071422966,7.137721122084649,7.3182771752876095,7.478774339440315,7.618772702971844,7.737888540098928,7.835795362591636,7.912224814654942,7.966967408473278,7.999873098402105,8.010851692232574,7.999873098402105,7.9669674084732796,7.91222481465494,7.835795362591638,7.737888540098928,7.618772702971846,7.478774339440315,7.318277175287611,7.13772112208465,6.937601071422969,6.718465538451253,6.480915158433458,6.225601040449287,5.953222982749463
0.0,0.3846057019496224,0.7681572264038152,1.1496032852943896,1.5278983614879165,1.9020055744755182,2.2708995223902684,2.633569092562438,2.989020232909037,3.336278676561481,3.674392612263358,4.0024352932189196,4.319507577241635,4.62474039124042,4.91729711328858,5.196375865746346,5.4612117131517595,5.711078758855596,5.945292134653626,6.16320987796276,6.3642346913958665,6.547815579912384,6.713449361057443,6.860682044149987,6.989110074639677,7.098381440221865,7.188196635678848,7.25830948380286,7.3085278101506725,7.338713969780402,7.348785224526717,7.338713969780402,7.3085278101506725,7.258309483802859,7.188196635678849,7.098381440221865,6.989110074639677,6.860682044149987,6.713449361057443,6.547815579912384,6.364234691395867,6.163209877962761,5.945292134653627,5.7110787588555985,5.4612117131517595
