hough_viz/data/file_2_3_1.json
{"header": {"discipline": 0, "disciplineName": "Meteorological products", "gribEdition": 2, "gribLength": 133963, "center": 7, "centerName": "US National Weather Service - NCEP(WMC)", "subcenter": 0, "refTime": "2014-11-30T06:00:00.000Z", "significanceOfRT": 1, "significanceOfRTName": "Start of forecast", "productStatus": 0, "productStatusName": "Operational products", "productType": 1, "productTypeName": "Forecast products", "productDefinitionTemplate": 0, "productDefinitionTemplateName": "Analysis/forecast at horizontal level/layer at a point in time", "parameterCategory": 2, "parameterCategoryName": "Momentum", "parameterNumber": 2, "parameterNumberName": "U-component_of_wind", "parameterUnit": "m.s-1", "genProcessType": 2, "genProcessTypeName": "Forecast", "forecastTime": 6, "surface1Type": 100, "surface1TypeName": "Isobaric surface", "surface1Value": 85000, "surface2Type": 255, "surface2TypeName": "Missing", "surface2Value": 0, "gridDefinitionTemplate": 0, "gridDefinitionTemplateName": "Latitude_Longitude", "numberPoints": 65160, "shape": 6, "shapeName": "Earth spherical with radius of 6,371,229.0 m", "gridUnits": "degrees", "resolution": 48, "winds": "true", "scanMode": 0, "nx": 360, "ny": 181, "basicAngle": 0, "subDivisions": 0, "lo1": 0, "la1": 90, "lo2": 359, "la2": -90, "dx": 1, "dy": 1}, "data":
[rows 76 to 94 of 181, columns 301 to 343 of 360]
-3.4800701381149004,-3.249530873177951,-3.0150325554238946,-2.776860884931215,-2.5353060371928637,-2.290662309582162,-2.043227762796714,-1.793303857717394,-1.5411950881247416,-1.2872086097201136,-1.0316538659038277,-0.7748422107660338,-0.5170865297497143,-0.25870085844796853,-3.177295458655997e-15,0.258700858447949,0.5170865297497078,0.7748422107660273,1.0316538659038215,1.2872086097201076,1.5411950881247358,1.793303857717388,2.0432277627967075,2.2906623095821557,2.535306037192858,2.776860884931197,3.015032555423888,3.2495308731779335,3.480070138114894,3.706369473652261,3.928153168908443,4.1451510146139094,4.357098632319635,4.563737796501482,4.7648167491681885,4.960090506589808,5.1493211577724995,5.332278154316584,5.508738591304106,5.678487478874263,5.841318004155338,5.997031783234425,6.14543910285757
-4.647414853599807,-4.339544160859596,-4.0263864020149125,-3.7083231115566524,-3.3857418006103304,-3.0590354848135237,-2.7286022054867667,-2.394844544681555,-2.058169134696189,-1.7189861626568463,-1.3777088707678264,-1.034753052839559,-0.6905365477078951,-0.34547873016185016,-4.243078306700944e-15,0.34547873016182407,0.6905365477078866,1.0347530528395503,1.3777088707678182,1.7189861626568383,2.058169134696181,2.394844544681547,2.728602205486758,3.059035484813516,3.3857418006103224,3.7083231115566284,4.026386402014905,4.339544160859573,4.6474148535998,4.94962338722028,5.245801567174481,5.5355885459728515,5.818631262820002,6.094584873764857,6.363113171839834,6.623888996677396,6.876594633104363,7.120922198229117,7.356574016549294,7.5832629826236735,7.80071291086582,8.008658872033806,8.20684751600555
-5.769961846706784,-5.38772737726745,-4.998928791934696,-4.60403978189492,-4.203541458578846,-3.7979217675014394,-3.387674893775332,-2.973300660022451,-2.5553039174172114,-2.1341939306029927,-1.710483757231708,-1.2846896228820606,-0.8573302921181977,-0.4289264364549963,-5.2679609446292554e-15,0.4289264364549639,0.8573302921181871,1.28468962288205,1.7104837572316978,2.134193930602983,2.555303917417201,2.973300660022441,3.387674893775321,3.7979217675014296,4.203541458578837,4.60403978189489,4.998928791934686,5.387727377267419,5.769961846706775,6.145166506430386,6.512884227356263,6.872667002083999,7.224076490722887,7.566684554941527,7.900073779588341,8.223837981247838,8.53758270311228,8.840925695566812,9.133497381901481,9.414941308583742,9.684914579541996,9.94308827393183,10.189147846875212
-6.855671792814386,-6.401513838221972,-5.939556625095299,-5.470362977139509,-4.994504534540869,-4.512561057511362,-4.025119719940021,-3.532774394012068,-3.036124926667218,-2.5357764087784154,-2.0323384379419283,-1.5264243757765468,-1.0186506006369318,-0.5096357566515367,-6.259211449440614e-15,0.5096357566514983,1.0186506006369194,1.5264243757765343,2.0323384379419163,2.5357764087784034,3.0361249266672057,3.5327743940120566,4.025119719940008,4.512561057511349,4.994504534540857,5.470362977139472,5.939556625095288,6.401513838221937,6.855671792814375,7.301477167362529,7.73838681668861,8.165868433685647,8.583401197851844,8.990476409830071,9.386598111179612,9.771283688625315,10.144064462047258,10.504486255495578,10.85210995053362,11.186512021236345,11.507285050191244,11.814038224873894,12.106397813792618
-7.873313430844606,-7.351741215651167,-6.821212036235381,-6.282372260680606,-5.735878382251426,-5.182396219557832,-4.62260010535765,-4.057172064986017,-3.486800985412677,-2.9121817759391297,-2.3340145215588146,-1.7530036300113558,-1.169856973570237,-0.5852850266094753,-7.188315756747513e-15,0.585285026609431,1.169856973570223,1.7530036300113414,2.334014521558801,2.912181775939117,3.486800985412663,4.057172064986004,4.622600105357634,5.182396219557817,5.7358783822514114,6.282372260680566,6.821212036235367,7.351741215651128,7.873313430844594,8.38529322641351,8.887056833841468,9.377992931463531,9.857503389267674,10.325003997624009,10.77992517905414,11.221712682173818,11.649828256962548,12.06375031053869,12.462974542639698,12.847014560034573,13.215402469118906,13.567689445971348,13.903446283176212
-8.816381019472926,-8.232334744838258,-7.6382586384109645,-7.034876490416311,-6.4229234290577075,-5.803145024876337,-5.176296382388119,-4.543141220105261,-3.9044509400629943,-3.2610036879848234,-2.613583405231953,-1.9629788736914686,-1.309982754767107,-0.6553906236434357,-8.04933414075558e-15,0.6553906236433862,1.309982754767091,1.9629788736914524,2.6135834052319376,3.2610036879848083,3.904450940062979,4.5431412201052455,5.176296382388102,5.803145024876321,6.422923429057692,7.0348764904162655,7.638258638410949,8.232334744838214,8.816381019472912,9.389685891894738,9.951550878427552,10.501291433133872,11.03823778182886,11.5617357380969,12.071147500316881,12.56585242872551,13.045247801570865,13.508749549436436,13.955792966839343,14.385833400237287,14.798346911604762,15.192830916771081,15.56880479774151
-9.702401208195809,-9.05966001221737,-8.405881016047687,-7.74186074868666,-7.068408216545552,-6.386343917797436,-5.69649884272635,-4.999713461293746,-4.296836699155411,-3.5887249033761095,-2.876240799102738,-2.1602524384665904,-1.441632142995551,-0.7212554408246787,-8.85826838925658e-15,0.7212554408246242,1.4416321429955332,2.160252438466573,2.876240799102721,3.588724903376093,4.296836699155394,4.999713461293729,5.6964988427263314,6.386343917797418,7.068408216545535,7.74186074868661,8.40588101604767,9.059660012217321,9.702401208195793,10.33332152284238,10.95165227693958,11.55664012971,12.147547996646319,12.723655947535077,13.284262083580654,13.828683392561155,14.356256580973142,14.866338882153071,15.35830883938902,15.831567063070318,16.285536960951177,16.719665440639826,17.133423583456075
-10.49203623642795,-9.796985209971293,-9.089998066146167,-8.371936159884305,-7.6436743390094914,-6.906099878370404,-6.160111398832658,-5.406617772447813,-4.646537015132903,-3.880795168209214,-3.11032517016373,-2.336065720007266,-1.5589601336143122,-0.779955194437948,-9.579203223793197e-15,0.7799551944378893,1.5589601336142929,2.336065720007247,3.1103251701637116,3.880795168209196,4.6465370151328855,5.406617772447795,6.160111398832639,6.9060998783703855,7.643674339009475,8.37193615988425,9.089998066146148,9.796985209971236,10.492036236427934,11.174304332904793,11.842958260821673,12.49718336836558,13.136182583018655,13.759177382668161,14.36540874411563,14.954138067830034,15.524648077817107,16.076243695510136,16.60825288661566,17.120027479884108,17.610943956806338,18.080404211275205,18.527836278285392
-11.181778028439242,-10.441034656881543,-9.687570492912528,-8.922303516553736,-8.146166087735482,-7.360103810360053,-6.565074380228782,-5.762046418237343,-4.9519982902605335,-4.135916915163902,-3.3147965623953053,-2.489637640620698,-1.6614454788802735,-0.8312291017498905,-1.0208935779870309e-14,0.8312291017498277,1.661445478880253,2.4896376406206775,3.314796562395286,4.135916915163882,4.951998290260513,5.762046418237323,6.5650743802287606,7.360103810360034,8.146166087735462,8.92230351655368,9.687570492912506,10.441034656881486,11.181778028439226,11.90889812589014,12.621509065399822,13.318742640307708,13.99974937890341,14.663699579377026,15.309784320682866,15.937216448085511,16.545231532186097,17.13308880026232,17.700072038785407,18.245490466016342,18.768679573616748,19.269001936250202,19.74584798818654
-11.798545848921451,-11.016944335335685,-10.22192037210749,-9.41444257347201,-8.595494726744421,-7.766074593726801,-6.927192695088806,-6.079871079204039,-5.2251420769416494,-4.364047043929943,-3.4976350918251216,-2.626961810130296,-1.753087980122273,-0.8770782824529724,-1.0772043279802707e-14,0.8770782824529061,1.7530879801222512,2.626961810130274,3.497635091825101,4.364047043929922,5.225142076941629,6.079871079204017,6.927192695088786,7.766074593726779,8.5954947267444,9.414442573471948,10.22192037210747,11.016944335335623,11.79854584892143,12.565772651816953,13.317689996345168,14.053381787045682,14.771951696796194,15.472524258848914,16.15424593345182,16.816286147755708,17.457838307738793,18.078120780917804,18.676377848646265,19.251880626841643,19.80392795401804,20.331847245543763,20.834995313081762
-12.298617150856131,-11.48388812380406,-10.655167748030488,-9.813465691658717,-8.959807438990119,-8.095233041109687,-7.220795848743725,-6.337561228914352,-5.446605266954064,-4.549013455461219,-3.6458793717947002,-2.7383033457183132,-1.8273911188184646,-0.9142524973283577,-1.1228607145926945e-14,0.9142524973282886,1.827391118818442,2.7383033457182915,3.6458793717946785,4.549013455461198,5.446605266954044,6.337561228914331,7.220795848743701,8.095233041109665,8.959807438990095,9.813465691658651,10.655167748030468,11.483888123803997,12.29861715085611,13.098362207366609,13.882148927175493,14.649022386897697,15.398048269350372,16.128314001874394,16.838929868163376,17.52903009224638,18.197773893302003,18.844346510020888,19.46796019326633,20.067855165825684,20.643300548081545,21.193595248476303,21.71806881768388
-12.68039070319817,-11.840370865720946,-10.985925360213157,-10.118095196906017,-9.23793769317449,-8.34652518535909,-7.444943722288975,-6.534291742098868,-5.615678733951546,-4.6902238862958985,-3.7590547233084055,-2.8233057311785523,-1.884116975912167,-0.9426327143366033,-1.1577165458245443e-14,0.9426327143365322,1.8841169759121437,2.8233057311785297,3.759054723308383,4.690223886295876,5.6156787339515235,6.534291742098847,7.4449437222889525,8.346525185359068,9.237937693174468,10.118095196905951,10.98592536021313,11.84037086572088,12.68039070319815,13.50496143786798,14.313078457305643,15.103757195403762,15.876034331914724,16.628968966107898,17.361643763112106,18.073166071547238,18.762669011081936,19.429312528594295,20.0722844216467,20.690801328029742,21.284109680168147,21.851486623227082,22.39224089579909
-12.979003396385911,-12.119201787836209,-11.244634798727958,-10.356367954220664,-9.455483470637297,-8.543078936950575,-7.62026597753961,-6.688168897846952,-5.747923314585756,-4.800674772165452,-3.8475773470225243,-2.8897922415561053,-1.928486369381721,-0.9648309336267967,-1.184979811112536e-14,0.9648309336267239,1.9284863693816967,2.8897922415560817,3.847577347022501,4.80067477216543,5.7479233145857345,6.6881688978469285,7.620265977539585,8.54307893695055,9.455483470637272,10.356367954220598,11.244634798727935,12.119201787836145,12.979003396385888,13.822992088559307,14.650139594141555,15.459438161309308,16.249901784421404,17.0205674053147,17.770496086641966,18.49877415582281,19.204514318212432,19.886856738134036,20.544970086455635,21.178052553436952,21.78533282561076,22.36607102550989,22.919559613093565
-13.150198441317341,-12.279055917713348,-11.39295325591719,-10.49297003552861,-9.580202747469821,-8.65576345808039,-7.720778454235439,-6.7763868711387,-5.823739304461907,-4.863996408520897,-3.898327482197316,-2.927909044327992,-1.9539234002979682,-0.9775572015835079,-1.2006098765197717e-14,0.9775572015834341,1.9539234002979442,2.927909044327968,3.898327482197293,4.863996408520875,5.823739304461885,6.776386871138677,7.720778454235412,8.655763458080367,9.580202747469798,10.492970035528543,11.392953255917167,12.27905591771328,13.150198441317318,14.005319473753355,14.843377181764742,15.663350521127088,16.46424048063362,17.245071299236372,18.004891654860522,18.742775823444244,19.457824806790327,20.149167427857545,20.81596139215519,21.457394313949575,22.072684706030568,22.66108293183375,23.221872118756725
-13.19353106795756,-12.31951794936641,-11.430495395830226,-10.527546544387057,-9.611771499123739,-8.684285990868684,-7.746220017845464,-6.798716468944169,-5.842929731287507,-4.880024283787598,-3.911173278408011,-2.937557110858741,-1.960361982465875,-0.9807784549679878,-1.2045661346516892e-14,0.9807784549679136,1.9603619824658505,2.937557110858717,3.911173278407987,4.880024283787575,5.842929731287484,6.798716468944146,7.746220017845437,8.68428599086866,9.611771499123718,10.52754654438699,11.430495395830201,12.319517949366341,13.193531067957537,14.051469901250046,14.892289182930933,15.71496450422367,16.518493561972722,17.30189737979542,18.064221500813744,18.80453715051341,19.521942368312,20.21556310645957,20.884554294930663,21.528100871012388,22.14541877233245,22.73575589211874,23.298392995525198
-13.150198441317341,-12.279055917713348,-11.39295325591719,-10.492970035528609,-9.580202747469821,-8.65576345808039,-7.720778454235439,-6.776386871138699,-5.823739304461906,-4.863996408520897,-3.898327482197316,-2.9279090443279916,-1.9539234002979682,-0.9775572015835079,-1.2006098765197716e-14,0.9775572015834341,1.9539234002979442,2.927909044327967,3.898327482197293,4.863996408520875,5.823739304461885,6.776386871138677,7.720778454235412,8.655763458080367,9.580202747469798,10.492970035528543,11.392953255917167,12.27905591771328,13.150198441317318,14.005319473753355,14.843377181764742,15.663350521127088,16.46424048063362,17.245071299236372,18.004891654860522,18.742775823444244,19.457824806790327,20.14916742785754,20.81596139215519,21.457394313949575,22.072684706030568,22.66108293183375,23.221872118756725
-12.979003396385911,-12.119201787836213,-11.244634798727958,-10.356367954220666,-9.455483470637297,-8.543078936950575,-7.62026597753961,-6.688168897846952,-5.747923314585756,-4.800674772165452,-3.8475773470225243,-2.8897922415561053,-1.928486369381721,-0.9648309336267967,-1.1849798111125362e-14,0.9648309336267239,1.9284863693816967,2.8897922415560817,3.847577347022502,4.80067477216543,5.747923314585736,6.6881688978469285,7.620265977539585,8.543078936950552,9.455483470637272,10.356367954220598,11.244634798727937,12.119201787836145,12.979003396385892,13.822992088559307,14.650139594141555,15.459438161309308,16.249901784421404,17.020567405314704,17.770496086641966,18.49877415582281,19.204514318212432,19.886856738134036,20.544970086455635,21.178052553436952,21.78533282561076,22.366071025509893,22.91955961309357
-12.68039070319817,-11.840370865720946,-10.985925360213157,-10.118095196906017,-9.23793769317449,-8.34652518535909,-7.444943722288975,-6.534291742098868,-5.615678733951546,-4.6902238862958985,-3.7590547233084055,-2.8233057311785523,-1.884116975912167,-0.9426327143366033,-1.1577165458245443e-14,0.9426327143365322,1.8841169759121437,2.8233057311785297,3.759054723308383,4.690223886295876,5.6156787339515235,6.534291742098847,7.4449437222889525,8.346525185359068,9.237937693174468,10.118095196905951,10.98592536021313,11.84037086572088,12.68039070319815,13.50496143786798,14.313078457305643,15.103757195403762,15.876034331914724,16.628968966107898,17.361643763112106,18.073166071547238,18.762669011081936,19.429312528594295,20.0722844216467,20.690801328029742,21.284109680168147,21.851486623227082,22.39224089579909
-12.298617150856131,-11.48388812380406,-10.655167748030488,-9.813465691658717,-8.959807438990119,-8.095233041109687,-7.220795848743725,-6.337561228914352,-5.446605266954064,-4.549013455461219,-3.6458793717947002,-2.7383033457183132,-1.8273911188184646,-0.9142524973283577,-1.1228607145926945e-14,0.9142524973282886,1.827391118818442,2.7383033457182915,3.6458793717946785,4.549013455461198,5.446605266954044,6.337561228914331,7.220795848743701,8.095233041109665,8.959807438990095,9.813465691658651,10.655167748030468,11.483888123803997,12.29861715085611,13.098362207366609,13.882148927175493,14.649022386897697,15.398048269350372,16.128314001874394,16.838929868163376,17.52903009224638,18.197773893302003,18.844346510020888,19.46796019326633,20.067855165825684,20.643300548081545,21.193595248476303,21.71806881768388
