hough_viz/data/file_2_2_0.json
{"header": {"discipline": 0, "disciplineName": "Meteorological products", "gribEdition": 2, "gribLength": 133963, "center": 7, "centerName": "US National Weather Service - NCEP(WMC)", "subcenter": 0, "refTime": "2014-11-30T06:00:00.000Z", "significanceOfRT": 1, "significanceOfRTName": "Start of forecast", "productStatus": 0, "productStatusName": "Operational products", "productType": 1, "productTypeName": "Forecast products", "productDefinitionTemplate": 0, "productDefinitionTemplateName": "Analysis/forecast at horizontal level/layer at a point in time", "parameterCategory": 2, "parameterCategoryName": "Momentum", "parameterNumber": 3, "parameterNumberName": "V-component_of_wind", "parameterUnit": "m.s-1", "genProcessType": 2, "genProcessTypeName": "Forecast", "forecastTime": 6, "surface1Type": 100, "surface1TypeName": "Isobaric surface", "surface1Value": 85000, "surface2Type": 255, "surface2TypeName": "Missing", "surface2Value": 0, "gridDefinitionTemplate": 0, "gridDefinitionTemplateName": "Latitude_Longitude", "numberPoints": 65160, "shape": 6, "shapeName": "Earth spherical with radius of 6,371,229.0 m", "gridUnits": "degrees", "resolution": 48, "winds": "true", "scanMode": 0, "nx": 360, "ny": 181, "basicAngle": 0, "subDivisions": 0, "lo1": 0, "la1": 90, "lo2": 359, "la2": -90, "dx": 1, "dy": 1}, "data":
[rows 40 to 59 of 181, columns 225 to 269 of 360]
16.159227123198686,16.14938335864294,16.119864058086495,16.07070518624997,16.00196663564637,15.913732153611228,15.806109240269429,15.679229017562848,15.533246069498452,15.3683382538115,15.184706485273313,14.982574490907544,14.762188537413273,14.523817131126997,14.267750690888969,13.994301194212603,13.703801797187923,13.396606428582228,13.073089358632336,12.73364474305399,12.378686142823835,12.00864602031906,11.623975212428661,11.225142381278035,10.812633443236455,10.386950976902796,9.948613610790895,9.49815539146072,9.036125132864727,8.563085747702688,8.079613561599338,7.586297610940246,7.08373892522178,6.572549794789268,6.05335302485549,5.5267811767084485,4.993475797032993,4.454086636284805,3.909270857069782,3.3596922334924324,2.806020342449488,2.248929747853568,1.689099178780959,1.1272107025447886,0.5639488937010363
14.672147047598267,14.663209172045017,14.63640643480985,14.591771490899443,14.529358721117468,14.449244165809953,14.351525432221832,14.236321575577575,14.103772954030708,13.954041057659031,13.787308311713845,13.603777854362876,13.403673289197693,13.187238412807222,12.954736917749104,12.706452071280957,12.442686370242834,12.163761172511487,11.870016305475211,11.56180965200656,11.239516714437181,10.903530157066076,10.554259327758668,10.192129759219405,9.817582650545768,9.431074329695122,9.03307569751935,8.624071654044817,8.204560507696229,7.775053368184654,7.336073523799128,6.888155803860354,6.431845927113635,5.967699836854644,5.496283023598136,5.018169836114846,4.53394278167608,4.044191816358163,3.549513626272032,3.050510900592948,2.547791597276673,2.0419682023563275,1.5336569837224996,1.023477240295754,0.5120505475062646
13.135465312566025,13.127463542006005,13.10346797925079,13.06350785919737,13.007631867096645,12.935908079237947,12.848423880008582,12.745285855429406,12.626619663296177,12.492569880084874,12.343299824807563,12.178991360033304,11.999844670316635,11.80607801830357,11.597927478812109,11.375646651211486,11.139506350450386,10.889794277110688,10.626814666888547,10.350887919930116,10.062350210473303,9.761553077271243,9.448862995296523,9.124660929247804,8.789341869403062,8.443314350384778,8.086999953423406,7.720832792725653,7.345258986573084,6.960736113795765,6.567732656283009,6.1667274282102325,5.758208992677721,5.342675066471733,4.920631913673253,4.49259372885318,4.059082010605537,3.620624926181599,3.1777566679996463,2.7310168028136266,2.280949614334267,1.8281034401031964,1.3730300034281062,0.9162837411928982,0.45842112836171345
11.553736906183683,11.546698681831959,11.525592583769004,11.490444326524166,11.441296732834722,11.378209681472974,11.30126003429319,11.21054154258728,11.106164732863274,10.9882567721858,10.856961313242621,10.71243831932594,10.554863869441778,10.384429943784852,10.201344189840231,10.0058296693969,9.798124586781304,9.578481998642115,9.347169505639627,9.104468926415604,8.850675954240671,8.5860997967576,8.311062799259476,8.025900051961537,7.730958981745415,7.426598928872973,7.113190709185551,6.7911161623220355,6.460767686505983,6.1225477604688745,5.776868453091838,5.424150921363077,5.064824897263034,4.699328164202142,4.328106023649182,3.9516107526000113,3.5703010525477894,3.184641490625736,2.7951019336037897,2.4021569754281944,2.006285359001956,1.607969392910342,1.2076943638021644,0.805947945142749,0.4032196030589209
9.901202173869898,9.895170629027106,9.877083343007032,9.846962352381558,9.804844354937984,9.750780664968405,9.68483715075118,9.607094154300565,9.51764639348235,9.416602846614706,9.30408661969494,9.180234796413751,9.045198271139888,8.899141565078633,8.742242625828005,8.574692610577044,8.39669565321023,8.208468615601802,8.010240823402924,7.802253786643737,7.584760905490589,7.358027161516939,7.122328794864193,6.87795296768555,6.6251974142832175,6.364370078365009,6.095788737862354,5.819780617766904,5.5366819914571845,5.246837771001339,4.950601086934947,4.6483328580257615,4.3404013515498585,4.0271817346146666,3.709055617075638,3.3864105866034055,3.059639736467975,2.7291411866150135,2.395317598618151,2.0585756850977623,1.7193257142043583,1.37798100977002,1.0349574477369798,0.6906729494768451,0.3455469726177676
8.216365069756414,8.211359882154671,8.19635041739955,8.171354962211822,8.136403969703382,8.091540022274808,8.036817779735282,7.972303912708026,7.898077021402412,7.8142275398517205,7.720857625733199,7.618081035904665,7.5060229878093025,7.384820006917505,7.254619760391596,7.11558087717616,6.967872754733084,6.811675352656892,6.6471789734216395,6.474584030526701,6.294100804323781,6.105949185822685,5.9103584087880465,5.707566770453219,5.497821341191856,5.281377663500709,5.058499440660437,4.829458215453839,4.5945330393327195,4.354010132436719,4.108182534878205,3.8573497497179488,3.6018173780668405,3.3418967467579934,3.0779045290429523,2.8101623587741065,2.5389964385434345,2.2647371422548037,1.9877186126143624,1.708278354029031,1.426756821409423,1.1434970053779687,0.858844014387672,0.5731446542606224,0.2867470056585078
6.503505633943168,6.499543874029811,6.4876634210839335,6.467878749607403,6.440213964174823,6.404702770065808,6.361388432200295,6.31032372242692,6.25157085522862,6.185201411923894,6.1112962534559765,6.029945421876247,5.941248030641844,5.84531214386121,5.74225464463459,5.632201092650007,5.515285571208092,5.391650523862281,5.26144658087324,5.12483237568912,4.9819743516751345,4.833046559327944,4.678230444221972,4.517714625945871,4.351694668298647,4.180372841025277,4.003957873382181,3.8226646998328064,3.6367141981830438,3.4463329204756628,3.251752816971583,3.053210953554145,2.850949222900895,2.6452140497746037,2.4362560907926496,2.2243299290405365,2.0096937639016565,1.7926090964810455,1.5733404110066458,1.3521548525959461,1.1293219017808465,0.9051130461871306,0.6798014497686118,0.4536616199989364,0.2269690734264959
4.753698485410402,4.750802660733724,4.742118714819993,4.727657227719644,4.707435818527087,4.6814791239145555,4.64981876811611,4.61249332439839,4.56954826806502,4.521035921051967,4.467015388181305,4.407552485151117,4.342719658349184,4.2725958965882365,4.1972666348702425,4.116823650297021,4.031364950253976,3.9409946530032167,3.8458228608314644,3.7459655259073856,3.6415443090117443,3.5326864313124657,3.419524519365268,3.3021964435285946,3.1808451499898514,3.0556184866074796,2.926669022781115,2.7941538635693015,2.6582344582811377,2.5190764037751783,2.3768492427052,2.231726256958544,2.0838842565388607,1.9335033641503467,1.7807667957459774,1.6258606373070799,1.468973618126264,1.3102968808697926,1.1500237486997509,0.9883494897394972,0.8254710791695639,0.6615869592437347,0.4968967975177257,0.33160124358502535,0.165901684616264
2.9921666309448045,2.9903438838788703,2.9848778634175925,2.975775229064928,2.963047070978683,2.946708896458862,2.9267806110544146,2.9032864943113905,2.8762551701920493,2.845719572200973,2.811716903260666,2.774288590385523,2.7334802342093902,2.6893415534282274,2.6419263242255213,2.5912923147543,2.5375012147555283,2.480618560398678,2.4207136544359797,2.357859481767704,2.2921326205213037,2.2236131487527593,2.152384546883811,2.0785335959939073,2.002150272090841,1.9233276364888394,1.8421617224276825,1.7587514180710122,1.67319834602631,1.5856067395334166,1.4960833154724018,1.4047371443454517,1.3116795173912859,1.2170238109939193,1.1208853485510035,1.0233812599700254,0.9246303389635774,0.824752898317482,0.7238706233082368,0.6221064234482122,0.5195842827393644,0.41642910861782184,0.31276657977341527,0.20872299302955316,0.10442510946999159
1.2218102612612582,1.2210659674623066,1.218833992872795,1.2151170568099519,1.2099196877878198,1.2032482179999586,1.1951107756046437,1.1855172748219573,1.1744794038548376,1.1620106106488037,1.1481260865077074,1.1328427475854677,1.1161792142763416,1.0981557885288487,1.0787944291109648,1.0581187248567523,1.0361538659269953,1.0129266131188746,0.9884652652620527,0.9627996247409106,0.9359609611849348,0.9079819733714871,0.878896749387389,0.8487407250978279,0.8175506409732216,0.7853644973266115,0.7522215080161341,0.7181620526689814,0.6832276274850355,0.6474607946801452,0.6109051306306289,0.5736051727821606,0.5356063653877606,0.4969550041409717,0.45769817977168703,0.4178837206733483,0.37756013463142374,0.336776549724129,0.29558265446744814,0.25402863727731617,0.21216512532277373,0.1700431228445577,0.12771394901429067,0.08522917540997549,0.042640563183969096
-0.5492190369760336,-0.5488844675781094,-0.5478811670056122,-0.5462103576257427,-0.5438740750623619,-0.5408751657158963,-0.5372172832954384,-0.5329048843672638,-0.5279432229251922,-0.5223383439894057,-0.5160970762415217,-0.509227023704898,-0.5017365564802989,-0.49363480054822084,-0.48493162665028694,-0.47563763826327016,-0.4657641586803907,-0.45532321721562846,-0.4443275345478539,-0.4327905072226426,-0.42072619133064737,-0.40814928538241674,-0.3950751124005263,-0.38151960125083145,-0.36749926723560183,-0.3530311919721682,-0.338133002581602,-0.32282285021278706,-0.307119387928036,-0.2910417479772088,-0.2746095184880166,-0.25784271960090044,-0.2407617790775768,-0.22338750741295613,-0.20574107248076037,-0.18784397374372871,-0.1697180160598372,-0.15138528311643204,-0.13286811052466568,-0.11418905860698848,-0.09537088491087474,-0.07643651648225573,-0.05740902193244585,-0.03831158333259319,-0.019167467969895817
-2.3088430790799497,-2.3074365942590265,-2.3032188533813587,-2.296194995114512,-2.2863735769478426,-2.273766564766513,-2.2583893182729042,-2.2402605722731876,-2.2194024138518422,-2.1958402554619525,-2.169602803964045,-2.1407220256511987,-2.109233107303044,-2.0751744133160956,-2.038587438962635,-1.999516759835121,-1.9580099775376911,-1.9141176616909494,-1.8678932883206605,-1.8193931747054566,-1.7686764107629083,-1.7158047870575581,-1.660842719518648,-1.6038571709592124,-1.5449175694922215,-1.4840957239431127,-1.421465736361797,-1.357103911740739,-1.2910886650490576,-1.2235004256959727,-1.1544215395399744,-1.0839361685630524,-1.012130188332303,-0.939091083373775,-0.8649078405860479,-0.7896708408234027,-0.7134717487806859,-0.6364034013139739,-0.5585596943331935,-0.4800354684043933,-0.40092639320113793,-0.3213288509457435,-0.2413398189823866,-0.16105675162514904,-0.0805774614249428
-4.056730550657225,-4.054259300014956,-4.046848558926389,-4.034507356238003,-4.017250727804258,-3.9950996981687203,-3.9680812549488946,-3.936228315955976,-3.899579689089555,-3.858180025056181,-3.812079762969351,-3.7613350688972145,-3.706007767432874,-3.6461652663706556,-3.581880474580067,-3.5132317131775936,-3.4403026201044686,-3.3631820482267436,-3.2819639570817345,-3.1967472984028142,-3.1076358955619625,-3.014738317076976,-2.9181677443374756,-2.8180418337107804,-2.7144825731957765,-2.6076161337993202,-2.497572715816297,-2.384486390200642,-2.2684949352204984,-2.149739668596639,-2.0283652753286114,-1.9045196314183153,-1.7783536237058952,-1.650020966037366,-1.5196780119879651,-1.387483564369403,-1.2535986817531226,-1.1181864822451928,-0.9814119447520774,-0.8434417079792025,-0.7044438674073907,-0.5645877704944021,-0.42404381035114525,-0.2829832181439172,-0.14157785447559665
-5.768272502614329,-5.764758626859244,-5.754221280710324,-5.736673302300697,-5.712136071138998,-5.680639482061725,-5.642221908810991,-5.59693015728203,-5.544819408497422,-5.485953151377513,-5.420403105388952,-5.348249133165567,-5.269579143208037,-5.184488982780955,-5.093082321137662,-4.995470523215252,-4.891772513953543,-4.7821146334033795,-4.666630482800702,-4.545460761794053,-4.418753097023712,-4.286661862261377,-4.149347990329524,-4.006978777029514,-3.859727677317459,-3.7077740939760626,-3.551303159039964,-3.3905055082409006,-3.225577048747381,-3.0567187204820097,-2.8841362513071633,-2.7080399063772314,-2.5286442319629483,-2.3461677940598027,-2.1608329120990386,-1.9728653880856668,-1.7824942314935381,-1.5899513802525125,-1.3954714181678944,-1.199291289116132,-1.0016500083652429,-0.8027883713715166,-0.602948660407343,-0.4023743493775842,-0.20130980718411565
-7.443730588403982,-7.4391960688523975,-7.425598034811222,-7.402953053390322,-7.371288714011365,-7.330643594794369,-7.281067215556194,-7.222619977478292,-7.155373089517153,-7.079408481647166,-6.994818705041573,-6.901706819313109,-6.8001862669517426,-6.6903807351124955,-6.572424004921663,-6.44645978848514,-6.312641553797349,-6.17113233776415,-6.0221045475674515,-5.865739750613635,-5.702228453321637,-5.531769869020218,-5.354571675237232,-5.170849760676506,-4.980827962190743,-4.784737792070781,-4.582818155983526,-4.375315061902236,-4.162481320383639,-3.9445762365572357,-3.72186529420199,-3.4946198322951574,-3.263116714427592,-3.0276379914880933,-2.788470558027848,-2.5459058027235946,-2.3002392533654605,-2.051770216801782,-1.8008014142799167,-1.547638612626945,-1.29259025171994,-1.035967068699479,-0.7780817193843013,-0.5192483973483548,-0.25978245112431025
-9.086514196720984,-9.080978937781738,-9.06437990482438,-9.036737321213677,-8.998084865179752,-8.948469628786322,-8.887952060556294,-8.816605891824539,-8.734518046907624,-8.641788537199915,-8.538530339325108,-8.424869257491602,-8.30094377021946,-8.16690486162568,-8.022915837473262,-7.86915212620833,-7.705801065227566,-7.533061672636489,-7.3511444047765035,-7.160270899816286,-6.96067370771982,-6.752596006920079,-6.536291308043594,-6.312023145046748,-6.080064754140293,-5.840698740893096,-5.594216735920779,-5.340919039578784,-5.081114256092574,-4.81511891757095,-4.54325709836049,-4.265860020210785,-3.9832656487318148,-3.695818281634902,-3.4038681292589823,-3.1077708878932344,-2.8078873064160117,-2.5045827467777877,-2.1982267388640273,-1.889192530279832,-1.5778566316052918,-1.2645983576753226,-0.9497993654429695,-0.6338431889892013,-0.31711477224569196
-10.657049149457961,-10.650557163059942,-10.631089113351297,-10.598668719151776,-10.553335479717727,-10.495144626618357,-10.424167056444547,-10.3404892444323,-10.244213139105977,-10.135456038069716,-10.014350445098389,-9.88104390870214,-9.735698842361261,-9.578492326650418,-9.409615893493182,-9.229275292809945,-9.03769024184328,-8.8350941574664,-8.62173387180057,-8.397869331488247,-8.16377328098811,-7.9197309302779475,-7.666039607370282,-7.403008396063913,-7.130957759372966,-6.85021914909206,-6.561134601973338,-6.264056323007437,-5.959346256315856,-5.647375644177859,-5.328524574728978,-5.003181518882078,-4.671742857035453,-4.334612396144352,-3.9922008777444025,-3.6449254775263076,-3.2932092970715927,-2.9374808483683816,-2.5781735317356897,-2.2157251077917657,-1.8505771641102862,-1.483174577213898,-1.113964970560704,-0.7433981691840313,-0.37192565164989855
-12.16652599651834,-12.159114477609792,-12.136888950678282,-12.099876494104793,-12.048122201866331,-11.981689128595846,-11.900658212759888,-11.805128178047555,-11.695215413090867,-11.571053829663157,-11.43279469952821,-11.280606470138906,-11.114674559409949,-10.935201129814727,-10.74240484208143,-10.536520588788674,-10.317799208185042,-10.086507178581376,-9.842926293687935,-9.5873533192922,-9.320099631695472,-9.041490838348803,-8.751866381150515,-8.451579122888466,-8.140994917331138,-7.8204921634911795,-7.490461344604458,-7.15130455238647,-6.803434997145421,-6.447276504349154,-6.083262998259169,-5.711837973260635,-5.333453953532875,-4.9485719417183365,-4.557660857261886,-4.161196965104677,-3.7596632954287648,-3.3535490551590845,-2.9433490319403464,-2.52956299131435,-2.1126950678327456,-1.6932531508467148,-1.27174826572203,-0.848693951233366,-0.4246056338963839
-13.62313109360264,-13.614832250225101,-13.5899458309548,-13.548502156060156,-13.490551718275125,-13.41616512128156,-13.325432993689525,-13.218465878620279,-13.095394099026517,-12.95636759891391,-12.801555760657466,-12.631147198635155,-12.445349529430368,-12.244389118883113,-12.028510806298053,-11.797977606145574,-11.553070387619123,-11.294087532439441,-11.021344571322302,-10.735173799552989,-10.435923872135678,-10.123959379010993,-9.799660400859395,-9.463422046031313,-9.115653969168559,-8.756779872103223,-8.387236987642247,-8.007475546866665,-7.6179582305942795,-7.219159605674399,-6.811565546801317,-6.395672644550694,-5.971987600360533,-5.541026609193505,-5.103314730632889,-4.6593852491783485,-4.209779024520983,-3.755043832588962,-3.2957336981671164,-2.832408219902912,-2.365631888521796,-1.895973399082174,-1.4240049581080843,-0.9503015864436879,-0.47544041867892345
-14.97463892752707,-14.965516782093625,-14.938161459722336,-14.892606288659753,-14.828906770864574,-14.747140514387077,-14.64740713881565,-14.529828153905685,-14.394546811538643,-14.241727931191692,-14.0715576991306,-13.884243441570423,-13.680013372080424,-13.459116313541076,-13.221821394991613,-12.968417723737812,-12.699214033119233,-12.414538306365275,-12.114737376998042,-11.800176506269167,-11.471238938145257,-11.128325432384095,-10.771853776270719,-10.402258275607828,-10.019989225581162,-9.625512362144145,-9.219308294590348,-8.801871920005194,-8.373711820309941,-7.935349642633047,-7.487319463763533,-7.030167139460571,-6.56444963941241,-6.090734368654575,-5.609598476274241,-5.1216281522429465,-4.627417913234507,-4.127569878297852,-3.622693035267915,-3.113402498807588,-2.600318760985355,-2.084066935301259,-1.5652759950824013,-1.0445780071758188,-0.5226073618723732
