hough_viz/data/file_1_2_0.json
{"header": {"discipline": 0, "disciplineName": "Meteorological products", "gribEdition": 2, "gribLength": 133963, "center": 7, "centerName": "US National Weather Service - NCEP(WMC)", "subcenter": 0, "refTime": "2014-11-30T06:00:00.000Z", "significanceOfRT": 1, "significanceOfRTName": "Start of forecast", "productStatus": 0, "productStatusName": "Operational products", "productType": 1, "productTypeName": "Forecast products", "productDefinitionTemplate": 0, "productDefinitionTemplateName": "Analysis/forecast at horizontal level/layer at a point in time", "parameterCategory": 2, "parameterCategoryName": "Momentum", "parameterNumber": 2, "parameterNumberName": "U-component_of_wind", "parameterUnit": "m.s-1", "genProcessType": 2, "genProcessTypeName": "Forecast", "forecastTime": 6, "surface1Type": 100, "surface1TypeName": "Isobaric surface", "surface1Value": 85000, "surface2Type": 255, "surface2TypeName": "Missing", "surface2Value": 0, "gridDefinitionTemplate": 0, "gridDefinitionTemplateName": "Latitude_Longitude", "numberPoints": 65160, "shape": 6, "shapeName": "Earth spherical with radius of 6,371,229.0 m", "gridUnits": "degrees", "resolution": 48, "winds": "true", "scanMode": 0, "nx": 360, "ny": 181, "basicAngle": 0, "subDivisions": 0, "lo1": 0, "la1": 90, "lo2": 359, "la2": -90, "dx": 1, "dy": 1}, "data":
[rows 95 to 113 of 181, columns 301 to 343 of 360]
1.8199877678556173,1.872573360763496,1.9245885496856605,1.9760174902916834,2.026844516828054,2.0770541468901134,2.126631086138155,2.1755602329562223,2.2238266830522035,2.2714157339978347,2.318312889707192,2.364503864852343,2.409974589214796,2.4547112119714276,2.4987001059135734,2.5419278715980034,2.5843813414285384,2.6260475836670083,2.6669139063723986,2.706967861266934,2.7461972475279395,2.784590115504339,2.822134770356627,2.8588197756192293,2.8946339566841695,2.9295664042049547,2.9636064774196735,2.996743807392266,3.0289683001710213,3.060270139863268,3.0906397916254114,3.120068004567325,3.1485458145702694,3.176064547017449,3.2026158194363754,3.2281915440522693,3.2527839302516477,3.276385486955449,3.2989890249008633,3.3205876588312697,3.341174809593539,3.360744206142121,3.3792898874492523
1.8434032770312405,1.896665423075897,1.9493498264592741,2.0014404390017364,2.0529213933980914,2.1037770080509195,2.15399179184735,2.203550448877799,2.2524378830952445,2.300639202913644,2.3481397257440433,2.3949249824670407,2.4409807218402193,2.4862929148392143,2.5308477589310914,2.574631682278723,2.6176313478749167,2.6598336576049824,2.7012257562365543,2.7417950353354144,2.7815291371061472,2.820415958156439,2.8584436531838957,2.8956006385842255,2.9318755959797285,2.9672574756669805,3.0017354999826766,3.03529916658661,3.067938251660802,3.0996428130237503,3.130403193158939,3.160210022156594,3.1890542205678583,3.2169270021704763,3.243819876645159,3.26972465216183,3.294633437874915,3.318538646326996,3.3414329957599986,3.3633095123333057,3.3841615322480427,3.403982703776951,3.4227669891991668
1.8690640433774433,1.9230676156210107,1.9764854028396859,2.029301133458012,2.0814987192928083,2.133062260453774,2.1839760501867675,2.2342245796582256,2.2837925426792975,2.3326648403682744,2.3808265857498436,2.4282631082898085,2.4749599583638746,2.5209029116591486,2.566077973506999,2.6104713831459603,2.6540696179134136,2.6968593973646984,2.7388276873184827,2.7799617038270905,2.8202489170706184,2.859677055173642,2.898234107943348,2.935908330527948,2.972688246994287,3.008562653823514,3.0435206233237864,3.0775515069589456,3.1106449385921775,3.1427908376436178,3.173979412161015,3.2042011618024384,3.2334468807301824,3.261707660414954,3.288974892349489,3.3152402706708024,3.340495794690212,3.364733771330453,3.3879468174690373,3.4101278621872444,3.4312701489239763,3.451367237533888,3.4704130062491014
1.8975442146769934,1.9523706752500083,2.006602424802302,2.0602229438176076,2.1132158989664007,2.1655651480811837,2.217254745073561,2.2682689447915627,2.3185922078157626,2.368209205192756,2.4171048231044887,2.4652641674720845,2.5126725684927176,2.559315585108182,2.605179009403779,2.6502488709361725,2.6945114409889444,2.73795323675447,2.7805610254409316,2.8223218283031453,2.863222924596011,2.9032518554493825,2.942396427663153,2.9806447174214217,3.01798507392461,3.054406122938403,3.0898967702584543,3.1244462050897788,3.158043903339847,3.1906796308242975,3.222343446384394,3.2530257049151774,3.282717060303476,3.3114084682748133,3.3390911891483768,3.365756790499227,3.3913971497268696,3.4160044565295062,3.4395712152831046,3.462090247324654,3.483554693138845,3.503958014447556,3.5232939962014624
1.9279723427147837,1.9836779746658728,2.0387793590895584,2.0932597115703664,2.14710243686517,2.2002911339582547,2.252809601057236,2.3046418405282814,2.355772063769132,2.4061846960184834,2.4558643811001915,2.504795986100925,2.5529646059797875,2.6003555681085464,2.6469544367410522,2.6927470174104995,2.7377193612532205,2.781857769257618,2.8251487964370385,2.867579255925234,2.9091362229932094,2.949807038986227,2.989579315179748,3.0284409365531593,3.0663800654801294,3.1033851453344643,3.1394449040103645,3.174548357356014,3.208684812519476,3.2418438712058153,3.2740154328445397,3.3051896976663198,3.335357169688097,3.3645086596056597,3.392635287592776,3.4197284860060986,3.4457800019949265,3.47078190001513,3.4947265642463674,3.5176067009119616,3.5394153405006334,3.5601458398895045,3.579791884367638
1.959181976854546,2.015789360534226,2.0717827152472967,2.127144984875493,2.181859305535183,2.2359090107142587,2.289277636348934,2.34194892583885,2.393906834998983,2.4451355369468795,2.4956194269236627,2.5453431270473965,2.594291490997339,2.6424496086276577,2.6898028105092076,2.736336672397968,2.7820370196288295,2.8268899314333122,2.8708817451799833,2.913999060536217,2.956228743550067,2.997557930651002,3.037974032568267,3.0774647381656943,3.1160180181918053,3.153622128944032,3.1902656158459592,3.2259373169365,3.260626366269949,3.294322197225833,3.3270145457276286,3.3586934533692805,3.389349270448641,3.4189726589068616,3.447554595172844,3.475086372911929,3.5015596056779037,3.526966229467623,3.551298505177355,3.5745490209602115,3.5967106944838463,3.6177767750878247,3.6377408458399203
1.9909917849527234,2.048518261413504,2.1054207393674162,2.161681885768448,2.2172845629263946,2.2722118337271535,2.32644696679195,2.3799734415738656,2.4327749533901546,2.484835418388821,2.536138978447905,2.586670006006023,2.6364131088226768,2.685353134666877,2.7334751759326603,2.780764574180082,2.8272069246003406,2.8727880804035943,2.917494157128235,2.9613115368702134,3.0042268724311922,3.04622709138423,3.0872994000557687,3.1274312874227075,3.1666105289233912,3.204825190181319,3.242063630640481,3.27831450711117,3.3135667772252515,3.347809702799746,3.3810328531078095,3.413226108056013,3.444379661267039,3.4744840230667897,3.5035300233750286,3.531508814498694,3.558411873826964,3.5842310064273613,3.6089583475419733,3.632586364983161,3.655107861427917,3.6765159766102604,3.696804189410919
2.0220260497770703,2.080449210954679,2.1382386471488655,2.1953767551375485,2.2518461300995263,2.30762957091615,2.362710085410963,2.4170708955256766,2.4706954424309187,2.5235673915702312,2.5756706376357257,2.6269893094739154,2.677507774920221,2.7272106455606866,2.7760827814194347,2.824109295570441,2.871275558672259,2.9175672034242313,2.9629701289429327,3.007470505057422,3.05105477652205,3.093709667145518,3.1354221838349368,3.1761796205536412,3.2159695621915816,3.2547798883470827,3.292598777018834,3.32941470820698,3.365216467422246,3.3999931491019497,3.4337341599319657,3.4664292220735344,3.498068376294006,3.5286419850005104,3.5581407351756584,3.586555641214392,3.6138780476610637,3.6400996318459975,3.665212406420633,3.6892087217905645,3.7120812684456674,3.733823079186667,3.75442753124739
2.0519727729916983,2.111261196136284,2.1699065086682796,2.2278908466573775,2.285196547512524,2.3418061553620997,2.3977024263711666,2.452868333994098,2.507287074161023,2.5609420703965236,2.6138169788689782,2.665895693369056,2.7171623502158218,2.7676013330889684,2.8171972777857044,2.8659350769008203,2.913799884428579,2.9607771202849236,3.0068524747487384,3.052011912820711,3.0962416784985347,3.139528298967121,3.1818585887025503,3.223219653488503,3.263598894343973,3.3029840113610334,3.341363007451511,3.378724192001404,3.415056184431981,3.4503479176663867,3.484588641500802,3.5177679258790464,3.5498756640696847,3.5809020757446315,3.6108377099583255,3.6396734480265986,3.667400506304293,3.694010438860862,3.719495140053071,3.7438468469940616,3.7670581419179965,3.789121954439596,3.8100315637078226
2.079872962133275,2.1399675159641025,2.1994102149592347,2.2581829522967256,2.3162678252314404,2.3736471405483965,2.4303034199523053,2.486219405391622,2.541378064315505,2.5957625948621152,2.6493564309766136,2.7021432474573444,2.754106964928651,2.8052317547388066,2.8555020437815823,2.9049025192399482,2.9534181332505343,3.0010341074873255,3.047735937663307,3.093509397948594,3.138340545303768,3.1822157237270554,3.2251215684140817,3.2670450098289123,3.307973277685173,3.347893904835995,3.386794731071629,3.424663906823557,3.461489896774008,3.497261483369692,3.531967770238811,3.565598185510175,3.5981424850335064,3.6295907554999087,3.6599334174615485,3.6891612282496604,3.7172652847899377,3.7442370263145137,3.7700682369696343,3.794751048318303,3.8182779417370742,3.8406417507063053,3.861835662993139
2.103725112761146,2.1645088357748907,2.22463322842919,2.284079976251604,2.342830971186875,2.4008683171128067,2.458174335291612,2.514731569755021,2.570522792621528,2.6255310093441895,2.6797394638873135,2.733131643830519,2.785691285398573,2.8374023784154976,2.8882491711814255,2.9382161752707106,2.9872881702498706,3.035450208313861,3.082687618839332,3.128986012853439,3.174331287416863,3.218709629919702,3.2621075222889298,3.3045117451061206,3.345909381634228,3.3862878217521377,3.4256347657958366,3.4639382283050018,3.5011865416739054,3.537368359705458,3.5724726610673887,3.6064887526494376,3.639406272820588,3.671215194585319,3.701905828637916,3.7314688263139457,3.759895182437927,3.7871762380664182,3.813303683125593,3.838269558942586,3.862066260669772,3.884686539601284,3.906123505381029
2.124374038474036,2.1857543786852704,2.2464689169388787,2.3064991589983546,2.365826819070443,2.4244338253751607,2.4823023256506516,2.5394146925911496,2.595753529216419,2.6513016741710596,2.706042206952012,2.759958453062707,2.813033989092281,2.8652526477183065,2.9165985226315136,2.967055973381,3.0166096301384804,3.065244398380064,3.112945463484212,3.1596982952444033,3.2054886522951787,3.250302586450198,3.2941264469509997,3.336946884625138,3.37875085595249,3.419525627038424,3.4592587774926744,3.497938204212705,3.535552125070449,3.5720890825012317,3.607537946993881,3.6418879204808707,3.6751285396275213,3.7072496790192337,3.7382415542457785,3.768094724881746,3.796800097362156,3.824348927752485,3.8507328244121193,3.8759437505505527,3.899974026675456,3.922816332931939,3.944463711332235
2.140143236826276,2.2019792024321863,2.2631444238419838,2.3236202695367068,2.383388317987917,2.4424303632690636,2.5007284206012046,2.5582647318313327,2.615021770841676,2.6709822488883352,2.726129119867598,2.7804455855083425,2.8339151004889604,2.886521377477217,2.9382483920915377,2.989080387782171,3.0390018806308188,3.08799766406715,3.136052813500902,3.183152690868036,3.2292829490896393,3.274429536442183,3.3185787008378167,3.3617169940133804,3.403831275626884,3.444908717260177,3.4849368063266146,3.5239033498825,3.561796478341197,3.598604649088693,3.634316649999611,3.6689216028525227,3.7024089666435636,3.7347685407973246,3.7659904682740404,3.7960652385721554,3.8249836906252876,3.85273701559281,3.8793167595430793,3.9047148260286084,3.928923478552303,3.9519353429240986,3.9737434095071813
2.1482924840714346,2.2103639089511415,2.2717620355719066,2.3324681614695835,2.392463794970153,2.4517306608224536,2.5102507057650207,2.56800610402527,2.6249792627493966,2.6811528273613434,2.7365096868491667,2.7910329789772104,2.8447060954225143,2.897512686833865,2.949436667811975,3.0004622218092307,3.050573805947596,3.099756155753095,3.1479942898055397,3.195273514302005,3.2415794275327037,3.28689792426789,3.3312152000544524,3.3745177554208694,3.4167923999892977,3.4580262564934774,3.4982067647012793,3.5373216852406597,3.575359103327916,3.6123074323970137,3.648155417628998,3.6828921393802947,3.7165070165089595,3.748989809597786,3.780330624073325,3.8105199132198906,3.8395484810875495,3.8674074852933322,3.894088439714675,3.9195832170744,3.943884051416347,3.966983540470973,3.988874647910137
2.1510523519814577,2.213203518765457,2.2746805223178557,2.3354646361478317,2.395537344825486,2.4548803496218126,2.5134755740826837,2.5713051695351083,2.628351520524096,2.68459725017852,2.7400252255042616,2.7946185626030946,2.84836063181568,2.9012350627871264,2.953225749453556,3.004316854948158,3.0544928164252747,3.103738349800969,3.152038454408726,3.199378417568788,3.245743819069783,3.291120535561264,3.335494744855814,3.378852930139417,3.421181884088815,3.462468712894586,3.5027008401887247,3.5418660108755122,3.5799522948645657,3.616948090704823,3.6528421291184925,3.687623476433754,3.721281537915283,3.7538060609914994,3.7851871383776006,3.8154152110934234,3.8444810713751862,3.8723758654802882,3.8990910963842156,3.9246186263688414,3.948950679501239,3.9720798440023186,3.9939990745045137
2.146156309822479,2.2081660134140444,2.2695030882469385,2.3301488504539827,2.3900848267485233,2.4492927600515606,2.507754615053055,2.565452583705643,2.622369090649134,2.678486798564154,2.733788613453246,2.7882576898478755,2.8418774359397188,2.8946315186346903,2.946503868528163,2.997478684799855,3.047540440026932,3.0966738849137867,3.144864052937143,3.1920962649049938,3.2383561334280224,3.2836295673021496,3.327902775800844,3.3711622728759094,3.4133948812654746,3.4545877365079076,3.494728290860459,3.533804317121418,3.5718039123546546,3.6087155015153436,3.6445278409758615,3.679230021950683,3.712811473819317,3.745261967346213,3.776571617796687,3.8067308879479103,3.835730590994033,3.863561893344585,3.890216317315258,3.915685743710307,3.93996241429572,3.9630389341624674,3.984908273979048
2.130044835097461,2.1915890237740365,2.2524656332035695,2.3126561197811055,2.372142148901356,2.43090560054359,2.4889285747911885,2.5461933972841164,2.6026826246026986,2.6583790495810735,2.713265706548651,2.7673258764980178,2.820543092177716,2.8729011431083222,2.9243840805203227,2.9749762222122493,3.02466215732765,3.073426751049366,3.1212551492097598,3.1681327828154258,3.214045372485055,3.2589789327990695,3.3029197765597162,3.3458545189603197,3.387770081662427,3.4286536967795938,3.4684929107666096,3.507275588212957,3.5449899155393974,3.5816244045964725,3.617167896163936,3.6516095633499344,3.6849389148889995,3.717145798337786,3.7482204031675956,3.7781532637527775,3.806935262254025,3.834557631395782,3.8610119571368218,3.886290181233255,3.9103846036931458,3.933287885122005,3.9549930489584435
2.1064648393342473,2.167327722301041,2.227530416248245,2.2870545828520896,2.345882090474804,2.4039950196876876,2.4613756687295507,2.518006558898841,2.573870439877811,2.6289502949871504,2.683229346369424,2.7366910600997665,2.7893191512222817,2.841097588710593,2.8920106003510555,2.9420426775471125,2.991178580043384,3.0394033405679735,3.086702269391665,3.1330609588025444,3.178465287494729,3.222901424869858,3.266355835250027,3.3088152820008765,3.3502668315636157,3.390697857394697,3.43009604381199,3.468449389746248,3.505746212396769,3.541975150790066,3.5771251692405497,3.6111855607120926,3.644145950079501,3.6759962972888833,3.706726900415933,3.7363283986212488,3.7647917750017155,3.7921083593371625,3.818269830731375,3.843268220146739,3.867095912831668,3.8897456506401515,3.911210534242638
2.072734157771377,2.1326224474356774,2.191861119643311,2.250432129720866,2.308317636371286,2.3655000071084884,2.421961823628413,2.4776858871147924,2.5326552234780713,2.5868530885258965,2.6402629730635487,2.6928686079228035,2.744653968917681,2.795603281725567,2.845701026692225,2.8949319435592233,2.9432810361123822,2.9907335767497347,3.0372751109677223,3.0828914617641647,3.1275687339567138,3.171293318415461,3.2140518962084124,3.255831442658557,3.29661923131132,3.3364028378111588,3.3751701436861414,3.412909340039347,3.4496089311459843,3.485257737955081,3.519844901494749,3.553359886179916,3.585792483021582,3.6171328127365707,3.647371328756844,3.6764988201375015,3.7045064143624975,3.731385580047323,3.757128129537721,3.781726221403746,3.805172362828323,3.8274594118896537,3.8485805797366908
