hough_viz/data/file_5_3_0.json
{"header": {"discipline": 0, "disciplineName": "Meteorological products", "gribEdition": 2, "gribLength": 133963, "center": 7, "centerName": "US National Weather Service - NCEP(WMC)", "subcenter": 0, "refTime": "2014-11-30T06:00:00.000Z", "significanceOfRT": 1, "significanceOfRTName": "Start of forecast", "productStatus": 0, "productStatusName": "Operational products", "productType": 1, "productTypeName": "Forecast products", "productDefinitionTemplate": 0, "productDefinitionTemplateName": "Analysis/forecast at horizontal level/layer at a point in time", "parameterCategory": 2, "parameterCategoryName": "Momentum", "parameterNumber": 2, "parameterNumberName": "U-component_of_wind", "parameterUnit": "m.s-1", "genProcessType": 2, "genProcessTypeName": "Forecast", "forecastTime": 6, "surface1Type": 100, "surface1TypeName": "Isobaric surface", "surface1Value": 85000, "surface2Type": 255, "surface2TypeName": "Missing", "surface2Value": 0, "gridDefinitionTemplate": 0, "gridDefinitionTemplateName": "Latitude_Longitude", "numberPoints": 65160, "shape": 6, "shapeName": "Earth spherical with radius of 6,371,229.0 m", "gridUnits": "degrees", "resolution": 48, "winds": "true", "scanMode": 0, "nx": 360, "ny": 181, "basicAngle": 0, "subDivisions": 0, "lo1": 0, "la1": 90, "lo2": 359, "la2": -90, "dx": 1, "dy": 1}, "data":
[rows 140 to 159 of 181, columns 180 to 224 of 360]
-29.241072185287283,-29.12980107750121,-28.796834594460556,-28.244706812151914,-27.47761975638255,-26.501411422826646,-25.323511346353357,-23.952884057780047,-22.399960858380258,-20.676560431382047,-18.7957988946524,-16.771989979120775,-14.620536092643688,-12.357811098380429,-10.001035699808238,-7.568146380769946,-5.077658898002365,-2.5485273650466183,3.224708656728967e-14,2.5485273650465783,5.077658898002226,7.568146380769906,10.001035699808103,12.357811098380397,14.620536092643654,16.771989979120743,18.795798894652375,20.676560431381944,22.399960858380236,23.95288405778002,25.323511346353335,26.50141142282663,27.47761975638253,28.244706812151893,28.79683459446055,29.129801077501206,29.241072185287283,29.1298010775012,28.796834594460556,28.24470681215193,27.47761975638255,26.501411422826646,25.323511346353307,23.95288405778005,22.399960858380258
-28.60878352773365,-28.499918469182738,-28.174151822360056,-27.633962868151226,-26.883462770672775,-25.928363288830848,-24.775933306387152,-23.434943511364253,-21.91559964581415,-20.22946483395853,-18.38937157983159,-16.40932410417598,-14.304391763866871,-12.090594365006755,-9.78478024252855,-7.40449803419276,-4.967863124858707,-2.493419777466612,3.1549797940304706e-14,2.4934197774665727,4.96786312485857,7.404498034192722,9.784780242528418,12.090594365006721,14.304391763866837,16.409324104175944,18.389371579831565,20.22946483395843,21.915599645814122,23.434943511364224,24.775933306387135,25.92836328883083,26.883462770672757,27.633962868151198,28.174151822360052,28.499918469182735,28.60878352773365,28.49991846918273,28.174151822360056,27.633962868151237,26.883462770672775,25.928363288830848,24.775933306387103,23.434943511364253,21.91559964581415
-27.86458100040936,-27.758547857155797,-27.44125540363981,-26.91511842701909,-26.184141147375907,-25.253886743184488,-24.131435012163724,-22.825328489741523,-21.345507435202272,-19.703234180311355,-17.911007416170126,-15.982467070629868,-13.932290500204722,-11.776080786525926,-9.53024798746977,-7.211884246707804,-4.838633712173717,-2.4285582534429775,3.072909057464603e-14,2.4285582534429397,4.838633712173584,7.211884246707766,9.53024798746964,11.776080786525895,13.93229050020469,15.982467070629834,17.911007416170097,19.703234180311256,21.345507435202247,22.825328489741494,24.13143501216371,25.253886743184466,26.184141147375897,26.915118427019067,27.441255403639804,27.758547857155797,27.86458100040936,27.758547857155794,27.44125540363981,26.915118427019102,26.184141147375907,25.253886743184488,24.13143501216369,22.825328489741523,21.345507435202272
-27.00336807584404,-26.900612107775743,-26.593126238533564,-26.083250621247515,-25.37486571723643,-24.473362763354327,-23.38560274142267,-22.119864162015737,-20.685780059996763,-19.09426468130572,-17.357430418957627,-15.48849563041823,-13.501684037922063,-11.412116477357506,-9.23569581957602,-6.988985939941858,-4.68908565723974,-2.353498601338604,2.9779344014213814e-14,2.3534986013385675,4.689085657239611,6.98898593994182,9.235695819575893,11.412116477357475,13.50168403792203,15.488495630418196,17.357430418957602,19.09426468130562,20.685780059996738,22.119864162015716,23.385602741422655,24.47336276335431,25.374865717236418,26.083250621247487,26.59312623853356,26.900612107775736,27.00336807584404,26.900612107775732,26.593126238533564,26.083250621247522,25.37486571723643,24.473362763354327,23.385602741422627,22.119864162015737,20.685780059996763
-25.96044919943033,-25.861661852552604,-25.566051643278563,-25.075868343795133,-24.394842544992134,-23.528157264413064,-22.48240850036207,-21.265555032373868,-19.88685785009615,-18.356809671566126,-16.68705508729069,-14.890301937881617,-12.980224599715207,-10.97135991467098,-8.878996555987953,-6.7190586722290675,-4.507984694896054,-2.262602232039213,2.862921193023042e-14,2.2626022320391783,4.50798469489593,6.719058672229033,8.878996555987834,10.97135991467095,12.980224599715175,14.890301937881588,16.68705508729066,18.356809671566033,19.886857850096128,21.265555032373847,22.482408500362062,23.528157264413053,24.394842544992127,25.075868343795108,25.566051643278556,25.861661852552597,25.96044919943033,25.861661852552594,25.566051643278563,25.07586834379514,24.394842544992134,23.528157264413064,22.482408500362034,21.26555503237387,19.88685785009615
-24.839668644924114,-24.745146206429183,-24.46229826377552,-23.993277460594996,-23.341653328402302,-22.512385120304828,-21.51178406809208,-20.347465349950753,-19.02829013436086,-17.564298141252763,-15.966631233676486,-14.24744862149639,-12.419834322462098,-10.497697584932787,-8.495667030099114,-6.428979319342295,-4.313363194041516,-2.164919770354091,2.7393213902008954e-14,2.1649197703540577,4.313363194041397,6.428979319342262,8.495667030099,10.497697584932759,12.41983432246207,14.247448621496362,15.966631233676456,17.564298141252674,19.028290134360837,20.34746534995074,21.511784068092066,22.512385120304817,23.34165332840229,23.993277460594975,24.46229826377552,24.745146206429183,24.839668644924114,24.745146206429173,24.46229826377552,23.993277460595007,23.341653328402302,22.512385120304828,21.51178406809204,20.347465349950756,19.02829013436086
-23.639616262265665,-23.549660385392468,-23.280477373312703,-22.834115871285462,-22.213972959861614,-21.42476830104959,-20.472508218837817,-19.36443998744221,-18.10899667517366,-16.715732963695896,-15.195252431128822,-13.559126852416576,-11.819808131132868,-9.99053353297589,-8.085224942183956,-6.11838290758963,-4.104976284688017,-2.0603283136073967,2.6069794814512547e-14,2.0603283136073642,4.104976284687902,6.118382907589597,8.08522494218385,9.99053353297586,11.819808131132843,13.55912685241655,15.195252431128798,16.715732963695807,18.10899667517364,19.364439987442193,20.4725082188378,21.42476830104958,22.213972959861604,22.834115871285448,23.280477373312696,23.549660385392464,23.639616262265665,23.549660385392457,23.280477373312703,22.834115871285473,22.213972959861614,21.42476830104959,20.472508218837785,19.36443998744221,18.10899667517366
-22.326847324849528,-22.241886930118973,-21.987652345831695,-21.566078450685154,-20.980373676574704,-20.23499559048952,-19.33561696973634,-18.289082628678692,-17.10335732556682,-15.78746514591788,-14.35142082377636,-12.806153523541077,-11.163423662424798,-9.435733406577896,-7.6362315220554,-5.778613304767333,-3.877016351007948,-1.945912961810838,2.4622071786455898e-14,1.9459129618108078,3.8770163510078413,5.778613304767301,7.636231522055297,9.435733406577869,11.163423662424773,12.806153523541054,14.351420823776335,15.7874651459178,17.103357325566805,18.289082628678674,19.33561696973632,20.234995590489504,20.980373676574697,21.56607845068514,21.98765234583169,22.24188693011897,22.326847324849528,22.241886930118962,21.987652345831695,21.566078450685165,20.980373676574704,20.23499559048952,19.335616969736304,18.289082628678695,17.10335732556682
-20.974779432878876,-20.89496406467773,-20.656125403220123,-20.26008115493449,-19.709845455688328,-19.009605931394283,-18.16469182764848,-17.18153345095343,-16.067613230203108,-14.831408770880829,-13.482328335362627,-12.030639240359879,-10.487389716439468,-8.864324824317848,-7.173797067857563,-5.42867238405371,-3.642232225485274,-1.8280724804408748,2.3131009828092826e-14,1.8280724804408466,3.6422322254851727,5.428672384053682,7.173797067857465,8.864324824317821,10.487389716439447,12.030639240359855,13.482328335362606,14.831408770880756,16.067613230203094,17.181533450953406,18.164691827648465,19.009605931394276,19.70984545568832,20.260081154934472,20.65612540322012,20.894964064677726,20.974779432878876,20.894964064677723,20.656125403220123,20.2600811549345,19.709845455688328,19.009605931394283,18.164691827648447,17.18153345095343,16.067613230203108
-19.58376244370575,-19.509240315107924,-19.286241087710735,-18.916461920285307,-18.402717055574513,-17.74891640220641,-16.960035777928812,-16.042079040631545,-15.00203239536295,-13.847811225090819,-12.588199849858668,-11.232784672806199,-9.791881221852906,-8.276455642301721,-6.698041237852128,-5.068650695194539,-3.400684660211618,-1.7068373615748795,2.1596994762495958e-14,1.706837361574853,3.4006846602115237,5.0686506951945125,6.698041237852037,8.276455642301698,9.791881221852885,11.232784672806176,12.588199849858647,13.847811225090751,15.002032395362932,16.042079040631528,16.960035777928802,17.748916402206405,18.402717055574506,18.91646192028529,19.28624108771073,19.509240315107924,19.58376244370575,19.509240315107917,19.286241087710735,18.916461920285315,18.402717055574513,17.74891640220641,16.96003577792878,16.04207904063155,15.00203239536295
-18.154088444827416,-18.085006657425698,-17.878287049335377,-17.53550288159475,-17.059262948699054,-16.453191724099145,-15.721901775770084,-14.870958661783536,-13.906838573050507,-12.836879045597852,-11.66922311748866,-10.41275735538581,-9.077044222413736,-7.672249302039881,-6.2090639318467735,-4.698623835996944,-3.152424375648598,-1.5822330623156224,2.0020348704078515e-14,1.5822330623155976,3.152424375648511,4.69862383599692,6.209063931846689,7.67224930203986,9.077044222413713,10.412757355385791,11.669223117488642,12.836879045597788,13.906838573050493,14.87095866178352,15.721901775770071,16.453191724099135,17.059262948699047,17.535502881594738,17.878287049335373,18.085006657425694,18.154088444827416,18.08500665742569,17.878287049335377,17.53550288159476,17.059262948699054,16.453191724099145,15.721901775770053,14.870958661783536,13.906838573050507
-16.72287375229417,-16.659238168893072,-16.468815723903656,-16.15305564711252,-15.71436106336519,-15.156070703335006,-14.482433493766758,-13.698576220578488,-12.81046451092518,-11.824857431173774,-10.749256046326959,-9.591846332389334,-8.36143687614711,-7.067391836503731,-5.719559677576747,-4.328198215938792,-2.903896552440061,-1.4574944827565255,1.8442003567003893e-14,1.4574944827565026,2.903896552439981,4.328198215938769,5.71955967757667,7.067391836503713,8.361436876147092,9.591846332389318,10.749256046326943,11.82485743117371,12.810464510925163,13.698576220578477,14.482433493766747,15.156070703334997,15.714361063365184,16.153055647112506,16.468815723903653,16.65923816889307,16.72287375229417,16.659238168893065,16.468815723903656,16.15305564711253,15.71436106336519,15.156070703335006,14.48243349376673,13.69857622057849,12.81046451092518
-15.290544546913976,-15.232359408571355,-15.058246817579429,-14.769531875887695,-14.368411878533282,-13.857939590898917,-13.24200001532513,-12.525280823896477,-11.713236682426658,-10.812047737157894,-9.828572580116402,-8.770296051085838,-7.645272273457013,-6.462063357485516,-5.22967423746307,-3.9574841387298374,-2.655175196106665,-1.3326587670024508,1.6862429343935824e-14,1.33265876700243,2.6551751961065913,3.9574841387298165,5.229674237463,6.4620633574854995,7.645272273456996,8.770296051085822,9.828572580116386,10.812047737157839,11.713236682426645,12.525280823896463,13.24200001532512,13.857939590898908,14.368411878533275,14.769531875887681,15.058246817579422,15.232359408571355,15.290544546913976,15.232359408571352,15.058246817579429,14.7695318758877,14.368411878533282,13.857939590898917,13.242000015325106,12.525280823896479,11.713236682426658
-13.888343057771264,-13.835493719431037,-13.677347919786419,-13.415109243863757,-13.05077348633086,-12.587113462294491,-12.027657904503172,-11.376664607560153,-10.639088023535725,-9.820541555595204,-8.92725483661145,-7.9660263178972315,-6.944171528885654,-5.869467401533804,-4.7500930831750106,-3.594567688268587,-2.411685462795174,-1.2104488547343446,1.5316079999471003e-14,1.2104488547343255,2.411685462795107,3.5945676882685675,4.750093083174946,5.869467401533788,6.944171528885638,7.966026317897217,8.927254836611436,9.820541555595154,10.639088023535713,11.376664607560143,12.027657904503162,12.587113462294482,13.050773486330852,13.415109243863744,13.677347919786417,13.835493719431035,13.888343057771264,13.835493719431032,13.677347919786419,13.415109243863762,13.05077348633086,12.587113462294491,12.027657904503148,11.376664607560157,10.639088023535725
-12.517024218787087,-12.469393162641671,-12.326862495303102,-12.090516961212197,-11.76215529259273,-11.344276520013073,-10.840060953254694,-10.253345977234257,-9.588596847187528,-8.850872705380626,-8.045788077982689,-7.179470145131633,-6.258512109393563,-5.289923017510037,-4.28107441732045,-3.2396442558316045,-2.1735584454052375,-1.0909305427788216,1.3803788075567889e-14,1.0909305427788045,2.1735584454051775,3.239644255831588,4.281074417320394,5.289923017510023,6.25851210939355,7.179470145131619,8.045788077982676,8.850872705380581,9.588596847187516,10.25334597723425,10.840060953254683,11.344276520013064,11.762155292592723,12.09051696121219,12.3268624953031,12.46939316264167,12.517024218787087,12.46939316264167,12.326862495303102,12.090516961212204,11.76215529259273,11.344276520013073,10.840060953254673,10.25334597723426,9.588596847187528
-11.176581062790643,-11.13405079754465,-11.00678368280565,-10.79574829816281,-10.502550750319896,-10.129422449653514,-9.679203127832784,-9.155319225746586,-8.561757816219584,-7.903036259980442,-7.184167825819052,-6.410623536584044,-5.58829053139534,-4.723427260960602,-3.822615856986632,-2.892712038182395,-1.9407929341003436,-0.9741032239069356,1.2325545888822865e-14,0.9741032239069204,1.9407929341002899,2.89271203818238,3.8226158569865807,4.723427260960589,5.588290531395327,6.410623536584031,7.184167825819041,7.9030362599804,8.561757816219574,9.155319225746576,9.679203127832775,10.129422449653507,10.502550750319891,10.795748298162797,11.006783682805647,11.134050797544647,11.176581062790643,11.134050797544646,11.00678368280565,10.795748298162813,10.502550750319896,10.129422449653514,9.679203127832766,9.155319225746588,8.561757816219584
-9.919204147540425,-9.881458581069424,-9.768509148208661,-9.58121546234294,-9.321002941512717,-8.989851960122119,-8.59028277709398,-8.12533635517758,-7.59855121738607,-7.013936516699585,-6.375941523990328,-5.689421766384751,-4.959602073770227,-4.192036814684672,-3.3925676242183624,-2.567278945643379,-1.7224517241266735,-0.8645156049445427,1.0938909243734771e-14,0.8645156049445293,1.7224517241266262,2.5672789456433662,3.3925676242183163,4.192036814684659,4.959602073770216,5.68942176638474,6.375941523990319,7.013936516699549,7.598551217386062,8.125336355177575,8.590282777093972,8.989851960122113,9.321002941512713,9.581215462342932,9.76850914820866,9.881458581069422,9.919204147540425,9.88145858106942,9.768509148208661,9.581215462342943,9.321002941512717,8.989851960122119,8.590282777093964,8.125336355177582,7.59855121738607
-8.717212187997179,-8.684040563823537,-8.584778147392138,-8.420180385628315,-8.191499966885935,-7.900477287232634,-7.549327204984891,-7.140722184298803,-6.677771956104276,-6.163999851174847,-5.603315985453086,-4.999987501707327,-4.358606093998603,-3.684053062116208,-2.9814621619390778,-2.2561805344534887,-1.5137280107816837,-0.7597551029338376,9.613351188716538e-15,0.7597551029338258,1.513728010781642,2.256180534453477,2.981462161939038,3.6840530621161975,4.358606093998593,4.9999875017073165,5.603315985453076,6.163999851174815,6.677771956104268,7.140722184298795,7.549327204984887,7.900477287232629,8.19149996688593,8.420180385628308,8.584778147392136,8.684040563823535,8.717212187997179,8.684040563823533,8.584778147392138,8.420180385628319,8.191499966885935,7.900477287232634,7.549327204984878,7.140722184298804,6.677771956104276
-7.568820635816143,-7.540018988207438,-7.4538332433105285,-7.310919326684461,-7.11236489952854,-6.859681080923856,-6.554790947304673,-6.200014896685499,-5.798052989031213,-5.35196439717029,-4.865144124642422,-4.341297167671682,-3.784410317908084,-3.198721820535755,-2.588689118668131,-1.958954929514191,-1.3143119104973473,-0.6596661842383627,8.346903721890787e-15,0.6596661842383524,1.3143119104973104,1.9589549295141815,2.5886891186680963,3.198721820535746,3.784410317908076,4.341297167671673,4.865144124642414,5.351964397170263,5.798052989031209,6.200014896685492,6.554790947304668,6.859681080923851,7.1123648995285365,7.310919326684456,7.453833243310528,7.540018988207437,7.568820635816143,7.540018988207437,7.4538332433105285,7.310919326684465,7.11236489952854,6.859681080923856,6.554790947304658,6.2000148966855,5.798052989031213
-6.535754365724865,-6.510883847165092,-6.436461571149235,-6.313053936135177,-6.1416001487409435,-5.923405075815225,-5.660129313612788,-5.353776549654225,-5.00667831345414,-4.6214762321736504,-4.201101926242658,-3.74875469795826,-3.267877182862443,-2.762129149206831,-2.235359644906596,-1.6915777039615434,-1.1349218352868213,-0.569628526161004,7.207637102996347e-15,0.569628526160995,1.1349218352867902,1.6915777039615345,2.2353596449065662,2.7621291492068236,3.267877182862436,3.748754697958252,4.201101926242652,4.621476232173627,5.006678313454135,5.35377654965422,5.660129313612783,5.9234050758152215,6.141600148740941,6.313053936135171,6.436461571149234,6.510883847165092,6.535754365724865,6.51088384716509,6.436461571149235,6.313053936135182,6.1416001487409435,5.923405075815225,5.660129313612777,5.353776549654226,5.00667831345414
