hough_viz/data/file_4_2_1.json
{"header": {"discipline": 0, "disciplineName": "Meteorological products", "gribEdition": 2, "gribLength": 133963, "center": 7, "centerName": "US National Weather Service - NCEP(WMC)", "subcenter": 0, "refTime": "2014-11-30T06:00:00.000Z", "significanceOfRT": 1, "significanceOfRTName": "Start of forecast", "productStatus": 0, "productStatusName": "Operational products", "productType": 1, "productTypeName": "Forecast products", "productDefinitionTemplate": 0, "productDefinitionTemplateName": "Analysis/forecast at horizontal level/layer at a point in time", "parameterCategory": 2, "parameterCategoryName": "Momentum", "parameterNumber": 3, "parameterNumberName": "V-component_of_wind", "parameterUnit": "m.s-1", "genProcessType": 2, "genProcessTypeName": "Forecast", "forecastTime": 6, "surface1Type": 100, "surface1TypeName": "Isobaric surface", "surface1Value": 85000, "surface2Type": 255, "surface2TypeName": "Missing", "surface2Value": 0, "gridDefinitionTemplate": 0, "gridDefinitionTemplateName": "Latitude_Longitude", "numberPoints": 65160, "shape": 6, "shapeName": "Earth spherical with radius of 6,371,229.0 m", "gridUnits": "degrees", "resolution": 48, "winds": "true", "scanMode": 0, "nx": 360, "ny": 181, "basicAngle": 0, "subDivisions": 0, "lo1": 0, "la1": 90, "lo2": 359, "la2": -90, "dx": 1, "dy": 1}, "data":
[rows 133 to 151 of 181, columns 86 to 128 of 360]
-8.189467065247939,-6.177268459803751,-4.134974823360253,-2.072536005223533,-7.277101174078243e-15,2.0725360052235446,4.134974823360212,6.17726845980371,8.189467065247925,10.161767410352578,12.084560646091251,13.94847911709799,15.744441999942442,17.463699543988966,19.097875699302076,20.63900892391996,22.079590971686407,23.412603471671545,24.63155212096938,25.7304983242888,26.70408812619292,27.54757829503179,28.25685943149016,28.828475989167874,29.259643109654647,29.548260190080217,29.692921117040445,29.692921117040445,29.54826019008022,29.259643109654647,28.82847598916788,28.256859431490163,27.547578295031812,26.70408812619293,25.730498324288813,24.631552120969378,23.412603471671574,22.07959097168642,20.63900892391997,19.09787569930211,17.46369954398896,15.744441999942428,13.948479117098005
-8.109942201763948,-6.117283307283332,-4.094821623436796,-2.052410380250882,-7.206435955839129e-15,2.052410380250893,4.094821623436755,6.11728330728329,8.109942201763934,10.063090273046098,11.967211980056252,13.813030633239542,15.59155358965867,17.294116064246488,18.912423343767724,20.43859119782829,21.86518429005302,23.18525240229727,24.392364295410967,25.480639041589292,26.44477467566186,27.280074025734063,27.98246759733635,28.548533399592213,28.975513616813814,29.261328044302736,29.40458422289823,29.40458422289823,29.26132804430274,28.975513616813817,28.548533399592216,27.982467597336353,27.28007402573408,26.444774675661865,25.480639041589303,24.392364295410964,23.1852524022973,21.86518429005303,20.4385911978283,18.912423343767756,17.29411606424648,15.591553589658663,13.813030633239556
-7.991260833184347,-6.027762625528088,-4.034897764268834,-2.0223752866885416,-7.100976550513873e-15,2.0223752866885527,4.034897764268794,6.027762625528048,7.991260833184335,9.915826421340054,11.792083099906362,13.610889934946004,15.363385882384456,17.041032958126102,18.635657834254364,20.139491658663925,21.545207904127086,22.845958062398083,24.035405009456763,25.107753879339818,26.05778029614531,26.880855826666917,27.57297052965517,28.13075249184825,28.551484255594406,28.833116058032463,28.97427581733048,28.97427581733048,28.833116058032466,28.55148425559441,28.130752491848256,27.572970529655176,26.880855826666927,26.057780296145317,25.10775387933983,24.035405009456756,22.84595806239811,21.545207904127096,20.139491658663943,18.635657834254392,17.041032958126095,15.36338588238445,13.610889934946018
-7.852931399573249,-5.9234215199957845,-3.965053326193148,-1.9873677911510403,-6.978058016777708e-15,1.9873677911510519,3.9650533261931082,5.923421519995746,7.852931399573235,9.744182586745886,11.587961095837693,13.375284223288382,15.097444310482075,16.746051166584916,18.31307294471129,19.790875272274707,21.172258444883408,22.450492502576637,23.619350017512943,24.673136433372665,25.60671780866399,26.415545828769776,27.095679964879192,27.643806671847933,28.05725553145717,28.334012262422608,28.472728533770475,28.472728533770475,28.33401226242261,28.057255531457173,27.643806671847937,27.095679964879196,26.415545828769805,25.60671780866399,24.673136433372672,23.61935001751293,22.45049250257666,21.172258444883422,19.790875272274725,18.31307294471132,16.746051166584905,15.097444310482066,13.375284223288396
-7.693141284525308,-5.802892744434468,-3.884373094197481,-1.9469291687013581,-6.836069676809182e-15,1.946929168701369,3.884373094197443,5.802892744434429,7.693141284525295,9.545909613589787,11.352171230568324,13.103126210427817,14.790244076511746,16.40530536016507,17.940441645159154,19.38817390182493,20.741448924133422,21.99367369220671,23.138747492847934,24.17109164160275,25.085676661549297,25.87804678640419,26.54434166856789,27.081315186350214,27.48635125874894,27.75747659073339,27.893370286939586,27.893370286939586,27.757476590733393,27.48635125874894,27.081315186350217,26.544341668567895,25.878046786404205,25.0856766615493,24.171091641602757,23.138747492847926,21.99367369220674,20.741448924133433,19.388173901824942,17.940441645159183,16.40530536016506,14.790244076511742,13.103126210427835
-7.50082167681047,-5.657827157446515,-3.787268272894277,-1.8982581980113507,-6.6651758650446976e-15,1.8982581980113609,3.7872682728942393,5.657827157446478,7.5008216768104585,9.30727294694495,11.06838011884571,12.775563255397158,14.42050513196343,15.995191757070916,17.491951415768956,18.903492045454197,20.222936762066343,21.443857363576225,22.560305647539774,23.566842390142487,24.45856384555113,25.231125636470495,25.880763919512862,26.404313722264646,26.799224362713904,27.063571875916626,27.19606838736061,27.19606838736061,27.063571875916626,26.799224362713904,26.404313722264654,25.880763919512873,25.231125636470516,24.458563845551136,23.566842390142494,22.56030564753977,21.44385736357625,20.222936762066357,18.90349204545421,17.491951415768987,15.995191757070906,14.420505131963427,12.775563255397172
-7.293052986294306,-5.501108415111433,-3.6823629966996223,-1.8456774759177008,-6.480554110094628e-15,1.845677475917711,3.6823629966995846,5.501108415111398,7.293052986294293,9.049466536423061,10.761791995235551,12.421687085218826,14.021064964346532,15.552133624360483,17.007433852651516,18.37987557279372,19.66277238668389,20.849874150001124,21.935397422281586,22.914053643259113,23.781074898199293,24.53223714670074,25.163880801795322,25.672928559088003,26.05690038907457,26.31392561959603,26.44275204956537,26.44275204956537,26.313925619596034,26.056900389074574,25.672928559088007,25.163880801795326,24.53223714670076,23.781074898199297,22.914053643259127,21.93539742228158,20.84987415000115,19.662772386683898,18.379875572793733,17.007433852651545,15.552133624360472,14.021064964346522,12.421687085218839
-7.068835242236327,-5.331982245183335,-3.5691523666007874,-1.788933936458081,-6.281315845194897e-15,1.7889339364580907,3.5691523666007514,5.3319822451832986,7.068835242236315,8.771249584545968,10.430931280562614,12.039794527893934,13.590001106521262,15.073998565819771,16.484557019338606,17.814804368081123,19.0582597806802,20.2088652673574,21.26101519384008,22.209583591448126,23.049949130298167,23.778017633958182,24.390242025863532,24.88363961031743,25.25580660388457,25.504929846382385,25.62979563441521,25.62979563441521,25.50492984638239,25.255806603884572,24.883639610317434,24.39024202586354,23.7780176339582,23.049949130298167,22.209583591448137,21.26101519384007,20.20886526735742,19.058259780680213,17.81480436808113,16.484557019338638,15.073998565819764,13.590001106521253,12.039794527893944
-6.82013625872915,-5.144390015485829,-3.443580821199337,-1.7259948472994735,-6.0603237280701985e-15,1.7259948472994833,3.4435808211993026,5.144390015485796,6.820136258729138,8.462655483677631,10.063945501772782,11.616204989007578,13.111871493192773,14.543658277463862,15.904589820530534,17.188035800715372,18.387743398214425,19.497867758206898,20.513000466400218,21.428195898280812,22.238995313699697,22.941448579406234,23.532133413700254,24.008172059444497,24.367245304208154,24.607603779236634,24.72807648220037,24.72807648220037,24.607603779236644,24.367245304208165,24.008172059444504,23.532133413700258,22.941448579406252,22.2389953136997,21.428195898280823,20.513000466400214,19.49786775820693,18.387743398214432,17.18803580071538,15.90458982053056,14.543658277463853,13.111871493192764,11.616204989007592
-6.560695357418689,-4.948695218244509,-3.3125855334081447,-1.6603372648329282,-5.829786420515484e-15,1.6603372648329378,3.312585533408112,4.948695218244477,6.560695357418679,8.140732448290308,9.681108708977412,11.174319581176043,12.613090291613855,13.99041129401435,15.299572418901592,16.53419556487161,17.688265772061083,18.75616052642735,19.732677152071535,20.613058158152583,21.393014416904464,22.068746059835487,22.63696099030559,23.094890922290283,23.440304867191898,23.671520002991755,23.787409872789915,23.787409872789915,23.671520002991763,23.4403048671919,23.094890922290286,22.636960990305592,22.068746059835505,21.39301441690447,20.61305815815259,19.732677152071528,18.75616052642737,17.688265772061094,16.53419556487162,15.299572418901622,13.990411294014343,12.613090291613847,11.174319581176052
-6.290112507961801,-4.744596112845243,-3.1759645223920345,-1.5918599520325494,-5.589348458462509e-15,1.5918599520325585,3.175964522392002,4.744596112845211,6.290112507961791,7.804984107219458,9.281830608460993,10.713456963984477,12.092888434092355,13.413404567322244,14.668571941810821,15.852275508278607,16.958748381935205,17.98259993816246,18.918842075095615,19.762913515154256,20.510702027128175,21.158564460554487,21.703344494780442,22.14238801624039,22.473556049030275,22.695235175783232,22.806345398076846,22.806345398076846,22.695235175783235,22.473556049030275,22.14238801624039,21.703344494780445,21.1585644605545,20.51070202712818,19.76291351515426,18.91884207509561,17.98259993816248,16.958748381935212,15.852275508278614,14.668571941810843,13.413404567322237,12.092888434092346,10.713456963984488
-6.003895786124721,-4.52870446636982,-3.031449753678546,-1.5194261225075956,-5.3350183505413305e-15,1.5194261225076038,3.031449753678516,4.528704466369791,6.003895786124711,7.449836729119106,8.859482816424185,10.225966393999766,11.54263009121432,12.803059254885616,14.001113200826097,15.130955130639142,16.18708056801399,17.164344175981135,18.057984824476762,18.863648786089808,19.577410946984358,20.195793929659683,20.715785034383806,21.134850916763842,21.450949929945196,21.662542071309797,21.7685964852141,21.7685964852141,21.6625420713098,21.450949929945196,21.134850916763842,20.715785034383813,20.195793929659693,19.57741094698437,18.86364878608981,18.057984824476755,17.164344175981157,16.187080568013997,15.13095513063915,14.00111320082612,12.803059254885607,11.542630091214312,10.225966393999771
-5.711793614763165,-4.308373458769962,-2.8839633403618175,-1.4455028424543934,-5.07545847476062e-15,1.4455028424544012,2.883963340361789,4.3083734587699345,5.711793614763155,7.087386486412719,8.428450323522062,9.728451597880085,10.981056833953772,12.180163464944425,13.319929563879587,14.394802304894181,15.39954501603978,16.329262691824106,17.179425841185623,17.945892554718714,18.624928683640015,19.213226032185922,19.707918474809745,20.106595919657323,20.4073160502923,20.60861378846648,20.709508431833868,20.709508431833868,20.608613788466485,20.407316050292305,20.106595919657334,19.70791847480975,19.213226032185936,18.62492868364002,17.94589255471872,17.179425841185616,16.32926269182413,15.399545016039792,14.394802304894188,13.31992956387961,12.180163464944416,10.981056833953764,9.728451597880095
-5.413760030429907,-4.083568420078675,-2.733482074863679,-1.3700784797485885,-4.810627988333768e-15,1.3700784797485963,2.733482074863652,4.083568420078648,5.4137600304298985,6.717576346102132,7.988665305064552,9.220834289678546,10.408080296508246,11.544619182349944,12.62491384399627,13.643701194446557,14.596017804137537,15.477224082273354,16.28302688044547,17.00950040842018,17.65310536019406,18.21070615713703,18.67958622421621,19.057461224876448,19.342490190098395,19.5332844874145,19.628914586186806,19.628914586186806,19.5332844874145,19.342490190098395,19.057461224876448,18.679586224216212,18.210706157137043,17.653105360194065,17.009500408420188,16.283026880445465,15.477224082273374,14.596017804137547,13.643701194446564,12.62491384399629,11.544619182349939,10.408080296508238,9.220834289678555
-5.109107813290903,-3.853770984281174,-2.5796589704157316,-1.29297911735282,-4.539916232689059e-15,1.2929791173528271,2.5796589704157062,3.853770984281149,5.109107813290895,6.339553582599993,7.539113684104346,8.701943981568816,9.822379282671431,10.894960939250998,11.914463441292154,12.875919875085021,13.774646121529402,14.606263676692294,15.36672098343884,16.052313170211452,16.659700100791664,17.185922647108026,17.628417105810577,17.985027688375908,18.25401702389214,18.434074623355343,18.52432326424026,18.52432326424026,18.434074623355347,18.254017023892143,17.985027688375908,17.62841710581058,17.185922647108033,16.659700100791667,16.05231317021146,15.366720983438833,14.606263676692311,13.774646121529411,12.87591987508503,11.914463441292174,10.894960939250995,9.822379282671426,8.701943981568826
-4.803241178573994,-3.6230575202071993,-2.425222689790423,-1.2155724182115055,-4.268125354372316e-15,1.2155724182115124,2.4252226897903997,3.6230575202071753,4.803241178573985,5.960023928738884,7.08777004142246,8.180985250924396,9.234343522633587,10.242713000933486,11.201181011086723,12.105077993292738,12.950000252313599,13.731831411834676,14.446762469036171,15.091310351671998,15.66233488724768,16.157054101625096,16.5730577725208,16.90831917186672,17.161204939825605,17.330483042355944,17.415328773557995,17.415328773557995,17.330483042355947,17.161204939825605,16.90831917186672,16.5730577725208,16.15705410162511,15.662334887247686,15.091310351672002,14.44676246903617,13.731831411834696,12.950000252313608,12.105077993292744,11.201181011086744,10.242713000933483,9.234343522633582,8.180985250924405
-4.496223465389992,-3.3914758041880275,-2.2702052137780147,-1.1378744117666904,-3.995311636059074e-15,1.1378744117666968,2.2702052137779916,3.3914758041880053,4.496223465389984,5.579065977827372,6.634727841626521,7.658065978301791,8.644094787316874,9.58801043542953,10.48521426048419,11.331335175631832,12.122250964825616,12.854108365843185,13.523341842992831,14.126690958044973,14.661216254759527,15.1243135796212,15.513726769013644,15.827558641021813,16.064280238311557,16.22273827705605,16.302160765618673,16.302160765618673,16.222738277056052,16.06428023831156,15.827558641021813,15.513726769013648,15.124313579621209,14.66121625475953,14.12669095804498,13.523341842992828,12.854108365843203,12.122250964825623,11.33133517563184,10.485214260484208,9.588010435429524,8.644094787316869,7.6580659783017975
-4.191172802818944,-3.1613778232658323,-2.1161809287383555,-1.0606742134438158,-3.724245824686659e-15,1.060674213443822,2.116180928738335,3.161377823265812,4.191172802818938,5.2005488097719335,6.184588265681048,7.138497029232413,8.057627752816568,8.937502523938928,9.773834681159242,10.562549698275387,11.299805035005306,11.98200885745712,12.605837537182731,13.168251843561537,13.666511750626553,14.098189786195475,14.461182858271137,14.753722501094321,14.974383490931174,15.122090789619971,15.196124782048992,15.196124782048992,15.122090789619971,14.974383490931174,14.753722501094321,14.461182858271139,14.098189786195487,13.666511750626555,13.16825184356154,12.605837537182728,11.982008857457137,11.299805035005313,10.562549698275392,9.77383468115926,8.937502523938921,8.057627752816565,7.138497029232421
-3.8891025716861094,-2.9335279648372246,-1.9636615046208514,-0.9842282829405177,-3.45582840312343e-15,0.9842282829405233,1.9636615046208323,2.933527964837205,3.8891025716861036,4.825729861736959,5.738846680982088,6.624004416064337,7.476890667474115,8.29335025912639,9.069405481960837,9.80127547294063,10.485394635037009,11.118430008459685,11.697297508501828,12.219176950890775,12.681525791442347,13.082091513080535,13.418922599874234,13.690378044626728,13.895135343697792,14.032196940108477,14.100895083538461,14.100895083538461,14.032196940108479,13.895135343697792,13.69037804462673,13.418922599874236,13.082091513080545,12.68152579144235,12.219176950890779,11.697297508501824,11.118430008459699,10.485394635037014,9.801275472940633,9.069405481960851,8.293350259126386,7.47689066747411,6.624004416064344
