hough_viz/data/file_2_1_0.json
{"header": {"discipline": 0, "disciplineName": "Meteorological products", "gribEdition": 2, "gribLength": 133963, "center": 7, "centerName": "US National Weather Service - NCEP(WMC)", "subcenter": 0, "refTime": "2014-11-30T06:00:00.000Z", "significanceOfRT": 1, "significanceOfRTName": "Start of forecast", "productStatus": 0, "productStatusName": "Operational products", "productType": 1, "productTypeName": "Forecast products", "productDefinitionTemplate": 0, "productDefinitionTemplateName": "Analysis/forecast at horizontal level/layer at a point in time", "parameterCategory": 2, "parameterCategoryName": "Momentum", "parameterNumber": 2, "parameterNumberName": "U-component_of_wind", "parameterUnit": "m.s-1", "genProcessType": 2, "genProcessTypeName": "Forecast", "forecastTime": 6, "surface1Type": 100, "surface1TypeName": "Isobaric surface", "surface1Value": 85000, "surface2Type": 255, "surface2TypeName": "Missing", "surface2Value": 0, "gridDefinitionTemplate": 0, "gridDefinitionTemplateName": "Latitude_Longitude", "numberPoints": 65160, "shape": 6, "shapeName": "Earth spherical with radius of 6,371,229.0 m", "gridUnits": "degrees", "resolution": 48, "winds": "true", "scanMode": 0, "nx": 360, "ny": 181, "basicAngle": 0, "subDivisions": 0, "lo1": 0, "la1": 90, "lo2": 359, "la2": -90, "dx": 1, "dy": 1}, "data":
[rows 140 to 159 of 181, columns 176 to 219 of 360]
-29.619229122043755,-29.74646241318873,-29.83745422197451,-29.892093688898296,-29.91031424418621,-29.892093688898296,-29.83745422197451,-29.746462413188734,-29.619229122043762,-29.455909362706063,-29.256702115144915,-29.02185008270594,-28.751639396414493,-28.446399266369045,-28.10650158064942,-27.73236045222846,-27.3244317144391,-26.883212365611737,-26.4092399635583,-25.903091970640826,-25.365385050222546,-24.796774315358636,-24.197952530641693,-23.56964926817504,-22.912630018701265,-22.227695258969774,-21.515679476479217,-20.77745015278294,-20.013906706596334,-19.22597939799371,-18.414628195029756,-17.580841604166174,-16.725635465928917,-15.850051717263112,-14.9551571220931,-14.042041971635193,-13.1118187560456,-12.165620809022588,-11.204600927014036,-10.22992996471238,-9.242795408548607,-8.244399929923034,-7.235959919935302,-6.218704007399257
-29.682410797082078,-29.809915493415286,-29.901101399585237,-29.95585741961138,-29.974116841717816,-29.95585741961138,-29.901101399585237,-29.809915493415286,-29.682410797082078,-29.51874265541751,-29.31911047284104,-29.083757470416167,-28.812970389522988,-28.50707914250804,-28.166456410736846,-27.79151719053918,-27.382718287599896,-26.940557760411565,-26.465574313466977,-25.958346640930625,-25.419492721589066,-24.849669065938944,-24.249569916330024,-23.619926401137988,-22.961505643996908,-22.275109829177403,-21.561575224248692,-20.821771161215292,-20.056598977369923,-19.266990917152846,-18.453908996355672,-17.618343830053202,-16.761313425691593,-15.883861942803225,-14.987058420858904,-14.071995476808151,-13.139787973893654,-12.191571663362112,-11.22850180072644,-10.25175173826469,-9.26251149547114,-8.261986309200903,-7.251395165274331,-6.231969313330618
-29.708042062247106,-29.8356568610482,-29.92692150779473,-29.981724810572874,-30.0,-29.981724810572874,-29.92692150779473,-29.8356568610482,-29.708042062247106,-29.544232590366242,-29.34442802201417,-29.108871788279888,-28.83785087814956,-28.53169548885461,-28.19077862357725,-27.81551563700362,-27.406363729278034,-26.96382138897501,-26.48842778576781,-25.98076211353317,-25.44144288469279,-24.871127176651264,-24.27050983124841,-23.640322608201654,-22.981333293569342,-22.29434476432182,-21.58019401015953,-20.839751113769932,-20.073918190765767,-19.283628290596187,-18.469844259769765,-17.633557568774226,-16.7757871041224,-15.897577926996153,-14.999999999999995,-14.084146883576725,-13.151134403672335,-12.202099292274006,-11.238197802477371,-10.260604299770085,-9.270509831248432,-8.269120674509997,-7.257656867990064,-6.237350724532771
-29.69395635047454,-29.821510642249628,-29.9127320169587,-29.96750933540823,-29.98577585987352,-29.96750933540823,-29.9127320169587,-29.821510642249628,-29.693956350474547,-29.53022454688975,-29.33051471347696,-29.095070165905213,-28.824177757088314,-28.51816752769862,-28.177412304063367,-27.802327243933252,-27.393369330676617,-26.951036816515604,-26.47586861548265,-25.968443646836647,-25.429380129739055,-24.859334830049125,-24.259002260155714,-23.629113832821176,-22.970436970067304,-22.283774168189957,-21.56996202004096,-20.82987019576849,-20.064400383258,-19.27448518956444,-18.461087004674262,-17.625196828981338,-16.767833065905698,-15.890040281125977,-14.992887929936755,-14.077469054282261,-13.144898951053003,-12.19631381326832,-11.23286934580032,-10.25573935732534,-9.26611433021898,-8.265199970136763,-7.25421573704739,-6.234393359508646
-29.606833874113818,-29.734013919842372,-29.824967649783325,-29.879584250827097,-29.89779718105835,-29.879584250827097,-29.824967649783325,-29.73401391984238,-29.60683387411382,-29.443582461892806,-29.24445857987817,-29.00970482984745,-28.739607223084036,-28.434494831916425,-28.094739388794267,-27.72075483338972,-27.31299680827562,-26.871962103795262,-26.398188052799885,-25.892251875991327,-25.354769978667502,-24.786397199727595,-24.18782601385159,-23.55978568782671,-22.903041392048,-22.21839326827613,-21.506675454788002,-20.768755070107613,-20.005531156555758,-19.21793358490546,-18.406921921477714,-17.573484259057608,-16.718636013055526,-15.843418684380033,-14.94889859052917,-14.036165566447066,-13.10633163672781,-12.160529660784796,-11.199911952636137,-10.225648876987373,-9.238927423322437,-8.240949759739879,-7.23293176829607,-6.216101563640271
-29.48147550861319,-29.608117061008592,-29.698685683545964,-29.753071032309773,-29.771206847129957,-29.753071032309773,-29.698685683545964,-29.608117061008603,-29.481475508613194,-29.318915319583716,-29.12063454847001,-28.886874769848873,-28.617920784002628,-28.31410026993384,-27.97578338613892,-27.603382319627084,-27.197350783733867,-26.758183465341396,-26.2864154221786,-25.782621430935773,-25.247415286987717,-24.68144905657866,-24.085412282379913,-23.46003114338847,-22.806067570189573,-22.12431831666179,-21.415613989255146,-20.680818035025048,-19.920825689655075,-19.136562886750205,-18.32898512972939,-17.49907632769171,-16.647847596674772,-15.776336027765664,-14.885603423564971,-13.976735004544114,-13.050838086871204,-12.109040733316913,-11.152490378883837,-10.182352432833538,-9.199808858814961,-8.206056734823862,-7.202306794747515,-6.189781953272033
-29.31667173700586,-29.442605353142415,-29.53266768994184,-29.586749020319797,-29.604783454505807,-29.586749020319797,-29.53266768994184,-29.442605353142422,-29.316671737005862,-29.15502027224486,-28.95784790626872,-28.725394863233312,-28.45794435136493,-28.15582221791469,-27.81939655216385,-27.44907723696375,-27.04531544935661,-26.608603110885905,-26.139472288265697,-25.638494545139267,-25.106280245716917,-24.543477811141166,-23.95077292948545,-23.328887720348927,-22.67857985506484,-22.000641633594757,-21.29589901923321,-20.565210632298495,-19.809466704036183,-19.029587992009407,-18.226524658297702,-17.401255111870757,-16.554784816547826,-15.68814506599508,-14.802391727252898,-13.898603954324727,-12.97788287339403,-12.041350241271685,-11.090147078708185,-10.125432280235485,-9.148381202232567,-8.16018423093485,-7.162045332131754,-6.155180584319919
-29.077634548287705,-29.20254134876672,-29.291869350918926,-29.345509722333613,-29.36339711048088,-29.345509722333613,-29.291869350918926,-29.20254134876673,-29.07763454828771,-28.91730112917784,-28.721736433010836,-28.491178725244538,-28.225908904931178,-27.926250162485125,-27.592567585925142,-27.22526771607093,-26.824798051235685,-26.39164650201838,-25.92634079685987,-25.429447839087036,-24.90157301622842,-24.343359462442802,-23.755487274959243,-23.13867268548347,-22.493667187579735,-21.821256621091727,-21.122260214717844,-20.39752958790709,-19.647947713292034,-18.874427840922653,-18.07791238561185,-17.259371778748108,-16.419803285974336,-15.560229792173452,-14.681698555240434,-13.78527993016017,-12.8720660649446,-11.943169570018645,-10.999722162675889,-10.042873288255219,-9.073788719718825,-8.093649137337485,-7.1036486902133715,-6.10499354139338
-28.800698837524756,-28.924416024264307,-29.01289326554303,-29.0660227654713,-29.08373979393741,-29.0660227654713,-29.01289326554303,-28.924416024264314,-28.800698837524763,-28.641892435659244,-28.448190299806193,-28.219828426180595,-27.957085038549046,-27.660280249256846,-27.32977566922046,-26.965973967360355,-26.569318380010884,-26.14029217090511,-25.679418042392427,-25.187257498606204,-24.66441016135751,-24.11151303958835,-23.529239753274283,-22.918299712722423,-22.27943725426405,-21.613430733395557,-20.92109157647222,-20.20326329211007,-19.460820443500612,-18.694667582890325,-17.905738149523085,-17.09499333238817,-16.263420899159556,-15.412033992753301,-14.541869896968699,-13.653988772718003,-12.749472366383483,-11.829422691876168,-10.894960688001705,-9.94722485276895,-8.987369856305602,-8.016565134070564,-7.035993462076859,-6.046849515861271
-28.48562458495143,-28.60798832883315,-28.69549764565896,-28.7480459188061,-28.76556912629818,-28.7480459188061,-28.69549764565896,-28.607988328833155,-28.485624584951438,-28.328555495387054,-28.136972424631,-27.911108787143867,-27.651239762976317,-27.35768196250457,-27.030793040689343,-26.67097126132852,-26.278655011833944,-25.854322269123937,-25.398490017282043,-24.911713617691575,-24.394586132413238,-23.8477376016305,-23.271834276042522,-22.667577805140475,-22.035704382355554,-21.376983848120773,-20.692218751939,-19.982243374599943,-19.24792271173757,-18.49015141996613,-17.709852726878964,-16.90797730623778,-16.08550211972315,-15.24342922665733,-14.382784563149082,-13.504616692148778,-12.609995525935824,-11.7000110225954,-10.775771858072504,-9.838404075420955,-8.889049712893454,-7.928865412543956,-6.959021011037361,-5.980698114383782
-28.096994039760272,-28.217688370062703,-28.304003793687905,-28.355835148588042,-28.3731192862412,-28.355835148588042,-28.304003793687905,-28.217688370062707,-28.09699403976028,-27.94206785023054,-27.753098555170894,-27.530316384558883,-27.273992764152435,-26.98443998479939,-26.662010821959193,-26.307098105900366,-25.92013424309733,-25.501590689409657,-25.05197737568586,-24.571842086491085,-24.06176979271602,-23.522381938880052,-22.954335685996693,-22.35832311092434,-21.735070363176977,-21.085336780222995,-20.409913962349478,-19.70962480821907,-18.985322512294804,-18.23788952535404,-17.468236479358165,-16.677301077987746,-15.866046954195053,-15.035462496165898,-14.186559643120594,-13.320372652422158,-12.437956839492855,-11.540387292074989,-10.62875756040214,-9.70417832487653,-8.767776042876116,-7.820691576339847,-6.86407880180299,-5.8991032045763765
-27.67173326985359,-27.790600836632663,-27.875609837106207,-27.92665670090175,-27.943679235278935,-27.92665670090175,-27.875609837106207,-27.79060083663267,-27.671733269853597,-27.519151958588942,-27.33304279966316,-27.11363253841845,-26.861188492460613,-26.576018225973606,-26.258469175000027,-25.908928224143818,-25.527821235210943,-25.11561252836237,-24.672804316411522,-24.199936092955284,-23.697583975084157,-23.166360001472384,-22.60691138670298,-22.019919732736657,-21.4061001984846,-20.766200628497643,-20.10100064183286,-19.411310682207795,-18.697971030599646,-17.96185078149234,-17.20384678401881,-16.424882549288398,-15.625907125230842,-14.807893940327704,-13.97183961763946,-13.118762760574048,-12.249702711875369,-11.365718287344297,-10.46788648583481,-9.557301177096635,-8.635071769063533,-7.702321856210691,-6.760187850627782,-5.809817597475947
-27.209863841710348,-27.326747387663644,-27.41033750128781,-27.460532340905473,-27.477270751836482,-27.460532340905473,-27.41033750128781,-27.326747387663644,-27.209863841710355,-27.059829268024153,-26.876826460622034,-26.661078380235377,-26.412847882666707,-26.13243739854032,-25.82018856483721,-25.47648180866301,-25.101735883756117,-24.69640736030087,-24.260990068667027,-23.79601449775355,-23.302047148669583,-22.779689844540176,-22.229578997277393,-21.652384832210604,-21.04881057151997,-20.41959157746863,-19.765494456477118,-19.087316125131412,-18.385882839262887,-17.662049187282843,-16.91669704899823,-16.15073452117683,-15.36509481117127,-14.560735099949758,-13.738635375918236,-12.899797240955728,-12.045242690116549,-11.176012866486841,-10.293166792712151,-9.397780080741342,-8.490943621359172,-7.573762255103997,-6.647353426189619,-5.712845821071681
-26.678151487227648,-26.792750992886557,-26.874707658567544,-26.923921632697926,-26.94033295563106,-26.923921632697926,-26.874707658567544,-26.792750992886557,-26.67815148722765,-26.53104876343576,-26.3516220435204,-26.1400899313012,-25.896710146072888,-25.621779208613994,-25.315632079921926,-24.97864175311466,-24.61121879899602,-24.213810865838436,-23.78690213399247,-23.33101272598762,-22.846698072843147,-22.334548237360973,-21.795187195224972,-21.229272074782834,-20.63749235643625,-20.020569032615327,-19.379253729360432,-18.714327790581503,-18.02660132611096,-17.316912224709597,-16.58612513322829,-15.835130403168858,-15.064843005927974,-14.27620141804558,-13.470166477815525,-12.64772021465235,-11.809864652639575,-10.957620589717727,-10.09202635399939,-9.21413653872619,-8.325020717409462,-7.425762140719726,-6.517456416712494,-5.6012101759986495
-26.11123741352498,-26.223401665278516,-26.303616741508275,-26.35178491250006,-26.367847492757257,-26.35178491250006,-26.303616741508275,-26.223401665278516,-26.111237413524986,-25.967260641110855,-25.791646761555405,-25.584609733319603,-25.346401799130785,-25.077313178663612,-24.777671714952202,-24.44784247496387,-24.088227304821235,-23.69926434021464,-23.28142747260131,-22.835225771841607,-22.361202865975788,-21.859936278897024,-21.332036726727452,-20.778147373754752,-20.19894304883537,-19.595129423219632,-18.96744215080001,-18.31664597183012,-17.643533781206575,-16.948925662448655,-16.233667888552908,-15.498631890939802,-14.744713197748775,-13.972830342775284,-13.18392374637862,-12.37895456972478,-11.55890354375951,-10.72476977433874,-9.8775695249721,-9.01833497866223,-8.148112980348847,-7.267963761489519,-6.378959648330809,-5.482183755443969
-25.509806402055606,-25.6193871278615,-25.697754576816163,-25.744813270254603,-25.760505874407716,-25.744813270254603,-25.697754576816163,-25.6193871278615,-25.50980640205561,-25.369145906633253,-25.197577014741018,-24.995308756645503,-24.762587565062184,-24.499696974915047,-24.206957277892972,-23.88472513222372,-23.533393128140712,-23.15338930957238,-22.745176652636548,-22.309252501575358,-21.8461479628179,-21.356427257908873,-20.8406870360915,-20.29955564738241,-19.733692377023825,-19.143786642246106,-18.530557152319098,-17.894751032915504,-17.237142915853386,-16.5585339953266,-15.85975105177316,-15.141645444570505,-14.405092074785276,-13.650988319241295,-12.880252937203855,-12.093824951013314,-11.292662502030888,-10.477741683291026,-9.650055350282473,-8.81061191130668,-7.960434098887657,-7.100557723730036,-6.232030412743119,-5.355910332668923
-24.844058033128043,-24.950778949324985,-25.02710118474504,-25.072931752500885,-25.088214815105367,-25.072931752500885,-25.02710118474504,-24.95077894932499,-24.844058033128047,-24.70706845915151,-24.53997712808964,-24.342987614990875,-24.11633992123304,-23.860310182118575,-23.57521033044621,-23.261387716468978,-22.91922468470132,-22.549138108091263,-22.15157888012496,-21.727031365482368,-21.276012809913556,-20.799072710054396,-20.29679214394956,-19.7697830630985,-19.218687546886688,-18.64417702031085,-18.046951435951087,-17.42773842118638,-16.787292391692763,-16.126393632304012,-15.445847346354823,-14.746482674664497,-14.029151685356572,-13.294728335745233,-12.54410740755268,-11.778203416755657,-10.997949499388474,-10.204296274660514,-9.398210686773247,-8.580674826847524,-7.752684736396896,-6.9152491938045255,-6.069388485281984,-5.216133161807709
-24.145079329390146,-24.24879769070795,-24.322972627280556,-24.36751376837355,-24.382366847467516,-24.36751376837355,-24.322972627280556,-24.248797690707953,-24.145079329390153,-24.011943908173844,-23.849553632061838,-23.658106348591268,-23.437835306786862,-23.189008872982907,-22.911930203860198,-22.60693687709638,-22.274400480079496,-21.914726157185992,-21.52835211617475,-21.115749094298373,-20.67741978478239,-20.213898224371,-19.725749142685522,-19.213567274188428,-18.67797663359089,-18.119629755587045,-17.53920689984103,-16.937415222195277,-16.31498791311008,-15.672683304383973,-15.01128394524329,-14.331595648926351,-13.634446510924239,-12.92068590007408,-12.191183423733753,-11.44682786829947,-10.68852611635633,-9.91720204178162,-9.133795384146886,-8.339260603789892,-7.534565718951781,-6.720691126396025,-5.898628406945862,-5.069379117395845
-23.41434788549796,-23.514927293868457,-23.586857385528244,-23.630050524740625,-23.64445408731885,-23.630050524740625,-23.586857385528244,-23.51492729386846,-23.414347885497964,-23.28524170093279,-23.127766036171558,-22.94211275105449,-22.728508035511826,-22.48721213398617,-22.218519028364728,-21.92275607980772,-21.600283629909168,-21.251494561676186,-20.876813820861596,-20.476697898232935,-20.05163427340878,-19.602140820939958,-19.128765179359128,-18.63208408396766,-18.11270266417241,-17.57125370622882,-17.008396882288345,-16.4248179466895,-15.821227900471861,-15.198362125130814,-14.556979486668528,-13.89786141103253,-13.22181093206859,-12.529651713147802,-11.822227043659419,-11.100398811592825,-10.365046453459662,-9.61706588283595,-8.85736839882946,-8.086879575802005,-7.306538135699719,-6.517294804365021,-5.720111153223511,-4.915958427757335
-22.62583919415353,-22.723031459817413,-22.79253921186218,-22.834277765798817,-22.848196269628673,-22.834277765798817,-22.79253921186218,-22.723031459817417,-22.62583919415354,-22.501080828674926,-22.348908362232375,-22.16950719353586,-21.963095895274822,-21.729925947820966,-21.470281432838174,-21.184478687172806,-20.872865917445896,-20.53582277581709,-20.173759897436955,-19.787118400151282,-19.37636934706695,-18.94201317263412,-18.484579072943863,-18.004624360984376,-17.502733787640803,-16.979518829266443,-16.435616942693002,-15.871690788587603,-15.28842742410285,-14.686537465803525,-14.066754223889804,-13.429832808771655,-12.776549211083136,-12.107699356257486,-11.42409813481433,-10.726578409541334,-10.015990000779052,-9.293198651045785,-8.559084970263754,-7.814543362871424,-7.060480938129544,-6.2978164049482865,-5.527478952581848,-4.750407118554511
