hough_viz/data/file_3_1_0.json
{"header": {"discipline": 0, "disciplineName": "Meteorological products", "gribEdition": 2, "gribLength": 133963, "center": 7, "centerName": "US National Weather Service - NCEP(WMC)", "subcenter": 0, "refTime": "2014-11-30T06:00:00.000Z", "significanceOfRT": 1, "significanceOfRTName": "Start of forecast", "productStatus": 0, "productStatusName": "Operational products", "productType": 1, "productTypeName": "Forecast products", "productDefinitionTemplate": 0, "productDefinitionTemplateName": "Analysis/forecast at horizontal level/layer at a point in time", "parameterCategory": 2, "parameterCategoryName": "Momentum", "parameterNumber": 3, "parameterNumberName": "V-component_of_wind", "parameterUnit": "m.s-1", "genProcessType": 2, "genProcessTypeName": "Forecast", "forecastTime": 6, "surface1Type": 100, "surface1TypeName": "Isobaric surface", "surface1Value": 85000, "surface2Type": 255, "surface2TypeName": "Missing", "surface2Value": 0, "gridDefinitionTemplate": 0, "gridDefinitionTemplateName": "Latitude_Longitude", "numberPoints": 65160, "shape": 6, "shapeName": "Earth spherical with radius of 6,371,229.0 m", "gridUnits": "degrees", "resolution": 48, "winds": "true", "scanMode": 0, "nx": 360, "ny": 181, "basicAngle": 0, "subDivisions": 0, "lo1": 0, "la1": 90, "lo2": 359, "la2": -90, "dx": 1, "dy": 1}, "data":
[rows 0 to 18 of 181, columns 0 to 42 of 360]
0.0,0.004564511684390832,0.009116512359530066,0.013643525307972835,0.018133142301896266,0.022573057613189465,0.026951101742598904,0.03125527477548,0.03547377927272901,0.03959505260674364,0.04360779865378154,0.047501018755850374,0.05126404186726474,0.05488655380324074,0.0583586255103597,0.06167074028141307,0.06481381984003565,0.06777924922363013,0.07055890039638046,0.07314515452763334,0.07553092287458335,0.07770966621202419,0.07967541275591053,0.08142277453160295,0.08294696214193194,0.08424379789460253,0.08530972725295861,0.08614182857872076,0.08673782113999375,0.08709607136259401,0.0872155973075631,0.08709607136259401,0.08673782113999373,0.08614182857872074,0.08530972725295863,0.08424379789460253,0.08294696214193197,0.08142277453160295,0.07967541275591054,0.07770966621202417,0.07553092287458335,0.07314515452763336,0.07055890039638048
0.0,-0.0011721838894968816,-0.002341154904430155,-0.003503708976502069,-0.004656659625809212,-0.005796846694762459,-0.0069211450098592316,-0.008026472947566874,-0.009109800880838527,-0.010168159483110298,-0.011198647867018964,-0.0121984415355326,-0.013164800123700611,-0.014095074909803603,-0.014986716075315471,-0.015837279693778756,-0.016644434429437204,-0.01740596792726502,-0.018119792876878194,-0.018783952733707213,-0.019396627081749686,-0.019956136623204092,-0.020460947781308348,-0.02090967690376709,-0.021301094055246415,-0.021634126388541217,-0.0219078610851747,-0.02212154785737048,-0.02227460100453914,-0.0223666010186429,-0.02239729573403793,-0.0223666010186429,-0.02227460100453915,-0.022121547857370475,-0.0219078610851747,-0.021634126388541217,-0.02130109405524642,-0.02090967690376709,-0.020460947781308355,-0.019956136623204095,-0.01939662708174969,-0.018783952733707216,-0.018119792876878198
0.0,-0.006908879463384596,-0.013798822168390377,-0.020650943260976974,-0.027446461553514687,-0.034166751002714386,-0.040793391762317374,-0.04730822067061375,-0.05369338103440606,-0.05993137157296424,-0.06600509438781946,-0.07189790182691556,-0.07759364211466596,-0.08307670362284796,-0.08833205766099064,-0.09334529966897057,-0.09810268869891008,-0.10259118507816015,-0.10679848615013685,-0.11071305999504777,-0.1143241770380827,-0.11762193945843238,-0.12059730831852725,-0.12324212833913714,-0.12554915025242477,-0.12751205067168495,-0.129125449423308,-0.1303849242934617,-0.13128702314907204,-0.13182927339987977,-0.13201018877563894,-0.13182927339987977,-0.13128702314907204,-0.1303849242934617,-0.12912544942330803,-0.12751205067168495,-0.1255491502524248,-0.12324212833913714,-0.12059730831852725,-0.11762193945843238,-0.11432417703808273,-0.11071305999504777,-0.10679848615013687
0.0,-0.014323106809034218,-0.02860695497789182,-0.04281239347160008,-0.05690048617065567,-0.07083261859222177,-0.08457060372974157,-0.09807678672086875,-0.11131414805682786,-0.1242464050503148,-0.13683811128382048,-0.14905475376579777,-0.16086284752837193,-0.1722300274073102,-0.1831251367526875,-0.1935183128270978,-0.20338106865734204,-0.21268637111524133,-0.2214087150135621,-0.22952419301396174,-0.23701056115534122,-0.24384729982299597,-0.25001566999145397,-0.2554987645868414,-0.26028155482799775,-0.26435093141931965,-0.267695740482429,-0.270306814128179,-0.27217699558519975,-0.27330115881611255,-0.273676222567641,-0.27330115881611255,-0.27217699558519975,-0.270306814128179,-0.2676957404824291,-0.26435093141931965,-0.2602815548279978,-0.2554987645868414,-0.25001566999145397,-0.24384729982299602,-0.23701056115534128,-0.2295241930139618,-0.2214087150135621
0.0,-0.02452963672064343,-0.04899203941206971,-0.07332015832886243,-0.09744731178809744,-0.12130736893920085,-0.1448349310240138,-0.1679655106302425,-0.19063570844697322,-0.2127833870377764,-0.23434784115510093,-0.25526996412913805,-0.2754924098750949,-0.2949597500748266,-0.3136186261020042,-0.3314178952743996,-0.3483087710324232,-0.3642449566596928,-0.37918277217911467,-0.39308127407666504,-0.4059023675247155,-0.41761091079730844,-0.4281748115911845,-0.4375651149885553,-0.4457560828205206,-0.45272526421360043,-0.4584535571260179,-0.4629252607050692,-0.46612811832206813,-0.4680533511669145,-0.46869568231020187,-0.4680533511669145,-0.46612811832206813,-0.4629252607050691,-0.458453557126018,-0.45272526421360043,-0.4457560828205207,-0.4375651149885553,-0.42817481159118453,-0.4176109107973085,-0.4059023675247156,-0.3930812740766651,-0.37918277217911484
0.0,-0.038626789010572496,-0.07714770467738219,-0.11545716384814239,-0.1534501629581239,-0.19102256583762722,-0.22807138914198538,-0.26449508462175325,-0.30019381745940077,-0.3350697399096085,-0.3690272594931359,-0.4019733010091632,-0.4338175616479459,-0.4644727585045404,-0.4938548678151798,-0.5218833552605685,-0.5484813967048553,-0.5735760887652486,-0.5970986486351213,-0.6189846026129036,-0.6391739628200159,-0.6576113916234759,-0.6742463533125036,-0.689033252613391,-0.7019315596629792,-0.7129059210981957,-0.7219262569571651,-0.7289678431262937,-0.7340113791073467,-0.7370430409187717,-0.7380545189862721,-0.7370430409187717,-0.7340113791073467,-0.7289678431262936,-0.7219262569571652,-0.7129059210981957,-0.7019315596629793,-0.689033252613391,-0.6742463533125037,-0.6576113916234763,-0.6391739628200162,-0.6189846026129037,-0.5970986486351214
0.0,-0.05490632265207992,-0.10966215089026218,-0.1641174027953769,-0.21812282030709026,-0.27153037832987326,-0.32419369045949925,-0.37596841021800287,-0.4267126266973427,-0.4762872535273362,-0.5245564101017323,-0.5713877940175086,-0.6166530437065616,-0.6602280902658421,-0.7019934975215961,-0.741834789395613,-0.7796427636762006,-0.8153137913338556,-0.8487501005612315,-0.879860044758865,-0.9085583537321367,-0.934766367410945,-0.9584122514514937,-0.9794311941292327,-0.9977655839832907,-1.0133651677254865,-1.026187187981095,-1.0361965004838452,-1.043365670403904,-1.0476750475448446,-1.0491128202034647,-1.0476750475448446,-1.0433656704039043,-1.0361965004838452,-1.0261871879810953,-1.0133651677254865,-0.997765583983291,-0.9794311941292327,-0.9584122514514939,-0.9347663674109452,-0.9085583537321369,-0.8798600447588653,-0.8487501005612317
0.0,-0.07377446929506573,-0.1473467278977942,-0.2205151193613003,-0.2930790942104551,-0.364839759634057,-0.4356004246362028,-0.505167139152635,-0.5733492256543872,-0.6399598017816367,-0.7048162925752631,-0.7677409309021208,-0.8285612447023936,-0.8871105297235226,-0.9432283064449766,-0.9967607599414605,-1.047561161478936,-1.0954902706878813,-1.1404167172114659,-1.1822173607825683,-1.2207776287426866,-1.255991830077634,-1.2877634451092603,-1.3160053900491815,-1.340640255689391,-1.3616005195755176,-1.3788287310811795,-1.3922776688761576,-1.4019104703567806,-1.4077007326837574,-1.4096325851505265,-1.4077007326837574,-1.4019104703567808,-1.3922776688761573,-1.3788287310811795,-1.3616005195755176,-1.3406402556893913,-1.3160053900491815,-1.2877634451092606,-1.2559918300776343,-1.220777628742687,-1.1822173607825683,-1.140416717211466
0.0,-0.09633226940875896,-0.1924004987630425,-0.2879413717238112,-0.3826930173992443,-0.4763957281146515,-0.5687926712531575,-0.6596305932160526,-0.7486605135733025,-0.8356384075016025,-0.920325874639454,-1.0024907925259863,-1.0819079528324853,-1.15835967864277,-1.231636421090489,-1.3015373337179967,-1.3678708229825345,-1.4304550734008126,-1.4891185458926117,-1.5437004479574803,-1.5940511743958,-1.6400327173662392,-1.6815190446556543,-1.7183964451246234,-1.750563840381779,-1.7779330618326483,-1.8004290923436468,-1.8179902718588228,-1.8305684664057882,-1.838129200027589,-1.8406517492789083,-1.838129200027589,-1.8305684664057882,-1.8179902718588223,-1.8004290923436468,-1.7779330618326483,-1.7505638403817794,-1.7183964451246234,-1.6815190446556545,-1.6400327173662397,-1.5940511743958004,-1.5437004479574803,-1.4891185458926117
0.0,-0.12088108036031778,-0.24143083408170873,-0.3613188426685333,-0.4802165014225682,-0.5977979201256437,-0.7137408162820786,-0.8277273984726002,-0.9394452373985344,-1.0485881222287972,-1.1548568999024975,-1.2579602950866842,-1.3576157085417861,-1.4535499917064856,-1.5455001953789391,-1.63321429044226,-1.7164518586588122,-1.7949847516398862,-1.8685977161845764,-1.9370889842738388,-2.000270826102611,-2.0579700646341568,-2.110028550266285,-2.1563035943084197,-2.1966683600813806,-2.2310122105679038,-2.2592410116610178,-2.281277390179086,-2.2970609459403204,-2.3065484173154815,-2.309713799804995,-2.3065484173154815,-2.297060945940321,-2.2812773901790857,-2.2592410116610178,-2.2310122105679038,-2.196668360081381,-2.1563035943084197,-2.110028550266285,-2.0579700646341568,-2.0002708261026116,-1.9370889842738388,-1.8685977161845766
0.0,-0.14773249674954528,-0.29506006899425996,-0.4415789020992354,-0.5868873981273299,-0.7305872765912003,-0.8722846661124332,-1.0115911839956155,-1.1481250007583068,-1.2815118866991102,-1.4113862376352704,-1.537392076998327,-1.6591840315411435,-1.7764282779819744,-1.8888034579908721,-1.9960015590105353,-2.097728758497318,-2.1937062292683978,-2.283670903747703,-2.3673761950158547,-2.4445926726877696,-2.5151086917654,-2.5787309727419636,-2.6352851313676338,-2.6846161566246485,-2.726588835601736,-2.761088124103306,-2.78801946197759,-2.807309032299451,-2.8189039636974367,-2.8227724752705408,-2.8189039636974367,-2.807309032299451,-2.7880194619775898,-2.761088124103306,-2.726588835601736,-2.684616156624649,-2.6352851313676338,-2.5787309727419636,-2.5151086917654,-2.44459267268777,-2.3673761950158547,-2.2836709037477037
0.0,-0.17790900509989055,-0.3553303739831055,-0.5317778070099445,-0.7067676740311911,-0.8798203399847371,-1.0504614795419467,-1.218223377200414,-1.3826462092596439,-1.543279304165853,-1.699682377771372,-1.8514267401228937,-1.9980964704708335,-2.139289557279195,-2.2746190001112487,-2.403713870370825,-2.5262203279918176,-2.6418025912892067,-2.750143857313319,-2.850947170184691,-2.9439362350294953,-3.0288561752845817,-3.1054742312964247,-3.1735803982991517,-3.232988002023009,-3.2835342103555623,-3.325080479653195,-3.3575129344796095,-3.380742679730478,-3.3947060442887467,-3.399364755542745,-3.3947060442887467,-3.380742679730478,-3.3575129344796095,-3.325080479653195,-3.2835342103555623,-3.232988002023009,-3.1735803982991517,-3.1054742312964247,-3.0288561752845817,-2.9439362350294958,-2.850947170184691,-2.7501438573133195
0.0,-0.2098069984095046,-0.4190389304198744,-0.6271223058490022,-0.8334867826285349,-1.0375667300718387,-1.2388027792283949,-1.4366433560752112,-1.6305461933428806,-1.819979816832474,-2.0044250021493752,-2.1833761978612585,-2.3563429111794227,-2.522851052365432,-2.6824442341781345,-2.8346850227993667,-2.979156136809646,-3.1154615909275343,-3.2432277813777697,-3.362104509913248,-3.4717659436840735,-3.571911508322753,-3.662266711797644,-3.742583896776537,-3.8126429194381806,-3.8722517528712057,-3.9212470134065294,-3.959494408440644,-3.986889104522304,-4.003356014693733,-4.0088500042987505,-4.003356014693733,-3.986889104522304,-3.959494408440644,-3.9212470134065294,-3.8722517528712057,-3.8126429194381815,-3.742583896776537,-3.662266711797645,-3.571911508322753,-3.4717659436840744,-3.362104509913249,-3.24322778137777
0.0,-0.24364493332603102,-0.4866220528253669,-0.7282653751025929,-0.967912572607768,-1.204906789030203,-1.4385984396959508,-1.668346992034243,-1.8935227212327475,-2.113508436269503,-2.3277011715906144,-2.5355138397969204,-2.7363768408097493,-2.9297396231051405,-3.1150721927373057,-3.2918665660151896,-3.459638161850466,-3.617927129960611,-3.7662996112865645,-3.9043489271702585,-4.031696694032545,-4.147993860496289,-4.252921664111931,-4.346192505063204,-4.427550734458234,-4.496773355045393,-4.553670632433256,-4.598086615139384,-4.629899562042496,-4.6490222760664235,-4.65540234318123,-4.6490222760664235,-4.629899562042497,-4.598086615139383,-4.553670632433256,-4.496773355045393,-4.427550734458235,-4.346192505063204,-4.252921664111932,-4.14799386049629,-4.031696694032546,-3.9043489271702594,-3.7662996112865654
0.0,-0.2802882932462446,-0.5598083357633016,-0.837793982543832,-1.113483294252555,-1.3861206256490068,-1.6549586967586178,-1.9192606411151825,-2.178302025460621,-2.43137283536619,-2.677779421332674,-2.916846400035451,-3.1479185055032377,-3.370362385156572,-3.58356833578321,-3.786951974692246,-3.9799558414664555,-4.1620509259225456,-4.332738118091292,-4.491549576243285,-4.63805000921058,-4.771837869489531,-4.892546453854594,-4.999844908466376,-5.093439135719012,-5.1730726003412535,-5.238527032541827,-5.289623026271755,-5.326220530963859,-5.348219235401642,-5.355558842665349,-5.348219235401642,-5.326220530963859,-5.289623026271754,-5.238527032541827,-5.1730726003412535,-5.093439135719012,-4.999844908466376,-4.892546453854594,-4.771837869489531,-4.6380500092105805,-4.491549576243287,-4.332738118091293
0.0,-0.31830775086573704,-0.6357430423116515,-0.9514358062685471,-1.2645207508139522,-1.5741397318771362,-1.8794441053523558,-2.1795970531733633,-2.473775876973555,-2.7611742530450165,-3.04100444241575,-3.312499449987449,-3.5749151268157466,-3.8275322097707454,-4.069658292987266,-4.300629725701185,-4.519813431270067,-4.726608642392215,-4.920448547768106,-5.100801845690749,-5.267174200306743,-5.419109596556487,-5.556191590079758,-5.6780444486607635,-5.784334182084019,-5.874769457578322,-5.949102398339621,-6.00712926294411,-6.048691003789301,-6.0736737030324655,-6.082008884831501,-6.0736737030324655,-6.048691003789303,-6.007129262944108,-5.949102398339622,-5.874769457578322,-5.784334182084019,-5.6780444486607635,-5.5561915900797585,-5.419109596556487,-5.267174200306745,-5.10080184569075,-4.920448547768107
0.0,-0.3578364689882428,-0.7146921330878967,-1.069588875728398,-1.4215539496067386,-1.769622642920211,-2.112840923574401,-2.450268054118845,-2.780979170242994,-3.1040678157649984,-3.4186484271650985,-3.7238587608536804,-4.018862256521009,-4.302850330090904,-4.57504458999348,-4.834698970682334,-5.081101777548351,-5.313577637625165,-5.531489350739499,-5.7342396360325685,-5.921272769065382,-6.092076105020811,-6.246181483827397,-6.383166513353562,-6.5026557271550915,-6.604321613602545,-6.68788551356788,-6.753118384209749,-6.799841426764003,-6.827926576618677,-6.837296854330199,-6.827926576618677,-6.799841426764003,-6.753118384209747,-6.687885513567881,-6.604321613602545,-6.5026557271550915,-6.383166513353562,-6.246181483827398,-6.092076105020812,-5.921272769065384,-5.7342396360325685,-5.5314893507395
0.0,-0.39950136371016765,-0.7979077219514051,-1.1941270705886595,-1.5870733999281854,-1.9756696713946273,-2.358850769618892,-2.735566421845338,-3.1047840766563963,-3.4654917341242344,-3.8167007196322142,-4.157448393763298,-4.486800790827771,-4.803855178798283,-5.10774253363559,-5.39762992122303,-5.672722780381054,-5.9322671007041805,-6.175551489251106,-6.401909120423317,-6.610719563687693,-6.801410484133483,-6.973459211202512,-7.126394171292841,-7.259796180309241,-7.373299592617659,-7.466593303254482,-7.539421600643622,-7.591584867484167,-7.622940127887533,-7.63340143926443,-7.622940127887533,-7.591584867484167,-7.53942160064362,-7.4665933032544824,-7.373299592617659,-7.259796180309242,-7.126394171292841,-6.973459211202514,-6.801410484133485,-6.610719563687695,-6.401909120423317,-6.175551489251108
0.0,-0.4421268441111324,-0.8830418492744162,-1.3215364981083255,-1.7564089072597953,-2.186467121682952,-2.6105323817050428,-3.0274423539247604,-3.436054317087307,-3.835248294203927,-4.223930122330972,-4.601034451594493,-4.9655276652401765,-5.316410712705031,-5.652721847945541,-5.973539265516709,-6.2779836271767175,-6.565220472091928,-6.834462504036015,-7.084971749314202,-7.316061579497869,-7.527098593425334,-7.7175043533104315,-7.886756970200256,-8.034392534436515,-8.160006387199662,-8.263254229650583,-8.343853066629793,-8.401581982327482,-8.436282745798419,-8.447860244661946,-8.436282745798419,-8.401581982327485,-8.343853066629793,-8.263254229650585,-8.160006387199662,-8.034392534436517,-7.886756970200256,-7.717504353310435,-7.527098593425336,-7.3160615794978705,-7.084971749314204,-6.834462504036017
