hough_viz/data/file_4_2_0.json
{"header": {"discipline": 0, "disciplineName": "Meteorological products", "gribEdition": 2, "gribLength": 133963, "center": 7, "centerName": "US National Weather Service - NCEP(WMC)", "subcenter": 0, "refTime": "2014-11-30T06:00:00.000Z", "significanceOfRT": 1, "significanceOfRTName": "Start of forecast", "productStatus": 0, "productStatusName": "Operational products", "productType": 1, "productTypeName": "Forecast products", "productDefinitionTemplate": 0, "productDefinitionTemplateName": "Analysis/forecast at horizontal level/layer at a point in time", "parameterCategory": 2, "parameterCategoryName": "Momentum", "parameterNumber": 3, "parameterNumberName": "V-component_of_wind", "parameterUnit": "m.s-1", "genProcessType": 2, "genProcessTypeName": "Forecast", "forecastTime": 6, "surface1Type": 100, "surface1TypeName": "Isobaric surface", "surface1Value": 85000, "surface2Type": 255, "surface2TypeName": "Missing", "surface2Value": 0, "gridDefinitionTemplate": 0, "gridDefinitionTemplateName": "Latitude_Longitude", "numberPoints": 65160, "shape": 6, "shapeName": "Earth spherical with radius of 6,371,229.0 m", "gridUnits": "degrees", "resolution": 48, "winds": "true", "scanMode": 0, "nx": 360, "ny": 181, "basicAngle": 0, "subDivisions": 0, "lo1": 0, "la1": 90, "lo2": 359, "la2": -90, "dx": 1, "dy": 1}, "data":
[rows 60 to 79 of 181, columns 225 to 269 of 360]
-4.22036973913522e-15,0.48078860142116486,0.9592348491049114,1.4330078010257803,1.8997992829854806,2.3573351338056434,2.803386284812415,3.2357796196349615,3.6524085614100756,4.051243335812826,4.430340859913054,4.787854208680092,5.122041613015878,5.431274945478856,5.714047652357312,5.9689820934475435,6.194836253778494,6.390509794583783,6.5550494140416635,6.6876534916655945,6.787675993718708,6.854629620625234,6.88818818104503,6.88818818104503,6.854629620625235,6.7876759937187146,6.687653491665595,6.555049414041666,6.390509794583788,6.194836253778487,5.968982093447549,5.714047652357317,5.431274945478863,5.122041613015884,4.787854208680116,4.430340859913062,4.051243335812835,3.6524085614100636,3.2357796196349473,2.8033862848124,2.357335133805652,1.899799282985501,1.4330078010258014,0.9592348491049445,0.48078860142117413
-5.4096474491796765e-15,0.6162722680799073,1.2295421196172065,1.8368217655408876,2.435152600459517,3.021619616689405,3.5933656058789385,4.147605079040448,4.681637837172678,5.192862126358793,5.6787873132499636,6.137046019180688,6.565405653799692,6.96177929202563,7.32423584133643,7.651009449857848,7.940508109416358,8.191321411642857,8.402227419340585,8.57219861964023,8.700406929939385,8.786227732237725,8.829242916213119,8.829242916213119,8.786227732237725,8.70040692993939,8.572198619640234,8.402227419340589,8.191321411642862,7.940508109416348,7.651009449857854,7.324235841336434,6.961779292025637,6.5654056537997,6.137046019180719,5.678787313249973,5.192862126358803,4.681637837172662,4.1476050790404315,3.5933656058789207,3.0216196166894167,2.4351526004595434,1.8368217655409143,1.2295421196172491,0.6162722680799191
-6.555120132525481e-15,0.746765623741401,1.4898930804285584,2.2257619277914156,2.9507870867748616,3.6614363076836374,4.354247378947689,5.025844994668885,5.672957198772227,6.2924313256468185,6.881249359615841,7.4365426384055855,7.955605828979696,8.43591010764969,8.875115480249937,9.271082182353892,9.621881103991363,9.925803188078275,10.181367756771118,10.38732972518048,10.542685667299498,10.646678704594496,10.698802193441106,10.698802193441106,10.646678704594496,10.542685667299507,10.387329725180486,10.181367756771122,9.92580318807828,9.621881103991353,9.2710821823539,8.875115480249942,8.435910107649699,7.955605828979705,7.436542638405623,6.881249359615853,6.29243132564683,5.67295719877221,5.025844994668865,4.354247378947667,3.6614363076836516,2.9507870867748935,2.225761927791448,1.4898930804286106,0.7467656237414154
-7.653346630810242e-15,0.8718766483176947,1.7395056012455274,2.598659857738606,3.445153704621135,4.274863108960411,5.08374580994059,5.867861012351037,6.623388585744637,7.346647675729183,8.034114636720018,8.682440198787136,9.28846578496163,9.849238899505073,10.362027512172162,10.824333368387313,11.233904160489887,11.58874450075063,11.887125642700244,12.12759390340831,12.308977745680455,12.43039348566976,12.491249598095663,12.491249598095663,12.43039348566976,12.308977745680462,12.127593903408314,11.887125642700248,11.58874450075064,11.233904160489875,10.82433336838732,10.362027512172173,9.849238899505085,9.28846578496164,8.682440198787182,8.03411463672003,7.346647675729196,6.623388585744614,5.867861012351011,5.083745809940564,4.274863108960427,3.4451537046211733,2.598659857738644,1.739505601245588,0.8718766483177116
-8.710601202487951e-15,0.9923201113985418,1.979805738962028,2.957645951974693,3.9210768112108445,4.865404578368062,5.786028583488253,6.678463638959201,7.538361890897956,8.361534001457748,9.143969558860892,9.88185661572188,10.571600260471856,11.20984013140632,11.793466788029763,12.319636859937063,12.785786899428338,13.18964587036838,13.529246212446559,13.80293342693277,14.009374137228983,14.147562584945984,14.216825529857143,14.216825529857143,14.147562584945987,14.00937413722899,13.802933426932773,13.52924621244656,13.189645870368391,12.785786899428325,12.319636859937072,11.793466788029773,11.209840131406331,10.571600260471868,9.88185661572193,9.14396955886091,8.361534001457763,7.5383618908979315,6.678463638959172,5.786028583488224,4.865404578368081,3.921076811210887,2.9576459519747362,1.9798057389620969,0.992320111398561
-9.68386907702637e-15,1.1031957287332828,2.2010167987690332,3.2881147362066443,4.359193309169567,5.40903433051482,6.43252308031606,7.424673224264908,8.38065110659068,9.295799299145244,10.165659291924857,10.985993214482708,11.752804482407818,12.46235726828237,13.111194702257624,13.696155713576163,14.214390430990944,14.66337406705144,15.040919218614471,15.345186523652325,15.574693622439701,15.728322379461293,15.805324330855573,15.805324330855573,15.728322379461293,15.574693622439714,15.345186523652332,15.040919218614475,14.66337406705145,14.21439043099093,13.696155713576175,13.111194702257636,12.462357268282386,11.75280448240783,10.985993214482765,10.165659291924873,9.295799299145266,8.38065110659065,7.424673224264877,6.432523080316028,5.4090343305148405,4.359193309169614,3.2881147362066923,2.20101679876911,1.103195728733304
-1.0579760626200565e-14,1.2052565602662,2.404641231722759,3.592310732812087,4.762478857108937,5.909444663136682,7.02762024878095,8.111557974987022,9.155977006109913,10.155789037614625,11.106123085784425,12.002349218663877,12.840101112621964,13.615297324641762,14.32416117670081,14.963239155366615,15.52941773696705,16.01993855636456,16.432411845434057,16.76482807577287,17.01556774892114,17.183409286395563,17.26753498109692,17.26753498109692,17.183409286395563,17.01556774892115,16.764828075772876,16.432411845434064,16.019938556364572,15.529417736967034,14.96323915536663,14.324161176700821,13.615297324641778,12.840101112621978,12.002349218663941,11.106123085784446,10.155789037614644,9.155977006109879,8.111557974986988,7.027620248780918,5.9094446631367035,4.762478857108988,3.5923107328121393,2.404641231722843,1.2052565602662233
-1.1412084827650855e-14,1.3000757380821868,2.5938176378516054,3.874922718819081,5.137149565806307,6.374348736493424,7.58049272088367,8.749705306726172,9.876290207831607,10.954758815805707,11.97985693999771,12.946590405389056,13.850249383712109,14.686431339259865,15.451062477597668,16.140417592679984,16.751138215679898,17.280248977111512,17.725172102531197,18.083739971195417,18.35420567649117,18.53525153668936,18.625995514557758,18.625995514557758,18.535251536689362,18.35420567649118,18.083739971195424,17.725172102531207,17.280248977111523,16.75113821567988,16.140417592679995,15.451062477597679,14.686431339259883,13.850249383712123,12.946590405389122,11.97985693999773,10.954758815805729,9.876290207831573,8.749705306726135,7.5804927208836315,6.374348736493448,5.137149565806362,3.8749227188191373,2.593817637851695,1.300075738082212
-1.2126419353336781e-14,1.381453417949108,2.756176533709193,4.117471834446977,5.458707226294123,6.77334834524213,8.054990391906744,9.297389335066724,10.494492331956565,11.6404672171078,12.729730916072956,13.756976645603087,14.717199767762347,15.60572217202076,16.418215066538803,17.150720067605874,17.79966848448796,18.361898705730002,18.834671602209337,19.215683871897273,19.503079261315122,19.69545760901452,19.79188166702327,19.79188166702327,19.69545760901452,19.50307926131514,19.215683871897284,18.83467160220934,18.36189870573001,17.79966848448794,17.15072006760589,16.418215066538814,15.60572217202078,14.717199767762361,13.756976645603158,12.729730916072977,11.64046721710782,10.494492331956527,9.297389335066683,8.054990391906703,6.773348345242154,5.458707226294184,4.117471834447038,2.7561765337092887,1.3814534179491351
-1.273749992344618e-14,1.4510683073589512,2.8950671557853385,4.32496152803991,5.733785122473446,7.1146742921483925,8.460901483836585,9.765908013982298,11.02333602194953,12.22705944487969,13.371213863254114,14.450225071756487,15.458836236240856,16.39213350449899,17.2455699460547,18.014987704351874,18.696638253413706,19.287200660284377,19.783797764280777,20.184010194229998,20.485888155402545,20.687960928716254,20.789244035931812,20.789244035931812,20.687960928716254,20.48588815540256,20.184010194230005,19.78379776428078,19.28720066028439,18.69663825341369,18.014987704351885,17.245569946054722,16.392133504499007,15.458836236240872,14.450225071756561,13.371213863254138,12.227059444879716,11.023336021949492,9.765908013982257,8.460901483836542,7.114674292148419,5.73378512247351,4.324961528039973,2.8950671557854393,1.4510683073589794
-1.3266985271665181e-14,1.5113877901953947,3.0154122510011394,4.5047459264282255,5.972132932517193,7.410424307275675,8.812612839702389,10.171867208214751,11.481565262161203,12.735326284273315,13.927042076878971,15.050906720427449,16.10144485934591,17.073538377421155,17.96245133274769,18.76385303076037,19.473839122943133,20.08895062842235,20.606190785774146,21.023039652944707,21.33746638415468,21.547939123975688,21.653432470375936,21.653432470375936,21.547939123975688,21.337466384154702,21.023039652944714,20.60619078577415,20.08895062842236,19.47383912294312,18.763853030760387,17.962451332747705,17.073538377421176,16.10144485934592,15.050906720427525,13.927042076878992,12.735326284273341,11.481565262161165,10.171867208214708,8.812612839702346,7.410424307275702,5.9721329325172565,4.504745926428291,3.015412251001244,1.5113877901954238
-1.3654085509064474e-14,1.5554866235329545,3.10339507259304,4.636184092811672,6.146386090157684,7.62664351230505,9.06974469388803,10.468658991009864,11.816571033833416,13.106913930377704,14.333401259755574,15.490057698984373,16.571248134158935,17.571705114159847,18.486554513146196,19.311339276806464,20.042041136679202,20.67510018675294,21.207432226970614,21.636443789142128,21.960044772060666,22.176658624265716,22.285230024843262,22.285230024843262,22.17665862426572,21.96004477206068,21.636443789142135,21.20743222697062,20.67510018675295,20.042041136679188,19.311339276806482,18.486554513146217,17.57170511415986,16.571248134158946,15.490057698984456,14.333401259755597,13.106913930377731,11.816571033833378,10.468658991009821,9.069744693887985,7.626643512305081,6.1463860901577485,4.636184092811741,3.103395072593148,1.5554866235329847
-1.391932228212015e-14,1.5857026531808764,3.1636799224297443,4.7262440611085665,6.265782413802021,7.774794504409716,9.245928577711572,10.672017416380235,12.046113258943732,13.361521648580727,14.611834047841297,15.790959060397215,16.893152107712588,17.913043416052833,18.8456641774829,19.68647075739981,20.43136683066383,21.07672333848263,21.61939616882116,22.05674147419931,22.386628552251057,22.60745022629228,22.71813067532395,22.71813067532395,22.607450226292283,22.386628552251075,22.056741474199313,21.619396168821172,21.07672333848264,20.431366830663812,19.686470757399825,18.845664177482917,17.91304341605285,16.8931521077126,15.790959060397295,14.611834047841324,13.361521648580753,12.046113258943691,10.67201741638019,9.245928577711526,7.774794504409744,6.265782413802088,4.726244061108636,3.1636799224298535,1.5857026531809073
-1.4091541641314184e-14,1.6053220491017455,3.20282313054669,4.7847203796463065,6.343306952014656,7.870989570539815,9.360325519066444,10.80405890256074,12.19515599710196,13.526839517478098,14.792621635438236,15.98633558773965,17.10216571999849,18.13467581997312,19.078835602244084,19.930045215258765,20.68415765134588,21.33749895051986,21.886886099644805,22.329642539754374,22.66361120597809,22.88716503654452,22.99921489966268,22.99921489966268,22.887165036544523,22.663611205978107,22.329642539754385,21.886886099644816,21.337498950519873,20.68415765134586,19.930045215258776,19.078835602244098,18.13467581997314,17.102165719998506,15.986335587739731,14.792621635438262,13.526839517478123,12.195155997101919,10.80405890256069,9.360325519066398,7.870989570539845,6.343306952014725,4.784720379646376,3.202823130546801,1.6053220491017766
-1.4109136230987678e-14,1.6073264417698228,3.206822150683246,4.790694544427216,6.351227155909629,7.880817227111611,9.372012748960119,10.817548766767043,12.21038277435848,13.543729024456628,14.811091588158506,16.006296002448593,17.123519351562067,18.157318635644806,19.10265728850198,19.95492971524197,20.709983730271855,21.36414078632811,21.914213895989295,22.357523158358305,22.691908815270157,22.915741773416723,23.027931541125504,23.027931541125504,22.915741773416723,22.69190881527017,22.35752315835831,21.914213895989302,21.364140786328125,20.709983730271837,19.954929715241988,19.102657288501998,18.157318635644828,17.123519351562084,16.006296002448682,14.811091588158531,13.543729024456653,12.210382774358436,10.817548766766997,9.37201274896007,7.88081722711164,6.351227155909698,4.7906945444272875,3.206822150683358,1.6073264417698536
-1.3996031412476367e-14,1.594441431482267,3.1811149045830587,4.752290305633313,6.300313026013035,7.81764125463531,9.296882720891588,10.730830709050993,12.11249916865523,13.435156749853942,14.692359597864598,15.877982746785284,16.986249959812934,18.01176187048819,18.949522287866404,19.794962537457454,20.54396371934872,21.192876775071305,21.738540265446264,22.178295772798393,22.510000852499946,22.732039470745505,22.843329877706203,22.843329877706203,22.732039470745505,22.510000852499967,22.1782957727984,21.738540265446268,21.192876775071312,20.543963719348703,19.794962537457465,18.949522287866422,18.011761870488208,16.98624995981295,15.877982746785364,14.692359597864623,13.435156749853967,12.112499168655189,10.730830709050947,9.296882720891542,7.81764125463534,6.300313026013104,4.752290305633384,3.1811149045831684,1.5944414314822977
-1.3786541518829958e-14,1.5705761402391438,3.1335005913968184,4.681158942651624,6.206011158086245,7.700628310984765,9.157728776816656,10.570213708579502,11.931201621668311,13.23406191977655,14.472447198494889,15.640324169227474,16.73200305276752,17.742165299329496,18.66588949998936,19.498675363293923,20.236465640228552,20.875665890726363,21.413161995419156,21.84633532731379,22.173075509479695,22.391790696593187,22.501415330247795,22.501415330247795,22.39179069659319,22.173075509479713,21.846335327313795,21.413161995419166,20.875665890726374,20.23646564022853,19.498675363293938,18.665889499989373,17.74216529932951,16.732003052767542,15.640324169227554,14.472447198494915,13.234061919776575,11.931201621668269,10.570213708579455,9.157728776816612,7.700628310984795,6.206011158086311,4.681158942651693,3.1335005913969267,1.5705761402391742
-1.3423702267639418e-14,1.5292411419087963,3.051031974693009,4.557958486385217,6.042679082496103,7.497960353525082,8.916712315404062,10.292022951187109,11.617191885702498,12.885763029106794,14.091556030305654,15.228696387003131,16.29164406568638,17.27522049211189,18.174633780798924,18.985502080613713,19.703874922707776,20.326252466804956,20.849602552071612,21.2713754694993,21.589516383830777,21.802475344510835,21.909214836889586,21.909214836889586,21.80247534451084,21.58951638383079,21.27137546949931,20.84960255207162,20.326252466804966,19.703874922707755,18.985502080613724,18.174633780798946,17.275220492111913,16.291644065686405,15.228696387003207,14.09155603030568,12.885763029106819,11.61719188570246,10.292022951187064,8.916712315404016,7.4979603535251105,6.042679082496168,4.557958486385284,3.0510319746931143,1.529241141908826
-1.2932760270826726e-14,1.4733125549327053,2.9394472791946518,4.391261311784607,5.8216815606715535,7.223739162188327,8.590603432634676,9.915615146681597,11.192318980448032,12.4144949611897,13.576188770381117,14.671740752556968,15.695813488584635,16.643417799033518,17.50993705095602,18.291149649658983,18.983249605888776,19.58286507822822,20.087074800369255,20.493422313228585,20.799927932569485,21.005098393824355,21.10793412712961,21.10793412712961,21.005098393824355,20.7999279325695,20.493422313228596,20.087074800369262,19.58286507822823,18.983249605888755,18.291149649658994,17.509937050956033,16.643417799033536,15.695813488584651,14.671740752557042,13.576188770381142,12.414494961189721,11.192318980447993,9.915615146681553,8.590603432634634,7.223739162188355,5.821681560671617,4.391261311784671,2.939447279194754,1.4733125549327337
-1.2350783208448947e-14,1.4070131652642668,2.8071715038198475,4.193653584984746,5.559704607428149,6.898669307883747,8.204024384923185,9.469410279824855,10.688662159705013,11.85583995196365,12.96525728372119,14.011509185255546,14.989498422471364,15.89446033011196,16.721986024729823,17.46804388432336,18.12899918999414,18.701631833931856,19.183152007456126,19.571213792683757,19.863926591604972,20.059864336886815,20.158072439529846,20.158072439529846,20.059864336886818,19.863926591604987,19.571213792683764,19.18315200745613,18.701631833931867,18.12899918999412,17.468043884323375,16.72198602472984,15.894460330111981,14.989498422471382,14.011509185255619,12.965257283721211,11.855839951963674,10.688662159704974,9.469410279824816,8.204024384923141,6.898669307883774,5.559704607428209,4.193653584984807,2.807171503819945,1.407013165264294
