hough_viz/data/file_1_2_0.json
{"header": {"discipline": 0, "disciplineName": "Meteorological products", "gribEdition": 2, "gribLength": 133963, "center": 7, "centerName": "US National Weather Service - NCEP(WMC)", "subcenter": 0, "refTime": "2014-11-30T06:00:00.000Z", "significanceOfRT": 1, "significanceOfRTName": "Start of forecast", "productStatus": 0, "productStatusName": "Operational products", "productType": 1, "productTypeName": "Forecast products", "productDefinitionTemplate": 0, "productDefinitionTemplateName": "Analysis/forecast at horizontal level/layer at a point in time", "parameterCategory": 2, "parameterCategoryName": "Momentum", "parameterNumber": 2, "parameterNumberName": "U-component_of_wind", "parameterUnit": "m.s-1", "genProcessType": 2, "genProcessTypeName": "Forecast", "forecastTime": 6, "surface1Type": 100, "surface1TypeName": "Isobaric surface", "surface1Value": 85000, "surface2Type": 255, "surface2TypeName": "Missing", "surface2Value": 0, "gridDefinitionTemplate": 0, "gridDefinitionTemplateName": "Latitude_Longitude", "numberPoints": 65160, "shape": 6, "shapeName": "Earth spherical with radius of 6,371,229.0 m", "gridUnits": "degrees", "resolution": 48, "winds": "true", "scanMode": 0, "nx": 360, "ny": 181, "basicAngle": 0, "subDivisions": 0, "lo1": 0, "la1": 90, "lo2": 359, "la2": -90, "dx": 1, "dy": 1}, "data":
[rows 57 to 75 of 181, columns 86 to 128 of 360]
0.13450446201764976,0.10091421284363965,0.06729322422281941,0.033651737434016386,1.1806822366420397e-16,-0.03365173743401658,-0.06729322422281875,-0.10091421284363898,-0.13450446201764954,-0.16805373982955513,-0.20155182684433504,-0.2349885192201822,-0.26835363181669003,-0.30163700129734694,-0.33482848922538444,-0.36791798515204804,-0.4008954096963323,-0.4337507176152624,-0.4664739008637699,-0.4990549916432396,-0.5314840654378001,-0.5637512440374269,-0.5958466985469392,-0.6277606523799768,-0.6594833842370466,-0.6910052310667181,-0.7223165910090888,-0.7534079263205998,-0.7842697662793275,-0.8148927100698546,-0.845267429646852,-0.8753846725764886,-0.9052352648548169,-0.93481011370226,-0.9641002103333599,-0.9930966327009445,-1.0217905482138643,-1.050173216427492,-1.0782359917061386,-1.1059703258566052,-1.133367770732041,-1.160419980805332,-1.1871187157112282
0.15854806231062063,0.11895332441730529,0.07932235218904572,0.03966721760389597,1.3917373298708946e-16,-0.0396672176038962,-0.07932235218904492,-0.11895332441730451,-0.15854806231062035,-0.19809450492826633,-0.23758060604072606,-0.2769943377990913,-0.31632369439885855,-0.35555669573701587,-0.3946813910612957,-0.4336858626104943,-0.4725582292447319,-0.5112866500645679,-0.5498593280178494,-0.5882645134932095,-0.6264905078991126,-0.6645256672273605,-0.7023584055999661,-0.7399771987983269,-0.7773705877736147,-0.814527182137308,-0.8514356636308203,-0.8880847895731478,-0.9244633962855011,-0.960560402491868,-0.9963648126944787,-1.0318657205231392,-1.0670523120574205,-1.1019138691206818,-1.1364397725449293,-1.170619505405521,-1.2044426562247197,-1.237898922143135,-1.2709781120580688,-1.303670149727828,-1.3359650768410445,-1.3678530560500712,-1.3993243739675338
0.17978570361714494,0.13488721852724372,0.08994764548389732,0.044980673516393496,1.5781616719533025e-16,-0.04498067351639374,-0.0899476454838964,-0.13488721852724284,-0.1797857036171447,-0.22462942424010088,-0.26940472056439885,-0.31409795360103143,-0.3586955093582619,-0.40318380298858103,-0.44754928292677937,-0.4917784350178917,-0.5358577866337321,-0.5797739107767939,-0.6235134301702372,-0.66706302133274,-0.7104094186369598,-0.7535394183503729,-0.7964398826572558,-0.8390977436605948,-0.8815000073626933,-0.9236337576232663,-0.9654861600938263,-1.0070444661271463,-1.0482960166606263,-1.0892282460723592,-1.1298286860087485,-1.1700849691824824,-1.2099848331397354,-1.2495161239954289,-1.2886668001354178,-1.3274249358844907,-1.3657787251390385,-1.403716484963314,-1.441226659148162,-1.4782978217311573,-1.5149186804770614,-1.5510780803175455,-1.5867650067491335
0.19908235332966684,0.14936485136594518,0.09960185142156758,0.04980851178838156,1.7475479599657301e-16,-0.04980851178838183,-0.09960185142156656,-0.14936485136594416,-0.1990823533296665,-0.24873921288000997,-0.2983203040565186,-0.3478105239785187,-0.3971947974455986,-0.4464580815296649,-0.49558537015715937,-0.5445616986800614,-0.5933721484342571,-0.6420018512839154,-0.6904359941504618,-0.7386598235247855,-0.7866586499613044,-0.8344178525525126,-0.8819228833826456,-0.9291592719591213,-0.9761126296203911,-1.022768653918863,-1.0691131329775685,-1.1151319498192367,-1.1608110866664654,-1.2061366292116658,-1.2510947708555005,-1.295671816912505,-1.3398541887826227,-1.3836284280873794,-1.4269812007694302,-1.4698993011542505,-1.5123696559727036,-1.554379328343295,-1.595915521712861,-1.636965583754533,-1.677517010221752,-1.7175574487571856,-1.7570747026553744
0.2168112186906057,0.16266622788292087,0.1084716873664397,0.05424410532319719,1.9031722128230973e-16,-0.054244105323197504,-0.10847168736643863,-0.16266622788291976,-0.21681121869060535,-0.27089016670077964,-0.32488659894200417,-0.37878406757794464,-0.432566154917537,-0.4862164784159799,-0.5397186956650111,-0.593056509370971,-0.6462136723191083,-0.6991739923226457,-0.7519213371550717,-0.804439639464174,-0.8567129016663129,-0.9087252008194407,-0.9604606934733801,-1.0119036204958958,-1.0630383118730788,-1.1138491914825814,-1.164320781838259,-1.2144377088047593,-1.264184706280636,-1.3135466208485473,-1.362508416391137,-1.4110551786711776,-1.4591721198745964,-1.5068445831149844,-1.5540580468982232,-1.60079812954588,-1.6470505935759965,-1.6928013500399732,-1.7380364628141916,-1.7827421528450997,-1.8269048023464411,-1.8705109589473639,-1.9135473397901428
0.23189990055028237,0.17398676275497266,0.11602062690628015,0.058019150050714244,2.0356208942930513e-16,-0.05801915005071456,-0.11602062690627901,-0.17398676275497152,-0.23189990055028198,-0.28974239938941926,-0.3474966398869042,-0.4051450295416048,-0.462670008095579,-0.5200540528831029,-0.5772796841682405,-0.6343294704693473,-0.6911860338688609,-0.7478320553067892,-0.8042502798562602,-0.8604235219795384,-0.9163346707629114,-0.9719666951288376,-1.0273026490237744,-1.0823256765801141,-1.137019017250644,-1.1913660109139688,-1.2453501029493472,-1.2989548492793892,-1.3521639213790833,-1.404961111249619,-1.457330336355505,-1.5092556445234602,-1.5607212188016053,-1.611711382277459,-1.6622106028532708,-1.712203497977259,-1.7616748393292752,-1.8106095574595047,-1.8589927463787623,-1.906809668099006,-1.9540457571226675,-2.0006866248794437,-2.0467180641091938
0.24514700782039692,0.18392562561919085,0.1226482178906936,0.061333450326906166,2.1519042056873114e-16,-0.0613334503269065,-0.12264821789069238,-0.18392562561918963,-0.24514700782039645,-0.306293715868228,-0.36734712388307145,-0.42828863440540954,-0.4890996840607824,-0.5497617492143763,-0.610256351613496,-0.6705650640162292,-0.7306695158045525,-0.7905513985802082,-0.8501924717416135,-0.9095745680401264,-0.9686795991139667,-1.0274895609981076,-1.0859865396084536,-1.1441527161986462,-1.2019703727878304,-1.2594218975577138,-1.3164897902173074,-1.3731566673336768,-1.4294052676271103,-1.4852184572290645,-1.540579234901313,-1.5954707372146835,-1.6498762436858259,-1.7037791818704329,-1.7571631324113617,-1.810011834040137,-1.8623091885302852,-1.914039265601013,-1.9651863077697236,-2.0157347351519004,-2.06566915020689,-2.1149743424281393,-2.1636352929764686
0.2569476977543751,0.1927792897864287,0.1285521593793184,0.06428587073914768,2.255490843455063e-16,-0.06428587073914806,-0.12855215937931716,-0.19277928978642742,-0.25694769775437465,-0.3210378369644768,-0.38503018493947544,-0.4489052489902712,-0.5126435721535817,-0.5762257391187251,-0.6396323821417074,-0.7028441869448321,-0.765841898600008,-0.8286063273939942,-0.8911183546737671,-0.9533589386702486,-1.0153091202986144,-1.0769500289334182,-1.1382628881567594,-1.199229021477767,-1.2598298580216418,-1.320046938186517,-1.379861919266438,-1.4392565810387272,-1.498212831314042,-1.556712711447424,-1.6147384018086854,-1.672272227210433,-1.7292966622921067,-1.7857943368583746,-1.8417480411702565,-1.8971407311873845,-1.9519555337597783,-2.0061757517675702,-2.059784869207113,-2.1127665562219105,-2.1651046740768556,-2.216783280074236,-2.2677866324100435
0.26639343923945275,0.19986611465745815,0.13327790892079244,0.06664910544197651,2.338405707512737e-16,-0.06664910544197687,-0.13327790892079114,-0.19986611465745688,-0.2663934392394523,-0.3328396177992433,-0.39918441018716205,-0.4654076071367524,-0.5314890364207042,-0.5974085689955132,-0.6631461251329777,-0.7286816805366869,-0.7939952724416055,-0.8590670056949347,-0.9238770588163608,-0.9884056900358729,-1.0526332433072978,-1.1165401542957256,-1.1801069563369873,-1.243314286367395,-1.3061428908219208,-1.3685736314990113,-1.4305874913902767,-1.4921655804732519,-1.553289141465483,-1.613939555538174,-1.6740983479876645,-1.7337471938630027,-1.7928679235479035,-1.8514425282953915,-1.909453165713433,-1.966882165199911,-2.023712033325253,-2.079925459161106,-2.1355053195534075,-2.1904346843382685,-2.2446968214990637,-2.2982752022631643,-2.351153506136762
0.27418996143322377,0.20571558528690934,0.1371785461805049,0.06859972116005458,2.406843699261762e-16,-0.06859972116005496,-0.1371785461805035,-0.20571558528690795,-0.27418996143322333,-0.34258081666114737,-0.4108673184536607,-0.47902866608081285,-0.5470440969358218,-0.6148928928595699,-0.68255438645155,-0.750007967365365,-0.8172330885868294,-0.8842092726927965,-0.9509161180887744,-1.0173333052234506,-1.0834406027782253,-1.1492178738298706,-1.2146450819844232,-1.2797022974804717,-1.3443697032599546,-1.4086276010046221,-1.4724564171363417,-1.535836708779395,-1.598749169682971,-1.6611746361020299,-1.723094092634773,-1.7844886780149116,-1.845339690856996,-1.9056285953530399,-1.9653370269186994,-2.0244467977873133,-2.0829399025500637,-2.140798523640606,-2.198005036762466,-2.254542016257575,-2.3103922404142936,-2.365538696713311,-2.419964587009819
0.28072997492541024,0.2106223393354418,0.14045054614056732,0.07023597034876258,2.464252038299693e-16,-0.07023597034876297,-0.14045054614056593,-0.2106223393354404,-0.28072997492540985,-0.3507520974455236,-0.4206673774789428,-0.49045451815408647,-0.5600922616318607,-0.6295593955810072,-0.6988347596395792,-0.7678972518606014,-0.8367258351399185,-0.9052995436243074,-0.9735974890978761,-1.0415988673448136,-1.109282964486562,-1.1766291632914643,-1.2436169494549643,-1.310225917848472,-1.3764357787349613,-1.442226363949414,-1.5075776330422477,-1.572469679383823,-1.6368827362282035,-1.700797182734289,-1.7641935499425228,-1.8270525267053157,-1.8893549655694188,-1.9510818886084182,-2.012214493203592,-2.072734157771378,-2.132622447435678,-2.1918611196433133,-2.2504321297208683,-2.3083176363712847,-2.3655000071084884,-2.421961823628415,-2.4776858871147907
0.28529843989418513,0.21404990626751252,0.14273617096584282,0.07137895684377966,2.504354094071242e-16,-0.07137895684378007,-0.1427361709658414,-0.21404990626751108,-0.2852984398941847,-0.35646006885231746,-0.42751311662037067,-0.4984359397516897,-0.5692069344673032,-0.6398045432366471,-0.7102072613441938,-0.7803936434400036,-0.8503423100721776,-0.9200319541992538,-0.9894413476805322,-1.0585493477423724,-1.1273349034184914,-1.1957770619622927,-1.2638549752292665,-1.331547906027547,-1.398835234434659,-1.4656964640785402,-1.5321112283809426,-1.5980592967612848,-1.663520580799086,-1.7284751403530902,-1.792903189635229,-1.8567851032375602,-1.9201014221103638,-1.9828328594895541,-2.044960306771609,-2.106464839334248,-2.167327722301041,-2.2275304162482468,-2.287054582852091,-2.345882090474803,-2.403995019687688,-2.4613756687295525,-2.51800655889884
0.2884921015581901,0.21644600412239026,0.14433397513697513,0.0721779806245378,2.5323881052852386e-16,-0.0721779806245382,-0.1443339751369737,-0.2164460041223888,-0.2884921015581897,-0.3604503215051692,-0.43229874479245667,-0.5040154856943093,-0.5755786985967117,-0.6469665846517666,-0.7181573984178287,-0.7891294544833867,-0.8598611340726392,-0.9303308916307922,-1.0005172613870381,-1.070398863893236,-1.1399544125363044,-1.2091627200223294,-1.2780027048304123,-1.3464533976343134,-1.41449394768991,-1.4821036291865286,-1.5492618475602367,-1.615948145767141,-1.6821422105148036,-1.7478238784498663,-1.8129731423000037,-1.8775701569683299,-1.9415952455784127,-2.005028905468038,-2.0678518141299067,-2.1300448350974617,-2.1915890237740365,-2.2524656332035717,-2.3126561197811077,-2.3721421489013546,-2.430905600543591,-2.4889285747911907,-2.546193397284115
0.29067423083830435,0.21808318295885812,0.14542570482926326,0.0727239286212061,2.551542869673273e-16,-0.07272392862120652,-0.14542570482926181,-0.21808318295885665,-0.29067423083830396,-0.36317673653121235,-0.4355686150720005,-0.5078278151931906,-0.5799323260424344,-0.6518601838872361,-0.7235894788053124,-0.7950983613585769,-0.8663650492486799,-0.9373678339521158,-1.0080850873328449,-1.0784952682304318,-1.1485769290216967,-1.218308722153868,-1.2876694066472494,-1.3566378545654318,-1.4251930574510692,-1.493314132725251,-1.5609803300485456,-1.6281710376417509,-1.6948657885644443,-1.7610442669494075,-1.8266863141910394,-1.8917719350858595,-1.9562813039232467,-2.020194770524537,-2.083492866228659,-2.14615630982248,-2.208166013414045,-2.2695030882469402,-2.3301488504539845,-2.3900848267485215,-2.449292760051561,-2.5077546150530567,-2.565452583705642
0.29133734809691214,0.21858069772655886,0.14575746555823935,0.07288983425392559,2.5573637231699103e-16,-0.07288983425392598,-0.14575746555823788,-0.2185806977265574,-0.2913373480969116,-0.3640052542887862,-0.4365622809540055,-0.5089863265193735,-0.5812553299190223,-0.6533472773144318,-0.7252402088000522,-0.7969122250925137,-0.8683414942013488,-0.9395062580792382,-1.010384839249716,-1.0809556474103397,-1.151197186009309,-1.2210880587935231,-1.290606976326083,-1.3597327624712627,-1.4284443608449682,-1.4967208412287085,-1.5645414059451501,-1.6318853961932869,-1.6987322983413156,-1.7650617501752797,-1.8308535471016043,-1.8960876483016038,-1.9607441828361165,-2.0248034556983843,-2.0882459538133333,-2.151052351981459,-2.213203518765458,-2.274680522317858,-2.335464636147834,-2.395537344825485,-2.454880349621813,-2.5134755740826855,-2.571305169535107
0.290963553104306,0.21830025180768084,0.14557045413963296,0.07279631430108062,2.554082544974813e-16,-0.07279631430108102,-0.14557045413963154,-0.21830025180767937,-0.29096355310430555,-0.3635382240840279,-0.4360021577990196,-0.5083332810330989,-0.5805095610254403,-0.652509012181972,-0.7243097027723944,-0.7958897616108076,-0.8672273847178761,-0.9383008419625399,-1.009088483681219,-1.0795687472725077,-1.1497201637653591,-1.2195213643587395,-1.288951086930767,-1.3579881825153657,-1.4266116217444442,-1.4948005012536418,-1.5625340500497,-1.6297916358375049,-1.6965527713048885,-1.7627971203632566,-1.828504504342164,-1.8936549081359262,-1.9582284863004231,-2.0222055690982095,-2.085566668490101,-2.148292484071435,-2.210363908951142,-2.271762035571909,-2.332468161469585,-2.3924637949701513,-2.4517306608224545,-2.510250705765022,-2.5680061040252684
0.2898598235371463,0.2174721603169498,0.14501825297002055,0.0725201716584124,2.544393989855868e-16,-0.07252017165841282,-0.14501825297001913,-0.21747216031694835,-0.2898598235371459,-0.36215919264715785,-0.43434824455877363,-0.506404989787472,-0.5783074791506256,-0.6500338104534407,-0.7215621351605707,-0.7928706650514026,-0.8639376788569479,-0.9347415288763626,-1.0052606475710377,-1.075473554134283,-1.1453588610345922,-1.2148952805304907,-1.2840616311549846,-1.3528368441676435,-1.4211999699723459,-1.4891301844987206,-1.556606795545369,-1.6236092490829048,-1.690117135514915,-1.7561101958949146,-1.8215683280974244,-1.8864715929412654,-1.950800220263235,-2.014534614940289,-2.077655362858396,-2.1401432368262765,-2.2019792024321867,-2.263144423841986,-2.3236202695367085,-2.383388317987916,-2.4424303632690636,-2.5007284206012064,-2.5582647318313314
0.2877240519808084,0.21586976213484785,0.14394971626816372,0.07198582192343117,2.525646154280252e-16,-0.07198582192343157,-0.14394971626816228,-0.21586976213484643,-0.28772405198080786,-0.3594906982932896,-0.43114784025660563,-0.5026736504111575,-0.5740463413022853,-0.6452441721169413,-0.7162454553061481,-0.7870285631912443,-0.8575719345518742,-0.9278540811937549,-0.9978535944941803,-1.0675491519232976,-1.136919523539157,-1.2059435784545602,-1.2746002912737286,-1.3428687484968442,-1.4107281548905073,-1.4781578398221598,-1.5451372635565659,-1.6116460235124106,-1.677663860477129,-1.7431706647780514,-1.8081464824080096,-1.8725715211035165,-1.936426156373687,-1.9996909374780472,-2.0623465933514087,-2.1243740384740364,-2.1857543786852704,-2.2464689169388805,-2.3064991589983563,-2.3658268190704423,-2.424433825375161,-2.4823023256506533,-2.5394146925911483
0.28492737283318,0.21377150702475267,0.14255052434443446,0.07128611939348216,2.5010968617017e-16,-0.07128611939348256,-0.14255052434443305,-0.2137715070247512,-0.2849273728331795,-0.3559964470036884,-0.426957081207824,-0.4977876601489986,-0.5684666081467145,-0.63897239570873,-0.7092835460891461,-0.7793786418304408,-0.8492363312874222,-0.9188353351311574,-0.9881544528308549,-1.057172569111752,-1.1258686603870358,-1.1942218011618326,-1.262211170407309,-1.3298160579029643,-1.3970158705451663,-1.463790138620003,-1.5301185220385625,-1.5959808165327176,-1.661356959809544,-1.726227037662486,-1.7905712900374204,-1.8543701170517541,-1.917604084964747,-1.9802539320972132,-2.0423005746988108,-2.1037251127611465,-2.164508835774891,-2.2246332284291914,-2.284079976251606,-2.3428309711868742,-2.400868317112807,-2.4581743352916146,-2.51473156975502
