hough_viz/data/file_3_1_1.json
{"header": {"discipline": 0, "disciplineName": "Meteorological products", "gribEdition": 2, "gribLength": 133963, "center": 7, "centerName": "US National Weather Service - NCEP(WMC)", "subcenter": 0, "refTime": "2014-11-30T06:00:00.000Z", "significanceOfRT": 1, "significanceOfRTName": "Start of forecast", "productStatus": 0, "productStatusName": "Operational products", "productType": 1, "productTypeName": "Forecast products", "productDefinitionTemplate": 0, "productDefinitionTemplateName": "Analysis/forecast at horizontal level/layer at a point in time", "parameterCategory": 2, "parameterCategoryName": "Momentum", "parameterNumber": 2, "parameterNumberName": "U-component_of_wind", "parameterUnit": "m.s-1", "genProcessType": 2, "genProcessTypeName": "Forecast", "forecastTime": 6, "surface1Type": 100, "surface1TypeName": "Isobaric surface", "surface1Value": 85000, "surface2Type": 255, "surface2TypeName": "Missing", "surface2Value": 0, "gridDefinitionTemplate": 0, "gridDefinitionTemplateName": "Latitude_Longitude", "numberPoints": 65160, "shape": 6, "shapeName": "Earth spherical with radius of 6,371,229.0 m", "gridUnits": "degrees", "resolution": 48, "winds": "true", "scanMode": 0, "nx": 360, "ny": 181, "basicAngle": 0, "subDivisions": 0, "lo1": 0, "la1": 90, "lo2": 359, "la2": -90, "dx": 1, "dy": 1}, "data":
[rows 76 to 94 of 181, columns 86 to 128 of 360]
4.2501051352175345,3.1978140362259095,2.136757951238317,1.0698451612306235,3.7551118189256354e-15,-1.069845161230616,-2.13675795123831,-3.197814036225902,-4.250105135217509,-5.290746991454706,-6.316887277943604,-7.3257134154851125,-8.314460281758905,-9.28041779033141,-10.220938318814563,-11.133443965814545,-12.015433616780443,-12.864489799385298,-13.678285309649748,-14.454589590646416,-15.19127484630132,-15.886321873535074,-16.537825596758168,-17.144000289550714,-17.703184469214438,-18.213845450781328,-18.67458354799649,-19.084135909760978,-19.441379981518843,-19.745336582101114,-19.995172587593363,-20.190203214870422,-20.32989389853934,-20.413861756145966,-20.441876637629125,-20.413861756145966,-20.32989389853935,-20.190203214870426,-19.995172587593366,-19.745336582101114,-19.441379981518843,-19.08413590976099,-18.674583547996495
4.501035752048872,3.386616294780157,2.262914357648262,1.1330099295553209,3.976817516788431e-15,-1.1330099295553129,-2.2629143576482544,-3.3866162947801492,-4.501035752048845,-5.603118183184373,-6.689842856847724,-7.75823113624573,-8.805354643367357,-9.828343285464177,-10.82439312177532,-11.790774048934002,-12.72483728399123,-13.62402262454563,-14.485865466080337,-15.308003557272698,-16.088183474760854,-16.8242667996206,-17.51423597862304,-18.156199854207696,-18.748398848013935,-19.289209783763006,-19.77715033627131,-20.210883094400753,-20.589219226809714,-20.911121740457062,-21.17570832292807,-21.38225376079137,-21.53019192735858,-21.619117334398194,-21.64878624355064,-21.619117334398194,-21.530191927358583,-21.38225376079137,-21.175708322928077,-20.911121740457062,-20.589219226809718,-20.210883094400767,-19.777150336271312
4.738420957101235,3.5652268741793796,2.3822607522112786,1.1927650191103019,4.186555384622278e-15,-1.1927650191102939,-2.3822607522112706,-3.5652268741793702,-4.738420957101207,-5.898627357543271,-7.042666030406829,-8.167401245210755,-9.269750180910698,-10.34669137569716,-11.395273008612554,-12.412620990287042,-13.395946840617874,-14.342555331799424,-15.249851875755292,-16.11534963572394,-16.93667634250528,-17.71158079668574,-18.437939039019387,-19.113760172052505,-19.7371918170352,-20.306525191162798,-20.820199791230667,-21.276807670865114,-21.675097299606502,-22.0139769932672,-22.29251790616213,-22.509956577010193,-22.66569702152857,-22.759312365984215,-22.790546017225108,-22.759312365984215,-22.665697021528572,-22.509956577010193,-22.29251790616214,-22.0139769932672,-21.675097299606502,-21.27680767086513,-20.820199791230674
4.965399943838965,3.7360077293878216,2.49637537743714,1.24990063409785,4.3870990061632985e-15,-1.2499006340978414,-2.496375377437132,-3.7360077293878127,-4.965399943838934,-6.181182342184754,-7.380022549379318,-8.558634627745114,-9.713788083499699,-10.842316721314504,-11.941127322636392,-13.007208123984508,-14.037637071984749,-15.029589832514871,-15.980347532008027,-16.88730420969631,-17.747973960367933,-18.55999774806072,-19.321149872015717,-20.029344067168168,-20.682639222455144,-21.27924470126601,-21.81752524945286,-22.296005477448542,-22.713373904206883,-23.068486551881055,-23.36037008138736,-23.588224460259994,-23.75142515548444,-23.849524845299026,-23.882254645272784,-23.849524845299026,-23.751425155484448,-23.588224460259998,-23.360370081387362,-23.06848655188106,-22.71337390420689,-22.296005477448553,-21.817525249452867
5.1746677455757215,3.8934625434296612,2.601585631083323,1.3025779533562076,4.571994195957719e-15,-1.3025779533561987,-2.601585631083314,-3.8934625434296515,-5.17466774557569,-6.441689543117895,-7.691055117378719,-8.919340044161496,-10.123177679858992,-11.29926838918941,-12.444388589267588,-13.555399585221414,-14.62925617313644,-15.66301498674803,-16.653842565003742,-17.599023118383208,-18.495965972688275,-19.342212669901024,-20.13544370664631,-20.873484891789204,-21.554313305741843,-22.176062845145395,-22.737029337729638,-23.235675213330687,-23.670633718263986,-24.040712661501093,-24.344897682382477,-24.58235503090954,-24.752433852995424,-24.854667974410837,-24.888777178535175,-24.854667974410837,-24.752433852995434,-24.582355030909547,-24.34489768238248,-24.0407126615011,-23.670633718263986,-23.2356752133307,-22.73702933772964
5.366349995381688,4.037685843659506,2.697954675695953,1.3508286014988722,4.74135195507767e-15,-1.3508286014988626,-2.6979546756959443,-4.037685843659496,-5.366349995381655,-6.680305354776934,-7.975950461537056,-9.249734042483624,-10.498164745360917,-11.71782070838962,-12.905358939352373,-14.05752447850285,-15.171159320184312,-16.243211068703506,-17.270741304735118,-18.250933639324987,-19.181101433416302,-20.05869516174062,-20.881309400889435,-21.64668942241242,-22.352737372871506,-22.99751802391128,-23.57926407658539,-24.096381005400126,-24.547451428797977,-24.931238994101914,-25.24669176627219,-25.492945111187144,-25.66932406554523,-25.775345186892483,-25.810717878704747,-25.775345186892483,-25.66932406554523,-25.492945111187144,-25.2466917662722,-24.93123899410192,-24.547451428797977,-24.09638100540014,-23.579264076585396
5.5449920873292795,4.172097621936969,2.7877677269618784,1.395796754422568,4.899188293118203e-15,-1.3957967544225582,-2.787767726961869,-4.172097621936959,-5.544992087329247,-6.902688114837886,-8.241464354023677,-9.55765131227225,-10.847641412618128,-12.107898881862287,-13.33496944188101,-14.525489777561884,-15.676196755416894,-16.783936367604383,-17.845672376845357,-18.858494638538907,-19.819627077266098,-20.726435295819883,-21.576433795904688,-22.367292790714444,-23.096844590716294,-23.763089545136992,-24.364201522866573,-24.898532917756846,-25.364619164595364,-25.761182753376787,-26.087136730869048,-26.341587679876653,-26.523838168035017,-26.633388659424188,-26.66993888376202,-26.633388659424188,-26.52383816803502,-26.341587679876653,-26.08713673086906,-25.761182753376787,-25.364619164595364,-24.89853291775686,-24.364201522866576
5.702404740961824,4.2905361963370705,2.8669075902296717,1.4354209896937808,5.038267703461721e-15,-1.435420989693771,-2.8669075902296615,-4.290536196337061,-5.70240474096179,-7.098643390560885,-8.475425152047055,-9.828976362311048,-11.155587031569759,-12.45162101219024,-13.713525965117888,-14.937843096590639,-16.121216638452395,-17.26040304608018,-18.352279888714545,-19.3938544078253,-20.382271720054494,-21.314822642253347,-22.188951117164947,-23.002261219399475,-23.752523722499202,-24.437682209093246,-25.055858707394634,-25.605358838590412,-26.084676461016308,-26.492497798386182,-26.827705040761618,-27.089379408391245,-27.276803670022144,-27.389464108780892,-27.427051930235777,-27.389464108780892,-27.276803670022147,-27.089379408391245,-26.82770504076162,-26.492497798386182,-26.084676461016308,-25.605358838590426,-25.055858707394634
5.838858378922492,4.393205035079192,2.9355102216026783,1.4697693786535904,5.158829113671466e-15,-1.4697693786535801,-2.935510221602668,-4.3932050350791805,-5.838858378922457,-7.268507817803225,-8.678234781983127,-10.06417530784232,-11.42253062873501,-12.749577587144662,-14.041678839600241,-15.295292826381587,-16.506983478688614,-17.673429636666906,-18.791434152476107,-19.85793265344996,-20.87000194132868,-21.824868004542253,-22.719913621583373,-23.55268553462955,-24.320901173752404,-25.02245491328313,-25.65542384318606,-26.21807303962144,-26.708860320251155,-27.126440471253183,-27.469668934459246,-27.737604944509243,-27.929514107423618,-28.04487041352627,-28.083357679200482,-28.04487041352627,-27.929514107423618,-27.737604944509243,-27.469668934459254,-27.126440471253183,-26.708860320251155,-26.218073039621462,-25.65542384318606
5.960246883121148,4.484538743355344,2.996538794610468,1.5003255413164482,5.266079968014095e-15,-1.500325541316438,-2.996538794610458,-4.4845387433553325,-5.960246883121113,-7.419618400471988,-8.85865325951847,-10.273407165738051,-11.660002377012171,-13.01463833224768,-14.333602068450938,-15.613278397701015,-16.85015981612869,-18.040856117740606,-19.18210368673831,-20.27077444286236,-21.303884415242774,-22.27860192125585,-23.192255327969413,-24.042340374902903,-24.82652703803137,-25.54266591621934,-26.18879412257989,-26.763140664611193,-27.264131298363914,-27.69039284333434,-28.040756946256792,-28.314263283478677,-28.510162193140857,-28.627916729948712,-28.667204136901876,-28.627916729948712,-28.510162193140857,-28.31426328347868,-28.0407569462568,-27.69039284333434,-27.264131298363914,-26.763140664611207,-26.18879412257989
6.05798240071116,4.558075750098391,3.0456757306825586,1.524927725791279,5.35243260766763e-15,-1.5249277257912683,-3.0456757306825497,-4.558075750098379,-6.057982400711126,-7.541284542648765,-9.003916547843216,-10.441869443634598,-11.851201901086467,-13.228051037894359,-14.56864300627795,-15.86930333683528,-17.126467010008113,-18.33668822755264,-19.496649857232995,-20.60317252485022,-21.653223328685776,-22.643924152474497,-23.57255955412117,-24.43658420853852,-25.233629884206394,-25.96151193432978,-26.618235284803735,-27.201999902572886,-27.711205729396927,-28.144457067498973,-28.500566405076235,-28.77855767118725,-28.977668911094575,-29.097354374729655,-29.1372860125559,-29.097354374729655,-28.97766891109458,-28.77855767118726,-28.500566405076235,-28.144457067498973,-27.711205729396927,-27.2019999025729,-26.618235284803742
6.132304432162298,4.613996257430288,3.083041439671608,1.543636219626399,5.4180986394079114e-15,-1.5436362196263884,-3.083041439671598,-4.613996257430277,-6.132304432162262,-7.633804386696996,-9.114380614026977,-10.569974957626743,-11.996597734577653,-13.390338671011321,-14.747377619898796,-16.06399503180776,-17.336582149929164,-18.561650901428663,-19.73584345801186,-20.855941439498334,-21.918874735177837,-22.921729918770524,-23.861758233925773,-24.73638312837232,-25.543207316068887,-26.280019347998696,-26.94479967359739,-27.535726176200807,-28.051179167340127,-28.489745826195318,-28.850224072038852,-29.131625859055422,-29.333179884506812,-29.454333702819103,-29.49475523979759,-29.454333702819103,-29.333179884506816,-29.131625859055426,-28.85022407203886,-28.48974582619532,-28.051179167340127,-27.53572617620082,-26.9447996735974
6.190286105539599,4.657622145042668,3.11219196599352,1.5582314850914227,5.469327411415465e-15,-1.558231485091412,-3.11219196599351,-4.657622145042657,-6.190286105539561,-7.705982922102748,-9.200558175112702,-10.669915337687634,-12.110027003978729,-13.516945928009529,-14.886815842803065,-16.215882030141344,-17.50050161198717,-18.737153535359486,-19.922448223294936,-21.053136865442752,-22.126120322827983,-23.1384576223761,-24.08737401791577,-24.970268595565166,-25.784721402656196,-26.52850008065657,-27.1995659839093,-27.796079767418767,-28.316406428367568,-28.75911978754549,-29.123006398407647,-29.407068873047134,-29.61052861596589,-29.732827958150892,-29.77363168560613,-29.732827958150892,-29.61052861596589,-29.407068873047134,-29.123006398407657,-28.75911978754549,-28.316406428367575,-27.79607976741878,-27.199565983909302
6.223424270553831,4.682555572768771,3.1288523156391967,1.5665730917963412,5.498606102446266e-15,-1.5665730917963303,-3.128852315639186,-4.682555572768759,-6.223424270553794,-7.7472349949982116,-9.249811086824987,-10.727034089409264,-12.174855037181512,-13.5893055535606,-14.966508727998445,-16.30268974232209,-17.594186217248126,-18.837458250709574,-20.029098120481468,-21.165839624510696,-22.244567033348602,-23.262323630148984,-24.216319814823436,-25.103940750141202,-25.92275352881635,-26.670513841937524,-27.34517213046264,-27.94487920291775,-28.467991303902416,-28.913074619508897,-29.278909207306473,-29.564492340118854,-29.769041254429634,-29.89199529588271,-29.93301745599689,-29.89199529588271,-29.76904125442964,-29.564492340118854,-29.278909207306484,-28.9130746195089,-28.467991303902423,-27.944879202917765,-27.34517213046264
6.231812151947706,4.688866683671244,3.133069357733965,1.5686845064641461,5.5060170797176004e-15,-1.5686845064641355,-3.133069357733955,-4.6888666836712325,-6.231812151947668,-7.7576766562836195,-9.262277908134138,-10.741491900051505,-12.19126420930283,-13.607621110760789,-14.98668046860832,-16.324662377002763,-17.617899520535236,-18.8628472260871,-20.056093178532674,-21.19436677365786,-22.274548082658807,-23.29367640365003,-24.24895837674246,-25.13777564044867,-25.957692008429756,-26.706460146912796,-27.382027734476438,-27.982543087321268,-28.506360234606497,-28.952043429941465,-29.318371086666826,-29.604339126138626,-29.80916372983806,-29.93228348776357,-29.97336093721664,-29.93228348776357,-29.809163729838062,-29.604339126138626,-29.318371086666833,-28.952043429941472,-28.5063602346065,-27.982543087321286,-27.382027734476438
6.223424270553831,4.682555572768771,3.1288523156391963,1.5665730917963412,5.498606102446265e-15,-1.5665730917963303,-3.128852315639186,-4.682555572768759,-6.223424270553794,-7.7472349949982116,-9.249811086824987,-10.727034089409264,-12.174855037181512,-13.5893055535606,-14.966508727998443,-16.30268974232209,-17.594186217248126,-18.837458250709574,-20.029098120481468,-21.165839624510696,-22.244567033348602,-23.262323630148984,-24.216319814823436,-25.103940750141202,-25.92275352881635,-26.67051384193752,-27.34517213046264,-27.94487920291775,-28.467991303902416,-28.913074619508897,-29.27890920730647,-29.564492340118854,-29.769041254429634,-29.891995295882705,-29.933017455996886,-29.891995295882705,-29.76904125442964,-29.564492340118854,-29.278909207306484,-28.9130746195089,-28.467991303902423,-27.944879202917765,-27.34517213046264
6.190286105539599,4.657622145042668,3.11219196599352,1.5582314850914227,5.469327411415465e-15,-1.558231485091412,-3.11219196599351,-4.657622145042658,-6.190286105539562,-7.705982922102749,-9.200558175112702,-10.669915337687634,-12.110027003978729,-13.516945928009529,-14.886815842803065,-16.215882030141344,-17.50050161198717,-18.737153535359486,-19.922448223294936,-21.053136865442752,-22.126120322827983,-23.1384576223761,-24.08737401791577,-24.970268595565166,-25.784721402656203,-26.52850008065657,-27.1995659839093,-27.79607976741877,-28.31640642836757,-28.75911978754549,-29.123006398407654,-29.407068873047134,-29.61052861596589,-29.732827958150892,-29.77363168560613,-29.732827958150892,-29.61052861596589,-29.407068873047134,-29.123006398407657,-28.759119787545494,-28.316406428367575,-27.79607976741878,-27.199565983909302
6.132304432162298,4.613996257430288,3.083041439671608,1.543636219626399,5.4180986394079114e-15,-1.5436362196263884,-3.083041439671598,-4.613996257430277,-6.132304432162262,-7.633804386696996,-9.114380614026977,-10.569974957626743,-11.996597734577653,-13.390338671011321,-14.747377619898796,-16.06399503180776,-17.336582149929164,-18.561650901428663,-19.73584345801186,-20.855941439498334,-21.918874735177837,-22.921729918770524,-23.861758233925773,-24.73638312837232,-25.543207316068887,-26.280019347998696,-26.94479967359739,-27.535726176200807,-28.051179167340127,-28.489745826195318,-28.850224072038852,-29.131625859055422,-29.333179884506812,-29.454333702819103,-29.49475523979759,-29.454333702819103,-29.333179884506816,-29.131625859055426,-28.85022407203886,-28.48974582619532,-28.051179167340127,-27.53572617620082,-26.9447996735974
6.05798240071116,4.558075750098391,3.0456757306825586,1.524927725791279,5.35243260766763e-15,-1.5249277257912683,-3.0456757306825497,-4.558075750098379,-6.057982400711126,-7.541284542648765,-9.003916547843216,-10.441869443634598,-11.851201901086467,-13.228051037894359,-14.56864300627795,-15.86930333683528,-17.126467010008113,-18.33668822755264,-19.496649857232995,-20.60317252485022,-21.653223328685776,-22.643924152474497,-23.57255955412117,-24.43658420853852,-25.233629884206394,-25.96151193432978,-26.618235284803735,-27.201999902572886,-27.711205729396927,-28.144457067498973,-28.500566405076235,-28.77855767118725,-28.977668911094575,-29.097354374729655,-29.1372860125559,-29.097354374729655,-28.97766891109458,-28.77855767118726,-28.500566405076235,-28.144457067498973,-27.711205729396927,-27.2019999025729,-26.618235284803742
