hough_viz/data/file_4_1_2.json
{"header": {"discipline": 0, "disciplineName": "Meteorological products", "gribEdition": 2, "gribLength": 133963, "center": 7, "centerName": "US National Weather Service - NCEP(WMC)", "subcenter": 0, "refTime": "2014-11-30T06:00:00.000Z", "significanceOfRT": 1, "significanceOfRTName": "Start of forecast", "productStatus": 0, "productStatusName": "Operational products", "productType": 1, "productTypeName": "Forecast products", "productDefinitionTemplate": 0, "productDefinitionTemplateName": "Analysis/forecast at horizontal level/layer at a point in time", "parameterCategory": 2, "parameterCategoryName": "Momentum", "parameterNumber": 3, "parameterNumberName": "V-component_of_wind", "parameterUnit": "m.s-1", "genProcessType": 2, "genProcessTypeName": "Forecast", "forecastTime": 6, "surface1Type": 100, "surface1TypeName": "Isobaric surface", "surface1Value": 85000, "surface2Type": 255, "surface2TypeName": "Missing", "surface2Value": 0, "gridDefinitionTemplate": 0, "gridDefinitionTemplateName": "Latitude_Longitude", "numberPoints": 65160, "shape": 6, "shapeName": "Earth spherical with radius of 6,371,229.0 m", "gridUnits": "degrees", "resolution": 48, "winds": "true", "scanMode": 0, "nx": 360, "ny": 181, "basicAngle": 0, "subDivisions": 0, "lo1": 0, "la1": 90, "lo2": 359, "la2": -90, "dx": 1, "dy": 1}, "data":
[rows 95 to 113 of 181, columns 129 to 171 of 360]
-9.48964275324574,-7.979730938502212,-6.430942676746049,-4.850823508704916,-3.2470716161324473,-1.6275003170406794,-8.57173369106686e-15,1.627500317040663,3.247071616132431,4.8508235087049,6.430942676746072,7.979730938502195,9.489642753245684,10.953321982390952,12.363637727862091,13.713719073111562,14.99698855753506,16.207194221198293,17.338440063757314,18.385214769179584,19.342418556321732,20.205388024550626,20.969918873362392,21.632286385312003,22.18926357246222,22.638136897944367,22.976719496037287,23.203361826357284,23.316959710253045,23.316959710253045,23.203361826357284,22.976719496037294,22.63813689794437,22.189263572462227,21.63228638531203,20.969918873362413,20.205388024550633,19.342418556321746,18.38521476917957,17.3384400637573,16.207194221198307,14.996988557535072,13.713719073111578
-9.318599083017006,-7.835902292614318,-6.315029773904156,-4.763391064920144,-3.18854559348224,-1.5981658484243715,-8.417234641011272e-15,1.5981658484243548,3.1885455934822233,4.763391064920129,6.315029773904178,7.835902292614301,9.318599083016952,10.755896595389487,12.140792460728226,13.466539605586453,14.726679123138092,15.915071740322444,17.025927727765357,18.053835106758843,18.99378601587736,19.841201108775238,20.591951864301706,21.242380700241057,21.789318792685492,22.23010151422663,22.562581415752433,22.785138688603443,22.896689056117715,22.89668905611772,22.785138688603443,22.562581415752433,22.230101514226636,21.789318792685503,21.242380700241082,20.591951864301734,19.841201108775245,18.993786015877372,18.05383510675883,17.025927727765342,15.915071740322459,14.726679123138108,13.466539605586467
-9.126474394353439,-7.674346861915476,-6.184830682988907,-4.66518263067186,-3.1228062775207013,-1.5652159260888494,-8.243693685937916e-15,1.5652159260888334,3.122806277520685,4.665182630671845,6.184830682988928,7.674346861915459,9.126474394353387,10.534138660932058,11.890481662842586,13.188895433318745,14.423054230986914,15.58694535824208,16.67489845450616,17.681613121654788,18.602184747024253,19.432128398191313,20.167400673113075,20.80441939917547,21.34008108517801,21.771776041231014,22.097401092902405,22.315369827672168,22.424620323774647,22.42462032377465,22.315369827672168,22.097401092902405,21.771776041231018,21.340081085178017,20.80441939917549,20.167400673113104,19.43212839819132,18.602184747024264,17.681613121654777,16.674898454506145,15.58694535824209,14.423054230986926,13.18889543331876
-8.905088042024634,-7.488185636358686,-6.034801542982189,-4.552016503104446,-3.04705449639068,-1.527247546459345,-8.04372147366995e-15,1.5272475464593291,3.0470544963906634,4.552016503104431,6.034801542982209,7.488185636358671,8.90508804202458,10.278605753886104,11.602047131716532,12.868964502154899,14.073185571122565,15.208843494619405,16.27040546139807,17.25269964826421,18.150940416679312,18.960751627910533,19.678187963138633,20.29975414465487,20.822421964502507,21.24364503760162,21.561371207481265,21.77405254417952,21.88065288560264,21.880652885602643,21.77405254417952,21.56137120748127,21.243645037601627,20.82242196450251,20.29975414465489,19.67818796313866,18.96075162791054,18.150940416679326,17.252699648264198,16.270405461398052,15.208843494619419,14.073185571122574,12.868964502154917
-8.654258412652343,-7.277265899352725,-5.864819278099672,-4.423799846853325,-2.9612281074319147,-1.484229562332706,-7.817153957830336e-15,1.4842295623326904,2.9612281074319,4.42379984685331,5.864819278099692,7.27726589935271,8.654258412652293,9.98908824888848,11.275252251275724,12.506484358079108,13.67678613023735,14.780455975154833,15.812116924287599,16.76674282919365,17.639682848422964,18.426684105949505,19.123912410755644,19.727970936625546,20.23591677114092,20.645275253254532,20.954052029590095,21.160742770731435,21.264340500164206,21.264340500164206,21.16074277073144,20.9540520295901,20.645275253254535,20.235916771140925,19.72797093662556,19.123912410755672,18.426684105949516,17.639682848422975,16.76674282919364,15.812116924287587,14.780455975154846,13.67678613023736,12.506484358079122
-8.385431001446044,-7.05121203556669,-5.6826402734354104,-4.286383259108989,-2.8692434164099296,-1.4381249082014607,-7.574329539921542e-15,1.4381249082014456,2.8692434164099154,4.286383259108975,5.68264027343543,7.051212035566676,8.385431001445998,9.678796990386884,10.925008853299875,12.117995171257606,13.251943834837588,14.321330360135006,15.320944803492937,16.24591714382421,17.091741008864663,17.854295629765737,18.529865917066097,19.11516056023412,19.607328062601923,20.00397063357044,20.3031558704043,20.50342617270364,20.60380584368676,20.60380584368676,20.50342617270364,20.303155870404304,20.003970633570447,19.607328062601923,19.115160560234145,18.529865917066118,17.854295629765748,17.091741008864673,16.2459171438242,15.320944803492926,14.321330360135017,13.251943834837602,12.117995171257622
-8.092428240460123,-6.80482939949683,-5.484078113718248,-4.136608950627268,-2.7689866445393108,-1.3878741138567228,-7.309668192468854e-15,1.3878741138567088,2.7689866445392965,4.136608950627254,5.484078113718268,6.804829399496817,8.092428240460077,9.34060158448389,10.543268456502087,11.694569584405809,12.788895944828335,13.820916089743008,14.78560212074208,15.678254184452399,16.49452336974867,17.23043289521123,17.88239748360537,18.447240828991692,18.92221107136934,19.30499420346128,19.593725344325183,19.78699782486592,19.88387004098598,19.88387004098598,19.78699782486592,19.593725344325186,19.304994203461288,18.922211071369343,18.447240828991713,17.882397483605388,17.23043289521124,16.494523369748677,15.678254184452385,14.785602120742066,13.820916089743019,12.788895944828347,11.694569584405823
-7.775362055782474,-6.538212108497154,-5.26920864903802,-3.9745341346998027,-2.6604960895761045,-1.3334963749361237,-7.0232710152337206e-15,1.3334963749361102,2.660496089576091,3.9745341346997902,5.269208649038037,6.538212108497142,7.775362055782431,8.97463122070864,10.130176884454333,11.23636934470075,12.287819342975688,13.279404320578953,14.206293375173408,15.063970796455614,15.848258066242542,16.555334215792083,17.181754441178644,17.7244668860317,18.180827509873204,18.548612969616997,18.826031451472858,19.01173140048321,19.10480810516297,19.104808105162977,19.011731400483214,18.826031451472865,18.548612969617,18.180827509873208,17.72446688603172,17.181754441178665,16.55533421579209,15.848258066242552,15.063970796455607,14.206293375173397,13.279404320578964,12.2878193429757,11.236369344700764
-7.4442841856483035,-6.259812553101937,-5.044843743031015,-3.805296961349995,-2.547211155380393,-1.276715592706548,-6.724217467319591e-15,1.2767155927065348,2.54721115538038,3.8052969613499825,5.044843743031031,6.259812553101924,7.44428418564826,8.592488013938977,9.698830104339661,10.757920469394962,11.764599327305758,12.713962239867337,13.60138400639929,14.422541197258386,15.173433217153216,15.850401795642263,16.450148809859737,16.969752352638757,17.406680967749278,17.758805982898373,18.024411880407712,18.202204655043253,18.29131811827864,18.29131811827864,18.202204655043257,18.024411880407712,17.758805982898373,17.40668096774928,16.96975235263878,16.450148809859762,15.850401795642266,15.173433217153221,14.422541197258377,13.601384006399279,12.713962239867344,11.76459932730577,10.757920469394975
-7.095094396684211,-5.96618289444563,-4.80820474886392,-3.6268015130648235,-2.4277288648588904,-1.2168285656578162,-6.408803920522345e-15,1.216828565657804,2.4277288648588775,3.626801513064812,4.808204748863937,5.966182894445619,7.0950943966841695,8.189439312218498,9.243886102623259,10.253297609128193,11.212756080339329,12.117587131029376,12.963382515272642,13.746021602976134,14.461691455175188,15.106905400288786,15.678520020832984,16.173750467835003,16.590184028337458,16.925791879893318,17.178938974784977,17.348392005812393,17.433325414841757,17.43332541484176,17.348392005812393,17.178938974784977,16.925791879893318,16.59018402833746,16.173750467835024,15.678520020833004,15.106905400288793,14.461691455175195,13.746021602976121,12.963382515272631,12.117587131029385,11.21275608033934,10.253297609128204
-6.728500457521022,-5.657918286991641,-4.559771307299995,-3.4394095801458193,-2.3022913952454167,-1.1539566780929007,-6.077669682809207e-15,1.153956678092889,2.3022913952454047,3.4394095801458078,4.55977130730001,5.657918286991629,6.728500457520983,7.76630205016782,8.766266999892194,9.723523577975142,10.63340812659137,11.491487779681314,12.293582059428962,13.0357832431296,13.714475401222058,14.326352013734033,14.868432079314942,15.338074638375,15.732991639574777,16.05125908698133,16.29132641358303,16.45202403549615,16.532569050060015,16.532569050060022,16.45202403549615,16.29132641358303,16.051259086981332,15.732991639574784,15.338074638375014,14.868432079314966,14.326352013734038,13.714475401222069,13.03578324312959,12.293582059428951,11.491487779681323,10.633408126591382,9.723523577975154
-6.352491282144252,-5.341736516198587,-4.30495734689548,-3.247204858131122,-2.1736323137058426,-1.089470051140944,-5.738030920788904e-15,1.0894700511409328,2.173632313705831,3.2472048581311115,4.3049573468954945,5.3417365161985755,6.352491282144217,7.332297349113465,8.276381200437784,9.180143354492474,10.039180772908862,10.849308311734584,11.60657911103419,12.307303823594069,12.948068589051255,13.525751665877902,14.03753864019218,14.480936137299896,14.853783969165304,15.154265658630084,15.380917289107467,15.532634636636718,15.608678549551247,15.608678549551254,15.532634636636718,15.380917289107467,15.154265658630088,14.85378396916531,14.48093613729991,14.037538640192203,13.525751665877909,12.948068589051266,12.30730382359406,11.606579111034177,10.849308311734593,10.039180772908875,9.180143354492484
-5.964954793673782,-5.015861561022998,-4.04233155503955,-3.0491077160537214,-2.0410289307705147,-1.0230064577001061,-5.387979853418229e-15,1.0230064577000952,2.041028930770504,3.049107716053711,4.0423315550395635,5.015861561022986,5.964954793673749,6.884987366164914,7.771476972284634,8.62010472378149,9.426736191553985,10.187441548173455,10.898514713608266,11.556491410873228,12.158166043638875,12.7006073135745,13.181172501338962,13.59752034164373,13.947622429661983,14.22977310321302,14.442597752576994,14.58505951745526,14.656464338449549,14.656464338449549,14.585059517455264,14.442597752576994,14.229773103213025,13.947622429661985,13.597520341643742,13.181172501338981,12.700607313574508,12.158166043638884,11.556491410873221,10.898514713608257,10.187441548173462,9.426736191553992,8.6201047237815
-5.567501871442843,-4.681647991282497,-3.772985592706233,-2.8459415875815104,-1.905032441115141,-0.9548421680888501,-5.0289715437603476e-15,0.9548421680888401,1.905032441115131,2.845941587581501,3.7729855927062452,4.681647991282487,5.56750187144281,6.42623144212882,7.253653059191302,8.045735607684037,8.798620141050655,9.508638681524292,10.172332090146563,10.78646691934487,11.34805116596399,11.854348848004664,12.302893334052824,12.691499360459996,13.018273677728066,13.281624274230541,13.480268132333162,13.613237479126873,13.679884501320123,13.679884501320123,13.613237479126873,13.480268132333167,13.281624274230545,13.018273677728072,12.691499360460007,12.302893334052843,11.854348848004669,11.348051165963996,10.78646691934486,10.172332090146554,9.508638681524301,8.798620141050662,8.045735607684048
-5.165513623083719,-4.343620718206441,-3.500566129809288,-2.640457135103402,-1.7674840986531166,-0.8859000573410735,-4.665866598561613e-15,0.8859000573410644,1.7674840986531073,2.640457135103393,3.5005661298093,4.343620718206431,5.165513623083689,5.962240664824918,6.7299202693694555,7.464812378850823,8.163336672782748,8.822090011020624,9.437863013518193,10.007655696104564,10.528692086105544,10.998433746603457,11.414592143446601,11.775139794757665,12.078320148621593,12.32265614082993,12.5069573909892,12.630326001934534,12.692160934194371,12.692160934194373,12.630326001934534,12.5069573909892,12.322656140829933,12.078320148621595,11.775139794757678,11.414592143446619,10.998433746603462,10.528692086105549,10.007655696104557,9.43786301351819,8.822090011020633,8.163336672782755,7.464812378850831
-4.758640368561701,-4.001485699894192,-3.2248361951247335,-2.4324756125720475,-1.628264253346505,-0.8161201543512091,-4.298349161449712e-15,0.8161201543512006,1.6282642533464968,2.43247561257204,3.2248361951247446,4.001485699894182,4.758640368561673,5.492611419690408,6.199823020097779,6.876829705955246,7.5203331687418045,8.127198324271516,8.694468586508496,9.219380271756915,9.699376063050202,10.132117469142193,10.515496217401399,10.847644525103407,11.126944199080537,11.352034519396264,11.521818868636007,11.635470074516938,11.692434439788187,11.692434439788189,11.63547007451694,11.521818868636009,11.352034519396266,11.12694419908054,10.84764452510342,10.515496217401411,10.132117469142198,9.699376063050208,9.21938027175691,8.694468586508489,8.127198324271523,7.520333168741812,6.876829705955254
-4.349662917670035,-3.6575812871686684,-2.9476802882950004,-2.2234184873565637,-1.4883244150449713,-0.7459793757891271,-3.9289310615432955e-15,0.7459793757891193,1.488324415044964,2.223418487356556,2.94768028829501,3.6575812871686604,4.34966291767001,5.020553427663075,5.666984306020833,6.28580620648291,6.874004290954035,7.42871291749214,7.947229601427831,8.427028181598082,8.865771127549499,9.261320927751704,9.611750503338614,9.915352596643043,10.170648088784393,10.376393205787153,10.531585578122712,10.635469124152937,10.687537733683909,10.687537733683913,10.635469124152939,10.531585578122712,10.376393205787155,10.170648088784397,9.915352596643055,9.611750503338628,9.261320927751706,8.865771127549506,8.427028181598077,7.947229601427826,7.428712917492145,6.874004290954041,6.285806206482918
-3.9409811545328246,-3.3139255148591986,-2.670724763191805,-2.014512508938472,-1.3484857522396811,-0.6758893085052918,-3.559780048265197e-15,0.675889308505285,1.3484857522396743,2.0145125089384655,2.670724763191815,3.3139255148591915,3.9409811545328024,4.548836730167585,5.134530830500462,5.695210012748357,6.228142704294654,6.730732510636355,7.2005308647571,7.635248956299569,8.03276888241949,8.391153965995374,8.70865819092477,8.98373470853924,9.215043373695568,9.401457273828171,9.542068219153862,9.636191167281176,9.683367560668048,9.68336756066805,9.636191167281176,9.542068219153862,9.401457273828175,9.215043373695572,8.983734708539249,8.708658190924782,8.391153965995379,8.032768882419495,7.635248956299564,7.200530864757093,6.7307325106363605,6.228142704294659,5.695210012748364
-3.5336824256178607,-2.971432720046272,-2.3947064929499904,-1.8063134965351255,-1.20912032233514,-0.6060364354650873,-3.191878291818676e-15,0.6060364354650811,1.2091203223351337,1.8063134965351197,2.394706492949999,2.971432720046266,3.5336824256178394,4.0787163856163335,4.603879249375242,5.106612476211504,5.584466800378556,6.035114163642814,6.456359057349359,6.84614921871943,7.2025856292684125,7.523931766632986,7.80862206473349,8.055269541054562,8.26267255388448,8.429820656592813,8.555899520424836,8.640294901829359,8.682595634991575,8.682595634991578,8.64029490182936,8.555899520424838,8.429820656592817,8.262672553884485,8.055269541054567,7.808622064733502,7.523931766632989,7.20258562926842,6.846149218719424,6.456359057349354,6.035114163642819,5.584466800378561,5.10661247621151
