hough_viz/data/file_5_3_1.json
{"header": {"discipline": 0, "disciplineName": "Meteorological products", "gribEdition": 2, "gribLength": 133963, "center": 7, "centerName": "US National Weather Service - NCEP(WMC)", "subcenter": 0, "refTime": "2014-11-30T06:00:00.000Z", "significanceOfRT": 1, "significanceOfRTName": "Start of forecast", "productStatus": 0, "productStatusName": "Operational products", "productType": 1, "productTypeName": "Forecast products", "productDefinitionTemplate": 0, "productDefinitionTemplateName": "Analysis/forecast at horizontal level/layer at a point in time", "parameterCategory": 2, "parameterCategoryName": "Momentum", "parameterNumber": 3, "parameterNumberName": "V-component_of_wind", "parameterUnit": "m.s-1", "genProcessType": 2, "genProcessTypeName": "Forecast", "forecastTime": 6, "surface1Type": 100, "surface1TypeName": "Isobaric surface", "surface1Value": 85000, "surface2Type": 255, "surface2TypeName": "Missing", "surface2Value": 0, "gridDefinitionTemplate": 0, "gridDefinitionTemplateName": "Latitude_Longitude", "numberPoints": 65160, "shape": 6, "shapeName": "Earth spherical with radius of 6,371,229.0 m", "gridUnits": "degrees", "resolution": 48, "winds": "true", "scanMode": 0, "nx": 360, "ny": 181, "basicAngle": 0, "subDivisions": 0, "lo1": 0, "la1": 90, "lo2": 359, "la2": -90, "dx": 1, "dy": 1}, "data":
[rows 40 to 59 of 181, columns 45 to 89 of 360]
19.713404436140014,21.35652538633774,22.83711028292283,24.14389098083068,25.266922089894443,26.19765666526942,26.929011254844113,27.455419808587866,27.772876039552532,27.878963914135152,27.772876039552532,27.45541980858787,26.92901125484411,26.19765666526943,25.266922089894443,24.143890980830687,22.83711028292284,21.356525386337744,19.71340443614002,17.920252574904225,15.990716771029058,13.939481957067587,11.782159268523497,9.535167233683644,7.215606818704091,4.841131278931706,2.4298118069716126,6.828376784198034e-15,-2.4298118069716232,-4.841131278931669,-7.215606818704079,-9.535167233683655,-11.782159268523486,-13.939481957067555,-15.990716771029048,-17.920252574904218,-19.713404436139996,-21.356525386337736,-22.837110282922826,-24.143890980830694,-25.266922089894443,-26.197656665269417,-26.929011254844113,-27.455419808587866,-27.77287603955253
20.221422978959495,21.90688749865582,23.425627376747034,24.766084085720667,25.91805594063153,26.872775740084137,27.622977489929077,28.16295170186581,28.488588846096174,28.597410627327477,28.488588846096174,28.162951701865815,27.62297748992907,26.87277574008415,25.918055940631536,24.766084085720678,23.42562737674704,21.90688749865582,20.221422978959502,18.382061220364275,16.402800876490033,14.298705313663753,12.085787969606157,9.78089048150154,7.401554510969574,4.965888241428351,2.4924285638845034,7.0043454777318185e-15,-2.492428563884515,-4.965888241428312,-7.401554510969562,-9.780890481501551,-12.085787969606146,-14.298705313663715,-16.402800876490026,-18.38206122036426,-20.221422978959474,-21.906887498655816,-23.42562737674703,-24.76608408572068,-25.91805594063153,-26.872775740084137,-27.622977489929077,-28.16295170186581,-28.488588846096167
20.64201468632059,22.362535710238852,23.912864334533953,25.28120162226099,26.45713370043572,27.43171101589603,28.197516446805395,28.74872175142862,29.081131924570673,29.192217124099187,29.081131924570673,28.748721751428622,28.197516446805395,27.43171101589604,26.457133700435726,25.281201622261,23.91286433453396,22.36253571023886,20.642014686320593,18.764395466650182,16.7439678672268,14.596108562049606,12.337164057343895,9.984326284778438,7.555501760484804,5.069175305657208,2.5442693659017745,7.150031052208524e-15,-2.544269365901786,-5.069175305657169,-7.55550176048479,-9.984326284778453,-12.337164057343882,-14.59610856204957,-16.743967867226797,-18.764395466650175,-20.642014686320564,-22.36253571023885,-23.912864334533953,-25.28120162226101,-26.45713370043572,-27.43171101589603,-28.197516446805395,-28.74872175142862,-29.08113192457067
20.980739143707996,22.729493000472594,24.305261691060473,25.696052664261128,26.891281160985937,27.881850770676134,28.660222660479697,29.220472950321412,29.55833779720722,29.671245845643927,29.55833779720722,29.220472950321415,28.660222660479697,27.881850770676145,26.89128116098594,25.69605266426113,24.30526169106048,22.7294930004726,20.980739143708004,19.072309193543134,17.018727454240235,14.83562292282198,12.539610342967006,10.148163756778285,7.679483516771696,5.152357770203574,2.586019469925468,7.267359250316408e-15,-2.5860194699254793,-5.152357770203533,-7.679483516771683,-10.148163756778297,-12.539610342966991,-14.835622922821942,-17.018727454240228,-19.072309193543123,-20.980739143707975,-22.72949300047259,-24.30526169106047,-25.69605266426114,-26.891281160985937,-27.88185077067613,-28.660222660479697,-29.220472950321412,-29.558337797207216
21.150906385390652,22.913843756765917,24.50239294139505,25.904464120790802,27.109386686684253,28.107990450796805,28.892675435510125,29.4574697142848,29.79807486162724,29.91189866670316,29.79807486162724,29.4574697142848,28.89267543551012,28.107990450796812,27.109386686684253,25.904464120790813,24.502392941395062,22.913843756765925,21.15090638539066,19.22699784515611,17.156760241741214,14.955949333351592,12.64131461988605,10.230471869128689,7.741769050119472,5.1941466940309144,2.6069937452892047,7.3263021917196e-15,-2.6069937452892162,-5.1941466940308745,-7.74176905011946,-10.230471869128701,-12.641314619886037,-14.955949333351558,-17.156760241741207,-19.226997845156102,-21.150906385390627,-22.913843756765914,-24.502392941395048,-25.904464120790816,-27.109386686684253,-28.107990450796798,-28.892675435510125,-29.4574697142848,-29.798074861627235
21.213203435596423,22.981333293569335,24.57456132866975,25.980762113533153,27.189233611099493,28.19077862357724,28.977774788672047,29.54423259036624,29.885840942752363,29.999999999999996,29.885840942752363,29.544232590366242,28.977774788672043,28.190778623577256,27.189233611099496,25.980762113533157,24.574561328669756,22.981333293569342,21.213203435596427,19.283628290596184,17.20729309053139,15.00000000000001,12.678547852221,10.260604299770057,7.76457135307562,5.209445330007937,2.6146722824297495,7.34788079488412e-15,-2.614672282429761,-5.209445330007897,-7.764571353075607,-10.260604299770067,-12.678547852220987,-14.999999999999979,-17.20729309053138,-19.283628290596173,-21.213203435596398,-22.98133329356933,-24.574561328669745,-25.98076211353316,-27.189233611099493,-28.190778623577238,-28.977774788672047,-29.54423259036624,-29.885840942752363
21.17723938107537,22.942371619249585,24.532898556418566,25.93671532220404,27.143138023370653,28.142985054704567,28.9286469765732,29.49414442735548,29.83517362999426,29.9491391463384,29.83517362999426,29.49414442735548,28.928646976573194,28.14298505470458,27.143138023370653,25.93671532220405,24.53289855641857,22.94237161924959,21.177239381075378,19.250935564044426,17.1781205033384,14.974569573169212,12.657053126655885,10.243208863311049,7.751407595497826,5.200613435455017,2.610239466952093,7.335423478556402e-15,-2.610239466952104,-5.200613435454976,-7.751407595497812,-10.243208863311065,-12.657053126655873,-14.974569573169179,-17.17812050333839,-19.25093556404442,-21.17723938107535,-22.942371619249574,-24.532898556418562,-25.93671532220406,-27.143138023370653,-28.142985054704564,-28.9286469765732,-29.49414442735548,-29.835173629994255
20.95151799951554,22.697836261029867,24.271410283269496,25.66026421777522,26.853828047492524,27.843018030983703,28.62030583518516,29.179775830567692,29.517170112649232,29.629920907218906,29.517170112649232,29.179775830567692,28.620305835185153,27.843018030983714,26.853828047492527,25.66026421777523,24.2714102832695,22.697836261029874,20.95151799951555,19.045746035152458,16.995024443325978,14.814960453609464,12.522145669323276,10.134029795415232,7.66878783566961,5.145181769953869,2.5824177642230337,7.257237559602973e-15,-2.582417764223045,-5.145181769953829,-7.6687878356695975,-10.134029795415245,-12.522145669323265,-14.81496045360943,-16.99502444332597,-19.04574603515245,-20.951517999515524,-22.69783626102986,-24.27141028326949,-25.660264217775236,-26.853828047492524,-27.8430180309837,-28.62030583518516,-29.179775830567692,-29.51717011264923
20.60636835782259,22.323918244546242,23.87156963387851,25.237543964249134,26.41144534620613,27.384339681411774,28.14882265652549,28.699076094499212,29.030912234417862,29.141805602888518,29.030912234417862,28.699076094499212,28.148822656525486,27.38433968141178,26.411445346206133,25.237543964249138,23.871569633878522,22.32391824454625,20.6063683578226,18.731991565430516,16.715053006539748,14.570902801444268,12.315859227878136,9.9670845290687,7.542454298702892,5.060421436865557,2.539875712327619,7.137683790590364e-15,-2.53987571232763,-5.060421436865519,-7.542454298702879,-9.967084529068714,-12.315859227878123,-14.570902801444237,-16.715053006539744,-18.73199156543051,-20.60636835782257,-22.323918244546235,-23.871569633878508,-25.237543964249145,-26.41144534620613,-27.384339681411767,-28.14882265652549,-28.699076094499212,-29.03091223441786
20.155522613326532,21.83549430849587,23.34928470734561,24.68537295088887,25.833590600840147,26.78519902757055,27.53295591635577,28.07117038576419,28.39574629870085,28.504213436483994,28.39574629870085,28.071170385764194,27.532955916355768,26.785199027570556,25.83359060084015,24.68537295088887,23.34928470734561,21.835494308495875,20.15552261332654,18.322155220832492,16.349345163888103,14.252106718242011,12.046401134812772,9.749015164931704,7.377433303029228,4.9497047190747026,2.4843058934945446,6.98151874944062e-15,-2.484305893494556,-4.9497047190746635,-7.377433303029217,-9.749015164931716,-12.046401134812758,-14.252106718241977,-16.349345163888096,-18.322155220832485,-20.155522613326518,-21.835494308495864,-23.349284707345607,-24.685372950888876,-25.833590600840147,-26.785199027570545,-27.53295591635577,-28.07117038576419,-28.39574629870085
19.512003844389895,21.13833796647993,22.60379657296762,23.89722663898949,25.008784380748686,25.930010172653514,26.653892930176227,27.17492346843972,27.48913643044097,27.59414046581216,27.48913643044097,27.174923468439722,26.653892930176227,25.930010172653517,25.00878438074869,23.897226638989498,22.603796572967624,21.138337966479938,19.512003844389902,17.737171591374018,15.827348752550744,13.797070232906094,11.661787677890246,9.437751877065706,7.141889085786329,4.791672206173608,2.4049878077810734,6.7586151593358646e-15,-2.404987807781084,-4.79167220617357,-7.141889085786317,-9.437751877065718,-11.661787677890235,-13.79707023290606,-15.827348752550733,-17.73717159137401,-19.512003844389874,-21.138337966479927,-22.60379657296762,-23.8972266389895,-25.008784380748686,-25.93001017265351,-26.653892930176227,-27.17492346843972,-27.489136430440965
18.749295244226445,20.312057268260848,21.720232271728285,22.963103192573044,24.03121103262152,24.916426846269793,25.612013606668086,26.112677478562986,26.414608107580264,26.51550761932241,26.414608107580264,26.112677478562986,25.612013606668082,24.9164268462698,24.03121103262152,22.963103192573048,21.72023227172829,20.312057268260858,18.74929524422645,17.04383976224948,15.208670368329967,13.257753809661217,11.205937739250322,9.068837716313507,6.862718362441637,4.604369578008968,2.310978760893238,6.494426306754089e-15,-2.3109787608932484,-4.6043695780089315,-6.862718362441626,-9.068837716313517,-11.205937739250311,-13.257753809661185,-15.208670368329958,-17.04383976224947,-18.74929524422642,-20.312057268260848,-21.720232271728285,-22.96310319257305,-24.03121103262152,-24.91642684626979,-25.612013606668086,-26.112677478562986,-26.414608107580264
17.884368719764414,19.37503873669122,20.71825300986355,21.90378886760762,22.922623666199872,23.76700345763374,24.43050200184597,24.90806967428371,25.19607189659648,25.29231679797198,25.19607189659648,24.90806967428371,24.43050200184597,23.767003457633752,22.922623666199875,21.903788867607624,20.718253009863552,19.375038736691224,17.88436871976442,16.25758785800312,14.507076936042477,12.646158398986001,10.688994960554028,8.65048181628059,6.546133282081552,4.391964720942549,2.2043706563363235,6.194830961931444e-15,-2.204370656336333,-4.391964720942514,-6.54613328208154,-8.650481816280603,-10.688994960554014,-12.646158398985975,-14.507076936042468,-16.257587858003113,-17.884368719764392,-19.375038736691216,-20.71825300986355,-21.903788867607627,-22.922623666199872,-23.76700345763374,-24.43050200184597,-24.90806967428371,-25.19607189659648
16.843981937618842,18.247935257610322,19.51301077188683,20.629580491911227,21.589146647910916,22.38440636203684,23.009307227673574,23.459093371908125,23.730341650594607,23.820987700548006,23.730341650594607,23.45909337190813,23.009307227673567,22.384406362036856,21.58914664791092,20.629580491911234,19.513010771886833,18.24793525761033,16.843981937618846,15.311835744407714,13.663157235642434,11.910493850274014,10.067184414952195,8.147257627500418,6.165325290054726,4.136471104426546,2.076135876024095,5.834459268000918e-15,-2.0761358760241047,-4.136471104426514,-6.1653252900547155,-8.147257627500426,-10.067184414952182,-11.910493850273987,-13.663157235642426,-15.311835744407707,-16.84398193761882,-18.24793525761032,-19.513010771886826,-20.62958049191124,-21.589146647910916,-22.38440636203684,-23.009307227673574,-23.459093371908125,-23.730341650594607
15.698176085937167,17.006625983074613,18.185645187599334,19.226260651453632,20.12055266261678,20.86171511889555,21.44410732647154,21.86329692898705,22.116093640453343,22.200573525253333,22.116093640453343,21.86329692898705,21.44410732647154,20.861715118895564,20.120552662616788,19.22626065145364,18.185645187599338,17.006625983074617,15.69817608593717,14.270253589967863,12.733725847564193,11.100286762626675,9.382367792889166,7.593043339019187,5.745931240534369,3.855089135820962,1.9349074750174535,5.437572261387393e-15,-1.9349074750174624,-3.855089135820931,-5.745931240534359,-7.593043339019198,-9.38236779288916,-11.10028676262665,-12.733725847564187,-14.270253589967856,-15.69817608593715,-17.00662598307461,-18.185645187599327,-19.226260651453643,-20.12055266261678,-20.86171511889555,-21.44410732647154,-21.86329692898705,-22.116093640453336
14.465256591772112,15.670942105551408,16.7573622875339,17.716248824136265,18.540304009823437,19.223256287054216,19.75990797662101,20.14617483512707,20.37911713854485,20.456962055290933,20.37911713854485,20.146174835127074,19.75990797662101,19.223256287054227,18.54030400982344,17.71624882413627,16.757362287533905,15.670942105551411,14.465256591772116,13.1494817409687,11.733631394242352,10.228481027645476,8.645485744302512,6.996693094158369,5.294651384848898,3.552314181502832,1.7829417222895443,5.01051062025818e-15,-1.7829417222895523,-3.5523141815028043,-5.29465138484889,-6.9966930941583785,-8.645485744302503,-10.228481027645453,-11.733631394242343,-13.149481740968694,-14.465256591772095,-15.670942105551404,-16.757362287533898,-17.716248824136272,-18.540304009823437,-19.223256287054216,-19.75990797662101,-20.14617483512707,-20.379117138544842
13.093632162001066,14.18499217489285,15.168395832201242,16.036358838298767,16.782275470618625,17.4004688531921,17.88623416110242,18.235874427043285,18.446728677472308,18.517192184226463,18.446728677472308,18.235874427043285,17.88623416110242,17.400468853192105,16.78227547061863,16.03635883829877,15.168395832201245,14.184992174892853,13.09363216200107,11.902621702205197,10.621025104256061,9.258596092113237,7.825703573216262,6.333252724838083,4.792601999101352,3.215476678299267,1.6138796384173906,4.535404027521865e-15,-1.613879638417398,-3.2154766782992423,-4.792601999101343,-6.333252724838092,-7.825703573216255,-9.258596092113216,-10.621025104256056,-11.902621702205193,-13.093632162001052,-14.184992174892846,-15.168395832201242,-16.036358838298774,-16.782275470618625,-17.4004688531921,-17.88623416110242,-18.235874427043285,-18.446728677472304
11.644037552156782,12.614573215279618,13.489104359346618,14.260975274295086,14.924311556393867,15.47406481600279,15.906051098866133,16.216982728530862,16.404493327549574,16.467155827041736,16.404493327549574,16.216982728530862,15.906051098866133,15.474064816002793,14.92431155639387,14.260975274295092,13.489104359346623,12.614573215279622,11.644037552156785,10.584883732399929,9.445172556111968,8.233577913520874,6.959320771437618,5.6320989961309325,4.262013546709352,2.8594916007231856,1.4352071970472522,4.03328993492947e-15,-1.4352071970472586,-2.8594916007231634,-4.262013546709344,-5.6320989961309404,-6.959320771437611,-8.233577913520856,-9.445172556111961,-10.584883732399923,-11.644037552156767,-12.614573215279615,-13.489104359346616,-14.260975274295097,-14.924311556393867,-15.474064816002786,-15.906051098866133,-16.216982728530862,-16.40449332754957
10.133308290327747,10.977924003488145,11.738991086330255,12.410717358808775,12.987990578390733,13.466417347308008,13.84235654896716,14.112947059045261,14.276129520373608,14.33066201588922,14.276129520373608,14.112947059045263,13.842356548967159,13.466417347308012,12.987990578390734,12.410717358808778,11.73899108633026,10.977924003488152,10.13330829032775,9.211571982419116,8.219730049625042,7.165331007944616,6.056399470748578,4.901375076626145,3.709048258639412,2.4884933438198744,1.2489994920604797,3.509999873484258e-15,-1.248999492060485,-2.488493343819855,-3.7090482586394056,-4.901375076626151,-6.056399470748571,-7.1653310079446,-8.219730049625035,-9.211571982419112,-10.133308290327735,-10.977924003488143,-11.738991086330254,-12.410717358808782,-12.987990578390733,-13.466417347308006,-13.84235654896716,-14.112947059045261,-14.276129520373606
8.537064752424342,9.248632863013443,9.889813293037808,10.455726272269615,10.942064861229317,11.34512772959566,11.661847325564361,11.889813221769575,12.027290460091614,12.073232755735813,12.027290460091614,11.889813221769577,11.66184732556436,11.345127729595664,10.94206486122932,10.455726272269619,9.889813293037811,9.248632863013446,8.537064752424344,7.760524424248658,6.924921819271671,6.0366163778679125,5.102368640819951,4.12928879752092,3.1247825731400174,2.0964948665822267,1.0522515681915126,2.9570891699345686e-15,-1.0522515681915172,-2.0964948665822103,-3.1247825731400125,-4.129288797520925,-5.102368640819945,-6.036616377867899,-6.924921819271666,-7.760524424248655,-8.537064752424333,-9.248632863013443,-9.889813293037806,-10.455726272269622,-10.942064861229317,-11.345127729595658,-11.661847325564361,-11.889813221769575,-12.02729046009161
