hough_viz/data/file_3_3_0.json
{"header": {"discipline": 0, "disciplineName": "Meteorological products", "gribEdition": 2, "gribLength": 133963, "center": 7, "centerName": "US National Weather Service - NCEP(WMC)", "subcenter": 0, "refTime": "2014-11-30T06:00:00.000Z", "significanceOfRT": 1, "significanceOfRTName": "Start of forecast", "productStatus": 0, "productStatusName": "Operational products", "productType": 1, "productTypeName": "Forecast products", "productDefinitionTemplate": 0, "productDefinitionTemplateName": "Analysis/forecast at horizontal level/layer at a point in time", "parameterCategory": 2, "parameterCategoryName": "Momentum", "parameterNumber": 2, "parameterNumberName": "U-component_of_wind", "parameterUnit": "m.s-1", "genProcessType": 2, "genProcessTypeName": "Forecast", "forecastTime": 6, "surface1Type": 100, "surface1TypeName": "Isobaric surface", "surface1Value": 85000, "surface2Type": 255, "surface2TypeName": "Missing", "surface2Value": 0, "gridDefinitionTemplate": 0, "gridDefinitionTemplateName": "Latitude_Longitude", "numberPoints": 65160, "shape": 6, "shapeName": "Earth spherical with radius of 6,371,229.0 m", "gridUnits": "degrees", "resolution": 48, "winds": "true", "scanMode": 0, "nx": 360, "ny": 181, "basicAngle": 0, "subDivisions": 0, "lo1": 0, "la1": 90, "lo2": 359, "la2": -90, "dx": 1, "dy": 1}, "data":
[rows 80 to 99 of 181, columns 132 to 175 of 360]
7.301002392770639,7.013381132386623,6.706536681812864,6.381310080359921,6.038592751536127,5.6793240597178,5.304488735416782,4.915114176202457,4.512267630676566,4.097053273218874,3.670609177521963,3.2341041972103812,2.7887347620940783,2.3357215988374462,1.876306385032417,1.4117483458464803,0.9433208025739945,0.4723076825510868,2.7629670554021342e-15,-0.4723076825510813,-0.9433208025739893,-1.4117483458464668,-1.8763063850324275,-2.3357215988374405,-2.7887347620940734,-3.2341041972103826,-3.670609177521965,-4.097053273218875,-4.5122676306765594,-4.915114176202451,-5.304488735416769,-5.679324059717802,-6.038592751536121,-6.381310080359917,-6.7065366818128584,-7.013381132386613,-7.301002392770643,-7.568612113082541,-7.815476793680254,-8.040919795633622,-8.244323195344634,-8.425129478233094,-8.582843066845284,-8.71703167919736
6.701817319548834,6.437800813237215,6.156138742382547,5.857603123142981,5.543012220899871,5.213228307449324,4.869155297575132,4.511736271481103,4.141950889873895,3.760812708781024,3.369366401464264,2.9686848950428786,2.559866429674943,2.1440315483573964,1.7223200255956073,1.2958877433606648,0.8659035228972164,0.43354592106573003,2.5362134497547996e-15,-0.4335459210657249,-0.8659035228972115,-1.2958877433606526,-1.7223200255956166,-2.144031548357391,-2.5598664296749383,-2.96868489504288,-3.3693664014642657,-3.760812708781025,-4.141950889873891,-4.511736271481099,-4.869155297575121,-5.213228307449325,-5.5430122208998664,-5.857603123142979,-6.156138742382544,-6.437800813237208,-6.7018173195488355,-6.947464610425191,-7.174069383716714,-7.381010531490919,-7.567720842446051,-7.733688556597872,-7.878458767978158,-8.001634671500371
6.070056916030561,5.8309284612145245,5.575817836789153,5.305424283243503,5.020488930512994,4.72179276659385,4.410154496909279,4.086428300294743,3.751501487753254,3.406292070397509,3.0517462432452582,2.688835791764553,2.3185554282773113,1.9419200655219673,1.5599620348482355,1.1737282566686236,0.784277370922327,0.39267683541679055,2.2971321444867792e-15,-0.39267683541678594,-0.7842773709223224,-1.1737282566686125,-1.5599620348482444,-1.9419200655219622,-2.3185554282773064,-2.6888357917645545,-3.05174624324526,-3.40629207039751,-3.7515014877532487,-4.086428300294738,-4.410154496909268,-4.72179276659385,-5.02048893051299,-5.3054242832435,-5.57581783678915,-5.830928461214517,-6.070056916030563,-6.292547766764251,-6.497791181458872,-6.685224602181039,-6.854334286952888,-7.00465671788314,-7.135779871637392,-7.2473443487654645
5.392605899718485,5.180165467269494,4.953526561343591,4.7133103834284675,4.460175349370547,4.194815284702985,3.9179575229181003,3.6303609118967715,3.332813733959231,3.0261315452379556,2.711154940295003,2.3887472481107705,2.0597921657592573,1.725191336255791,1.3858618772162257,1.0427338671012958,0.6967477959361773,0.34885198749274926,2.040759835723756e-15,-0.34885198749274515,-0.6967477959361732,-1.0427338671012858,-1.3858618772162334,-1.725191336255786,-2.059792165759253,-2.3887472481107714,-2.7111549402950037,-3.026131545237957,-3.3328137339592265,-3.630360911896767,-3.9179575229180914,-4.194815284702986,-4.460175349370544,-4.713310383428465,-4.953526561343588,-5.180165467269487,-5.392605899718486,-5.590265574231797,-5.772602719380735,-5.939117561724543,-6.089353695654663,-6.222899334370782,-6.339388438559819,-6.438501719684252
4.680801012322489,4.496401964856887,4.299678592146672,4.0911700992823885,3.871447993549712,3.641114517967762,3.4008010005828404,3.151166124042089,2.892894120190213,2.626692894637506,2.353292086439777,2.0734410682084445,1.7879068921322774,1.4974721875406567,1.2029330157710019,0.9050966882199729,0.6047795535590272,0.30280476017949265,1.7713867622815725e-15,-0.30280476017948904,-0.6047795535590237,-0.9050966882199644,-1.2029330157710085,-1.4974721875406527,-1.7879068921322745,-2.073441068208445,-2.353292086439778,-2.6266928946375065,-2.89289412019021,-3.151166124042085,-3.4008010005828333,-3.6411145179677624,-3.8714479935497086,-4.091170099282386,-4.29967859214667,-4.496401964856883,-4.6808010123224895,-4.8523703095718105,-5.010639597086719,-5.1551750697513015,-5.285580565881516,-5.401498653076855,-5.502611607917675,-5.588642286823041
3.9473382762254694,3.7918338195642525,3.6259362099707384,3.4501001612614393,3.264807627823639,3.070566483611966,2.8679091301011823,2.6573910370107,2.439589219800761,2.2151006581131196,1.984540659491345,1.7485411728656346,1.5077490564247102,1.262824304622474,1.014438239179108,0.7632716690348944,0.5100130243002147,0.25535646931650324,1.493817564631696e-15,-0.2553564693165003,-0.5100130243002118,-0.763271669034887,-1.0144382391791138,-1.2628243046224708,-1.5077490564247074,-1.748541172865636,-1.984540659491346,-2.2151006581131205,-2.4395892198007583,-2.657391037010697,-2.8679091301011757,-3.0705664836119664,-3.2648076278236364,-3.4501001612614375,-3.625936209970736,-3.791833819564247,-3.9473382762254703,-4.092023353047678,-4.225492478292238,-4.3473798223641795,-4.457351300525684,-4.555105488599141,-4.640374449149848,-4.712924465883909
3.185373705132937,3.0598866623165097,2.9260126828487816,2.784118706002019,2.6345936533038197,2.47784736253027,2.3143094643690922,2.144428204831748,1.96866921664234,1.7875142429706385,1.6014598170075425,1.411015901002136,1.2167044884905982,1.019058173548197,0.8186186909859647,0.6159354314932313,0.4115639357959182,0.20606437195805058,1.2054622273704855e-15,-0.2060643719580481,-0.41156393579591594,-0.6159354314932254,-0.8186186909859693,-1.0190581735481943,-1.2167044884905958,-1.4110159010021364,-1.6014598170075431,-1.7875142429706392,-1.968669216642338,-2.1444282048317462,-2.3143094643690865,-2.4778473625302704,-2.634593653303817,-2.784118706002018,-2.9260126828487802,-3.0598866623165066,-3.185373705132938,-3.3021298600362106,-3.409835106521357,-3.5081942319942603,-3.5969376409288554,-3.675822093809738,-3.7446313738347476,-3.803176879550213
2.4040817110395793,2.3093734813203217,2.208335419411343,2.101244463617276,1.9883941428041427,1.8700937718571629,1.7466676038701534,1.6184539413903054,1.4858042091544632,1.3490819908583151,1.2086620325987618,1.0649292157209227,0.9182775018851173,0.7691088532453288,0.6178321306988958,0.46486197322720463,0.31061766139905456,0.15552196815178138,9.097926844503395e-16,-0.15552196815177952,-0.31061766139905284,-0.4648619732272002,-0.6178321306988992,-0.769108853245327,-0.9182775018851155,-1.0649292157209231,-1.2086620325987623,-1.3490819908583158,-1.4858042091544617,-1.6184539413903036,-1.746667603870149,-1.8700937718571633,-1.988394142804141,-2.1012444636172747,-2.208335419411342,-2.3093734813203195,-2.40408171103958,-2.4922005198945514,-2.5734883803552266,-2.6477224880463317,-2.714699372438634,-2.774235454547523,-2.82616755011024,-2.870353316862603
1.61200711145318,1.5485024730211672,1.4807534969456864,1.4089458784609952,1.3332764372580672,1.2539525780155218,1.1711917219178156,1.0852207107188665,0.9962751849846053,0.9045989382185416,0.8104432486407209,0.7140661904515953,0.6157319264685759,0.5157099840741058,0.41427451645985014,0.3117035511918483,0.20827822815627603,0.10428202897457137,6.100426081806673e-16,-0.10428202897457016,-0.2082782281562749,-0.3117035511918454,-0.41427451645985236,-0.5157099840741045,-0.6157319264685748,-0.7140661904515956,-0.8104432486407211,-0.9045989382185422,-0.9962751849846042,-1.0852207107188654,-1.1711917219178132,-1.2539525780155223,-1.333276437258066,-1.4089458784609943,-1.4807534969456857,-1.5485024730211652,-1.6120071114531804,-1.6710933504419432,-1.7255992387134191,-1.7753753794165141,-1.8202853396094563,-1.8602060242130132,-1.8950280134055373,-1.9246558625350996
0.8079636625803471,0.7761341254189906,0.7421772585682804,0.7061861354399452,0.6682594052007644,0.6285010223820691,0.5870199619475971,0.5439299206006819,0.49934900514950614,0.4533994087845401,0.4062070761555014,0.35790135816582813,0.30861465743084154,0.258482065371378,0.20764099193759947,0.15623078897786932,0.10439236828501897,0.052267815366924805,3.0576308040687907e-16,-0.05226781536692419,-0.10439236828501837,-0.15623078897786785,-0.2076409919376006,-0.25848206537137725,-0.308614657430841,-0.3579013581658283,-0.40620707615550167,-0.45339940878454027,-0.49934900514950564,-0.5439299206006812,-0.5870199619475958,-0.6285010223820692,-0.6682594052007638,-0.7061861354399446,-0.7421772585682801,-0.7761341254189897,-0.8079636625803475,-0.8375786275034379,-0.8648978476279182,-0.8898464428703625,-0.9123560308653662,-0.9323649143968588,-0.9498182505058803,-0.9646682008113223
0.0,0.0,0.0,0.0,0.0,0.0,0.0,0.0,0.0,0.0,0.0,0.0,0.0,0.0,0.0,0.0,0.0,0.0,0.0,0.0,0.0,0.0,0.0,0.0,0.0,0.0,0.0,0.0,0.0,0.0,0.0,0.0,0.0,0.0,0.0,0.0,0.0,0.0,0.0,0.0,0.0,0.0,0.0,0.0
-0.8079636625803471,-0.7761341254189906,-0.7421772585682804,-0.7061861354399452,-0.6682594052007643,-0.6285010223820691,-0.5870199619475971,-0.5439299206006819,-0.49934900514950614,-0.4533994087845401,-0.4062070761555014,-0.35790135816582813,-0.3086146574308415,-0.258482065371378,-0.20764099193759947,-0.15623078897786932,-0.10439236828501897,-0.05226781536692479,-3.0576308040687907e-16,0.05226781536692419,0.10439236828501837,0.15623078897786782,0.2076409919376006,0.2584820653713772,0.30861465743084093,0.3579013581658283,0.4062070761555016,0.45339940878454027,0.49934900514950564,0.5439299206006812,0.5870199619475958,0.6285010223820692,0.6682594052007638,0.7061861354399446,0.7421772585682801,0.7761341254189897,0.8079636625803474,0.8375786275034379,0.864897847627918,0.8898464428703623,0.912356030865366,0.9323649143968588,0.9498182505058803,0.9646682008113223
-1.61200711145318,-1.5485024730211672,-1.4807534969456864,-1.4089458784609952,-1.3332764372580672,-1.253952578015522,-1.1711917219178156,-1.0852207107188665,-0.9962751849846053,-0.9045989382185416,-0.8104432486407209,-0.7140661904515953,-0.6157319264685759,-0.5157099840741058,-0.41427451645985014,-0.3117035511918483,-0.20827822815627603,-0.10428202897457137,-6.100426081806673e-16,0.10428202897457016,0.2082782281562749,0.3117035511918454,0.41427451645985236,0.5157099840741045,0.6157319264685748,0.7140661904515956,0.8104432486407211,0.9045989382185422,0.9962751849846042,1.0852207107188654,1.1711917219178132,1.2539525780155223,1.333276437258066,1.4089458784609943,1.4807534969456857,1.5485024730211652,1.6120071114531804,1.6710933504419432,1.7255992387134191,1.7753753794165141,1.8202853396094563,1.8602060242130132,1.8950280134055373,1.9246558625350996
-2.4040817110395793,-2.3093734813203217,-2.208335419411343,-2.101244463617276,-1.9883941428041427,-1.8700937718571629,-1.7466676038701534,-1.6184539413903054,-1.4858042091544632,-1.3490819908583151,-1.2086620325987618,-1.0649292157209227,-0.9182775018851173,-0.7691088532453288,-0.6178321306988958,-0.46486197322720463,-0.31061766139905456,-0.15552196815178138,-9.097926844503395e-16,0.15552196815177952,0.31061766139905284,0.4648619732272002,0.6178321306988992,0.769108853245327,0.9182775018851155,1.0649292157209231,1.2086620325987623,1.3490819908583158,1.4858042091544617,1.6184539413903036,1.746667603870149,1.8700937718571633,1.988394142804141,2.1012444636172747,2.208335419411342,2.3093734813203195,2.40408171103958,2.4922005198945514,2.5734883803552266,2.6477224880463317,2.714699372438634,2.774235454547523,2.82616755011024,2.870353316862603
-3.185373705132937,-3.0598866623165097,-2.9260126828487816,-2.784118706002019,-2.6345936533038197,-2.47784736253027,-2.3143094643690922,-2.144428204831748,-1.96866921664234,-1.7875142429706385,-1.6014598170075425,-1.411015901002136,-1.2167044884905982,-1.019058173548197,-0.8186186909859647,-0.6159354314932313,-0.4115639357959182,-0.20606437195805058,-1.2054622273704855e-15,0.2060643719580481,0.41156393579591594,0.6159354314932254,0.8186186909859693,1.0190581735481943,1.2167044884905958,1.4110159010021364,1.6014598170075431,1.7875142429706392,1.968669216642338,2.1444282048317462,2.3143094643690865,2.4778473625302704,2.634593653303817,2.784118706002018,2.9260126828487802,3.0598866623165066,3.185373705132938,3.3021298600362106,3.409835106521357,3.5081942319942603,3.5969376409288554,3.675822093809738,3.7446313738347476,3.803176879550213
-3.9473382762254694,-3.7918338195642525,-3.6259362099707384,-3.45010016126144,-3.264807627823639,-3.070566483611966,-2.8679091301011823,-2.6573910370107,-2.439589219800761,-2.2151006581131196,-1.984540659491345,-1.7485411728656346,-1.5077490564247102,-1.262824304622474,-1.0144382391791082,-0.7632716690348944,-0.5100130243002148,-0.25535646931650324,-1.493817564631696e-15,0.2553564693165003,0.5100130243002118,0.763271669034887,1.0144382391791138,1.2628243046224708,1.5077490564247076,1.748541172865636,1.984540659491346,2.2151006581131205,2.4395892198007583,2.6573910370106972,2.8679091301011757,3.0705664836119664,3.2648076278236364,3.4501001612614375,3.6259362099707366,3.791833819564247,3.9473382762254703,4.092023353047678,4.225492478292238,4.3473798223641795,4.457351300525684,4.555105488599141,4.640374449149848,4.712924465883909
-4.680801012322488,-4.4964019648568865,-4.299678592146672,-4.0911700992823885,-3.871447993549712,-3.641114517967762,-3.4008010005828404,-3.151166124042088,-2.892894120190213,-2.6266928946375057,-2.353292086439777,-2.073441068208444,-1.7879068921322774,-1.4974721875406567,-1.2029330157710019,-0.9050966882199729,-0.6047795535590271,-0.3028047601794926,-1.7713867622815725e-15,0.30280476017948904,0.6047795535590237,0.9050966882199641,1.2029330157710085,1.4974721875406527,1.7879068921322743,2.073441068208445,2.353292086439778,2.6266928946375065,2.89289412019021,3.151166124042085,3.4008010005828333,3.641114517967762,3.8714479935497086,4.091170099282386,4.29967859214667,4.496401964856882,4.6808010123224895,4.8523703095718105,5.010639597086719,5.155175069751301,5.285580565881516,5.401498653076854,5.502611607917675,5.588642286823041
-5.392605899718485,-5.180165467269494,-4.953526561343591,-4.713310383428468,-4.460175349370547,-4.194815284702985,-3.9179575229181003,-3.6303609118967715,-3.332813733959231,-3.0261315452379556,-2.711154940295003,-2.3887472481107705,-2.0597921657592573,-1.725191336255791,-1.3858618772162257,-1.0427338671012958,-0.6967477959361773,-0.34885198749274926,-2.0407598357237563e-15,0.34885198749274515,0.6967477959361732,1.0427338671012858,1.3858618772162334,1.725191336255786,2.059792165759253,2.3887472481107714,2.7111549402950037,3.026131545237957,3.3328137339592265,3.630360911896768,3.9179575229180923,4.194815284702986,4.460175349370544,4.713310383428465,4.953526561343588,5.180165467269487,5.392605899718486,5.590265574231797,5.772602719380735,5.939117561724545,6.089353695654663,6.222899334370782,6.339388438559819,6.438501719684252
-6.070056916030561,-5.8309284612145245,-5.575817836789154,-5.305424283243504,-5.020488930512994,-4.7217927665938495,-4.410154496909279,-4.086428300294743,-3.751501487753254,-3.4062920703975097,-3.0517462432452582,-2.688835791764553,-2.3185554282773118,-1.9419200655219675,-1.559962034848236,-1.1737282566686236,-0.7842773709223269,-0.3926768354167906,-2.2971321444867792e-15,0.392676835416786,0.7842773709223225,1.1737282566686125,1.5599620348482444,1.9419200655219622,2.318555428277307,2.6888357917645545,3.05174624324526,3.40629207039751,3.7515014877532487,4.086428300294738,4.410154496909268,4.72179276659385,5.02048893051299,5.3054242832435,5.575817836789151,5.830928461214517,6.070056916030564,6.292547766764252,6.497791181458873,6.685224602181041,6.85433428695289,7.004656717883141,7.135779871637392,7.247344348765464
-6.701817319548834,-6.437800813237215,-6.156138742382547,-5.857603123142981,-5.543012220899871,-5.213228307449324,-4.869155297575132,-4.511736271481103,-4.141950889873895,-3.760812708781024,-3.369366401464264,-2.9686848950428786,-2.559866429674943,-2.1440315483573964,-1.7223200255956073,-1.2958877433606648,-0.8659035228972164,-0.43354592106573003,-2.5362134497547996e-15,0.4335459210657249,0.8659035228972115,1.2958877433606526,1.7223200255956166,2.144031548357391,2.5598664296749383,2.96868489504288,3.3693664014642657,3.760812708781025,4.141950889873891,4.511736271481099,4.869155297575121,5.213228307449325,5.5430122208998664,5.857603123142979,6.156138742382544,6.437800813237208,6.7018173195488355,6.947464610425191,7.174069383716714,7.381010531490919,7.567720842446051,7.733688556597872,7.878458767978158,8.001634671500371
