hough_viz/data/file_3_0_0.json
{"header": {"discipline": 0, "disciplineName": "Meteorological products", "gribEdition": 2, "gribLength": 133963, "center": 7, "centerName": "US National Weather Service - NCEP(WMC)", "subcenter": 0, "refTime": "2014-11-30T06:00:00.000Z", "significanceOfRT": 1, "significanceOfRTName": "Start of forecast", "productStatus": 0, "productStatusName": "Operational products", "productType": 1, "productTypeName": "Forecast products", "productDefinitionTemplate": 0, "productDefinitionTemplateName": "Analysis/forecast at horizontal level/layer at a point in time", "parameterCategory": 2, "parameterCategoryName": "Momentum", "parameterNumber": 2, "parameterNumberName": "U-component_of_wind", "parameterUnit": "m.s-1", "genProcessType": 2, "genProcessTypeName": "Forecast", "forecastTime": 6, "surface1Type": 100, "surface1TypeName": "Isobaric surface", "surface1Value": 85000, "surface2Type": 255, "surface2TypeName": "Missing", "surface2Value": 0, "gridDefinitionTemplate": 0, "gridDefinitionTemplateName": "Latitude_Longitude", "numberPoints": 65160, "shape": 6, "shapeName": "Earth spherical with radius of 6,371,229.0 m", "gridUnits": "degrees", "resolution": 48, "winds": "true", "scanMode": 0, "nx": 360, "ny": 181, "basicAngle": 0, "subDivisions": 0, "lo1": 0, "la1": 90, "lo2": 359, "la2": -90, "dx": 1, "dy": 1}, "data":
[rows 38 to 56 of 181, columns 86 to 128 of 360]
-3.2100490122929344,-2.4152672609022554,-1.6138654298326112,-0.8080401057982208,-2.8361870122948833e-15,0.8080401057982153,1.613865429832606,2.415267260902249,3.2100490122929153,3.9960322424686847,4.771062626028614,5.5330158585630995,6.279803479224505,7.009378595053117,7.719741491368633,8.408945112848949,9.075100400273566,9.716381468303528,10.331030610106252,10.917363115107824,11.473771886667484,11.99873184701789,12.49080411739725,12.948639961915973,13.370984484348007,13.756680067714186,14.104669547229864,14.413999107920143,14.683820898960409,14.913395357576501,15.102093236134875,15.249397326866637,15.354903879498066,15.418323707902077,15.439482982737266,15.418323707902077,15.35490387949807,15.249397326866637,15.10209323613488,14.913395357576505,14.683820898960413,14.413999107920151,14.104669547229868
-3.340486595055029,-2.5134095702657753,-1.6794434645493796,-0.8408741210333528,-2.9514330339999344e-15,0.8408741210333471,1.679443464549374,2.513409570265769,3.340486595055009,4.158407578281607,4.9649306553834744,5.757845202667035,6.534977896473024,7.294198670105497,8.033426552196756,8.75063537050507,9.443859305512044,10.111198278597222,10.750823160021529,11.360980782444786,11.93999874623545,12.48629000340181,12.998357207580234,13.47479681815741,13.914302947277651,14.315670939190753,14.677800672129615,14.999699573667584,15.28048534129047,15.51938836072639,15.715753815405014,15.869043481264267,15.978837201985064,16.044834040610574,16.066853104393513,16.044834040610574,15.978837201985067,15.86904348126427,15.715753815405014,15.519388360726394,15.28048534129047,14.999699573667593,14.677800672129619
-3.4704408021784943,-2.6111881838258273,-1.744778480162758,-0.8735864599636428,-3.066251976958497e-15,0.8735864599636368,1.744778480162752,2.6111881838258206,3.470440802178474,4.320181183519768,5.1580802485291155,5.981841374111008,6.789206688279187,7.577963258826736,8.34594915881962,9.091059392287983,9.811251663873884,10.50455197662085,11.169060042562343,11.80295449127903,12.404497862148423,12.972041366603735,13.504029407348737,13.999003842141766,14.45560798046231,14.872590302105404,15.248807887511498,15.583229550429557,15.87493866432691,16.12313567479879,16.32714029109147,16.48639335073187,16.600458352153066,16.669022651114727,16.69189831763924,16.669022651114727,16.60045835215307,16.486393350731873,16.327140291091474,16.123135674798792,15.87493866432691,15.583229550429568,15.248807887511498
-3.5989463825854657,-2.7078768387378287,-1.8093851926974205,-0.9059341476126673,-3.1797910091545606e-15,0.905934147612661,1.8093851926974143,2.707876838737822,3.598946382585445,4.480151464558128,5.349076762777936,6.203340613400737,7.040601538591157,7.85856466435048,8.654988010606964,9.427688636327204,10.174548622805885,10.893520878733659,11.582634751132165,12.240001426776901,12.863819109302904,13.452377957803405,14.004064773384902,14.517367420833157,14.990878973270739,15.423301568445815,15.813449966082327,16.160254796541228,16.462765491888362,16.720152891335022,16.93171151391011,17.09686149213441,17.21515016139704,17.28625330067769,17.309976021213927,17.28625330067769,17.21515016139704,17.09686149213441,16.931711513910113,16.720152891335026,16.462765491888362,16.160254796541242,15.813449966082331
-3.726301318674261,-2.8036997394074508,-1.873413414037703,-0.9379921927194641,-3.2923134081283626e-15,0.9379921927194577,1.873413414037697,2.803699739407444,3.726301318674239,4.6386893650386085,5.538363086284718,6.422856539278223,7.289745388944879,8.136653553204397,8.961259715646449,9.761303688097428,10.534592605639244,11.279006937099558,11.992506294539426,12.673135025814872,13.319027574883366,13.928413595163354,14.49962280193117,15.031089550455311,15.521357127319872,15.969081743174765,16.373036215968877,16.732113334570805,17.04532889355762,17.31182439085347,17.530869380824157,17.701863476377795,17.824337994584116,17.897957241301835,17.922519431292898,17.897957241301835,17.82433799458412,17.701863476377795,17.530869380824157,17.311824390853474,17.04532889355762,16.732113334570812,16.37303621596888
-3.852560949113792,-2.898698523104024,-1.9368909659284916,-0.9697745252470066,-3.4038680674679602e-15,0.9697745252469997,1.9368909659284854,2.8986985231040174,3.852560949113769,4.795863773350262,5.726021468340371,6.640484536496632,7.536746498112807,8.412350761450451,9.264897356086305,10.092049511064232,10.891540059822107,11.661177654337678,12.398852771461215,13.102543494971881,13.770321057509454,14.40035512719167,14.990918824426679,15.54039345516992,16.047272947652036,16.510167980416917,16.927809790355173,17.299053650295697,17.62288200662324,17.89840726832214,18.124874239801592,18.30166219083432,18.42828655793491,18.504400272514697,18.52979471217261,18.504400272514697,18.428286557934914,18.301662190834325,18.124874239801596,17.898407268322142,17.62288200662324,17.299053650295704,16.927809790355177
-3.976286129436276,-2.9917903657013656,-1.9990943125308656,-1.0009188808050768,-3.513183454298711e-15,1.0009188808050702,1.9990943125308585,2.991790365701358,3.976286129436252,4.949883169278657,5.909912923416193,6.853744017023659,7.778789474678397,8.682513811080039,9.562439980639661,10.416156166889389,11.241322393103824,12.035676936013502,12.797042525031198,13.523332309999322,14.212555581101036,14.862823225257566,15.472352904055857,16.03947393901419,16.562631890795835,17.04039281981925,17.47144721658673,17.85461359095893,18.1888417105373,18.47321547927797,18.706955448447403,18.889420953037174,19.020111867782216,19.098669977969436,19.124879961279323,19.098669977969436,19.02011186778222,18.889420953037174,18.706955448447406,18.473215479277975,18.1888417105373,17.854613590958945,17.47144721658673
-4.098204859312869,-3.0835230201356305,-2.060389458693256,-1.0316085129605366,-3.620902780984158e-15,1.0316085129605292,2.060389458693249,3.083523020135622,4.098204859312845,5.101653803833452,6.091119469889324,7.063889800866755,8.017298500905,8.948732343027823,9.855638331817174,10.735530700996026,11.585997726741049,12.404708338049904,13.189418506044856,13.937977394699992,14.648333256133185,15.318539054304463,15.946757801706498,16.5312675944196,17.070466331730717,17.562876107380127,18.007147260399762,18.40206207444009,18.74653811544604,19.039631198533435,19.28053797593419,19.468598138916672,19.603296227646045,19.684263044023858,19.711276663634347,19.684263044023858,19.603296227646048,19.468598138916676,19.280537975934195,19.03963119853344,18.74653811544604,18.402062074440103,18.007147260399766
-4.21845527973905,-3.1740004248272267,-2.1208458553730143,-1.0618781948474325,-3.727148099772023e-15,1.061878194847425,2.1208458553730076,3.1740004248272187,4.218455279739024,5.251347641950334,6.2698464252917185,7.271159995393063,8.252543821359202,9.211307998338253,10.144824620364034,11.050534983263507,11.925956597887131,12.768689994439027,13.576425299256915,14.346948566015302,15.078147843998405,15.768018966810315,16.414671045655755,17.016331652134852,17.571351676346147,18.078209846982272,18.535516901028775,18.942019391637533,19.296603123737444,19.598296207965625,19.84627172454864,20.039849989832103,20.178500419246326,20.261842981601767,20.289649240728068,20.261842981601767,20.17850041924633,20.039849989832106,19.846271724548643,19.598296207965628,19.296603123737448,18.942019391637544,18.535516901028778
-4.335205127678425,-3.261843970007824,-2.179542324743426,-1.0912667054650547,-3.8303005442191364e-15,1.0912667054650473,2.179542324743419,3.2618439700078166,4.335205127678399,5.396683789430466,6.443370516034557,7.472396411927392,8.480940988655075,9.4662398956358,10.42559249705287,11.356369274109554,12.256019032357466,13.122075894343125,13.95216605840669,14.74401430510735,15.495450233441572,16.20441420976146,16.868963013087427,17.48727516134176,18.057655903904447,18.578541866806802,19.048505337830857,19.46625817976928,19.830655361119984,20.140698094537807,20.39553657444126,20.59447230627053,20.736960021012536,20.822609169745366,20.85118499410574,20.822609169745366,20.736960021012536,20.594472306270532,20.395536574441262,20.14069809453781,19.830655361119987,19.466258179769294,19.04850533783086
-4.449534235049199,-3.3478661300880423,-2.2370217567716355,-1.120045862313413,-3.931314182394286e-15,1.1200458623134053,2.237021756771628,3.347866130088034,4.449534235049172,5.539006475955411,6.613296685122635,7.669460307760557,8.704602472792596,9.715885927496167,10.700538814215442,11.65586226783027,12.579237813158045,13.468134542012052,14.320116050244943,15.132847115763191,15.904100099208435,16.63176104976218,17.31383549933808,17.94845392928024,18.533876894583965,19.068499791593638,19.550857256109722,19.97962717985022,20.353634334257624,20.671853591718595,20.933412735367593,21.13759484977262,21.283840285950635,21.37174819532645,21.401077628430883,21.37174819532645,21.28384028595064,21.137594849772626,20.933412735367597,20.671853591718598,20.353634334257624,19.979627179850233,19.550857256109722
-4.561686906547306,-3.4322507219290923,-2.293406976654893,-1.1482771622704662,-4.0304048657698345e-15,1.1482771622704584,2.2934069766548855,3.432250721929084,4.561686906547279,5.678619824433636,6.779988040097205,7.86277277981406,8.924006205876116,9.960779551227896,10.97025109219507,11.94965393745133,12.896303611875311,13.807605414510215,14.681061530458816,15.514277877220524,16.304970666705,17.050972664936634,17.75023913229228,18.400853427990295,19.001032263469824,19.549130590260752,20.04364610894718,20.483223386865724,20.866657573252294,21.19289770165415,21.461049570556035,21.67037819432429,21.82030981775142,21.910433488679235,21.94050218439014,21.910433488679235,21.820309817751422,21.670378194324293,21.46104957055604,21.192897701654154,20.866657573252294,20.48322338686574,20.043646108947183
-4.669534134074835,-3.5133958623393493,-2.3476276167583423,-1.175424687061417,-4.1256915435913365e-15,1.175424687061409,2.347627616758335,3.5133958623393404,4.669534134074807,5.812873537324152,6.940280258255537,8.04866415341201,9.134987219579806,10.19627192074387,11.229609349307365,12.232167199204968,13.201197529057085,14.134044294086042,15.02815062615027,15.881065841942181,16.690452160140673,17.45409110910731,18.1698896075629,18.835885701577702,19.45025394215083,20.01131038863911,20.517517224321253,20.96748697144666,21.359986294215496,21.693939379266325,21.96843088440582,22.18270844749807,22.336184748636885,22.42843911994885,22.45921869861473,22.42843911994885,22.33618474863689,22.182708447498072,21.968430884405826,21.69393937926633,21.3599862942155,20.967486971446675,20.517517224321256
-4.774420247451548,-3.592313036124526,-2.400359544464104,-1.2018268341392726,-4.218361976780963e-15,1.2018268341392642,2.400359544464096,3.5923130361245175,4.774420247451518,5.94344110474618,7.096171403096217,8.229451588879193,9.340175419879257,10.425298479281025,11.481846520204716,12.506923617909875,13.497720107323959,14.451520284138896,15.365709848367846,16.237783069959832,17.06534965683152,17.84614130649173,18.578017923300937,19.25897348432456,19.887141537702476,20.460800318463818,20.978377467765043,21.438454342616254,21.839769904283056,22.181224174706006,22.461881251464078,22.680971873018102,22.837895527203212,22.932222097190913,22.96369304040943,22.932222097190913,22.837895527203216,22.680971873018102,22.461881251464078,22.181224174706006,21.839769904283056,21.438454342616268,20.97837746776505
-4.876711452089846,-3.6692777792468316,-2.4517868710592707,-1.2275757854797749,-4.308739720222305e-15,1.2275757854797664,2.451786871059263,3.6692777792468236,4.876711452089817,6.070778397818732,7.248205761933816,8.405766297872047,9.540287212665499,10.648658863346233,11.72784328026175,12.774882493938449,13.786906642670472,14.761141838611069,15.694917770806402,16.585675024332332,17.430972095472704,18.228492083711377,18.97604904219557,19.671593969264094,20.313220424618592,20.89916975474386,21.42783591325485,21.89776986295821,22.307683547562537,22.65645342215106,22.943123532740234,23.16690813648313,23.32719385533597,23.423541357284694,23.4556865605235,23.423541357284694,23.327193855335974,23.166908136483134,22.943123532740238,22.656453422151063,22.307683547562537,21.897769862958224,21.42783591325485
-4.974089122796147,-3.7425455390533555,-2.5007438981291683,-1.2520878920048082,-4.394776190035412e-15,1.2520878920048,2.5007438981291603,3.742545539053346,4.9740891227961175,6.191999073998042,7.392937186138672,8.573611771328862,9.730786682598328,10.861290183949441,11.962023643865388,13.029970028443556,14.062202170875887,15.055890794609537,16.008312268197283,16.91685607058206,17.779031946353616,18.592476731365565,19.354960830004067,20.064394326354353,20.718832712515045,21.31648221835915,21.85570472813324,22.335022270418918,22.75312106914975,23.108855144580094,23.40124945433597,23.629502565938413,23.79298885347421,23.89126021239301,23.924047287730776,23.89126021239301,23.792988853474213,23.629502565938417,23.40124945433597,23.108855144580097,22.753121069149753,22.335022270418932,21.855704728133244
-5.068070397002343,-3.81325782221752,-2.5479933727982975,-1.2757450506531065,-4.477811828519991e-15,1.2757450506530976,2.547993372798289,3.8132578222175093,5.068070397002312,6.308991743106229,7.5326205813748865,8.735603030216033,9.91464179835572,11.066505222484377,12.188036125021565,13.27616046772006,14.327895777391152,15.340359320656239,16.31077600531869,17.236485986698725,18.11495195808266,18.943766105304352,19.720656706396454,20.443494358222367,21.110297813022246,21.719239408875456,22.26865007919476,22.757023927521864,23.183022355084983,23.54547772980494,23.84339658669359,24.07596235087229,24.24253757574687,24.342665690204452,24.37607225004313,24.342665690204452,24.24253757574687,24.07596235087229,23.843396586693597,23.545477729804947,23.18302235508499,22.75702392752188,22.268650079194764
-5.159149326628388,-3.881786357464612,-2.593783681714684,-1.2986716251848922,-4.558283147278641e-15,1.298671625184883,2.593783681714675,3.881786357464602,5.1591493266283575,6.422371426095943,7.667990251898116,8.89259164941531,10.09281907133796,11.265382777729286,12.40706885297403,13.514748014897538,14.585384191910844,15.61604284467175,16.603899009453222,17.54624504117267,18.440498034858802,19.28420690521467,20.07505910487215,20.81088696292342,21.48967362635633,22.1095585881083,22.668842786586836,23.165993262679283,23.599647361487175,23.968616467268603,24.271889261351355,24.508634494087076,24.678203263248804,24.78013079262684,24.81413770594806,24.78013079262684,24.678203263248804,24.508634494087076,24.271889261351358,23.968616467268607,23.59964736148718,23.165993262679294,22.66884278658684
-5.244929398361933,-3.9463279884809825,-2.636909967889499,-1.3202643603654185,-4.6340727456407604e-15,1.3202643603654096,2.6369099678894905,3.9463279884809723,5.244929398361901,6.529154821332538,7.795484284773844,9.040446867648056,10.260630214051842,11.452689886246532,12.61335853152975,13.739454837821832,14.827892253421261,15.875687447028213,16.879968484848348,17.83798270236376,18.74710424919496,19.60484128637434,20.408842816303597,21.156905126674634,21.846977830691888,22.477169487040037,23.045752784193105,23.55116927485532,23.992033647556877,24.36713752369629,24.675452769622208,24.916134314676285,25.0885224674731,25.192144724068378,25.2267170630595,25.192144724068378,25.0885224674731,24.916134314676288,24.67545276962221,24.367137523696293,23.992033647556884,23.551169274855333,23.04575278419311
