hough_viz/data/file_5_1_1.json
{"header": {"discipline": 0, "disciplineName": "Meteorological products", "gribEdition": 2, "gribLength": 133963, "center": 7, "centerName": "US National Weather Service - NCEP(WMC)", "subcenter": 0, "refTime": "2014-11-30T06:00:00.000Z", "significanceOfRT": 1, "significanceOfRTName": "Start of forecast", "productStatus": 0, "productStatusName": "Operational products", "productType": 1, "productTypeName": "Forecast products", "productDefinitionTemplate": 0, "productDefinitionTemplateName": "Analysis/forecast at horizontal level/layer at a point in time", "parameterCategory": 2, "parameterCategoryName": "Momentum", "parameterNumber": 3, "parameterNumberName": "V-component_of_wind", "parameterUnit": "m.s-1", "genProcessType": 2, "genProcessTypeName": "Forecast", "forecastTime": 6, "surface1Type": 100, "surface1TypeName": "Isobaric surface", "surface1Value": 85000, "surface2Type": 255, "surface2TypeName": "Missing", "surface2Value": 0, "gridDefinitionTemplate": 0, "gridDefinitionTemplateName": "Latitude_Longitude", "numberPoints": 65160, "shape": 6, "shapeName": "Earth spherical with radius of 6,371,229.0 m", "gridUnits": "degrees", "resolution": 48, "winds": "true", "scanMode": 0, "nx": 360, "ny": 181, "basicAngle": 0, "subDivisions": 0, "lo1": 0, "la1": 90, "lo2": 359, "la2": -90, "dx": 1, "dy": 1}, "data":
[rows 160 to 179 of 181, columns 135 to 179 of 360]
0.7786275438432217,0.7078027690573749,0.6315911878160061,0.550572816270168,0.4653642531475599,0.3766139870638819,0.2849974611329013,0.19121193243652906,0.09597116547739137,5.394057897142441e-16,-0.09597116547739225,-0.1912119324365299,-0.2849974611329002,-0.37661398706387905,-0.4653642531475607,-0.5505728162701672,-0.6315911878160037,-0.7078027690573756,-0.778627543843221,-0.843526492872257,-0.9020056959553118,-0.9536200910462147,-0.9979768614327045,-1.0347384253087855,-1.0636250049761227,-1.0844167561212552,-1.0969554409635645,-1.1011456325403364,-1.0969554409635645,-1.0844167561212554,-1.063625004976123,-1.0347384253087861,-0.9979768614327049,-0.9536200910462156,-0.9020056959553122,-0.8435264928722577,-0.7786275438432219,-0.7078027690573765,-0.6315911878160045,-0.5505728162701682,-0.46536425314756186,-0.37661398706388016,-0.2849974611329014,-0.1912119324365311,-0.09597116547739346
0.6376021272764393,0.5796051717045422,0.5171970708008036,0.4508527878961384,0.3810772430432286,0.30840147027003084,0.233378576090176,0.15657953002843933,0.07858881919787944,4.4170833886693323e-16,-0.07858881919788016,-0.15657953002844002,-0.2333785760901751,-0.30840147027002857,-0.38107724304322926,-0.4508527878961378,-0.5171970708008016,-0.5796051717045427,-0.6376021272764386,-0.6907465456650727,-0.7386339657570263,-0.7808999353701858,-0.8172227849549069,-0.8473260756935114,-0.8709807033666148,-0.8880066419745716,-0.8982743138440311,-0.9017055757922771,-0.8982743138440311,-0.8880066419745718,-0.8709807033666151,-0.8473260756935118,-0.8172227849549072,-0.7808999353701863,-0.738633965757027,-0.6907465456650732,-0.6376021272764394,-0.5796051717045437,-0.5171970708008022,-0.45085278789613853,-0.3810772430432302,-0.30840147027002945,-0.2333785760901761,-0.15657953002844102,-0.07858881919788115
0.5223385545625302,0.47482609397546305,0.42369992010540936,0.3693491340063446,0.31218737797838814,0.2526496875001246,0.1911891803459304,0.12827360808612145,0.0643817962150536,3.6185778778297356e-16,-0.06438179621505417,-0.12827360808612204,-0.1911891803459297,-0.2526496875001227,-0.31218737797838864,-0.36934913400634417,-0.42369992010540775,-0.4748260939754636,-0.5223385545625298,-0.5658757033527345,-0.6051061963553322,-0.6397314658305543,-0.6694879925703868,-0.6941493114388555,-0.7135277349084603,-0.7274757814755866,-0.7358872980837966,-0.7386982680126895,-0.7358872980837966,-0.7274757814755868,-0.7135277349084606,-0.6941493114388558,-0.669487992570387,-0.6397314658305547,-0.6051061963553328,-0.5658757033527351,-0.5223385545625303,-0.4748260939754642,-0.42369992010540836,-0.3693491340063447,-0.31218737797838947,-0.25264968750012345,-0.19118918034593047,-0.12827360808612284,-0.06438179621505499
0.42032849129337413,0.38209497262668507,0.34095348050305546,0.2972171265194556,0.2512187707384358,0.2033084884220563,0.15385090574776134,0.10322242478301008,0.05180835883825488,2.911888021150602e-16,-0.051808358838255346,-0.10322242478301054,-0.15385090574776075,-0.20330848842205476,-0.2512187707384361,-0.29721712651945514,-0.3409534805030542,-0.3820949726266855,-0.4203284912933737,-0.45536305634003854,-0.48693203357222414,-0.5147951640113239,-0.5387403924104797,-0.5585854811230484,-0.5741793970411351,-0.5854034610487404,-0.5921722512414905,-0.5944342530389113,-0.5921722512414905,-0.5854034610487407,-0.5741793970411353,-0.5585854811230486,-0.5387403924104799,-0.5147951640113242,-0.4869320335722244,-0.455363056340039,-0.42032849129337413,-0.382094972626686,-0.3409534805030547,-0.29721712651945564,-0.2512187707384368,-0.2033084884220554,-0.1538509057477614,-0.10322242478301118,-0.051808358838256
0.33025798263884654,0.3002173715320628,0.26789192495171554,0.2335276590649175,0.19738610668478032,0.15974232684778286,0.12088281144841809,0.08110330486289442,0.040706553155848924,2.287911201489806e-16,-0.040706553155849284,-0.08110330486289477,-0.12088281144841762,-0.1597423268477816,-0.19738610668478063,-0.23352765906491713,-0.26789192495171454,-0.3002173715320632,-0.33025798263884626,-0.3577851310825267,-0.3825893186420999,-0.4044817704730595,-0.4232958717979495,-0.4388884359454209,-0.45114079408726443,-0.4599596983798449,-0.4652780316364953,-0.4670553181298352,-0.4652780316364953,-0.459959698379845,-0.4511407940872646,-0.43888843594542115,-0.4232958717979497,-0.4044817704730598,-0.3825893186421002,-0.35778513108252713,-0.3302579826388466,-0.30021737153206357,-0.26789192495171493,-0.2335276590649176,-0.19738610668478113,-0.15974232684778214,-0.12088281144841811,-0.0811033048628953,-0.040706553155849805
0.25975965241337223,0.23613164307039514,0.21070652934346853,0.18367781170015607,0.155251195002111,0.1256430229668658,0.09507863166151012,0.06379063455916348,0.032017152209982705,1.7995235533838915e-16,-0.032017152209982996,-0.06379063455916377,-0.09507863166150976,-0.12564302296686486,-0.1552511950021112,-0.1836778117001558,-0.2107065293434677,-0.23613164307039541,-0.25975965241337207,-0.2814107339543173,-0.30092010988942275,-0.31813930208773933,-0.33293726209940594,-0.3452013685134805,-0.35483828407488216,-0.36177466603726044,-0.365957724345579,-0.36735562340031225,-0.365957724345579,-0.3617746660372605,-0.35483828407488227,-0.34520136851348077,-0.3329372620994062,-0.31813930208773944,-0.300920109889423,-0.2814107339543175,-0.2597596524133723,-0.23613164307039572,-0.21070652934346804,-0.18367781170015612,-0.1552511950021116,-0.12564302296686525,-0.09507863166151018,-0.06379063455916416,-0.0320171522099834
0.1992900258492252,0.1811623969084758,0.16165601273840732,0.1409193287008295,0.11911016348242166,0.09639449799922997,0.07294521218167395,0.04894076925389248,0.02456385752084397,1.380611238651717e-16,-0.024563857520844196,-0.0489407692538927,-0.07294521218167367,-0.09639449799922924,-0.11911016348242183,-0.1409193287008293,-0.16165601273840674,-0.18116239690847602,-0.19929002584922495,-0.21590093735865437,-0.23086871237023382,-0.2440794370783356,-0.25543256989107815,-0.26484170661254675,-0.272235238030899,-0.27755689490770535,-0.28076617622082867,-0.28183865740165903,-0.28076617622082867,-0.2775568949077054,-0.2722352380308991,-0.2648417066125468,-0.25543256989107826,-0.2440794370783358,-0.230868712370234,-0.2159009373586546,-0.19929002584922523,-0.18116239690847627,-0.16165601273840696,-0.14091932870082952,-0.11911016348242214,-0.09639449799922953,-0.07294521218167398,-0.048940769253893,-0.024563857520844504
0.14757167631990387,0.1341484024802212,0.11970417829664429,0.10434893303687029,0.08819952938907755,0.07137887406630235,0.054014982412139353,0.036240004126682206,0.018189217527507868,1.0223246947043577e-16,-0.01818921752750803,-0.03624000412668237,-0.05401498241213914,-0.0713788740663018,-0.0881995293890777,-0.10434893303687012,-0.11970417829664384,-0.1341484024802213,-0.1475716763199037,-0.15987184059657777,-0.17095528363305484,-0.18073765373546166,-0.189144501160563,-0.19611184472325982,-0.20158665873204312,-0.2055272765465232,-0.20790370768572156,-0.20869786607374063,-0.20790370768572156,-0.20552727654652325,-0.2015866587320432,-0.19611184472325993,-0.18914450116056308,-0.18073765373546186,-0.170955283633055,-0.15987184059657789,-0.1475716763199039,-0.1341484024802215,-0.11970417829664401,-0.10434893303687032,-0.08819952938907791,-0.07137887406630204,-0.05401498241213938,-0.036240004126682594,-0.01818921752750826
0.10948440468842277,0.09952558886443313,0.08880932321399176,0.07741716498935598,0.06543581539338915,0.05295645973105324,0.040074073434178875,0.02688669924108355,0.013494701032130428,7.584694664262189e-17,-0.01349470103213055,-0.026886699241083667,-0.04007407343417872,-0.052956459731052834,-0.06543581539338925,-0.07741716498935587,-0.08880932321399145,-0.09952558886443323,-0.10948440468842266,-0.11860997808424258,-0.12683285792817825,-0.13409046313950693,-0.1403275589603089,-0.145496677325326,-0.14955847812260156,-0.1524820485954861,-0.1542451386073807,-0.154834329978712,-0.1542451386073807,-0.15248204859548617,-0.14955847812260162,-0.1454966773253261,-0.14032755896030896,-0.13409046313950704,-0.1268328579281784,-0.11860997808424267,-0.10948440468842277,-0.09952558886443337,-0.08880932321399157,-0.077417164989356,-0.0654358153933894,-0.05295645973105301,-0.040074073434178896,-0.026886699241083837,-0.013494701032130721
0.07825502783069525,0.07113686874963769,0.06347731514377983,0.05533466084102662,0.04677087635729166,0.0378511372634506,0.028643328159892747,0.01921752603372389,0.009645466930578713,5.4212332224694135e-17,-0.0096454669305788,-0.019217526033723974,-0.02864332815989264,-0.03785113726345031,-0.04677087635729173,-0.05533466084102655,-0.06347731514377959,-0.07113686874963779,-0.07825502783069518,-0.08477761889828357,-0.09065500109593,-0.09584244399625003,-0.10030046802650885,-0.1039951449320074,-0.10689835599058797,-0.10898800601308813,-0.11024819150107133,-0.1106693216820533,-0.11024819150107133,-0.10898800601308815,-0.106898355990588,-0.10399514493200744,-0.10030046802650891,-0.0958424439962501,-0.09065500109593008,-0.08477761889828365,-0.07825502783069527,-0.07113686874963787,-0.06347731514377969,-0.05533466084102665,-0.046770876357291845,-0.03785113726345042,-0.028643328159892765,-0.019217526033724095,-0.009645466930578921
0.05279714787269214,0.04799466414733936,0.0428269120478549,0.037333221288089524,0.03155540217190655,0.02553742739152271,0.019325097368768883,0.012965691686226015,0.006507609261052151,3.657600796185494e-17,-0.006507609261052211,-0.012965691686226074,-0.019325097368768803,-0.025537427391522517,-0.031555402171906596,-0.03733322128808946,-0.042826912047854736,-0.047994664147339425,-0.0527971478726921,-0.05719781342294427,-0.061163169076063714,-0.06466303608118301,-0.06767077833711593,-0.07016350510917023,-0.07212224524146099,-0.07353209153886198,-0.07438231421976135,-0.07466644257617908,-0.07438231421976135,-0.07353209153886199,-0.07212224524146102,-0.07016350510917026,-0.06767077833711599,-0.06466303608118305,-0.06116316907606376,-0.057197813422944305,-0.05279714787269216,-0.04799466414733949,-0.04282691204785481,-0.03733322128808954,-0.03155540217190668,-0.025537427391522594,-0.01932509736876889,-0.012965691686226155,-0.006507609261052292
0.03574492292533069,0.032493527394897526,0.028994836500860998,0.025275477393491817,0.02136375664140772,0.017289444801493636,0.01308354984698782,0.008778081178083113,0.0044058060110627765,2.4762825989488843e-17,-0.004405806011062816,-0.008778081178083154,-0.01308354984698777,-0.017289444801493505,-0.02136375664140775,-0.02527547739349178,-0.02899483650086089,-0.03249352739489756,-0.03574492292533066,-0.03872427800892754,-0.04140891795451806,-0.04377841103108637,-0.0458147239655809,-0.04750235918701062,-0.048828472772318485,-0.049782972196391086,-0.05035859314226865,-0.050550954786983654,-0.05035859314226865,-0.0497829721963911,-0.0488284727723185,-0.047502359187010644,-0.045814723965580915,-0.04377841103108641,-0.041408917954518086,-0.038724278008927575,-0.03574492292533069,-0.03249352739489761,-0.028994836500860936,-0.025275477393491827,-0.021363756641407806,-0.01728944480149356,-0.013083549846987824,-0.00877808117808321,-0.004405806011062873
0.022727318062045386,0.020660017468894544,0.018435481667945845,0.016070640719855797,0.013583492492169523,0.010992965684680877,0.008318775770597538,0.005581274949885861,0.002801297256739541,1.5744686974254823e-17,-0.002801297256739566,-0.005581274949885887,-0.008318775770597505,-0.010992965684680793,-0.013583492492169547,-0.016070640719855776,-0.018435481667945775,-0.02066001746889457,-0.02272731806204537,-0.024621650041614228,-0.026328596397407596,-0.027835166236975496,-0.029129893654147178,-0.030202924991500072,-0.031046093832642913,-0.03165298315357537,-0.03201897416011533,-0.03214128143971161,-0.03201897416011533,-0.03165298315357538,-0.03104609383264292,-0.030202924991500086,-0.029129893654147188,-0.027835166236975517,-0.026328596397407616,-0.02462165004161425,-0.022727318062045393,-0.0206600174688946,-0.018435481667945803,-0.016070640719855804,-0.013583492492169582,-0.010992965684680828,-0.008318775770597541,-0.005581274949885921,-0.0028012972567396017
0.012955304556273108,0.011776876519998999,0.010508819342335262,0.009160783704077689,0.007743028970399681,0.006266345110888238,0.004741970581360246,0.0031815067924280123,0.0015968298157590436,8.974979552703984e-18,-0.0015968298157590583,-0.0031815067924280266,-0.004741970581360228,-0.0062663451108881905,-0.007743028970399692,-0.009160783704077675,-0.01050881934233522,-0.01177687651999901,-0.012955304556273093,-0.014035134902247212,-0.015008149396969052,-0.015866942812611563,-0.01660497921272812,-0.017216641694675214,-0.017697275137633344,-0.01804322163088721,-0.01825184831273492,-0.01832156740815539,-0.01825184831273492,-0.018043221630887212,-0.01769727513763335,-0.017216641694675225,-0.016604979212728126,-0.01586694281261157,-0.015008149396969065,-0.014035134902247226,-0.01295530455627311,-0.011776876519999029,-0.010508819342335237,-0.009160783704077694,-0.007743028970399713,-0.00626634511088821,-0.004741970581360249,-0.003181506792428046,-0.0015968298157590787
0.007445817746222387,0.006768538385708465,0.006039746361124101,0.005264988219832986,0.004450160339102154,0.003601464051110491,0.0027253584470663915,0.0018285112196237113,0.0009177479177144148,5.1582007767735925e-18,-0.0009177479177144231,-0.0018285112196237195,-0.002725358447066381,-0.003601464051110463,-0.004450160339102161,-0.005264988219832978,-0.006039746361124077,-0.006768538385708473,-0.00744581774622238,-0.008066429937779883,-0.008625651726867306,-0.009119227098002343,-0.009543399644581734,-0.00989494115740359,-0.010171176193288774,-0.010370002436818942,-0.010489906700226242,-0.010529976439665975,-0.010489906700226242,-0.010370002436818942,-0.010171176193288778,-0.009894941157403593,-0.009543399644581738,-0.009119227098002348,-0.008625651726867314,-0.008066429937779892,-0.007445817746222389,-0.006768538385708482,-0.006039746361124088,-0.005264988219832988,-0.0044501603391021724,-0.0036014640511104748,-0.002725358447066393,-0.0018285112196237308,-0.0009177479177144347
0.003757339994433073,0.0034155684234119985,0.003047802314312167,0.0026568405892870503,0.0022456587031332584,0.0018173859982828322,0.0013752818886177873,0.000922711053362461,0.0004631178298428703,2.6029530588121244e-18,-0.00046311782984287435,-0.0009227110533624654,-0.001375281888617782,-0.0018173859982828187,-0.002245658703133262,-0.002656840589287047,-0.0030478023143121554,-0.003415568423412003,-0.0037573399944330686,-0.004070515939352594,-0.004352712800128916,-0.004601782888256404,-0.004815830629971793,-0.004993226992715052,-0.005132621883050858,-0.005232954421694824,-0.005293461017445419,-0.005313681178574103,-0.005293461017445419,-0.005232954421694824,-0.005132621883050859,-0.004993226992715056,-0.0048158306299717945,-0.004601782888256409,-0.00435271280012892,-0.004070515939352598,-0.003757339994433073,-0.003415568423412007,-0.00304780231431216,-0.0026568405892870516,-0.002245658703133268,-0.001817385998282824,-0.001375281888617788,-0.000922711053362471,-0.00046311782984288026
0.0014384713410470276,0.001307626485157798,0.001166829802150062,0.0010171528397968602,0.0008597347301591307,0.0006957735201028701,0.0005265170534390818,0.00035325347407893663,0.00017730142248076748,9.965223756006926e-19,-0.0001773014224807691,-0.0003532534740789381,-0.0005265170534390799,-0.0006957735201028648,-0.0008597347301591321,-0.0010171528397968587,-0.0011668298021500578,-0.0013076264851577997,-0.001438471341047026,-0.0015583685614581465,-0.0016664056561479035,-0.0017617603975911271,-0.0018437070786286737,-0.0019116220355370817,-0.0019649883944861087,-0.002003400005260665,-0.00202656453230919,-0.0020343056795937213,-0.00202656453230919,-0.0020034000052606654,-0.001964988394486109,-0.001911622035537083,-0.0018437070786286745,-0.0017617603975911287,-0.0016664056561479048,-0.0015583685614581478,-0.0014384713410470278,-0.0013076264851578012,-0.0011668298021500594,-0.0010171528397968606,-0.0008597347301591342,-0.0006957735201028668,-0.0005265170534390822,-0.00035325347407894037,-0.0001773014224807713
0.0005780763275904351,0.0005254939009419555,0.00046891214840541614,0.00040876169128261275,0.00034550031087209255,0.00027960946447704553,0.00021159062122451467,0.00014196144558255647,7.125185762104903e-05,4.0047095747464836e-19,-7.125185762104967e-05,-0.0001419614455825571,-0.00021159062122451386,-0.0002796094644770434,-0.00034550031087209315,-0.0004087616912826122,-0.0004689121484054144,-0.000525493900941956,-0.0005780763275904344,-0.0006262592443339218,-0.0006696759500823563,-0.0007079960174892691,-0.0007409278077034064,-0.0007682206899164777,-0.0007896669488149493,-0.0008051033654189997,-0.0008144124592775077,-0.0008175233825652258,-0.0008144124592775077,-0.0008051033654189999,-0.0007896669488149495,-0.0007682206899164781,-0.0007409278077034068,-0.0007079960174892696,-0.000669675950082357,-0.0006262592443339223,-0.0005780763275904352,-0.0005254939009419568,-0.0004689121484054151,-0.0004087616912826129,-0.00034550031087209396,-0.0002796094644770442,-0.00021159062122451478,-0.00014196144558255796,-7.125185762105058e-05
0.00015143670009878105,0.00013766185965855178,0.00012283932934381773,0.00010708191756036161,9.050954772644181e-05,7.324834558316504e-05,5.542967930143934e-05,3.718915969087459e-05,1.8665608119633346e-05,1.049100220694861e-19,-1.866560811963351e-05,-3.718915969087476e-05,-5.542967930143913e-05,-7.324834558316448e-05,-9.050954772644197e-05,-0.00010708191756036144,-0.00012283932934381727,-0.0001376618596585519,-0.0001514367000987809,-0.00016405901581127913,-0.00017543274335191106,-0.00018547132178644811,-0.00019409835147154468,-0.0002012481755021536,-0.00020686637940022027,-0.00021091020524171647,-0.00021334887707025928,-0.00021416383512072327,-0.00021334887707025928,-0.0002109102052417165,-0.00020686637940022038,-0.00020124817550215367,-0.0001940983514715448,-0.00018547132178644828,-0.00017543274335191122,-0.00016405901581127924,-0.00015143670009878108,-0.0001376618596585521,-0.00012283932934381746,-0.00010708191756036163,-9.05095477264422e-05,-7.32483455831647e-05,-5.5429679301439366e-05,-3.7189159690875e-05,-1.8665608119633742e-05
-1.4615679435029886e-05,-1.3286221965263633e-05,-1.1855648323901587e-05,-1.0334846040158405e-05,-8.735389337698996e-06,-7.069451047807433e-06,-5.349709966790737e-06,-3.5892543626836042e-06,-1.8014823656253713e-06,-1.0125228898208555e-20,1.8014823656253876e-06,3.589254362683619e-06,5.349709966790718e-06,7.069451047807381e-06,8.73538933769901e-06,1.033484604015839e-05,1.1855648323901542e-05,1.3286221965263648e-05,1.4615679435029878e-05,1.583390275910705e-05,1.6931620522415506e-05,1.790047842995637e-05,1.8733102888040906e-05,1.9423157121790642e-05,1.9965389401820623e-05,2.035567301307104e-05,2.059103766160055e-05,2.0669692080316817e-05,2.059103766160055e-05,2.0355673013071035e-05,1.9965389401820626e-05,1.9423157121790652e-05,1.873310288804091e-05,1.7900478429956383e-05,1.6931620522415523e-05,1.5833902759107065e-05,1.4615679435029897e-05,1.3286221965263667e-05,1.185564832390156e-05,1.0334846040158409e-05,8.73538933769903e-06,7.069451047807403e-06,5.349709966790742e-06,3.5892543626836423e-06,1.8014823656254103e-06
