hough_viz/data/file_1_1_0.json
{"header": {"discipline": 0, "disciplineName": "Meteorological products", "gribEdition": 2, "gribLength": 133963, "center": 7, "centerName": "US National Weather Service - NCEP(WMC)", "subcenter": 0, "refTime": "2014-11-30T06:00:00.000Z", "significanceOfRT": 1, "significanceOfRTName": "Start of forecast", "productStatus": 0, "productStatusName": "Operational products", "productType": 1, "productTypeName": "Forecast products", "productDefinitionTemplate": 0, "productDefinitionTemplateName": "Analysis/forecast at horizontal level/layer at a point in time", "parameterCategory": 2, "parameterCategoryName": "Momentum", "parameterNumber": 2, "parameterNumberName": "U-component_of_wind", "parameterUnit": "m.s-1", "genProcessType": 2, "genProcessTypeName": "Forecast", "forecastTime": 6, "surface1Type": 100, "surface1TypeName": "Isobaric surface", "surface1Value": 85000, "surface2Type": 255, "surface2TypeName": "Missing", "surface2Value": 0, "gridDefinitionTemplate": 0, "gridDefinitionTemplateName": "Latitude_Longitude", "numberPoints": 65160, "shape": 6, "shapeName": "Earth spherical with radius of 6,371,229.0 m", "gridUnits": "degrees", "resolution": 48, "winds": "true", "scanMode": 0, "nx": 360, "ny": 181, "basicAngle": 0, "subDivisions": 0, "lo1": 0, "la1": 90, "lo2": 359, "la2": -90, "dx": 1, "dy": 1}, "data":
[rows 57 to 75 of 181, columns 86 to 128 of 360]
0.5846163903201839,0.43861818381095663,0.29248636995395083,0.14626546191527623,5.13177166724964e-16,-0.146265461915277,-0.292486369953948,-0.43861818381095374,-0.5846163903201829,-0.7304365170136125,-0.8760341456680601,-1.021364925835406,-1.1663845883521582,-1.3110489588242793,-1.455313971083122,-1.5991356806084316,-1.742470277914251,-1.8852741018937313,-2.027503653118716,-2.16911560709009,-2.310066827434847,-2.4503143790458504,-2.5898155411602675,-2.728527820372739,-2.8664089635792864,-3.0034169708479985,-3.139510108212636,-3.274646920385194,-3.408786243383587,-3.541887217070591,-3.673909297600246,-3.8048122697678894,-3.9345562592601175,-4.063101744800876,-4.190409570190014,-4.316440956230667,-4.441157512541746,-4.564521249252049,-4.686494588572318,-4.807040376241814,-4.926121892845863,-5.043702865000939,-5.1597474764038855
0.5470670176483524,0.4104461415670859,0.27370023961501694,0.1368709659185658,4.802162696322968e-16,-0.13687096591856657,-0.2737002396150143,-0.41044614156708326,-0.5470670176483515,-0.6835212518164853,-0.8197672787898949,-0.955763596708923,-1.0914687797777034,-1.22684149088287,-1.3618404941852293,-1.4964246676806172,-1.6305530157260362,-1.764184681527345,-1.8972789595846216,-2.0297953080914533,-2.1616933612843696,-2.2929329417386466,-2.4234740726067305,-2.5532769897955756,-2.6823021540791823,-2.810510263142611,-2.9378622635538623,-3.0643193626599223,-3.1898430404033897,-3.314395061056046,-3.437937484865842,-3.560432679613695,-3.6818433320766526,-3.802132459393844,-3.921263420331819,-4.039199926445831,-4.155906053133637,-4.271346250578494,-4.3854853545779635,-4.498288597255278,-4.60972161764997,-4.7197504721845505,-4.82834164500405
0.510719025481794,0.3831754550566734,0.2555151656760383,0.12777704390070585,4.483099461952138e-16,-0.1277770439007066,-0.2555151656760358,-0.3831754550566708,-0.5107190254817932,-0.6381070259443058,-0.7653006528252325,-0.8922611617136766,-1.0189498792087348,-1.1453282146997983,-1.2713576721216175,-1.3969998616805919,-1.522216511548655,-1.6469694795212595,-1.771220764635852,-1.894932518747334,-2.0180670580569804,-2.1405868745912904,-2.262454647627268,-2.383633255060687,-2.504085784713844,-2.6237755455793508,-2.7426660789965918,-2.8607211697573645,-2.977904857137402,-3.0941814458503445,-3.2095155169208733,-3.3238719384736704,-3.437215876434937,-3.5495128051431872,-3.6607285178660853,-3.7708291372201703,-3.8797811254902133,-3.9875512948451517,-4.0941068174474005,-4.199415235452552,-4.303444470896337,-4.406162835465885,-4.507539040152291
0.47532481782613806,0.3566203612611518,0.2378072746794665,0.1189217496982214,4.1724085626898595e-16,-0.11892174969822208,-0.23780727467946414,-0.3566203612611495,-0.47532481782613734,-0.5938844858470388,-0.7122632509004615,-0.8304250536678126,-0.948333900919308,-1.0659538764778684,-1.1832491521595236,-1.3001839986870405,-1.4167227965733906,-1.5328300469718041,-1.6484703824890532,-1.7636085779587034,-1.8782095611710463,-1.9922384235564337,-2.105660430818758,-2.2184410335158637,-2.330545877583642,-2.4419408148006014,-2.552591913189762,-2.66246546735465,-2.7715280087463006,-2.8797463158580925,-2.9870874243453467,-3.093518637066577,-3.1990075340433686,-3.3035219823358117,-3.4070301458304963,-3.509500494938121,-3.6109018161976913,-3.711203221784459,-3.8103741589186346,-3.9083844191720813,-4.005204147670081,-4.1008038521854155,-4.195154412121993
0.44072728656289945,0.33066298719794207,0.22049796468387975,0.11026577635376163,3.8687109010553087e-16,-0.11026577635376224,-0.22049796468387753,-0.33066298719793985,-0.44072728656289883,-0.5506573361269482,-0.6604196501320745,-0.769980793914143,-0.879307394087414,-0.9883661487104054,-1.0971238374299788,-1.2055473316005951,-1.3136036043756056,-1.4212597407675605,-1.5284829476744266,-1.6352405638686833,-1.7415000699462528,-1.8472290982322286,-1.9523954426403725,-2.056967068483407,-2.1609121222310974,-2.2641989412131287,-2.366796063263879,-2.468672236306089,-2.5697964278705574,-2.670137834548919,-2.7696658913766723,-2.8683502811435533,-2.966160943628466,-3.0630680847561043,-3.1590421856725173,-3.254054011736848,-3.3480746214264725,-3.4410753751528853,-3.5330279439855787,-3.6239043182813244,-3.7136768162161737,-3.8023180922176087,-3.8898011452942693
0.40760559494143206,0.3058128864065529,0.20392702430399834,0.10197904405435414,3.577968182498726e-16,-0.10197904405435472,-0.20392702430399634,-0.30581288640655085,-0.40760559494143134,-0.5092741428635272,-0.6107875609482563,-0.7121149272250896,-0.8132253763966781,-0.9140881092407265,-1.014672401991727,-1.11494761569973,-1.2148832055632492,-1.3144487302335177,-1.4136138610872073,-1.5123483914648232,-1.6106222458719501,-1.7084054891405382,-1.8056683355474377,-1.9023811578874266,-1.9985144964979455,-2.094039068232785,-2.188925775382029,-2.28314571453549,-2.3766701853869763,-2.469470699476672,-2.5615189888690084,-2.6527870147633417,-2.7432469760348526,-2.8328713177030354,-2.9216327393252035,-3.009504203312484,-3.0964589431657106,-3.18247047162878,-3.267512588756905,-3.3515593898973903,-3.4345852735804296,-3.5165649493175617,-3.5974734453054
0.3756491149672917,0.28183700506054415,0.18793904487183888,0.09398383662945801,3.297453709706562e-16,-0.09398383662945856,-0.18793904487183702,-0.28183700506054227,-0.3756491149672911,-0.46934679851462474,-0.5629015144804653,-0.6562847651920469,-0.7494681052065775,-0.8424231499760031,-0.935121584493207,-1.0275351719170496,-1.119635762173568,-1.2113953005307745,-1.302785836144391,-1.3937795305719465,-1.4843486662526433,-1.5744656549503928,-1.6641030461574522,-1.7532335354561235,-1.841829972835942,-1.9298653709638263,-2.017312913404689,-2.1041459627899792,-2.190338068931684,-2.2758629768793117,-2.3606946349174027,-2.4448072025011345,-2.5281750581276046,-2.610772807140389,-2.6925752894649926,-2.7735575872728644,-2.8536950325715957,-2.9329632147190425,-3.011337987859032,-3.0887954782764337,-3.16531209166932,-3.240864520336017,-3.315429750274858
0.3446395268837184,0.2585715451262212,0.1724247999712397,0.0862255325518693,3.0252510684956175e-16,-0.08622553255186978,-0.172424799971238,-0.2585715451262195,-0.3446395268837179,-0.43060252810272825,-0.5164343636203372,-0.6021088882279765,-0.6876000046355016,-0.7728816714206852,-0.8579279109616789,-0.9427128173500604,-1.027210564282012,-1.1113954129252719,-1.1952417197594272,-1.2787239443871758,-1.3618166573141859,-1.4444945476951656,-1.526732431043784,-1.6085052569041163,-1.6897881164812574,-1.7705562502287722,-1.850785055390704,-1.930450093495805,-2.0095270978017385,-2.0879919806869554,-2.1658208409880237,-2.2429899712801475,-2.319475865098687,-2.3952552240994525,-2.4703049651555973,-2.5446022273889755,-2.618124379133774,-2.6908490248303503,-2.7627540118471208,-2.833817437228485,-2.9040176543666645,-2.9733332795954728,-3.041743198703988
0.3153133976554673,0.23656912823664997,0.15775279756967528,0.07888841387237415,2.7678258550129474e-16,-0.07888841387237458,-0.15775279756967367,-0.23656912823664847,-0.31531339765546673,-0.3939616195588487,-0.47248983693652,-0.5508741293327498,-0.6290906201327472,-0.7071154838357155,-0.7849249533123239,-0.8624953270444158,-0.9398029763447087,-1.0168243525543326,-1.0935359942159706,-1.1699145342204484,-1.2459367069245848,-1.3215793552381336,-1.39681943767765,-1.471634035385155,-1.5460003591094442,-1.6198957561479062,-1.6932977172467634,-1.7661838834576027,-1.8385320529481344,-1.9103201877650777,-1.9815264205471421,-2.0521290611860286,-2.1221066034334566,-2.1914377314521722,-2.260101326308952,-2.328076472407647,-2.395342463860262,-2.461878810794182,-2.5276652455935777,-2.592681729073123,-2.6569084565821224,-2.720325864037196,-2.7829146338816937
0.28732059047898617,0.21556705842332521,0.14374786255342348,0.0718848796920703,2.522104563010901e-16,-0.0718848796920707,-0.1437478625534221,-0.21556705842332377,-0.2873205904789857,-0.3589866018994497,-0.43054326252339287,-0.5019687754988063,-0.5732413839225218,-0.6443393774675816,-0.7152410989964073,-0.7859249511577835,-0.8563694029656098,-0.9265529963574575,-0.9964543527308949,-1.0660521794556193,-1.1353252763594017,-1.204252542185863,-1.2728129810221178,-1.3409857086943366,-1.4087499591292683,-1.4760850906797813,-1.5429705924125157,-1.6093860903557085,-1.6753113537053068,-1.7407263009874612,-1.805611006175541,-1.8699457047597918,-1.9337107997678016,-1.9968868677339264,-2.0594546646158607,-2.1213951316565702,-2.182689401189758,-2.243318802387159,-2.3032648669458333,-2.3625093347138084,-2.42103415925229,-2.478821513332778,-2.5358537943674206
0.26038267580889596,0.19535643928249272,0.1302706952922237,0.06514526958620732,2.285643133657122e-16,-0.06514526958620769,-0.13027069529222243,-0.1953564392824914,-0.26038267580889546,-0.3253295972498637,-0.3901774201439702,-0.4549063912161682,-0.5194967933948245,-0.5839289518177352,-0.6481832398252737,-0.7122400849388703,-0.776079974822969,-0.8396834632286819,-0.9030311759172999,-0.966103816561873,-1.028882172625063,-1.0913471212114667,-1.1534796348926324,-1.215260787503001,-1.276671759905002,-1.3376938457215384,-1.3983084570341364,-1.4584971300450034,-1.51824153070128,-1.577523460279769,-1.6363248609304446,-1.6946278211770447,-1.7524145813730858,-1.8096675391116208,-1.866369254587098,-1.9225024559077044,-1.9780500443565407,-2.032995099600066,-2.087320884842186,-2.141010851922452,-2.1940486463567854,-2.246418112319212,-2.298103297563084
0.2352543795459131,0.17650351649136675,0.1176988887558692,0.058858408798681094,2.0650665625178747e-16,-0.05885840879868142,-0.11769888875586802,-0.17650351649136561,-0.23525437954591275,-0.29393358183748897,-0.3525232491126383,-0.4110055343911394,-0.46936262340236473,-0.5275767400116848,-0.585630151635245,-0.6435051746414913,-0.7011841797377664,-0.7586495973403704,-0.8158839229264218,-0.8728697223659038,-0.9295896372322735,-0.9860263900900063,-1.0421627897574652,-1.097981736543506,-1.153466227456209,-1.2085993613821495,-1.2633643442346483,-1.3177444940694076,-1.3717232461659965,-1.4252841580736215,-1.4784109146196602,-1.5310873328794166,-1.5832973671056016,-1.6350251136160217,-1.686254815637989,-1.7369708681079974,-1.787157822425164,-1.8368003911570345,-1.8858834526962727,-1.9343920558668564,-1.9823114244783473,-2.0296269618268603,-2.0763242551413614
0.2115690897068912,0.15873323330355174,0.10584902521966458,0.05293257449731234,1.857156723965591e-16,-0.05293257449731264,-0.10584902521966352,-0.15873323330355066,-0.21156908970689092,-0.2643405001159899,-0.3170313898480289,-0.36962570874756895,-0.4221074360755799,-0.47446058538951624,-0.5266692094129387,-0.5787174048932154,-0.6305893174457996,-0.6822691463836348,-0.7337411495301924,-0.7849896480146923,-0.8359990310480406,-0.8867537606780282,-0.9372383765223365,-0.9874375004779239,-1.0373358414053444,-1.086918199786575,-1.1361694723549367,-1.1850746566956984,-1.2336188558159549,-1.281787282682396,-1.3295652647255798,-1.3769382483093395,-1.423891803163964,-1.470411626781796,-1.5164835487739117,-1.562093535186566,-1.607227692776062,-1.6518722732407751,-1.6960136774090115,-1.7396384593814562,-1.782733330626918,-1.8252851640301453,-1.8672809978904734
0.18899515603748115,0.1417967635919809,0.09455517847867444,0.0472847909420262,1.6590023869658948e-16,-0.047284790942026464,-0.09455517847867351,-0.14179676359197996,-0.18899515603748085,-0.23613597872761485,-0.2832048721111273,-0.33018749854712803,-0.3770695466724732,-0.4238367357611479,-0.4704748200743098,-0.5169695931996858,-0.5633068923789757,-0.6094726028219711,-0.6554526620060539,-0.7012330639597766,-0.746799863529219,-0.7921391806258187,-0.837237204454375,-0.8820801977199553,-0.9266545008124081,-0.9709465359672091,-1.0149428114013845,-1.058629925423235,-1.101994570514623,-1.1450235373845716,-1.187703718992941,-1.2300221145429602,-1.2719658334413975,-1.31352209922516,-1.3546782534531234,-1.3954217595620229,-1.435740206685205,-1.4756213134331033,-1.515052931634265,-1.5540230500358034,-1.5925197979621424,-1.6305314489309366,-1.6680464242250723
0.16826537097107772,0.12624389708470152,0.0841839680843212,0.042098395831753475,1.4770360147715043e-16,-0.04209839583175371,-0.08418396808432035,-0.12624389708470068,-0.16826537097107744,-0.2102355895954326,-0.25214176842259856,-0.29397114242455136,-0.3357109699687593,-0.37734853669941015,-0.4188711594103238,-0.4602661899083856,-0.5015210188663021,-0.5426230796635292,-0.5835598522141836,-0.6243188667807819,-0.6648877077726453,-0.7052540175278101,-0.7454055000772866,-0.7853299248905341,-0.825015130600999,-0.8644490287105812,-0.9036196072719126,-0.9425149345473085,-0.9811231626432949,-1.0194325311195866,-1.0574313705714349,-1.0951081061842387,-1.1324512612593483,-1.169449460709977,-1.206091434526162,-1.2423660212077208,-1.2782621711641489,-1.3137689500804377,-1.3488755422477654,-1.383571253858074,-1.4178455162615022,-1.4516878891856995,-1.4850880639160333
0.14901718116655557,0.11180262209909221,0.07455400686988113,0.03728268176795614,1.3080751085769455e-16,-0.03728268176795635,-0.0745540068698804,-0.11180262209909145,-0.14901718116655532,-0.18618634815707352,-0.2232988009823149,-0.2603432348296335,-0.29730836560562146,-0.3341829333733556,-0.3709557057822806,-0.4076154814896961,-0.44415109357278953,-0.4805514129301928,-0.516805351672012,-0.5529018664973058,-0.588829962057983,-0.6245786943080943,-0.6601371738374894,-0.6954945691888409,-0.7306401101570111,-0.7655630910697573,-0.8002528740487875,-0.8346988922501586,-0.8688906530830407,-0.902817741405861,-0.9364698226988577,-0.9698366462120724,-1.0029080480878327,-1.0356739544567575,-1.0681243845063553,-1.10024945352128,-1.1320393758943057,-1.1634844681071228,-1.194575151680027,-1.22530195608962,-1.2556555216536218,-1.28562660238192,-1.3152060687929874
0.13087874108518316,0.09819395532651307,0.06547925873782436,0.032744616532611855,1.148855602523219e-16,-0.03274461653261203,-0.0654792587378237,-0.09819395532651243,-0.13087874108518294,-0.1635236599114676,-0.19611876784685356,-0.22865413610570864,-0.26111985409968363,-0.29350603245657536,-0.32580280603272316,-0.3580003369180313,-0.3900888174326865,-0.422058473114677,-0.4538995656971849,-0.48560239607495725,-0.5171573072587486,-0.5485546873169341,-0.5797849723033943,-0.6108386491707873,-0.6417062586683168,-0.6723783982231075,-0.7028457248043235,-0.7330989577691445,-0.7631288816897402,-0.792926349160378,-0.8224822835838116,-0.8517876819361,-0.8808336175090182,-0.909611242629217,-0.9381117913533081,-0.966326582138061,-0.9942470204848781,-1.0218646015577688,-1.0491709127739999,-1.0761576363666532,-1.1028165519182966,-1.1291395388650023,-1.155118578969948
0.11452275821357435,0.0859226067629549,0.05729628245396445,0.02865250514229661,1.005282533275926e-16,-0.02865250514229677,-0.057296282453963884,-0.08592260676295432,-0.11452275821357419,-0.1430880249226349,-0.17160970563317904,-0.20007911236496714,-0.22848757306091896,-0.256826434228708,-0.2850870635766966,-0.31326085264341985,-0.34133921941980144,-0.3693136109633208,-0.39717550600332,-0.42491641753666465,-0.4525278954129694,-0.48000152890859565,-0.507328949288637,-0.5345018323561189,-0.5615119009876304,-0.5883509276546126,-0.615010736929548,-0.6414832079762712,-0.6677602770236581,-0.6938339398219244,-0.7196962540808011,-0.7453393418888299,-0.770755392113055,-0.7959366627783678,-0.8208754834257864,-0.8455642574489546,-0.8699954644081384,-0.8941616623210288,-0.9180554899296369,-0.9416696689426095,-0.9649970062522637,-0.9880303961256776,-1.0107628223691654
0.0996069888731592,0.07473180238839242,0.049833851872674875,0.024920721482925238,8.74351680559923e-17,-0.024920721482925377,-0.049833851872674376,-0.07473180238839192,-0.09960698887315905,-0.1244518341042005,-0.14925877010098154,-0.17402024043048797,-0.19872870250898733,-0.22337662989957463,-0.2479565146047958,-0.2724608693536601,-0.29688222988233115,-0.3212131572078176,-0.34544623989395723,-0.369574096309012,-0.393589376874186,-0.4174847663023785,-0.4412529858264896,-0.46488679541660405,-0.48837899598537554,-0.5117224315809361,-0.5349099915666707,-0.5579346127871841,-0.5807892817198091,-0.6034670366109901,-0.6259609695969032,-0.6482642288076566,-0.6703700204544382,-0.6922716108989699,-0.7139623287046357,-0.7354355666686699,-0.7566847838347723,-0.7777035074855491,-0.7984853351141621,-0.8190239363745981,-0.8393130550099521,-0.8593465107581417,-0.8791182012344775
