hough_viz/data/file_5_2_0.json
{"header": {"discipline": 0, "disciplineName": "Meteorological products", "gribEdition": 2, "gribLength": 133963, "center": 7, "centerName": "US National Weather Service - NCEP(WMC)", "subcenter": 0, "refTime": "2014-11-30T06:00:00.000Z", "significanceOfRT": 1, "significanceOfRTName": "Start of forecast", "productStatus": 0, "productStatusName": "Operational products", "productType": 1, "productTypeName": "Forecast products", "productDefinitionTemplate": 0, "productDefinitionTemplateName": "Analysis/forecast at horizontal level/layer at a point in time", "parameterCategory": 2, "parameterCategoryName": "Momentum", "parameterNumber": 2, "parameterNumberName": "U-component_of_wind", "parameterUnit": "m.s-1", "genProcessType": 2, "genProcessTypeName": "Forecast", "forecastTime": 6, "surface1Type": 100, "surface1TypeName": "Isobaric surface", "surface1Value": 85000, "surface2Type": 255, "surface2TypeName": "Missing", "surface2Value": 0, "gridDefinitionTemplate": 0, "gridDefinitionTemplateName": "Latitude_Longitude", "numberPoints": 65160, "shape": 6, "shapeName": "Earth spherical with radius of 6,371,229.0 m", "gridUnits": "degrees", "resolution": 48, "winds": "true", "scanMode": 0, "nx": 360, "ny": 181, "basicAngle": 0, "subDivisions": 0, "lo1": 0, "la1": 90, "lo2": 359, "la2": -90, "dx": 1, "dy": 1}, "data":
[rows 133 to 151 of 181, columns 129 to 171 of 360]
7.583595426243923,10.021451062770234,12.383037405591267,14.650381356673336,16.806227059489036,18.834167226504587,20.718768008545425,22.445686455707012,24.001779675864604,25.375204860018123,26.555509413219255,27.533710505130784,28.302363434789353,28.855618289274872,29.189264465080313,29.300762713346725,29.18926446508031,28.855618289274872,28.302363434789363,27.533710505130816,26.555509413219244,25.375204860018133,24.001779675864654,22.445686455706998,20.71876800854544,18.834167226504615,16.806227059489018,14.650381356673401,12.383037405591292,10.02145106277026,7.583595426244003,5.08802404942381,2.553729737354635,6.819599861676157e-14,-2.5537297373546024,-5.088024049423778,-7.583595426243969,-10.021451062770229,-12.383037405591264,-14.650381356673376,-16.80622705948899,-18.834167226504587,-20.71876800854542
7.464177407565213,9.863644407359766,12.188043117382977,14.419683459941263,16.54158130452651,18.53758772730435,20.392511914175977,22.092236772045336,23.62382636842211,24.975624381678895,26.137342812696748,27.10014028275087,27.856689321741193,28.401232134664163,28.7296244219095,28.83936691988258,28.72962442190949,28.401232134664163,27.856689321741204,27.100140282750896,26.137342812696744,24.97562438167891,23.62382636842216,22.092236772045315,20.392511914175994,18.53758772730437,16.541581304526492,14.419683459941332,12.188043117383005,9.863644407359791,7.46417740756529,5.007903510705574,2.513516444274622,6.712212394664837e-14,-2.51351644427459,-5.0079035107055425,-7.464177407565259,-9.863644407359761,-12.188043117382975,-14.419683459941302,-16.54158130452646,-18.537587727304345,-20.392511914175973
7.303936452506079,9.651891696525608,11.926390216763027,14.110121706099573,16.186466649328317,18.139622807699805,19.954725483501058,21.61796064938015,23.116670081435903,24.43944769594496,25.576226356545856,26.518354491225715,27.25866193600715,27.791514504225464,28.112856866091356,28.220243412199196,28.112856866091352,27.791514504225454,27.258661936007158,26.51835449122574,25.57622635654585,24.43944769594497,23.116670081435945,21.617960649380134,19.954725483501075,18.139622807699826,16.1864666493283,14.110121706099642,11.926390216763053,9.651891696525633,7.3039364525061545,4.900393841845597,2.459556275109941,6.568114623945892e-14,-2.45955627510991,-4.900393841845566,-7.3039364525061234,-9.651891696525603,-11.926390216763025,-14.110121706099614,-16.18646664932827,-18.1396228076998,-19.95472548350105
7.1236097822489555,9.413596428948402,11.631939922738619,13.761757330159437,15.786839454721518,17.6917741986788,19.462063858398878,21.084235460641043,22.54594330001826,23.83606289726962,24.944775663264444,25.863643624394445,26.585673640647848,27.105370627627252,27.41877937746015,27.523514660318924,27.41877937746015,27.105370627627245,26.585673640647858,25.863643624394474,24.944775663264434,23.836062897269628,22.5459433000183,21.084235460641032,19.462063858398892,17.691774198678818,15.786839454721498,13.761757330159503,11.631939922738646,9.413596428948427,7.12360978224903,4.779408163753433,2.398832363246167,6.405954636971076e-14,-2.398832363246137,-4.779408163753403,-7.123609782249001,-9.4135964289484,-11.631939922738615,-13.761757330159481,-15.786839454721475,-17.691774198678797,-19.462063858398874
6.9214156373302105,9.146404073002078,11.301782850928625,13.371148237156536,15.338751111579683,17.18961682825248,18.90965918148792,20.48578761038781,21.90600682591587,23.159508102290193,24.236751537912735,25.12953865978104,25.83107481881814,26.336020901254603,26.640533962508314,26.74229647431312,26.640533962508314,26.336020901254603,25.831074818818152,25.129538659781065,24.236751537912724,23.159508102290214,21.90600682591591,20.4857876103878,18.90965918148794,17.189616828252497,15.338751111579663,13.371148237156602,11.30178285092865,9.146404073002104,6.921415637330284,4.643751049393259,2.3307447119968527,6.224130174401803e-14,-2.330744711996823,-4.643751049393232,-6.921415637330255,-9.146404073002078,-11.301782850928623,-13.371148237156579,-15.338751111579636,-17.189616828252475,-18.909659181487918
6.68716337748741,8.836848060792619,10.919278994520452,12.91860762185906,14.819617844726805,16.607841827466192,18.26967010580956,19.79245516311926,21.164607685626418,22.375684764106477,23.416469370723807,24.279040506179133,24.95683348329698,25.44468988825886,25.738896839247268,25.837215243718166,25.738896839247268,25.44468988825886,24.95683348329699,24.279040506179157,23.416469370723796,22.375684764106495,21.164607685626457,19.792455163119243,18.269670105809578,16.607841827466213,14.819617844726789,12.918607621859122,10.919278994520475,8.836848060792645,6.687163377487481,4.486585343059902,2.2518616850973845,6.013477233543048e-14,-2.251861685097356,-4.4865853430598746,-6.687163377487452,-8.836848060792619,-10.91927899452045,-12.918607621859097,-14.819617844726766,-16.607841827466192,-18.269670105809556
6.438321855599849,8.50801285877861,10.512952746823437,12.437882716570515,14.268152888645611,15.989833801891772,17.589822424979978,19.05594187838889,20.377034107810932,21.543044803682985,22.545099920552882,23.375573213923833,24.02814428057984,24.497846660670422,24.781105635469057,24.875765433141083,24.781105635469057,24.497846660670422,24.02814428057984,23.375573213923854,22.54509992055287,21.543044803682996,20.377034107810974,19.05594187838887,17.589822424979996,15.989833801891791,14.268152888645593,12.437882716570575,10.512952746823462,8.508012858778633,6.438321855599917,4.319631335534975,2.1680658127419425,5.789704799379295e-14,-2.168065812741915,-4.3196313355349485,-6.43832185559989,-8.508012858778606,-10.512952746823437,-12.437882716570554,-14.26815288864557,-15.989833801891768,-17.589822424979975
6.174038049066022,8.158771227995418,10.081411231479006,11.927325608168506,13.682465835063766,15.33347423525537,16.86778563791186,18.273723006816375,19.54058630966336,20.658733951765246,21.61965615440956,22.416039719413504,23.041823686977892,23.49224546325082,23.76387706654278,23.854651216337054,23.76387706654278,23.49224546325082,23.0418236869779,22.41603971941353,21.619656154409554,20.65873395176526,19.5405863096634,18.273723006816358,16.867785637911872,15.33347423525539,13.682465835063748,11.92732560816856,10.081411231479027,8.158771227995441,6.174038049066088,4.142316712597161,2.079069844746194,5.552045785523649e-14,-2.0790698447461673,-4.142316712597135,-6.174038049066062,-8.158771227995416,-10.081411231479006,-11.927325608168537,-13.682465835063729,-15.333474235255366,-16.867785637911858
5.888381633924312,7.781286456695201,9.614970991061417,11.375479790507441,13.049414320045239,14.62403492715563,16.087357798236713,17.428246162660958,18.636495050324577,19.702908957631895,20.619371830829902,21.37890883407817,21.97573943216103,22.40532138385087,22.664385311106667,22.750959581014925,22.664385311106667,22.40532138385087,21.975739432161042,21.378908834078192,20.6193718308299,19.7029089576319,18.636495050324612,17.428246162660948,16.087357798236727,14.624034927155648,13.049414320045225,11.375479790507493,9.614970991061439,7.781286456695224,5.888381633924373,3.9506626714172386,1.9828767805053158,5.2951673077443844e-14,-1.9828767805052905,-3.9506626714172137,-5.888381633924348,-7.7812864566952005,-9.614970991061417,-11.375479790507473,-13.049414320045203,-14.624034927155629,-16.08735779823671
5.594274540763461,7.392634415590095,9.13473187871938,10.8073085165497,12.39763501093781,13.893608016995927,15.283842276854877,16.557757268350645,17.705657729187052,18.718807443735955,19.589495730913036,20.311096127116937,20.87811681761835,21.28624243258606,21.5323668896572,21.61461703309944,21.532366889657197,21.286242432586057,20.878116817618356,20.311096127116958,19.58949573091303,18.718807443735958,17.705657729187084,16.55775726835063,15.283842276854891,13.893608016995945,12.397635010937798,10.807308516549753,9.134731878719402,7.392634415590115,5.594274540763521,3.753338858766319,1.8838380017259753,5.0306895001734825e-14,-1.8838380017259513,-3.753338858766295,-5.594274540763497,-7.392634415590093,-9.134731878719379,-10.807308516549734,-12.397635010937778,-13.893608016995925,-15.283842276854875
5.291505613683683,6.9925360696844985,8.640349103986294,10.222403864421322,11.72665995899192,13.141669090523653,14.456662185119804,15.661631351315874,16.74740604617684,17.705722868666196,18.52928844911721,19.211834956180166,19.7481677988035,20.134205160208186,20.367009062978223,20.444807728842683,20.36700906297822,20.134205160208182,19.7481677988035,19.21183495618018,18.529288449117203,17.705722868666207,16.747406046176877,15.661631351315862,14.456662185119816,13.141669090523669,11.726659958991906,10.22240386442137,8.640349103986313,6.992536069684516,5.291505613683739,3.5502036048643113,1.7818824029403553,4.7584224794292415e-14,-1.7818824029403333,-3.5502036048642904,-5.291505613683716,-6.992536069684496,-8.640349103986292,-10.222403864421352,-11.726659958991887,-13.14166909052365,-14.4566621851198
4.9789011650513935,6.579440432602973,8.129906185687691,9.618498443727756,11.033888120802928,12.365303246834928,13.60261094878433,14.736394567932399,15.758025326340162,16.659727997058678,17.434640078300756,18.076864021223454,18.581512113835725,18.94474367943793,19.163794306490626,19.23699688745554,19.163794306490626,18.94474367943793,18.581512113835732,18.076864021223464,17.43464007830075,16.65972799705869,15.758025326340192,14.736394567932388,13.602610948784339,12.365303246834943,11.033888120802914,9.6184984437278,8.129906185687709,6.579440432602991,4.978901165051446,3.3404694532910724,1.6766147519605852,4.4773107989096494e-14,-1.6766147519605634,-3.3404694532910515,-4.9789011650514245,-6.57944043260297,-8.12990618568769,-9.618498443727782,-11.033888120802896,-12.365303246834923,-13.602610948784324
4.6640043080212665,6.163315459529275,7.615720058878642,9.010164430082442,10.336036009487312,11.583244113790748,12.742296736234268,13.804372786505885,14.761389224563992,15.606062577452697,16.33196437092874,16.9335700540323,17.40630104425554,17.746559573320056,17.951756068365963,18.020328860164916,17.95175606836596,17.746559573320056,17.40630104425555,16.933570054032316,16.331964370928738,15.606062577452702,14.76138922456402,13.804372786505878,12.742296736234278,11.583244113790764,10.3360360094873,9.010164430082485,7.615720058878658,6.163315459529293,4.664004308021315,3.129197267526436,1.570575146364742,4.1941376545178295e-14,-1.5705751463647215,-3.129197267526417,-4.664004308021296,-6.163315459529272,-7.61572005887864,-9.010164430082467,-10.336036009487282,-11.583244113790746,-12.742296736234263
4.34691673761825,5.7442955368142785,7.0979567784746695,8.397598283187389,9.633328994356596,10.795744255115617,11.87599738344465,12.865867000762366,13.75781960158136,14.54506688803376,15.221617432916693,15.78232227807122,16.222914121062907,16.540039791929924,16.731285772831274,16.79519656637481,16.731285772831274,16.540039791929924,16.222914121062914,15.782322278071234,15.221617432916686,14.545066888033768,13.75781960158139,12.865867000762355,11.87599738344466,10.795744255115633,9.633328994356583,8.397598283187428,7.0979567784746855,5.744295536814294,4.3469167376182964,2.9164552773088768,1.4637978313353224,3.9089944961979174e-14,-1.4637978313353033,-2.9164552773088586,-4.346916737618278,-5.744295536814276,-7.0979567784746695,-8.397598283187413,-9.63332899435657,-10.795744255115615,-11.875997383444647
4.031249327083135,5.327152304747653,6.582512436750533,7.787775674480064,8.9337692369393,10.011771421148035,11.013577979569007,11.931564559385233,12.75874472842886,13.488823146148476,14.116243474951785,14.636230667289846,15.044827306652147,15.338923725895716,15.516281673689843,15.575551348960154,15.516281673689843,15.338923725895711,15.044827306652152,14.63623066728986,14.116243474951778,13.488823146148484,12.758744728428885,11.931564559385222,11.013577979569016,10.011771421148048,8.93376923693929,7.787775674480098,6.582512436750547,5.327152304747667,4.031249327083176,2.7046661079046346,1.3574987465229185,3.625128426316185e-14,-1.357498746522901,-2.704666107904618,-4.0312493270831595,-5.327152304747651,-6.58251243675053,-7.787775674480085,-8.933769236939279,-10.011771421148033,-11.013577979569005
3.7188748157223825,4.9143605215750865,6.072444976486591,7.184314458484505,8.241506969445698,9.2359766360114,10.16015494354193,11.007008337082793,11.770091750965095,12.443597659646871,13.022400276489023,13.502094564086814,13.879029759264315,14.150337157586513,14.313951945932295,14.368628916969037,14.313951945932292,14.15033715758651,13.879029759264323,13.502094564086827,13.022400276489018,12.443597659646878,11.770091750965117,11.007008337082784,10.160154943541936,9.235976636011413,8.24150696944569,7.184314458484538,6.0724449764866035,4.9143605215751,3.718874815722421,2.4950862270040375,1.2523085255239224,3.344223518454817e-14,-1.2523085255239061,-2.4950862270040215,-3.7188748157224047,-4.914360521575086,-6.072444976486588,-7.184314458484527,-8.241506969445675,-9.235976636011399,-10.160154943541928
3.4098983211432174,4.506059096467945,5.567926041235679,6.587417706823945,7.556775146071737,8.468620963552297,9.316015462007117,10.092509457632108,10.79219336226068,11.409742158897958,11.940455928315327,12.380295618273793,12.725913783150338,12.974680060020264,13.124701187307421,13.174835413647912,13.12470118730742,12.974680060020264,12.725913783150343,12.380295618273808,11.940455928315322,11.409742158897963,10.792193362260702,10.0925094576321,9.316015462007124,8.468620963552308,7.556775146071729,6.587417706823975,5.567926041235691,4.506059096467958,3.409898321143253,2.287786160641703,1.1482625660546402,3.0663743003383803e-14,-1.1482625660546255,-2.287786160641689,-3.4098983211432388,-4.5060590964679434,-5.567926041235678,-6.587417706823963,-7.556775146071716,-8.468620963552295,-9.316015462007115
3.1122533360781,4.112731857308193,5.081910005768778,6.012411750544303,6.897155411504732,7.7294075551672705,8.502834240191138,9.211549222495439,9.85015875313105,10.413802627966888,10.898191176777935,11.299637910225947,11.61508757626924,11.842139412475486,11.979065417273514,12.024823501088626,11.979065417273514,11.842139412475484,11.615087576269245,11.299637910225957,10.898191176777932,10.413802627966893,9.85015875313107,9.211549222495435,8.502834240191142,7.729407555167281,6.897155411504723,6.012411750544331,5.081910005768789,4.112731857308204,3.1122533360781333,2.0880886877305214,1.0480324236468803,2.7987150193653675e-14,-1.048032423646867,-2.088088687730509,-3.11225333607812,-4.112731857308192,-5.081910005768776,-6.012411750544321,-6.897155411504713,-7.7294075551672705,-8.502834240191133
2.822419611464425,3.729726920427618,4.608648755455668,5.452495990676499,6.254846439101202,7.009593729344773,7.710993778799647,8.353708509572494,8.932846474480375,9.444000083917313,9.883279150272465,10.247340494606926,10.533413390264075,10.73932064977241,10.863495194556874,10.904991981353016,10.863495194556874,10.73932064977241,10.53341339026408,10.247340494606934,9.883279150272461,9.444000083917317,8.932846474480392,8.353708509572487,7.710993778799652,7.009593729344782,6.254846439101194,5.452495990676523,4.608648755455678,3.7297269204276287,2.8224196114644546,1.893631985034443,0.9504326757920836,2.5380800675792505e-14,-0.9504326757920715,-1.8936319850344314,-2.8224196114644426,-3.729726920427617,-4.608648755455667,-5.452495990676514,-6.254846439101184,-7.009593729344771,-7.710993778799644
