hough_viz/data/file_1_1_2.json
{"header": {"discipline": 0, "disciplineName": "Meteorological products", "gribEdition": 2, "gribLength": 133963, "center": 7, "centerName": "US National Weather Service - NCEP(WMC)", "subcenter": 0, "refTime": "2014-11-30T06:00:00.000Z", "significanceOfRT": 1, "significanceOfRTName": "Start of forecast", "productStatus": 0, "productStatusName": "Operational products", "productType": 1, "productTypeName": "Forecast products", "productDefinitionTemplate": 0, "productDefinitionTemplateName": "Analysis/forecast at horizontal level/layer at a point in time", "parameterCategory": 2, "parameterCategoryName": "Momentum", "parameterNumber": 3, "parameterNumberName": "V-component_of_wind", "parameterUnit": "m.s-1", "genProcessType": 2, "genProcessTypeName": "Forecast", "forecastTime": 6, "surface1Type": 100, "surface1TypeName": "Isobaric surface", "surface1Value": 85000, "surface2Type": 255, "surface2TypeName": "Missing", "surface2Value": 0, "gridDefinitionTemplate": 0, "gridDefinitionTemplateName": "Latitude_Longitude", "numberPoints": 65160, "shape": 6, "shapeName": "Earth spherical with radius of 6,371,229.0 m", "gridUnits": "degrees", "resolution": 48, "winds": "true", "scanMode": 0, "nx": 360, "ny": 181, "basicAngle": 0, "subDivisions": 0, "lo1": 0, "la1": 90, "lo2": 359, "la2": -90, "dx": 1, "dy": 1}, "data":
[rows 57 to 75 of 181, columns 301 to 343 of 360]
-12.886816830369375,-12.749716968390656,-12.608733419114085,-12.463909127494508,-12.31528820841409,-12.162915933244522,-12.006838716056876,-11.847104099483447,-11.683760740235854,-11.516858394283652,-11.346447901698241,-11.172581171166463,-10.995311164178721,-10.814691878896399,-10.630778333703487,-10.443626550447473,-10.253293537374502,-10.059837271764172,-9.863316682269032,-9.663791630964377,-9.461322895113678,-9.255972148655236,-9.047801943415687,-8.836875690056157,-8.623257638756701,-8.407012859645109,-8.188207222975892,-7.966907379065635,-7.743180737990531,-7.517095449052766,-7.288720380021472,-7.058125096155013,-6.825379839010674,-6.59055550504842,-6.353723624035208,-6.114956337256189,-5.874326375539953,-5.631907037103824,-5.387772165226698,-5.141996125755512,-4.894653784452809,-4.645820484191762,-4.3955720220061565
-13.47923740149981,-13.335834914163373,-13.18837020232495,-13.03688818516429,-12.881435005571252,-12.722058016090253,-12.558805764496217,-12.39172797900642,-12.220875553132863,-12.046300530179542,-11.868056087389595,-11.68619651974699,-11.50077722343774,-11.311854678975699,-11.11948643399804,-10.923731085735707,-10.724648263164088,-10.522298608839524,-10.316743760426911,-10.10804633192433,-9.8962698945902,-9.681478957578863,-9.463738948290437,-9.24311619244108,-9.019677893859425,-8.793492114015725,-8.56462775128961,-8.333154519983061,-8.099142929084625,-7.8626642607918384,-7.623790548797867,-7.382594556349426,-7.13914975408232,-6.893530297641612,-6.64581100509314,-6.396067334133076,-6.144375359102963,-5.890811747816541,-5.635453738206174,-5.378379114795269,-5.119666185004495,-4.859393755298423,-4.597641107180483
-14.071156447942306,-13.921456670853246,-13.767516283202065,-13.609382176722097,-13.447102520594047,-13.28072674677322,-13.11030553493204,-12.93589079702253,-12.75753566146347,-12.5752944569569,-12.389222695939132,-12.199377057671084,-12.00581537097325,-11.808596596610474,-11.607780809331915,-11.403429179571749,-11.195603954815972,-10.98436844064132,-10.769786981431682,-10.551924940778232,-10.330848681569028,-10.106625545774238,-9.879323833933116,-9.649012784349027,-9.415762551998744,-9.17964418716258,-8.940729613781784,-8.699091607549864,-8.454803773744267,-8.207940524805675,-7.958577057671109,-7.706789330868323,-7.452654041378008,-7.196248601271196,-6.937651114128839,-6.676940351250556,-6.414195727660334,-6.1494972779157315,-5.882925631728773,-5.614561989405194,-5.344488097110187,-5.072786221967554,-4.799539127000527
-14.661152210158429,-14.505175604692543,-14.344780582222674,-14.18001600062645,-14.010932048791531,-13.837580231327603,-13.660013352877568,-13.478285502032715,-13.292452034856872,-13.102569558024339,-12.908695911576986,-12.710890151305625,-12.509212530761017,-12.303724482900073,-12.094488601372776,-11.881568621455566,-11.665029400636914,-11.444936898861158,-11.221358158436418,-10.994361283612882,-10.764015419837587,-10.530390732692052,-10.293558386519138,-10.053590522745765,-9.810560237907845,-9.564541561384429,-9.315609432847607,-9.06383967943523,-8.809308992653087,-8.552094905014098,-8.292275766421026,-8.02993072030044,-7.765139679494761,-7.497983301920099,-7.228542965997104,-6.95690074586217,-6.683139386367063,-6.407342277873816,-6.129593430853427,-5.849977450295279,-5.568579509935795,-5.285485326313514,-5.000781132659194
-15.249245556247645,-15.087012361769844,-14.920183517175477,-14.748809840146714,-14.572943532765708,-14.39263816561335,-14.207948661451136,-14.018931278491138,-13.825643593259288,-13.628144483056914,-13.426494108026203,-13.220753892824819,-13.010986507915362,-12.797255850475333,-12.57962702493344,-12.358166323138178,-12.132941204164633,-11.904020273765871,-11.671473263474885,-11.435371009363744,-11.195785430466225,-10.952789506870579,-10.706457257489069,-10.456863717511164,-10.20408491554699,-9.948197850468354,-9.689280467954088,-9.427411636747149,-9.162671124630243,-8.895139574127995,-8.624898477942304,-8.352030154128977,-8.076617721022773,-7.798745071918774,-7.51849684951776,-7.235958420143041,-6.951215847737268,-6.664355867646307,-6.3754658601990135,-6.084633824090162,-5.79194834957535,-5.497498591485364,-5.2013742420689475
-15.832353246959096,-15.66391650470316,-15.490708381740122,-15.312781638942147,-15.130190474518693,-14.942990507507265,-14.75123876083125,-14.554993643930215,-14.35431493496786,-14.149263762622947,-13.939902587468941,-13.726295182947926,-13.50850661594457,-13.28660322696616,-13.060652609934593,-12.830723591596664,-12.596886210558711,-12.359211695952263,-12.11777244573685,-11.87264200464697,-11.62389504178961,-11.371607327899321,-11.115855712257707,-10.856718099284437,-10.594273424806739,-10.328601632014815,-10.05978364711035,-9.787901354655695,-9.513037572630854,-9.235276027206535,-8.95470132724019,-8.671398938503444,-8.3854551576483,-8.096957085920394,-7.80599260262716,-7.512650338368791,-7.217019648040703,-6.919190583614955,-6.61925386670975,-6.3173008609545755,-6.013423544160118,-5.707714480300736,-5.400266791318784
-16.41010844975336,-16.235525103599564,-16.05599625922214,-15.871576602846236,-15.682322310485679,-15.48829103083129,-15.289541867690467,-15.086135361983612,-14.878133473302837,-14.665599561038377,-14.448598365078771,-14.227195986090454,-14.001459865382824,-13.771458764365011,-13.537262743600445,-13.298943141465783,-13.056572552420462,-12.81022480489383,-12.55997493879619,-12.305899182660987,-12.04807493042482,-11.786580717852527,-11.521496198614386,-11.252902120022922,-10.980880298436391,-10.705513594336779,-10.42688588708968,-10.145082049393888,-9.860187921428208,-9.57229028470389,-9.281476835629977,-8.98783615880026,-8.69145770000945,-8.39243173900716,-8.090849361997888,-7.786802433895106,-7.480383570338537,-7.171686109482307,-6.860804083563466,-6.547832190258653,-6.232865763838443,-5.91600074612741,-5.5973336572795205
-16.983202075325423,-16.802521718715038,-16.61672315121945,-16.425862968882196,-16.2299993095637,-16.02919183523199,-15.823501713788996,-15.612991600438267,-15.397725618599615,-15.177769340376416,-14.953189766581788,-14.724055306329458,-14.490435756195689,-14.25240227895858,-14.010027381921171,-13.763384894825059,-13.51254994736106,-13.257598946284103,-12.998609552138863,-12.735660655603683,-12.46883235345969,-12.198205924192543,-11.923863803234198,-11.645889557852339,-11.364367861694893,-11.079384468997674,-10.791026188462775,-10.49938085681588,-10.204537312050185,-9.90658536636568,-9.605615778811318,-9.301720227639056,-8.994991282377669,-8.685522375635216,-8.373407774638629,-8.058742552518838,-7.741622559350788,-7.422144392956342,-7.100405369479897,-6.776503493744715,-6.450537429399911,-6.122606468866318,-5.792810503091289
-17.5466595331966,-17.359984683087795,-17.168021813474574,-16.970829398106606,-16.768467503703853,-16.56099777165969,-16.34848339926429,-16.130989120454142,-15.908581186093517,-15.681327343793729,-15.449296817276588,-15.212560285288205,-14.971189860069545,-14.725259065390333,-14.474842814153003,-14.220017385573543,-13.960860401946027,-13.697450804998192,-13.429868831844976,-13.158195990547519,-12.882515035285028,-12.602909941147072,-12.319465878553896,-12.032269187312778,-11.741407350318,-11.446968966902745,-11.149043725850879,-10.847722378076938,-10.543096708982358,-10.235259510496965,-9.924304552813473,-9.610326555824313,-9.293421160268927,-8.973684898600713,-8.65121516558238,-8.32611018861838,-7.998468997834114,-7.668391395910165,-7.3359779276816655,-7.001329849511161,-6.664549098445128,-6.325738261162733,-5.985000542727189
-18.101030648296046,-17.9084579721868,-17.710430206296095,-17.507007671799762,-17.2982523331724,-17.084227779312428,-16.864999204172246,-16.64063338689955,-16.411198671495775,-16.17676494599782,-15.937403621189464,-15.693187608849007,-15.444191299539563,-15.190490539949042,-14.932162609786456,-14.669286198241835,-14.401941380016648,-14.130209590932383,-13.854173603124305,-13.573917499828326,-13.289526649768405,-13.001087681152425,-12.708688455284392,-12.412418039801066,-12.112366681541019,-11.808625779054648,-11.50128785476323,-11.190446526775812,-10.876196480372013,-10.558633439160225,-10.237854135919077,-9.913956283131823,-9.587038543222077,-9.25720049850032,-8.924542620830238,-8.589166241023834,-8.251173517975325,-7.910667407542293,-7.5677516311845885,-7.222530644369548,-6.875109604754044,-6.525594340152213,-6.17409131629952
-18.647856382563734,-18.449466154014555,-18.245456039350863,-18.035888182029886,-17.820826418451084,-17.60033625851101,-17.374484865648306,-17.143341036385095,-16.906975179370946,-16.665459293935612,-16.418866948157415,-16.16727325645368,-15.91075485670013,-15.649389886886281,-15.383257961313838,-15.112440146345424,-14.837018935710923,-14.55707822537919,-14.272703288002424,-13.983980746941349,-13.690998549878895,-13.393845942030463,-13.092613438958974,-12.787392799003003,-12.4782769953262,-12.165360187596836,-11.84873769330582,-11.528505958732163,-11.204762529564295,-10.877606021186967,-10.547136088641832,-10.213453396271714,-9.876659587057143,-9.536857251654988,-9.194149897148405,-8.848641915517385,-8.500438551840217,-8.149645872234522,-7.796370731548774,-7.4407207408130365,-7.082804234459804,-6.722730237324053,-6.360608431433461
-19.180381229883164,-18.976325592720766,-18.766489582955025,-18.550937118667253,-18.329733859226163,-18.102947185287437,-17.870646178268892,-17.632901599307598,-17.389785867705406,-17.14137303886929,-16.88773878175331,-16.628960355809216,-16.365116587452377,-16.09628784605056,-15.822556019442583,-15.54400448899456,-15.260718104201015,-14.972783156839053,-14.68028735468291,-14.383319794787393,-14.081970936348036,-13.77633257314635,-13.46649780558854,-13.152561012346268,-12.834617821607921,-12.512765081949373,-12.187100832832972,-11.857724274743827,-11.524735738972202,-11.188236657051887,-10.848329529862932,-10.505117896409072,-10.1587063022786,-9.80920026779884,-9.45670625589369,-9.101331639653784,-8.7431846696299,-8.382374440858477,-8.019010859630505,-7.653204610012764,-7.285067120132594,-6.914710528235566,-6.542247648527331
-19.699888962942545,-19.490306403233106,-19.2747869073864,-19.053396124728657,-18.826201493036912,-18.593272217996898,-18.354679252122207,-18.110495273141535,-17.860794661860368,-17.6056534795038,-17.34514944454758,-17.07936190904431,-16.808371834452057,-16.53226176697267,-16.251115812407438,-15.965019610537665,-15.67406030903789,-15.378326536929963,-15.077908377585699,-14.772897341286638,-14.463386337349153,-14.149469645823345,-13.831242888774407,-13.50880300115531,-13.182248201279346,-12.851677960901972,-12.517192974920684,-12.1788951307025,-11.836887477047867,-11.491274192801233,-11.142160555116986,-10.789652907391135,-10.433858626867975,-10.074886091931997,-9.712844649094837,-9.34784457968709,-8.979997066265803,-8.609414158746908,-8.236208740274012,-7.860494492832863,-7.482385862622916,-7.101998025195674,-6.71944685037136
-20.208938330732742,-19.993940112604076,-19.772851546631465,-19.545739978533845,-19.312674588694907,-19.073726371090192,-18.828968111661503,-18.578474366145677,-18.32232143736421,-18.06058735198062,-17.793351836732768,-17.520696294147385,-17.242703777744,-16.9594589667361,-16.671048140236945,-16.37755915097822,-16.079081398549114,-15.775705802164468,-15.46752477296979,-15.154632185891986,-14.83712335104414,-14.51509498469313,-14.188645179798877,-13.857873376134386,-13.522880329995287,-13.183768083508593,-12.84063993354961,-12.493600400276833,-12.142755195293873,-11.788211189448933,-11.430076380280704,-11.068459859121422,-10.703471777866474,-10.335223315421107,-9.963826643834347,-9.589394894130082,-9.212042121846546,-8.831883272293602,-8.449034145539564,-8.063611361137141,-7.6757323226002,-7.285515181641264,-6.893078802181634
-20.699173217387184,-20.478959503750033,-20.252507700663905,-20.019886787541708,-19.781167622967015,-19.536422923109907,-19.285727239576843,-19.029156936701554,-18.766790168283773,-18.498706853782757,-18.224988653973078,-17.94571894606998,-17.660982798331816,-17.3708669441475,-17.075459755616617,-16.774851216630495,-16.469132895462135,-16.158397916873767,-15.842740933750001,-15.522258098265736,-15.197047032597252,-14.867206799185537,-14.532837870560904,-14.194042098738155,-13.85092268419136,-13.503584144418054,-13.152132282102187,-12.796674152885664,-12.437318032757966,-12.074173385074506,-11.707350827212787,-11.336962096877464,-10.963120018063815,-10.585938466690516,-10.205532335912013,-9.82201750112074,-9.435510784650646,-9.04612992019166,-8.65399351692718,-8.259221023404303,-7.861932691148866,-7.462249538035415,-7.0602933114242425
-21.172394392167337,-20.947146187965004,-20.71551728011425,-20.477578225024253,-20.233401501236152,-19.983061487345424,-19.726634439345386,-19.46419846739891,-19.19583351204535,-18.921621319849812,-18.641645418502385,-18.355991091374808,-18.06474535154232,-17.76799691527863,-17.465836175032084,-17.158355171891284,-16.84564756754839,-16.52780861576899,-16.20493513337674,-15.87712547076214,-15.544479481923975,-15.207098494052865,-14.86508527666597,-14.51854401030251,-14.16758025478922,-13.812300917085889,-13.452814218720428,-13.08922966282365,-12.72165800077332,-12.350211198458506,-11.97500240217344,-11.59614590415224,-11.213757107754244,-10.827952492311102,-10.438849577646113,-10.046566888276327,-9.651223917309132,-9.252941090043176,-8.851839727285965,-8.448042008398103,-8.041670934076503,-7.632850288886929,-7.221704603558276
-21.63232114660479,-21.40217988809869,-21.1655193182711,-20.922411526224177,-20.672930564946398,-20.41715242875538,-20.155155030149167,-19.887018176073383,-19.612823543611306,-19.33265465510416,-19.046596852709442,-18.75473727240486,-18.457164817445882,-18.15397013128494,-17.84524556996054,-17.531085173964765,-17.211584639597547,-16.886841289816765,-16.556954044592594,-16.222023390775632,-15.882151351487565,-15.537441455043988,-15.187998703418604,-14.83392954025873,-14.475341818461391,-14.112344767320366,-13.745048959253845,-13.373566276123087,-12.998009875151945,-12.6184941544583,-12.23513471820709,-11.848048341396321,-11.457352934286142,-11.063167506482289,-10.665612130684693,-10.264807906111944,-9.860876921613608,-9.453942218480446,-9.044127752965162,-8.63155835852387,-8.216359707790831,-7.798658274297094,-7.378581293945706
-22.069240628723453,-21.83445108495942,-21.593010555879825,-21.344992586608726,-21.090472725822146,-20.829528502735297,-20.562239403486338,-20.28868684692418,-20.00895415980754,-19.723126551422727,-19.43129108762814,-19.133536664333118,-18.829953980419404,-18.520635510113397,-18.205675474817568,-17.885169814409785,-17.559216158018987,-17.227913794286525,-16.89136364112178,-16.549668214961635,-16.202931599542975,-15.851259414197772,-15.494758781680387,-15.13353829553702,-14.767707987026958,-14.39737929160605,-14.022665014982351,-13.643679298754522,-13.260537585642966,-12.873356584325128,-12.482254233884682,-12.0873496678863,-11.688763178086296,-11.286616177790632,-10.881031164871352,-10.472131684452293,-10.060042291276373,-9.644888511764673,-9.226796805780179,-8.80589452810663,-8.382309889655252,-7.956171918410179,-7.527610420125591
-22.48523300430279,-22.246017813924325,-22.00002627101772,-21.747333306989926,-21.488015894565663,-21.222153024340848,-20.9498256807212,-20.671116817253676,-20.386111331358023,-20.094896038466146,-19.797559645577323,-19.494192724237195,-19.184887682948766,-18.86973873902394,-18.548841889883924,-18.2222948838176,-17.89019719020632,-17.55264996922468,-17.209756041026083,-16.86161985442273,-16.50834745506955,-16.150046453161597,-15.786825990654984,-15.418796708021215,-15.046070710544948,-14.668761534175689,-14.286984110943614,-13.900854733950263,-13.51049102194431,-13.116011883494025,-12.717537480766353,-12.3151891929245,-11.909089579154571,-11.499362341332866,-11.086132286345212,-10.669525288069318,-10.249668249032705,-9.826689061756634,-9.400716569799098,-8.97188052850759,-8.540311565494585,-8.106141140846832,-7.669501507081624
