hough_viz/data/file_4_1_1.json
{"header": {"discipline": 0, "disciplineName": "Meteorological products", "gribEdition": 2, "gribLength": 133963, "center": 7, "centerName": "US National Weather Service - NCEP(WMC)", "subcenter": 0, "refTime": "2014-11-30T06:00:00.000Z", "significanceOfRT": 1, "significanceOfRTName": "Start of forecast", "productStatus": 0, "productStatusName": "Operational products", "productType": 1, "productTypeName": "Forecast products", "productDefinitionTemplate": 0, "productDefinitionTemplateName": "Analysis/forecast at horizontal level/layer at a point in time", "parameterCategory": 2, "parameterCategoryName": "Momentum", "parameterNumber": 2, "parameterNumberName": "U-component_of_wind", "parameterUnit": "m.s-1", "genProcessType": 2, "genProcessTypeName": "Forecast", "forecastTime": 6, "surface1Type": 100, "surface1TypeName": "Isobaric surface", "surface1Value": 85000, "surface2Type": 255, "surface2TypeName": "Missing", "surface2Value": 0, "gridDefinitionTemplate": 0, "gridDefinitionTemplateName": "Latitude_Longitude", "numberPoints": 65160, "shape": 6, "shapeName": "Earth spherical with radius of 6,371,229.0 m", "gridUnits": "degrees", "resolution": 48, "winds": "true", "scanMode": 0, "nx": 360, "ny": 181, "basicAngle": 0, "subDivisions": 0, "lo1": 0, "la1": 90, "lo2": 359, "la2": -90, "dx": 1, "dy": 1}, "data":
[rows 19 to 37 of 181, columns 258 to 300 of 360]
1.487371129637583,1.5989781983596283,1.7027952060279965,1.7983163666169668,1.8850763106339126,1.9626523523526536,2.0306665490958578,2.0887875425337543,2.136732173028616,2.17426685916005,2.201208735710197,2.217426544564693,2.2228412741890056,2.2174265445646935,2.2012087357101975,2.174266859160051,2.136732173028617,2.088787542533755,2.0306665490958586,1.9626523523526516,1.88507631063391,1.7983163666169686,1.7027952060279983,1.5989781983596358,1.4873711296375913,1.3685177382819698,1.2429970660683667,1.1114206370944995,0.9744294784963268,0.8326909974282285,0.6868957295224665,0.5377539746689883,0.3859923365057635,0.23235018247889644,0.07757604171874313,-0.0775760417187396,-0.232350182478893,-0.38599233650576,-0.5377539746689849,-0.6868957295224631,-0.8326909974282255,-0.9744294784963236,-1.1114206370945034
1.709565897027296,1.8378456751892407,1.9571716539612702,2.0669624891694007,2.166683290900646,2.2558482294328615,2.3340229021483516,2.400826449899736,2.4559334125174406,2.4990753144189237,2.5300419725947307,2.5486825205989865,2.5549061435555536,2.548682520598987,2.5300419725947307,2.499075314418925,2.455933412517442,2.400826449899738,2.334022902148353,2.2558482294328592,2.1666832909006435,2.0669624891694034,1.9571716539612727,1.8378456751892498,1.7095658970273058,1.572957285660001,1.4286853845100813,1.2774530717777732,1.1199971360889054,0.957084686934731,0.789509417391627,0.6180877373282003,0.44365479593847273,0.2670604129789569,0.08916493853221755,-0.08916493853221347,-0.2670604129789529,-0.4436547959384686,-0.6180877373281963,-0.7895094173916233,-0.9570846869347275,-1.119997136088902,-1.277453071777778
1.943294293434779,2.08911222376356,2.224752209334998,2.349553425773859,2.4629078540986398,2.564263242928878,2.6531257989984076,2.7290625928664887,2.791703668106538,2.8407438436966435,2.875944200830832,2.897133246907474,2.9042077510239976,2.897133246907474,2.8759442008308325,2.8407438436966443,2.791703668106539,2.7290625928664904,2.653125798998409,2.5642632429288756,2.462907854098636,2.3495534257738613,2.2247522093350005,2.0891122237635704,1.9432942934347903,1.788008828647647,1.6240123645773599,1.4521038755119948,1.273120882330115,1.0879353721831868,0.8974495502618635,0.7025914443429777,0.5043103835314982,0.30357237322455544,0.10135538883024091,-0.10135538883023629,-0.303572373224551,-0.5043103835314935,-0.7025914443429732,-0.8974495502618591,-1.0879353721831826,-1.273120882330111,-1.4521038755119997
2.1892797188862727,2.3535555254881233,2.5063650461483773,2.6469638082427225,2.774666828735186,2.88885195134658,2.9889628776373973,3.0745118772378626,3.1450821640212787,3.2003299266441374,3.239986003560425,3.263857194349622,3.271827200969724,3.2638571943496224,3.2399860035604258,3.2003299266441383,3.1450821640212805,3.0745118772378643,2.988962877637399,2.888851951346577,2.774666828735183,2.6469638082427256,2.5063650461483804,2.353555525488135,2.189279718886285,2.01433796155964,1.82958255216483,1.6359136004848578,1.4342746421847932,1.2256480420007867,1.0110502077578636,0.7915266385331557,0.5681468310894937,0.3419990693946835,0.11418512261139718,-0.11418512261139196,-0.34199906939467833,-0.5681468310894886,-0.7915266385331506,-1.011050207757859,-1.225648042000782,-1.434274642184788,-1.6359136004848631
2.4554172378659262,2.639663062561051,2.8110487141533906,2.968739218975994,3.111966324740377,3.2400322433843787,3.352313050625514,3.448261725657332,3.5274108161798035,3.589374715779943,3.633851542567488,3.660624609913126,3.6695634821239635,3.660624609913126,3.633851542567489,3.5893747157799445,3.5274108161798052,3.448261725657333,3.3523130506255154,3.2400322433843747,3.111966324740373,2.9687392189759976,2.8110487141533933,2.6396630625610644,2.45541723786594,2.2592088672056003,2.0519938580391273,1.834781741061977,1.6086307518739995,1.3746426753618899,1.1339574779140162,0.8877477536187525,0.6372130115039503,0.38357383164952885,0.12806591864400474,-0.1280659186439989,-0.38357383164952313,-0.6372130115039445,-0.8877477536187468,-1.133957477914011,-1.3746426753618848,-1.6086307518739946,-1.8347817410619833
2.7309875203456238,2.9359111643432914,3.1265313442650466,3.3019193777553637,3.4612207919450406,3.603659486357051,3.7285415139901144,3.835258462158702,3.923290416618483,3.992208494536274,4.041676933964079,4.071454729637558,4.081396807129439,4.071454729637558,4.04167693396408,3.9922084945362757,3.9232904166184843,3.835258462158703,3.7285415139901157,3.6036594863570466,3.461220791945036,3.3019193777553673,3.12653134426505,2.935911164343306,2.7309875203456393,2.512758779666743,2.2822881307949507,2.0406984035647135,1.7891665988426082,1.5289181542973393,1.2612209741906493,0.9873792522751916,0.7087271178936647,0.42662213623476053,0.14243869441201348,-0.14243869441200696,-0.4266221362347542,-0.708727117893658,-0.9873792522751852,-1.2612209741906433,-1.5289181542973331,-1.7891665988426024,-2.0406984035647207
3.0163103282021306,3.242643586511841,3.45317901121747,3.6468908948927767,3.8228354927123656,3.980155620281532,4.118084829752529,4.235951143881414,4.3331803298336276,4.409298696788657,4.463935403714087,4.496824266065841,4.5078050526125155,4.496824266065841,4.463935403714087,4.409298696788658,4.333180329833629,4.235951143881415,4.118084829752532,3.9801556202815265,3.8228354927123607,3.6468908948927807,3.4531790112174745,3.242643586511857,3.016310328202147,2.7752819091718783,2.5207325956505,2.2539025263062515,1.9760916704153426,1.6886534945422103,1.3929883685865245,1.0905367433217865,0.7827721326639548,0.47119393485976413,0.15732012756916947,-0.15732012756916228,-0.4711939348597571,-0.7827721326639477,-1.0905367433217796,-1.3929883685865179,-1.6886534945422038,-1.9760916704153362,-2.2539025263062586
3.316756961243802,3.5656346722143355,3.797140969478196,4.010147977626023,4.20361794792553,4.376608314128933,4.52827628456103,4.657882948115485,4.764796874155479,4.8484971887802955,4.908576112470609,4.944740946749312,4.956815500179072,4.944740946749312,4.90857611247061,4.848497188780298,4.764796874155482,4.657882948115487,4.528276284561032,4.3766083141289265,4.203617947925524,4.010147977626026,3.7971409694782006,3.5656346722143533,3.3167569612438212,3.05172034375734,2.7718160515139423,2.478407750089529,2.1729248952353704,1.8568557687132725,1.5317402275364924,1.1991622019411439,0.8607419786373014,0.518128306935019,0.1729903662034072,-0.1729903662033993,-0.5181283069350112,-0.8607419786372936,-1.199162201941136,-1.5317402275364849,-1.8568557687132652,-2.1729248952353633,-2.4784077500895374
3.6232892115451367,3.895168018370771,4.148069958151835,4.380762918059305,4.592113241382751,4.781091250591777,4.946776263821532,5.08836108034216,5.205155913159628,5.296591749588627,5.362223123425172,5.401730285213174,5.414920760031645,5.401730285213174,5.362223123425173,5.296591749588629,5.205155913159632,5.088361080342163,4.946776263821534,4.78109125059177,4.592113241382744,4.38076291805931,4.14806995815184,3.89516801837079,3.623289211545157,3.3337581038926185,3.027985261866124,2.707460380015815,2.373745023347051,2.028465019532556,1.6733025380434894,1.3099878947888575,0.9402911221903374,0.566013345762239,0.18897800920903063,-0.188978009209022,-0.5660133457622306,-0.9402911221903288,-1.309987894788849,-1.6733025380434812,-2.028465019532548,-2.373745023347044,-2.707460380015825
3.935938064512693,4.23127693542302,4.506001450430449,4.7587731793130486,4.988360643616255,5.193645316292009,5.3736270710501906,5.527429054873322,5.654301959956335,5.753627674258887,5.8249222928850815,5.867838475619485,5.8821671391337285,5.867838475619485,5.824922292885082,5.7536276742588885,5.654301959956339,5.527429054873324,5.373627071050193,5.193645316292003,4.988360643616249,4.758773179313054,4.506001450430454,4.2312769354230415,3.9359380645127158,3.621423698991179,3.2892661212324112,2.9410835695668562,2.5785723543870747,2.2034985938939067,1.817689609746192,1.4230250245333151,1.0214276044428867,0.6148538917371565,0.20528467267575948,-0.2052846726757501,-0.6148538917371476,-1.0214276044428774,-1.4230250245333056,-1.8176896097461832,-2.2034985938938987,-2.5785723543870662,-2.9410835695668656
4.256219347858593,4.575590993433223,4.87267081962466,5.146011483382027,5.3942812964676365,5.6162707133081025,5.810898223778889,5.977215622212873,6.114412626963049,6.221820828013271,6.298916943404654,6.34532536861269,6.360820006454719,6.345325368612691,6.298916943404656,6.221820828013273,6.114412626963052,5.977215622212876,5.810898223778892,5.616270713308096,5.394281296467629,5.146011483382034,4.872670819624665,4.575590993433247,4.256219347858617,3.916111829454877,3.5569254078642354,3.180410003227351,2.7883999607484573,2.382805113949782,1.9656014801546757,1.5388216335298261,1.1045448025882292,0.6648867403968773,0.22198941684047124,-0.22198941684046108,-0.6648867403968675,-1.104544802588219,-1.5388216335298162,-1.9656014801546662,-2.3828051139497726,-2.788399960748449,-3.1804100032273617
4.578068375230094,4.9215904334355836,5.24113499776593,5.535145279224192,5.802188889272947,6.040964818287137,6.250309773942293,6.429203848657744,6.576775488483847,6.692305739225217,6.775231749113302,6.825149510963624,6.84181583045816,6.825149510963626,6.7752317491133045,6.692305739225219,6.576775488483849,6.429203848657748,6.250309773942296,6.04096481828713,5.802188889272939,5.535145279224198,5.241134997765937,4.9215904334356075,4.57806837523012,4.212242428086316,3.8258948592460245,3.420907915229071,2.9992546517176035,2.5629893210269903,2.114237363995121,1.6551850550482634,1.1880688508918313,0.7151644947181173,0.23877592901419625,-0.23877592901418532,-0.7151644947181065,-1.1880688508918202,-1.6551850550482528,-2.11423736399511,-2.5629893210269805,-2.9992546517175933,-3.4209079152290824
4.901424609799173,5.2692101761326215,5.611324680147122,5.926101374368314,6.212006698383226,6.46764775019233,6.691779072288173,6.883308719399112,7.041303578336912,7.164993914030414,7.253777119597432,7.307220652184898,7.32506414027417,7.307220652184899,7.253777119597434,7.164993914030417,7.0413035783369144,6.883308719399115,6.691779072288178,6.467647750192321,6.212006698383217,5.926101374368321,5.6113246801471295,5.269210176132648,4.901424609799203,4.509759795456273,4.09612388470937,3.662532070137075,3.2110967674755306,2.744017324141163,2.263569304231238,1.7720934022042891,1.271984039252007,0.7656776979198773,0.2556410518091095,-0.2556410518090978,-0.7656776979198657,-1.2719840392519952,-1.7720934022042776,-2.263569304231227,-2.744017324141153,-3.2110967674755204,-3.662532070137088
5.222622508225901,5.614509628777241,5.979043422785731,6.314447918249733,6.619089058182124,6.89148266157154,7.130301654163197,7.334382533831187,7.502731039043905,7.634526992806291,7.729128298479694,7.786074068012166,7.805086867338709,7.786074068012166,7.729128298479695,7.6345269928062915,7.5027310390439075,7.33438253383119,7.1303016541632,6.891482661571533,6.619089058182114,6.314447918249741,5.979043422785738,5.6145096287772684,5.222622508225929,4.805291295790671,4.364549187188535,3.9025434336693436,3.421524880823632,2.923837002689026,2.4119044845803876,1.8882214102666648,1.355339111045475,0.8158537359134831,0.27239360338942403,-0.2723936033894116,-0.8158537359134709,-1.355339111045463,-1.8882214102666524,-2.411904484580376,-2.9238370026890146,-3.4215248808236205,-3.902543433669357
5.539861824588621,5.955553461361312,6.342230240320412,6.698008311067406,7.0211543586043375,7.3100940478700975,7.563419693742721,7.779897119139721,7.958471667804795,8.0982733424871,8.1986210434804,8.259025886872369,8.279193586337874,8.25902588687237,8.1986210434804,8.098273342487103,7.958471667804799,7.779897119139725,7.563419693742725,7.3100940478700895,7.021154358604327,6.6980083110674125,6.342230240320419,5.955553461361341,5.539861824588652,5.0971805378715045,4.62966629994067,4.139596793168926,3.6293595869317024,3.101440505608898,2.5584115178984783,2.0029182064434825,1.437666878819329,0.8654113826753367,0.28893968926576924,-0.2889396892657559,-0.8654113826753236,-1.4376668788193159,-2.0029182064434696,-2.5584115178984654,-3.1014405056088865,-3.629359586931691,-4.1395967931689395
5.853073910708037,6.292267874588978,6.700806541881494,7.076699553264662,7.418115595771693,7.7233913247624795,7.991039467571605,8.2197560693512,8.40842684580791,8.556132611883951,8.662153759934341,8.725973765582985,8.747281704177519,8.725973765582985,8.662153759934343,8.556132611883955,8.408426845807913,8.219756069351204,7.9910394675716105,7.72339132476247,7.418115595771683,7.076699553264669,6.7008065418815015,6.292267874589007,5.853073910708072,5.385364359083073,4.891417853635579,4.373640852088748,3.8345559119474086,3.2767894008512743,2.7030587011759115,2.116158971218931,1.5189495274697278,0.9143399143069647,0.30527572899079386,-0.30527572899078,-0.9143399143069508,-1.518949527469714,-2.1161589712189177,-2.7030587011758986,-3.2767894008512615,-3.8345559119473958,-4.373640852088763
6.15277753042133,6.6144601938709755,7.043917872139318,7.439058290586722,7.797956364813931,8.118863579479582,8.40021650689132,8.640644423868299,8.838975989766729,8.994244953133776,9.1056948591875,9.17278273518851,9.195181735748577,9.17278273518851,9.105694859187501,8.99424495313378,8.838975989766732,8.6406444238683,8.400216506891326,8.118863579479571,7.797956364813921,7.43905829058673,7.043917872139326,6.614460193871008,6.152777530421365,5.661119153318519,5.1418803727544375,4.597590867874276,4.030902362434077,3.4445757058689876,2.8414674227124443,2.224515795895753,1.5967265517290035,0.9611582163046222,0.32090721466565836,-0.32090721466564365,-0.9611582163046077,-1.596726551728989,-2.2245157958957384,-2.8414674227124306,-3.4445757058689743,-4.030902362434063,-4.597590867874292
6.442060209429313,6.925449621916106,7.375098939988707,7.788817517368013,8.164589758731921,8.50058493949296,8.7951661249046,9.046898145042714,9.254554586809203,9.41712376889333,9.533813670581381,9.604055790401965,9.627507915808017,9.604055790401965,9.533813670581385,9.417123768893333,9.254554586809206,9.046898145042718,8.795166124904606,8.50058493949295,8.164589758731909,7.788817517368021,7.375098939988716,6.9254496219161386,6.442060209429348,5.9272857271558195,5.383634104628293,4.813753957903995,4.220421685773674,3.606527943425569,2.9750635594640147,2.3291049648930966,1.6717992050540316,1.0063486075366117,0.33599518076104784,-0.33599518076103235,-1.0063486075365966,-1.6717992050540162,-2.3291049648930815,-2.975063559464001,-3.6065279434255544,-4.220421685773661,-4.813753957904011
6.721056574590383,7.225380887506042,7.694503871030539,8.126140005144181,8.518186401989514,8.868733050929437,9.176072123927161,9.438706295912661,9.65535603959991,9.824965859215226,9.946709432766562,10.019993637801198,10.044461441038704,10.019993637801198,9.946709432766562,9.82496585921523,9.655356039599914,9.438706295912663,9.176072123927167,8.868733050929425,8.518186401989503,8.126140005144189,7.69450387103055,7.225380887506077,6.721056574590422,6.183987949641578,5.616791557014404,5.022230720519337,4.403202080786797,3.7627214831249916,3.1039092846248404,2.4299751520938684,1.7442024248821433,1.049932118783007,0.3505466489399324,-0.35054664893991627,-1.0499321187829915,-1.7442024248821275,-2.429975152093853,-3.1039092846248253,-3.7627214831249765,-4.403202080786784,-5.022230720519355
