hough_viz/data/file_5_1_2.json
{"header": {"discipline": 0, "disciplineName": "Meteorological products", "gribEdition": 2, "gribLength": 133963, "center": 7, "centerName": "US National Weather Service - NCEP(WMC)", "subcenter": 0, "refTime": "2014-11-30T06:00:00.000Z", "significanceOfRT": 1, "significanceOfRTName": "Start of forecast", "productStatus": 0, "productStatusName": "Operational products", "productType": 1, "productTypeName": "Forecast products", "productDefinitionTemplate": 0, "productDefinitionTemplateName": "Analysis/forecast at horizontal level/layer at a point in time", "parameterCategory": 2, "parameterCategoryName": "Momentum", "parameterNumber": 2, "parameterNumberName": "U-component_of_wind", "parameterUnit": "m.s-1", "genProcessType": 2, "genProcessTypeName": "Forecast", "forecastTime": 6, "surface1Type": 100, "surface1TypeName": "Isobaric surface", "surface1Value": 85000, "surface2Type": 255, "surface2TypeName": "Missing", "surface2Value": 0, "gridDefinitionTemplate": 0, "gridDefinitionTemplateName": "Latitude_Longitude", "numberPoints": 65160, "shape": 6, "shapeName": "Earth spherical with radius of 6,371,229.0 m", "gridUnits": "degrees", "resolution": 48, "winds": "true", "scanMode": 0, "nx": 360, "ny": 181, "basicAngle": 0, "subDivisions": 0, "lo1": 0, "la1": 90, "lo2": 359, "la2": -90, "dx": 1, "dy": 1}, "data":
[rows 140 to 159 of 181, columns 180 to 224 of 360]
-9.997628805717104,-9.959584809744689,-9.845742359608387,-9.656967865093685,-9.394698014089,-9.060928838523331,-8.658200523358095,-8.189578074245674,-7.658627990985822,-7.06939112430855,-6.426351922560201,-5.73440430234378,-4.998814402858567,-4.225180507400908,-3.4193904370482175,-2.5875767407851593,-1.736070023103206,-0.8713507642776626,1.1025396043028879e-14,0.8713507642776488,1.736070023103158,2.587576740785146,3.4193904370481705,4.2251805074008955,4.998814402858555,5.734404302343768,6.426351922560191,7.069391124308517,7.658627990985813,8.189578074245667,8.658200523358088,9.060928838523324,9.394698014088995,9.656967865093678,9.845742359608385,9.959584809744689,9.997628805717104,9.959584809744687,9.845742359608387,9.656967865093689,9.394698014089,9.060928838523331,8.65820052335808,8.189578074245674,7.658627990985822
-9.194742927981135,-9.159754155171381,-9.055054122429993,-8.881439660225748,-8.640232079447292,-8.333267115429466,-7.962880956898979,-7.531892466167495,-7.043581725887479,-6.501665075642533,-5.910266828359216,-5.273887881795401,-4.597371463990581,-3.8858662733759775,-3.144787294070804,-2.3797745845832363,-1.5966503535598398,-0.8013746492619783,1.0139972613992201e-14,0.8013746492619657,1.5966503535597956,2.3797745845832243,3.1447872940707615,3.885866273375967,4.597371463990571,5.273887881795391,5.910266828359208,6.5016650756425,7.043581725887471,7.531892466167488,7.962880956898974,8.333267115429463,8.640232079447287,8.88143966022574,9.055054122429993,9.15975415517138,9.194742927981135,9.159754155171377,9.055054122429993,8.88143966022575,8.640232079447292,8.333267115429466,7.962880956898964,7.531892466167497,7.043581725887479
-8.419323495240672,-8.38728542747802,-8.291415053230857,-8.132442003935314,-7.911576160487083,-7.630498445317243,-7.291348029557618,-6.896706052656733,-6.449575978350175,-5.953360736487923,-5.411836824683482,-4.829125566886778,-4.209661747620348,-3.5581598605912426,-2.8795782285474005,-2.179081267447411,-1.4620001821369317,-0.7337923926605151,9.284839210706061e-15,0.7337923926605036,1.462000182136891,2.1790812674474,2.879578228547362,3.5581598605912337,4.2096617476203395,4.829125566886768,5.411836824683472,5.953360736487893,6.449575978350168,6.896706052656727,7.2913480295576125,7.630498445317238,7.91157616048708,8.132442003935306,8.291415053230853,8.38728542747802,8.419323495240672,8.387285427478018,8.291415053230857,8.132442003935317,7.911576160487083,7.630498445317243,7.291348029557605,6.896706052656734,6.449575978350175
-7.673077752103295,-7.643879374691033,-7.556506459736811,-7.411623967880643,-7.210334542367995,-6.954170117268886,-6.645080258534653,-6.285417326623794,-5.877918573618595,-5.425685311083888,-4.932159307213451,-4.401096592895903,-3.836538876051659,-3.2427827817951287,-2.6243471525233835,-1.985938656796774,-1.3324159687494204,-0.6687527906450984,8.461878584401448e-15,0.668752790645088,1.3324159687493835,1.9859386567967636,2.6243471525233484,3.24278278179512,3.836538876051651,4.401096592895894,4.9321593072134435,5.425685311083861,5.877918573618588,6.285417326623787,6.645080258534648,6.954170117268883,7.210334542367992,7.411623967880637,7.556506459736809,7.643879374691033,7.673077752103295,7.643879374691029,7.556506459736811,7.411623967880646,7.210334542367995,6.954170117268886,6.645080258534641,6.2854173266237945,5.877918573618595
-6.982377468578131,-6.955807414272798,-6.876299465513499,-6.744458725798504,-6.561288582764663,-6.328183071801609,-6.046916266600745,-5.7196287773831695,-5.34881145956344,-4.937286456835772,-4.488185722956494,-4.004927185684882,-3.491188734289076,-2.950880228587915,-2.388113742557026,-1.8071722689627503,-1.212477123201242,-0.6085542944184442,7.700173552049924e-15,0.6085542944184348,1.2124771232012086,1.807172268962741,2.3881137425569934,2.9508802285879074,3.4911887342890684,4.004927185684874,4.488185722956487,4.937286456835748,5.348811459563434,5.719628777383164,6.046916266600743,6.328183071801605,6.56128858276466,6.744458725798499,6.876299465513498,6.955807414272798,6.982377468578131,6.955807414272796,6.876299465513499,6.744458725798508,6.561288582764663,6.328183071801609,6.046916266600735,5.7196287773831695,5.34881145956344
-6.321302015067202,-6.297247552446615,-6.225267233569875,-6.10590887212654,-5.940080857317745,-5.72904524046587,-5.474408130041963,-5.1781074682104204,-4.842398281919034,-4.46983552078222,-4.063254612371759,-3.625749882900932,-3.1606510075336107,-2.671497669545682,-2.162012621198135,-1.6360733513443357,-1.097682575398728,-0.5509377722554538,6.9711388148215385e-15,0.5509377722554453,1.0976825753986978,1.6360733513443273,2.1620126211981057,2.671497669545675,3.160651007533603,3.6257498829009247,4.063254612371752,4.4698355207821985,4.842398281919029,5.178107468210414,5.474408130041958,5.729045240465867,5.940080857317741,6.105908872126536,6.225267233569873,6.297247552446615,6.321302015067202,6.2972475524466125,6.225267233569875,6.105908872126544,5.940080857317745,5.72904524046587,5.474408130041953,5.1781074682104204,4.842398281919034
-5.690821806878242,-5.669166511796994,-5.604365436424636,-5.496911756072716,-5.347623258131017,-5.157636118211728,-4.928396253167022,-4.661648316788685,-4.359422421939385,-4.024018690167899,-3.6579897463953053,-3.264121291898043,-2.8454109034391295,-2.40504521989895,-1.9463756900293483,-1.4728930659048305,-0.9882008361916471,-0.49598780142304666,6.275844547784988e-15,0.4959878014230389,0.9882008361916198,1.472893065904823,1.946375690029322,2.4050452198989434,2.8454109034391237,3.2641212918980362,3.6579897463952995,4.02401869016788,4.35942242193938,4.66164831678868,4.928396253167018,5.157636118211725,5.347623258131014,5.496911756072712,5.604365436424635,5.669166511796993,5.690821806878242,5.669166511796992,5.604365436424636,5.496911756072719,5.347623258131017,5.157636118211728,4.928396253167012,4.6616483167886855,4.359422421939385
-5.118358367003194,-5.098881468142108,-5.0405990025196505,-4.943954534891128,-4.809683588010716,-4.638808044859186,-4.432628371497405,-4.192713719734331,-3.9208899849343286,-3.619225909850874,-3.2900173402450883,-2.935769752113251,-2.5591791835016044,-2.1631117160288555,-1.750581662274578,-1.3247286250402661,-0.8887936030764013,-0.4460943251248571,5.644531236655875e-15,0.4460943251248501,0.8887936030763769,1.3247286250402592,1.7505816622745547,2.1631117160288493,2.559179183501599,2.9357697521132455,3.290017340245083,3.619225909850856,3.9208899849343237,4.192713719734327,4.4326283714974,4.638808044859182,4.809683588010713,4.943954534891123,5.04059900251965,5.098881468142107,5.118358367003194,5.098881468142105,5.0405990025196505,4.94395453489113,4.809683588010716,4.638808044859186,4.432628371497395,4.192713719734331,3.9208899849343286
-4.57544276870795,-4.558031827609078,-4.505931512087233,-4.419538337002569,-4.299509806583108,-4.146759410420544,-3.9624496712628954,-3.747983297514401,-3.504992507777641,-3.235326608684354,-2.9410379205553503,-2.6243661580036695,-2.2877213843539823,-1.9336656696054073,-1.5648935915318964,-1.184211728318227,-0.7945172988054798,-0.39877611290614556,5.045803317719733e-15,0.3987761129061394,0.794517298805458,1.1842117283182212,1.5648935915318753,1.933665669605402,2.2877213843539765,2.6243661580036646,2.9410379205553463,3.2353266086843377,3.504992507777637,3.747983297514397,3.962449671262892,4.1467594104205405,4.2995098065831066,4.4195383370025665,4.5059315120872325,4.558031827609077,4.57544276870795,4.558031827609076,4.505931512087233,4.419538337002572,4.299509806583108,4.146759410420544,3.962449671262888,3.7479832975144016,3.504992507777641
-4.062259796673105,-4.046801671717,-4.0005449425134705,-3.9238416507023324,-3.8172755546489827,-3.6816576866907527,-3.51802018069112,-3.3276084168777573,-3.111871543747066,-2.872451449169048,-2.611170264629238,-2.3300164977078848,-2.0311298983365584,-1.7167851740091153,-1.3893746778842453,-1.0513902015332945,-0.7054040109019286,-0.35404926981299767,4.4798645717255584e-15,0.3540492698129921,0.7054040109019092,1.0513902015332892,1.3893746778842266,1.7167851740091105,2.031129898336554,2.33001649770788,2.6111702646292336,2.8724514491690334,3.111871543747062,3.3276084168777547,3.5180201806911175,3.6816576866907504,3.8172755546489814,3.9238416507023293,4.00054494251347,4.046801671717,4.062259796673105,4.046801671716999,4.0005449425134705,3.923841650702334,3.8172755546489827,3.6816576866907527,3.5180201806911136,3.3276084168777578,3.111871543747066
-3.605782327823027,-3.592061237450212,-3.551002392114525,-3.4829182744209777,-3.3883270456155343,-3.2679486020651467,-3.1226990964117323,-2.953683965097351,-2.7621895153254465,-2.5496731354862856,-2.317752203551334,-2.068191777850311,-1.802891163911519,-1.5238694595999007,-1.2332501885632021,-0.9332451389347015,-0.6261375302900986,-0.3142646369677979,3.976460717012181e-15,0.31426463696779294,0.6261375302900813,0.9332451389346967,1.2332501885631855,1.5238694595998967,1.8028911639115148,2.068191777850307,2.31775220355133,2.5496731354862727,2.762189515325443,2.9536839650973485,3.1226990964117296,3.2679486020651445,3.388327045615533,3.4829182744209755,3.5510023921145235,3.5920612374502117,3.605782327823027,3.592061237450211,3.551002392114525,3.4829182744209803,3.3883270456155343,3.2679486020651467,3.1226990964117265,2.953683965097351,2.7621895153254465
-3.177017347503602,-3.1649278373285896,-3.128751315275829,-3.0687631065221215,-2.985419757557956,-2.8793555615930364,-2.7513777312019756,-2.602460254949165,-2.4337364847477327,-2.246490510367103,-2.0421473867345146,-1.8222622884065693,-1.5885086737518062,-1.3426655489220205,-1.0866039285413243,-0.8222725961550269,-0.5516832728102323,-0.2768953066438731,3.5036182251305212e-15,0.27689530664386885,0.5516832728102171,0.8222725961550227,1.0866039285413096,1.3426655489220165,1.5885086737518028,1.8222622884065656,2.0421473867345106,2.246490510367092,2.43373648474773,2.602460254949163,2.7513777312019734,2.8793555615930346,2.985419757557955,3.0687631065221197,3.1287513152758275,3.1649278373285896,3.177017347503602,3.164927837328589,3.128751315275829,3.0687631065221237,2.985419757557956,2.8793555615930364,2.7513777312019703,2.602460254949166,2.4337364847477327
-2.7759323510485623,-2.7653690903759327,-2.733759701150031,-2.681344749909139,-2.608523146081213,-2.5158491060422667,-2.404027935195119,-2.2739106601693764,-2.1264875519949538,-1.9628805895415606,-1.7843349205820442,-1.592209385466015,-1.3879661755242854,-1.1731597049099165,-0.9494247805679952,-0.7184641603675855,-0.48203559408626645,-0.24193844587289204,3.0613012498988657e-15,0.24193844587288824,0.4820355940862532,0.7184641603675818,0.9494247805679825,1.1731597049099136,1.3879661755242823,1.592209385466012,1.7843349205820416,1.9628805895415509,2.1264875519949515,2.273910660169374,2.404027935195117,2.515849106042265,2.6085231460812115,2.6813447499091367,2.7337597011500305,2.7653690903759323,2.7759323510485623,2.765369090375932,2.733759701150031,2.6813447499091403,2.608523146081213,2.5158491060422667,2.404027935195115,2.273910660169377,2.1264875519949538
-2.426322849967929,-2.4170899589969053,-2.389461553959093,-2.3436479036993196,-2.2799976777590985,-2.198995292790891,-2.1012572258548876,-1.9875273226563208,-1.8586711364305364,-1.7156693405601988,-1.55961026505872,-1.3916816137217185,-1.2131614249839684,-1.0254083452751863,-0.8298512889003808,-0.627978563139127,-0.42132654132856917,-0.21146797013457103,2.6757515075824193e-15,0.21146797013456775,0.42132654132855746,0.6279785631391238,0.8298512889003696,1.0254083452751834,1.2131614249839657,1.391681613721716,1.5596102650587174,1.7156693405601902,1.858671136430534,1.9875273226563193,2.101257225854886,2.19899529279089,2.279997677759098,2.3436479036993174,2.3894615539590927,2.4170899589969053,2.426322849967929,2.4170899589969044,2.389461553959093,2.3436479036993205,2.2799976777590985,2.198995292790891,2.101257225854883,1.9875273226563217,1.8586711364305364
-2.1018232828624015,-2.0938252107133124,-2.069891864424465,-2.030205391212468,-1.9750678291018129,-1.9048988082331295,-1.820232357224447,-1.7217128388909357,-1.6100900462548329,-1.4862134961677802,-1.351025963974641,-1.205556308423873,-1.0509116414312043,-0.8882689022894389,-0.7188659004498302,-0.543991895044693,-0.3649777828469858,-0.18318596934219508,2.3178930280713622e-15,0.1831859693421922,0.36497778284697563,0.5439918950446901,0.7188659004498206,0.8882689022894364,1.0509116414312019,1.2055563084238707,1.3510259639746387,1.4862134961677727,1.6100900462548307,1.7217128388909337,1.8202323572244459,1.9048988082331284,1.9750678291018118,2.030205391212466,2.069891864424464,2.0938252107133124,2.1018232828624015,2.0938252107133115,2.069891864424465,2.0302053912124687,1.9750678291018129,1.9048988082331295,1.8202323572244434,1.7217128388909362,1.6100900462548329
-1.801905951789944,-1.795049155633103,-1.7745309515215797,-1.7405074953778923,-1.69323772624722,-1.6330813956149124,-1.5604963294804708,-1.4760349440252336,-1.3803400413917015,-1.274139917571074,-1.158242819631009,-1.033530794467416,-0.900952975894975,-0.7615183611656868,-0.6162881318905757,-0.46636757780682286,-0.3128976848555234,-0.15704645158967956,1.9871438654948188e-15,0.15704645158967712,0.3128976848555148,0.4663675778068204,0.6162881318905673,0.7615183611656848,0.9009529758949728,1.033530794467414,1.1582428196310073,1.2741399175710675,1.3803400413917,1.4760349440252325,1.5604963294804695,1.633081395614911,1.6932377262472191,1.7405074953778912,1.774530951521579,1.795049155633103,1.801905951789944,1.7950491556331023,1.7745309515215797,1.7405074953778932,1.69323772624722,1.6330813956149124,1.5604963294804677,1.4760349440252338,1.3803400413917015
-1.5461070400030337,-1.540223635933345,-1.5226181999817443,-1.4934247201462765,-1.452865376435995,-1.4012488499469344,-1.3389679736125915,-1.2664967425080866,-1.184386706461457,-1.0932627724264095,-0.9938184485630825,-0.8868105662222042,-0.7730535200015193,-0.6534130697111403,-0.5287997514186661,-0.4001619477198707,-0.268478669974542,-0.13475210743884855,1.7050485442308681e-15,0.13475210743884644,0.2684786699745346,0.40016194771986857,0.528799751418659,0.6534130697111385,0.7730535200015175,0.8868105662222026,0.9938184485630809,1.0932627724264041,1.1843867064614557,1.2664967425080857,1.3389679736125906,1.4012488499469333,1.452865376435994,1.4934247201462751,1.5226181999817436,1.5402236359333448,1.5461070400030337,1.5402236359333443,1.5226181999817443,1.493424720146277,1.452865376435995,1.4012488499469344,1.338967973612589,1.266496742508087,1.184386706461457
-1.3120888642307658,-1.3070959699719094,-1.292155286135441,-1.2673805203467878,-1.232960223533015,-1.1891563549364166,-1.1363022884465155,-1.074800275423453,-1.0051183833222705,-0.927786933416933,-0.8433944647352218,-0.7525832549213742,-0.6560444321153849,-0.554512715050535,-0.44876082140022294,-0.3395935869298583,-0.22784184021074774,-0.11435607951296436,1.4469730425998262e-15,0.1143560795129626,0.2278418402107415,0.3395935869298566,0.44876082140021695,0.5545127150505336,0.6560444321153835,0.7525832549213727,0.8433944647352207,0.9277869334169284,1.0051183833222694,1.074800275423452,1.1363022884465144,1.1891563549364157,1.2329602235330144,1.2673805203467872,1.2921552861354406,1.3070959699719094,1.3120888642307658,1.307095969971909,1.292155286135441,1.2673805203467885,1.232960223533015,1.1891563549364166,1.1363022884465133,1.074800275423453,1.0051183833222705
-1.0988146324773351,-1.0946333110595514,-1.08212116918694,-1.0613734318141892,-1.0325480017505322,-0.9958642579240231,-0.9516013857754342,-0.900096252488466,-0.8417408432270856,-0.77697927789173,-0.7063044310987008,-0.6302541811067341,-0.5494073162386692,-0.46437912995281694,-0.37581673808824223,-0.2843941539224615,-0.19080715852344943,-0.0957680054355578,1.2117739852483826e-15,0.09576800543555632,0.19080715852344415,0.28439415392246004,0.37581673808823723,0.4643791299528156,0.5494073162386679,0.6302541811067329,0.7063044310986997,0.7769792778917264,0.8417408432270848,0.9000962524884649,0.9516013857754335,0.9958642579240226,1.0325480017505315,1.0613734318141879,1.0821211691869397,1.0946333110595512,1.0988146324773351,1.094633311059551,1.08212116918694,1.0613734318141894,1.0325480017505322,0.9958642579240231,0.9516013857754325,0.900096252488466,0.8417408432270856
-0.9214937742636572,-0.9179872122460073,-0.9074942132473314,-0.8900946353258555,-0.8659208997757147,-0.8351569833209452,-0.7980370179415306,-0.7548435089876534,-0.7059051851434095,-0.6515944966030198,-0.5923247804999647,-0.5285471151618238,-0.46074688713183004,-0.3894400970841834,-0.3151694327473693,-0.23850013872283793,-0.1600157146323078,-0.08031347433329243,1.0162243477805872e-15,0.08031347433329118,0.16001571463230338,0.2385001387228367,0.315169432747365,0.3894400970841823,0.460746887131829,0.5285471151618228,0.592324780499964,0.6515944966030166,0.7059051851434086,0.7548435089876526,0.79803701794153,0.8351569833209447,0.8659208997757143,0.8900946353258548,0.9074942132473311,0.9179872122460072,0.9214937742636572,0.9179872122460069,0.9074942132473314,0.8900946353258559,0.8659208997757147,0.8351569833209452,0.7980370179415291,0.7548435089876534,0.7059051851434095
