hough_viz/data/file_5_3_2.json
{"header": {"discipline": 0, "disciplineName": "Meteorological products", "gribEdition": 2, "gribLength": 133963, "center": 7, "centerName": "US National Weather Service - NCEP(WMC)", "subcenter": 0, "refTime": "2014-11-30T06:00:00.000Z", "significanceOfRT": 1, "significanceOfRTName": "Start of forecast", "productStatus": 0, "productStatusName": "Operational products", "productType": 1, "productTypeName": "Forecast products", "productDefinitionTemplate": 0, "productDefinitionTemplateName": "Analysis/forecast at horizontal level/layer at a point in time", "parameterCategory": 2, "parameterCategoryName": "Momentum", "parameterNumber": 3, "parameterNumberName": "V-component_of_wind", "parameterUnit": "m.s-1", "genProcessType": 2, "genProcessTypeName": "Forecast", "forecastTime": 6, "surface1Type": 100, "surface1TypeName": "Isobaric surface", "surface1Value": 85000, "surface2Type": 255, "surface2TypeName": "Missing", "surface2Value": 0, "gridDefinitionTemplate": 0, "gridDefinitionTemplateName": "Latitude_Longitude", "numberPoints": 65160, "shape": 6, "shapeName": "Earth spherical with radius of 6,371,229.0 m", "gridUnits": "degrees", "resolution": 48, "winds": "true", "scanMode": 0, "nx": 360, "ny": 181, "basicAngle": 0, "subDivisions": 0, "lo1": 0, "la1": 90, "lo2": 359, "la2": -90, "dx": 1, "dy": 1}, "data":
[rows 57 to 75 of 181, columns 258 to 300 of 360]
-10.825230163902903,-12.418193880182592,-13.916647642723552,-15.309187313601852,-16.585214825083547,-17.735018837319846,-18.749848647507022,-19.62198078801851,-20.34477780665724,-20.91273878167457,-21.321541187106437,-21.56807378980587,-21.650460327805863,-21.56807378980588,-21.32154118710644,-20.91273878167458,-20.34477780665725,-19.62198078801856,-18.74984864750704,-17.735018837319913,-16.58521482508357,-15.309187313601878,-13.91664764272364,-12.418193880182564,-10.82523016390294,-9.149879909623333,-7.404893544382878,-5.603551468072776,-3.7595629815736005,-1.8869619506986073,-2.1211333552411365e-14,1.8869619506985653,3.7595629815736347,5.603551468072658,7.404893544382912,9.149879909623294,10.825230163902901,12.418193880182528,13.91664764272355,15.309187313601848,16.58521482508359,17.735018837319885,18.749848647507022
-11.329476974368827,-12.996642057359445,-14.564894846706457,-16.022299991746134,-17.357765759319324,-18.561128448558573,-19.623229742788553,-20.535986409845833,-21.292451820356558,-21.886868815780417,-22.314713523863475,-22.572729788037524,-22.65895394873771,-22.572729788037535,-22.314713523863485,-21.886868815780428,-21.292451820356572,-20.535986409845883,-19.623229742788574,-18.56112844855864,-17.35776575931935,-16.022299991746163,-14.564894846706549,-12.996642057359413,-11.329476974368863,-9.576087730678136,-7.749818677157013,-5.8645688240343405,-3.9346860610371373,-1.974857961287197,-2.2199372340279133e-14,1.9748579612871526,3.9346860610371737,5.86456882403422,7.749818677157045,9.576087730678093,11.329476974368824,12.996642057359375,14.564894846706453,16.02229999174613,17.35776575931937,18.561128448558616,19.623229742788553
-11.706933934402729,-13.429642893383736,-15.050144160905937,-16.5561047438382,-17.936063372820428,-19.17951772944433,-20.277004375237766,-21.22017077414565,-22.00183886037284,-22.616059667799032,-23.058158605203086,-23.32477103272472,-23.413867868805518,-23.324771032724737,-23.058158605203094,-22.616059667799043,-22.001838860372853,-21.220170774145704,-20.277004375237787,-19.1795177294444,-17.936063372820456,-16.55610474383823,-15.050144160906031,-13.429642893383702,-11.706933934402764,-9.895128139341052,-8.008014444297146,-6.059954923960891,-4.065775487552309,-2.0406530447012523,-2.293897467295339e-14,2.040653044701207,4.0657754875523455,6.059954923960768,8.008014444297181,9.895128139341008,11.706933934402725,13.429642893383663,15.050144160905933,16.556104743838198,17.93606337282048,19.179517729444377,20.277004375237766
-11.982748612752387,-13.74604449398595,-15.404724676531607,-16.94616560266186,-18.358635976181233,-19.631386044674397,-20.754729411612644,-21.72011675568026,-22.520200896272065,-23.148892709974124,-23.601407472469713,-23.874301273180343,-23.965497225504834,-23.874301273180354,-23.601407472469717,-23.14889270997414,-22.520200896272076,-21.720116755680312,-20.754729411612665,-19.631386044674468,-18.358635976181265,-16.946165602661885,-15.404724676531709,-13.746044493985915,-11.982748612752426,-10.128256779194459,-8.196682795938093,-6.202727107312328,-4.161564920090725,-2.0887307110057938,-2.3479415573751416e-14,2.0887307110057467,4.161564920090762,6.202727107312201,8.196682795938129,10.128256779194414,11.982748612752387,13.746044493985876,15.404724676531607,16.94616560266186,18.358635976181287,19.631386044674443,20.754729411612644
-12.173839459939291,-13.965254908283487,-15.650386334324104,-17.216408870398947,-18.651404139418087,-19.94445096091053,-21.085708467801744,-22.066491001354105,-22.87933421427459,-23.518051878904707,-23.97778296814838,-24.255028650823252,-24.347678919878646,-24.255028650823267,-23.97778296814839,-23.518051878904718,-22.879334214274607,-22.06649100135416,-21.085708467801766,-19.944450960910604,-18.65140413941812,-17.216408870398975,-15.650386334324207,-13.96525490828345,-12.173839459939332,-10.289773742539833,-8.32739663382427,-6.301643008505823,-4.2279300748563955,-2.122040040443501,-2.3853845644717498e-14,2.1220400404434536,4.227930074856433,6.3016430085056925,8.327396633824309,10.28977374253979,12.17383945993929,13.965254908283413,15.6503863343241,17.216408870398944,18.65140413941814,19.944450960910583,21.085708467801744
-12.208848204697961,-14.005415290403088,-15.695392709047209,-17.265918712038317,-18.70504064818399,-20.00180593058465,-21.14634539243297,-22.129948397332427,-22.94512913249999,-23.58568358032143,-24.046736734671512,-24.324779702654123,-24.417696409395987,-24.324779702654137,-24.04673673467152,-23.585683580321444,-22.945129132500007,-22.12994839733248,-21.146345392432995,-20.00180593058472,-18.70504064818402,-17.26591871203835,-15.695392709047312,-14.005415290403052,-12.208848204698,-10.319364412251101,-8.351344025624297,-6.319764868283178,-4.240088484315894,-2.128142466747711,-2.392244300025489e-14,2.1281424667476636,4.240088484315933,6.319764868283047,8.351344025624332,10.319364412251055,12.20884820469796,14.005415290403016,15.695392709047205,17.26591871203831,18.705040648184045,20.001805930584695,21.14634539243297
-12.123499972114645,-13.907507820215088,-15.585671136220807,-17.14521808399442,-18.574279569583037,-19.86197957219049,-20.99851791726246,-21.97524486173227,-22.784726923788664,-23.420803456160726,-23.87863353236363,-24.15473278907212,-24.24699994422935,-24.15473278907213,-23.878633532363637,-23.420803456160737,-22.78472692378868,-21.975244861732325,-20.998517917262483,-19.861979572190567,-18.574279569583062,-17.145218083994443,-15.585671136220906,-13.907507820215054,-12.123499972114685,-10.247224968857093,-8.292962396142817,-6.275585372166373,-4.210447354205522,-2.113265289541714,-2.375520869650122e-14,2.113265289541666,4.21044735420556,6.275585372166243,8.292962396142855,10.24722496885705,12.123499972114642,13.907507820215017,15.585671136220803,17.145218083994415,18.57427956958309,19.861979572190542,20.99851791726246
-11.941454535922825,-13.698673875125335,-15.351638034652636,-16.887766959163812,-18.295369780003206,-19.563733789770467,-20.683205972492186,-21.645266468902012,-22.442593417714246,-23.069118679409247,-23.520074018439242,-23.792027392379932,-23.88290907184571,-23.792027392379946,-23.520074018439246,-23.069118679409257,-22.44259341771426,-21.645266468902065,-20.68320597249221,-19.56373378977054,-18.295369780003234,-16.887766959163844,-15.351638034652733,-13.6986738751253,-11.94145453592286,-10.093353517254663,-8.168435983786596,-6.181351720245493,-4.14722363771094,-2.0815326791314748,-2.3398502519330508e-14,2.081532679131428,4.147223637710979,6.181351720245366,8.168435983786631,10.093353517254618,11.941454535922821,13.698673875125262,15.351638034652632,16.88776695916381,18.295369780003256,19.563733789770517,20.683205972492186
-11.59228734273184,-13.298125726402972,-14.902757343668256,-16.393969979017378,-17.760414603876395,-18.991691749568382,-20.078430653549184,-21.012360576568575,-21.786373747990055,-22.394579460217173,-22.83234890053525,-23.096350379171067,-23.18457468546374,-23.096350379171078,-22.832348900535262,-22.394579460217184,-21.786373747990073,-21.01236057656862,-20.078430653549205,-18.99169174956845,-17.760414603876423,-16.393969979017406,-14.902757343668352,-13.298125726402938,-11.592287342731877,-9.798224652768157,-7.92959155686699,-6.000609481199855,-4.02595914411356,-2.020668827000125,-2.2714332142516736e-14,2.020668827000079,4.025959144113596,6.0006094811997315,7.929591556867027,9.798224652768113,11.592287342731836,13.298125726402901,14.90275734366825,16.393969979017378,17.76041460387645,18.991691749568428,20.078430653549184
-11.118112774603093,-12.754175008411805,-14.293170269225007,-15.723385873837296,-17.03393701790966,-18.214849615903358,-19.257136209893165,-20.152864369548922,-20.8952170627202,-21.478544537167128,-21.89840731858644,-22.151609997691462,-22.236225549206242,-22.151609997691473,-21.89840731858645,-21.47854453716714,-20.89521706272021,-20.152864369548976,-19.257136209893183,-18.214849615903425,-17.033937017909686,-15.723385873837326,-14.2931702692251,-12.754175008411773,-11.118112774603127,-9.397434989279718,-7.6052370493614285,-5.755158663329888,-3.8612800448104396,-1.9380147536455032,-2.1785217955163217e-14,1.9380147536454597,3.8612800448104756,5.755158663329769,7.605237049361461,9.397434989279676,11.118112774603091,12.754175008411737,14.293170269225003,15.723385873837296,17.033937017909714,18.2148496159034,19.257136209893165
-10.547327022705812,-12.09939649342541,-13.559382251014627,-14.91617292229483,-16.15944251100486,-17.27972898486798,-18.268506287370663,-19.11824922620077,-19.822490744504968,-20.375871139096304,-20.774178851031746,-21.01438251811869,-21.094654045411676,-21.014382518118705,-20.774178851031756,-20.375871139096315,-19.822490744504986,-19.118249226200813,-18.268506287370684,-17.279728984868047,-16.15944251100488,-14.916172922294859,-13.559382251014718,-12.099396493425377,-10.547327022705844,-8.914986024693338,-7.2147966000171095,-5.459698216801526,-3.6630482335000196,-1.8385202413327277,-2.0666800444667337e-14,1.8385202413326862,3.663048233500054,5.459698216801414,7.2147966000171415,8.9149860246933,10.54732702270581,12.099396493425347,13.559382251014627,14.91617292229483,16.1594425110049,17.27972898486802,18.268506287370663
-9.819533735462686,-11.264506333231159,-12.623749236108793,-13.886917784871505,-15.044398504141078,-16.087382266737958,-17.007931336458004,-17.799039779037876,-18.4546867815452,-18.969882474400396,-19.340705907297206,-19.564334890001962,-19.639067470925422,-19.564334890001973,-19.34070590729721,-18.969882474400407,-18.45468678154521,-17.799039779037916,-17.00793133645802,-16.087382266738018,-15.044398504141101,-13.886917784871532,-12.623749236108875,-11.264506333231129,-9.819533735462718,-8.299828556770857,-6.7169566711884015,-5.082964689528942,-3.4102882774040366,-1.7116575122998603,-1.924073689320618e-14,1.7116575122998219,3.4102882774040677,5.082964689528837,6.716956671188431,8.299828556770821,9.819533735462684,11.2645063332311,12.623749236108791,13.886917784871505,15.044398504141121,16.087382266738,17.007931336458004
-8.97877826318269,-10.300031277965152,-11.542894835393321,-12.697909993333734,-13.75628638901715,-14.709969139007326,-15.551700141727476,-16.275073315995794,-16.874583355171424,-17.345667625862166,-17.68474089231964,-17.88922260224805,-17.957556526365423,-17.889222602248058,-17.684740892319642,-17.34566762586218,-16.874583355171435,-16.275073315995837,-15.551700141727494,-14.709969139007379,-13.75628638901717,-12.69790999333376,-11.542894835393394,-10.300031277965127,-8.978778263182718,-7.589191324282945,-6.14184605692631,-4.6477576325284815,-3.1182969661541993,-1.5651041769884186,-1.7593331296416865e-14,1.5651041769883838,3.118296966154227,4.6477576325283865,6.141846056926337,7.589191324282912,8.978778263182686,10.300031277965097,11.542894835393321,12.697909993333734,13.75628638901719,14.709969139007363,15.551700141727476
-8.054691072612517,-9.239962002675371,-10.35491124265622,-11.391053355614144,-12.340502674429734,-13.19603331649367,-13.951134177036355,-14.600058482566658,-15.137867527288279,-15.56046825963289,-15.864644432854085,-16.048081082607045,-16.109382145225076,-16.04808108260705,-15.864644432854092,-15.5604682596329,-15.137867527288288,-14.600058482566695,-13.951134177036371,-13.19603331649372,-12.340502674429748,-11.391053355614167,-10.354911242656287,-9.239962002675348,-8.054691072612544,-6.808119079931714,-5.509733190197858,-4.169414904018789,-2.797364852858476,-1.40402516607294,-1.578264262431313e-14,1.4040251660729088,2.797364852858501,4.169414904018704,5.509733190197882,6.808119079931686,8.054691072612515,9.239962002675323,10.35491124265622,11.391053355614144,12.34050267442977,13.196033316493702,13.951134177036355
-7.0046953595731045,-8.035456404137324,-9.005062773524784,-9.906135177800195,-10.73181591188455,-11.475821046831845,-12.13248825432258,-12.696819900401215,-13.164521080488324,-13.532032306197738,-13.796556595192488,-13.95608075790919,-14.009390719146246,-13.956080757909199,-13.796556595192493,-13.532032306197749,-13.164521080488335,-12.696819900401247,-12.132488254322594,-11.47582104683189,-10.731815911884565,-9.906135177800211,-9.005062773524845,-8.035456404137307,-7.0046953595731285,-5.9206243537719025,-4.7914938216677,-3.6258971283975807,-2.432705168603714,-1.2209988535693275,-1.3725244401765668e-14,1.2209988535693002,2.4327051686037366,3.625897128397507,4.791493821667721,5.920624353771877,7.004695359573104,8.035456404137284,9.005062773524784,9.906135177800193,10.73181591188458,11.475821046831875,12.13248825432258
-5.870751836270342,-6.734649833898622,-7.547293079798152,-8.30249686818029,-8.99451364221087,-9.618076736388405,-10.168440459048526,-10.641416209943069,-11.033404358017155,-11.341421636775014,-11.563123848739401,-11.696823706209809,-11.741503672540714,-11.696823706209818,-11.563123848739407,-11.34142163677502,-11.033404358017162,-10.641416209943097,-10.168440459048538,-9.61807673638844,-8.994513642210885,-8.302496868180302,-7.5472930797982,-6.734649833898607,-5.87075183627036,-4.962173872311219,-4.015830768941247,-3.038924768594756,-2.0388907158062324,-1.0233394735546313,-1.1503355911803098e-14,1.0233394735546086,2.038890715806251,3.038924768594693,4.015830768941264,4.9621738723111966,5.8707518362703395,6.734649833898589,7.547293079798152,8.302496868180288,8.994513642210896,9.618076736388428,10.168440459048526
-4.679091679642995,-5.367633461938934,-6.015324312523793,-6.617234912938246,-7.168784360069532,-7.6657750295903435,-8.104424522414474,-8.481394451037707,-8.793815846682554,-9.03931099388295,-9.216011526334691,-9.322572646291123,-9.358183359286013,-9.322572646291128,-9.216011526334695,-9.039310993882955,-8.79381584668256,-8.481394451037728,-8.104424522414483,-7.665775029590372,-7.16878436006954,-6.617234912938258,-6.015324312523831,-5.367633461938921,-4.679091679643009,-3.954939184352213,-3.200687213810895,-2.422076080944728,-1.625031486612983,-0.8156194214473389,-9.168375437426913e-15,0.8156194214473207,1.6250314866129976,2.4220760809446786,3.2006872138109093,3.954939184352196,4.679091679642993,5.367633461938907,6.015324312523792,6.617234912938245,7.168784360069551,7.665775029590362,8.104424522414474
-3.410231865548776,-3.912057281144505,-4.384109578665934,-4.822796155095993,-5.224778340701818,-5.586996808327484,-5.906694856720885,-6.181439390694771,-6.409139438450314,-6.588062065135041,-6.7168455615234555,-6.794509807446441,-6.82046373109757,-6.7945098074464445,-6.716845561523457,-6.588062065135044,-6.4091394384503175,-6.181439390694786,-5.9066948567208915,-5.5869968083275054,-5.224778340701826,-4.822796155096002,-4.384109578665962,-3.9120572811444947,-3.410231865548787,-2.8824525263019543,-2.33273598285752,-1.7652659100390653,-1.184361097748467,-0.5944425823672665,-6.682127261591404e-15,0.5944425823672532,1.1843610977484775,1.7652659100390289,2.33273598285753,2.8824525263019423,3.4102318655487753,3.912057281144485,4.3841095786659325,4.8227961550959915,5.224778340701832,5.586996808327498,5.906694856720885
-2.1010115811808054,-2.4101814709319322,-2.7010084243818935,-2.971279072808843,-3.218936493384349,-3.442095863598206,-3.6390588058957816,-3.808326313356706,-3.9486101580426833,-4.05884269518995,-4.138184988630598,-4.186033195603355,-4.202023162361621,-4.186033195603357,-4.1381849886306,-4.058842695189953,-3.948610158042686,-3.808326313356715,-3.6390588058957856,-3.4420958635982193,-3.2189364933843545,-2.971279072808848,-2.701008424381911,-2.410181470931926,-2.1010115811808117,-1.7758517246714336,-1.4371765642487035,-1.0875636223811191,-0.7296736646583157,-0.36623044975848673,-4.116795372583358e-15,0.36623044975847846,0.7296736646583224,1.0875636223810967,1.4371765642487095,1.7758517246714258,2.1010115811808046,2.4101814709319194,2.701008424381893,2.971279072808842,3.2189364933843585,3.442095863598215,3.6390588058957816
