hough_viz/data/file_2_1_2.json
{"header": {"discipline": 0, "disciplineName": "Meteorological products", "gribEdition": 2, "gribLength": 133963, "center": 7, "centerName": "US National Weather Service - NCEP(WMC)", "subcenter": 0, "refTime": "2014-11-30T06:00:00.000Z", "significanceOfRT": 1, "significanceOfRTName": "Start of forecast", "productStatus": 0, "productStatusName": "Operational products", "productType": 1, "productTypeName": "Forecast products", "productDefinitionTemplate": 0, "productDefinitionTemplateName": "Analysis/forecast at horizontal level/layer at a point in time", "parameterCategory": 2, "parameterCategoryName": "Momentum", "parameterNumber": 3, "parameterNumberName": "V-component_of_wind", "parameterUnit": "m.s-1", "genProcessType": 2, "genProcessTypeName": "Forecast", "forecastTime": 6, "surface1Type": 100, "surface1TypeName": "Isobaric surface", "surface1Value": 85000, "surface2Type": 255, "surface2TypeName": "Missing", "surface2Value": 0, "gridDefinitionTemplate": 0, "gridDefinitionTemplateName": "Latitude_Longitude", "numberPoints": 65160, "shape": 6, "shapeName": "Earth spherical with radius of 6,371,229.0 m", "gridUnits": "degrees", "resolution": 48, "winds": "true", "scanMode": 0, "nx": 360, "ny": 181, "basicAngle": 0, "subDivisions": 0, "lo1": 0, "la1": 90, "lo2": 359, "la2": -90, "dx": 1, "dy": 1}, "data":
[rows 133 to 151 of 181, columns 0 to 42 of 360]
0.0,0.06335725848364608,0.12663732590726737,0.18976310525625525,0.252657687492254,0.31524444525497664,0.37744712622084026,0.43918994600467653,0.5003976804913312,0.5609957574846606,0.6209103475622672,0.6800684540252759,0.7383980018335696,0.7958279254181222,0.8522882552634468,0.9077102031546741,0.9620262459853959,1.0151702080241678,1.0670773415394446,1.1176844056847195,1.166929743547752,1.214753357270019,1.261096981144863,1.3059041526052797,1.3491202810148608,1.3906927141780738,1.4305708024888513,1.4687059606393347,1.5050517268135897,1.5395638192941685,1.5722001904125633,1.6029210777778142,1.6316890527208574,1.6584690658955903,1.6832284899811052,1.7059371594330504,1.7265674072357013,1.7450940986099563,1.7614946616361942,1.7757491147546798,1.7878400911100194,1.797752859709995,1.8054753433730142
0.0,0.04141544230096102,0.08278042626503815,0.12404455503105843,0.16515755461437234,0.2060693351579596,0.2467300519592047,0.28709016619798844,0.32710050529210993,0.3667123228065032,0.40587735784325973,0.4445478938400985,0.4826768167056465,0.5202176722207029,0.5571247226355475,0.5933530023943453,0.6288583729187491,0.6635975763839582,0.6975282884217134,0.7306091696860231,0.7627999162187854,0.7940613085539548,0.824355259500419,0.8536448605453753,0.8818944268216674,0.9090695405843,0.9351370931431585,0.9600653252008485,0.9838238655465078,1.0063837680584478,1.027717546970544,1.0477992103594087,1.0666042918115461,1.084109880231907,1.1002946477575308,1.1151388757422596,1.128624478780872,1.1407350267433636,1.151455764792529,1.1607736313604577,1.1686772740620452,1.1751570635261215,1.18020510512736
0.0,0.020863818170212933,0.04170221699181028,0.06248980808573719,0.08320126497432866,0.10381135393772127,0.124294964757254,0.14462714130840162,0.16478311196596823,0.1847383197844968,0.20446845241712466,0.2239494717364329,0.24315764312120186,0.26206956437339135,0.28066219423011346,0.29891288043586295,0.31679938734080093,0.3342999229914689,0.35139316568092716,0.3680582899259709,0.3842749918397733,0.4000235138690438,0.41528466886556337,0.43003986346276957,0.4442711207289091,0.45796110206916074,0.47109312835004075,0.48365120022035984,0.4956200176039664,0.506984998340534,0.5177322959516758,0.5278488165107469,0.5373222345957768,0.546141008306097,0.5542943933243695,0.561772456006882,0.5685660854861632,0.5746670047711713,0.5800677808315315,0.5847618336535405,0.5887434442568981,0.5920077616624039,0.5945508088021291
0.0,0.0010878628712338856,0.002174400349131604,0.003258288655144599,0.0043382072383322005,0.00541284038424948,0.006480878817942706,0.007541021299099119,0.008591976207407846,0.009632463116200344,0.010661214352452932,0.011676976541251258,0.012678512132834401,0.013664600910358773,0.014634041476544266,0.01558565271739188,0.016518275241189113,0.017430772791050195,0.018322033629270106,0.01919097189180567,0.020036528911233687,0.020857674506574032,0.0216534082384066,0.02242276062775245,0.023164794337234933,0.02387860531308051,0.02456332388656925,0.02521811583359222,0.02584218339102491,0.026434766228678828,0.026995142375646704,0.027522629099912724,0.028016583740156503,0.028476404488736846,0.028901531124901438,0.029291445697330016,0.029645673155177635,0.02996378192685155,0.03024538444581441,0.03049013762277438,0.03069774326368663,0.030867948433056937,0.031000545762104526
0.0,-0.017826906806652443,-0.03563209427338547,-0.05339386952194973,-0.07109059256519659,-0.08870070267206907,-0.10620274463603144,-0.12357539491493358,-0.14079748761046212,-0.1578480402555277,-0.1747062793781686,-0.19135166581082652,-0.20776391971415842,-0.22392304528489712,-0.2398093551176571,-0.2554034941910055,-0.2706864634485746,-0.28563964294648486,-0.3002448145388787,-0.3144841840739253,-0.3283404030732527,-0.34179658986839734,-0.3548363501685157,-0.36744379703430347,-0.3796035702337829,-0.39130085495637995,-0.40252139986248847,-0.41325153444653323,-0.4234781856923737,-0.43318889400076205,-0.4423718283694442,-0.4510158008074144,-0.45911027996575926,-0.466645403968483,-0.4736119924276853,-0.48000155762844904,-0.48580631486981435,-0.49101919194923704,-0.49563383777897796,-0.499644630123925,-0.5030466824514215,-0.5058358498847518,-0.5080087342530372
0.0,-0.035249971824487004,-0.07045699698814777,-0.10557818115404685,-0.14057073456928187,-0.17539202419770591,-0.20999962566171523,-0.24435137492981837,-0.27840541968701327,-0.312120270325387,-0.34545485049281116,-0.3783685471381502,-0.41082125999200814,-0.44277345042272975,-0.4741861896081328,-0.5050212059642814,-0.5352409317735156,-0.564808548954929,-0.5936880339215284,-0.6218442014694251,-0.6492427476455878,-0.6758502915419228,-0.7016344159647706,-0.7265637069302618,-0.750607791937418,-0.7737373769723652,-0.7959242821985777,-0.8171414762896683,-0.837363109362895,-0.8565645444732624,-0.8747223876298418,-0.8918145162977491,-0.9078201063510429,-0.9227196574437153,-0.9364950167678597,-0.9491294011700713,-0.9606074175991333,-0.9709150818600805,-0.9800398356517842,-0.9879705618673098,-0.9946975981383988,-1.0002127486075754,-1.0045092939135363
0.0,-0.051864226210212,-0.10366526384985847,-0.15534000133391362,-0.20682548095463626,-0.25805897558583873,-0.3089780651062278,-0.35952071244870726,-0.40962533918298827,-0.45923090053942117,-0.5082769597826443,-0.5567037618444358,-0.6044523061260606,-0.6514644183814109,-0.6976828215933643,-0.7430512057570058,-0.7875142964846967,-0.831017922349399,-0.8735090808842164,-0.9149360031577349,-0.9552482168464934,-0.9943966077277323,-1.0323334795175099,-1.069012611981277,-1.1043893172461148,-1.1384204942460217,-1.1710646812339234,-1.2022821062964273,-1.23203473580977,-1.2602863207779313,-1.2870024409964502,-1.3121505469881432,-1.3356999996596284,-1.3576221076303407,-1.3778901621885595,-1.3964794698318603,-1.4133673823523427,-1.4285333244299847,-1.4419588187004981,-1.4536275082671533,-1.4635251766291377,-1.471639765002171,-1.4779613870102766
0.0,-0.06760291059488574,-0.13512345745664173,-0.20247937719965975,-0.26958860701111714,-0.3363693846318728,-0.4027403479711864,-0.46862063423389183,-0.5339299784392583,-0.5985888112115046,-0.6625183557228278,-0.725640723670832,-0.787879010173428,-0.8491573874655856,-0.9094011972837845,-0.9685370418256086,-1.026492873173663,-1.0831980810748607,-1.138583578968142,-1.192581888155806,-1.2451272200159094,-1.2961555561555689,-1.34560472640751,-1.3934144845748422,-1.439526581831767,-1.4838848376908014,-1.5264352084500459,-1.5671258530371133,-1.605907196169487,-1.642731988754368,-1.6775553654544169,-1.7103348993492538,-1.7410306536261289,-1.769605230236773,-1.7960238154611634,-1.820254222322674,-1.8422669298029535,-1.862035118808734,-1.8795347048467683,-1.8947443673670732,-1.9076455757387367,-1.9182226118266381,-1.9264625891415699
0.0,-0.08179512882870967,-0.16349060289251527,-0.24498688884049308,-0.32618469600175615,-0.4069850973558417,-0.4872896500600475,-0.5670005153868715,-0.6460205779254304,-0.724253563901629,-0.8016041584729223,-0.8779781218547713,-0.9532824041373021,-1.0274252586522896,-1.1003163537523377,-1.1718668828660794,-1.2419896726953044,-1.3105992894221934,-1.3776121427972652,-1.4429465879812216,-1.506523025016606,-1.5682639958080897,-1.6280942784932309,-1.6859409790887263,-1.7417336203005012,-1.7954042273894373,-1.8468874109881186,-1.8961204467677082,-1.943043351857876,-1.9875989579266886,-2.029732980831416,-2.0693940867553975,-2.106533954750392,-2.1411073356082015,-2.173072106989875,-2.202389324745279,-2.229023270360549,-2.2529414944755977,-2.2741148564186617,-2.2925175597097187,-2.3081271834895283,-2.320924709835993,-2.330894546934567
0.0,-0.09517066252515156,-0.19022537425793298,-0.28504832567415367,-0.3795239896138691,-0.4735372620334289,-0.5669736022420244,-0.6597191724518764,-0.7516609764720438,-0.8426869973768775,-0.9326863339813886,-1.0215493359572592,-1.1091677374248785,-1.1954347888586374,-1.2802453871447856,-1.363496203633381,-1.445085810028339,-1.5249148019621823,-1.602885920104953,-1.6789041686597233,-1.752876931100344,-1.8247140830104114,-1.8943281018859877,-1.961634173768291,-2.0265502965764375,-2.088997380014349,-2.14889934193009,-2.206183201010259,-2.260779165696466,-2.3126207192156074,-2.3616447006202965,-2.4077913817407586,-2.4510045399543996,-2.491231526684413,-2.52842333154396,-2.5625346420477775,-2.593523898818462,-2.621353346220167,-2.6459890783580318,-2.6674010803872887,-2.6855632650817327,-2.7004535046169824,-2.712053657529831
0.0,-0.10768367329417221,-0.21523615061983378,-0.32252639585055237,-0.4294236923493099,-0.5357978022265887,-0.6415191250151787,-0.7464588555683838,-0.8504891409892505,-0.9534832363996314,-1.0553156593592923,-1.1558623427469399,-1.255000785916895,-1.3526102039472616,-1.4485716747977484,-1.5427682841978545,-1.6350852680889025,-1.7254101524463612,-1.8136328903121235,-1.899645995869771,-1.9833446753994846,-2.0646269549530514,-2.14339380459341,-2.219549259047376,-2.2930005346245466,-2.3636581422599336,-2.4314359965426013,-2.496251520597486,-2.558025746692592,-2.6166834124490133,-2.672153052536545,-2.7243670857431854,-2.7732618973124263,-2.818777916448038,-2.8608596888919116,-2.8994559444865224,-2.934519659639726,-2.9660081146157604,-2.9938829455826603,-3.0181101913526827,-3.0386603347587773,-3.055508338616711,-3.0686336762290187
0.0,-0.1186387160607205,-0.2371328891208143,-0.3553381522830356,-0.47311049064234656,-0.590306416745894,-0.7067831454103695,-0.8223987676837602,-0.9370124237395465,-1.0504844744927058,-1.162676671728424,-1.2734523265362532,-1.382676475844491,-1.490216046851896,-1.595940019156397,-1.6997195843832698,-1.8014283031183025,-1.9009422589547436,-1.9981402094663556,-2.0929037339226366,-2.18511737756624,-2.274668792276808,-2.361448873449853,-2.4453518929239126,-2.526275627794028,-2.6041214849546055,-2.6787946212199296,-2.7502040588759753,-2.818262796522741,-2.8828879150720472,-2.944000678771679,-3.0015266311327675,-3.0553956856435556,-3.105542211159011,-3.151905111862276,-3.1944279017004997,-3.2330587732043976,-3.2677506606076734,-3.2984612971894,-3.3251532667695125,-3.3477940492946647,-3.3663560604588905,-3.3808166853108466
0.0,-0.12879129649533655,-0.25742568063467197,-0.3857464312355402,-0.5135972092296307,-0.64082224813786,-0.7672665438478335,-0.8927760434624795,-1.017197832989773,-1.1403803236448835,-1.262173436537755,-1.382428785521119,-1.5009998579761554,-1.6177421933155514,-1.7325135589864742,-1.8451741237590267,-1.9555866280890646,-2.0636165513478035,-2.169132275714486,-2.2720052465324225,-2.3721101289330395,-2.4693249605371057,-2.5635313000471083,-2.654614371549728,-2.742463204352612,-2.826970768185064,-2.908034103597948,-2.98555444740391,-3.0594373530051193,-3.1295928054618893,-3.1959353311620187,-3.2583841019572253,-3.316863033639792,-3.371300878639451,-3.4216313128275786,-3.4677930163229247,-3.5097297482004453,-3.5473904150122078,-3.5807291330368813,-3.6097052841819885,-3.634283565470794,-3.654434032053542,-3.670132133690641
0.0,-0.13811683273650677,-0.27606539138759134,-0.41367760688388355,-0.5507858199383383,-0.6872229853132497,-0.8228228753391427,-0.9574202824375826,-1.0908512204011611,-1.22295312418543,-1.3535650479693664,-1.482527861243064,-1.6096844426837473,-1.7348798715839013,-1.857961616598288,-1.9787797215798961,-2.09718698827841,-2.2130391556785973,-2.326195075760139,-2.4365168854647488,-2.543870174661075,-2.648124149902738,-2.749151793779999,-2.846830019670909,-2.9410398217033977,-3.0316664197455965,-3.1185993992477474,-3.2017328457653265,-3.280965473999477,-3.3562007511975476,-3.427347014763378,-3.4943175839340554,-3.5570308653870697,-3.6154104526492103,-3.669385219186086,-3.718889405058846,-3.7638626970425406,-3.8042503021084912,-3.8400030141811587,-3.8710772740881674,-3.8974352226304414,-3.919044746707813,-3.935879518443886
0.0,-0.14591146434376817,-0.29164515804417157,-0.4370235270439907,-0.5818694501944207,-0.7260064550499065,-0.8692589328726351,-1.0114523525847325,-1.1524134734074967,-1.291970555928601,-1.4299535713401141,-1.566194408592411,-1.7005270792115927,-1.8327879195308705,-1.9628157900895364,-2.090452271956573,-2.2155418597397176,-2.337932151044831,-2.457474032154736,-2.574021859701316,-2.687433638109522,-2.7975711925971094,-2.9043003375193237,-3.0074910398534422,-3.1070175776239792,-3.2027586930755514,-3.2945977404067666,-3.3824228278851733,-3.466126954170098,-3.5456081386772946,-3.620769545826577,-3.691519603021063,-3.7577721122142695,-3.8194463549291653,-3.8764671906011876,-3.9287651481254566,-3.9762765104966147,-4.0189433924381746,-4.05671381092682,-4.0895417485257095,-4.117387209449636,-4.140216268293728,-4.158001111366329
0.0,-0.15293641188060525,-0.3056864943013823,-0.4580641448162478,-0.6098837147300271,-0.7609602352827924,-0.9111096430058041,-1.0601490039744947,-1.2078967366852777,-1.3541728332846386,-1.4987990788809762,-1.6415992686719965,-1.7823994226231228,-1.9210279974353663,-2.0573160955444134,-2.1910976708962897,-2.322209731248902,-2.4504925367529755,-2.575789794570452,-2.697948849293247,-2.8168208689303396,-2.932261026236633,-3.044128675162642,-3.1522875222100417,-3.2566057924842964,-3.3569563902420767,-3.4532170537378377,-3.545270504180928,-3.6330045886217315,-3.7163124165927557,-3.795092490338206,-3.8692488284733613,-3.9386910829231145,-4.003334648997176,-4.063100768467866,-4.1179166255248685,-4.1677154354901,-4.212436526184537,-4.25202541184792,-4.286433859521271,-4.3156199478113155,-4.3395481179652435,-4.3581892171935745
0.0,-0.1591871909784842,-0.3181804368856682,-0.47678602894244587,-0.634810730666215,-0.792062013299764,-0.9483482903779075,-1.103479151146081,-1.2572655925465157,-1.4095202494893506,-1.5600576231281325,-1.708694306861588,-1.8552492097863134,-1.9995437773281473,-2.1414022087834135,-2.2806516715050007,-2.417122511472318,-2.550648459988587,-2.681066836253635,-2.808218745565395,-2.9319492729086196,-3.0521076716949698,-3.168547547424505,-3.2811270360448366,-3.3897089767906223,-3.49416107929283,-3.5943560847541716,-3.690171920994351,-3.781491851176208,-3.868204616031573,-3.950204569413546,-4.027391807010058,-4.0996722880618774,-4.166957949936798,-4.229166815420387,-4.286223092592594,-4.33805726716853,-4.384606187190918,-4.42581313997102,-4.461627921184319,-4.492006896036753,-4.5169130524269825,-4.536316046039948
0.0,-0.16396727331341304,-0.3277347777615159,-0.4911029878665887,-0.6538728646295623,-0.8158460980283782,-0.9768253486282039,-1.1366144880091364,-1.2950188377184697,-1.4518454064564028,-1.6069031252062096,-1.760003080022404,-1.9109587421932817,-2.059586195497426,-2.20570436027729,-2.3491352140568655,-2.489704008434654,-2.627239481987667,-2.7615740689270956,-2.892544103251412,-3.019990018148179,-3.143756540401634,-3.26369287956918,-3.3796529116963208,-3.491495357346181,-3.5990839537267463,-3.702287620706078,-3.8009806205132692,-3.8950427109305457,-3.9843592917898865,-4.068821544595682,-4.1483265651033,-4.222777488692062,-4.292083608379858,-4.356160485335641,-4.414930051755125,-4.468320705974385,-4.516267399705458,-4.558711717287651,-4.595601946858038,-4.626893143354389,-4.652547183273816,-4.672532811120378
0.0,-0.16802537138337664,-0.335846029734047,-0.5032575114306013,-0.6700558513703545,-0.8360378314694042,-1.0010012282525642,-1.1647450592315174,-1.3270698277710191,-1.4877777661448182,-1.6466730764851665,-1.8035621693323596,-1.9582538994936762,-2.1105597989243496,-2.2602943063468475,-2.407274993328708,-2.551322786543485,-2.6922621859440072,-2.829921478582153,-2.9641329478146337,-3.094733077639881,-3.221562751917111,-3.344467448224828,-3.463297426122602,-3.5779079095867172,-3.688159263397464,-3.7939171632631443,-3.8950527594735265,-3.991442833883373,-4.0829699500347685,-4.169522596235353,-4.250995321418144,-4.3272888636174205,-4.398310270904128,-4.463973014633499,-4.524197094866869,-4.578909137839281,-4.628042485354119,-4.671537275995848,-4.7093405180619285,-4.741406154125047,-4.767695117146993,-4.78817537807583
