hough_viz/data/file_5_1_2.json
{"header": {"discipline": 0, "disciplineName": "Meteorological products", "gribEdition": 2, "gribLength": 133963, "center": 7, "centerName": "US National Weather Service - NCEP(WMC)", "subcenter": 0, "refTime": "2014-11-30T06:00:00.000Z", "significanceOfRT": 1, "significanceOfRTName": "Start of forecast", "productStatus": 0, "productStatusName": "Operational products", "productType": 1, "productTypeName": "Forecast products", "productDefinitionTemplate": 0, "productDefinitionTemplateName": "Analysis/forecast at horizontal level/layer at a point in time", "parameterCategory": 2, "parameterCategoryName": "Momentum", "parameterNumber": 3, "parameterNumberName": "V-component_of_wind", "parameterUnit": "m.s-1", "genProcessType": 2, "genProcessTypeName": "Forecast", "forecastTime": 6, "surface1Type": 100, "surface1TypeName": "Isobaric surface", "surface1Value": 85000, "surface2Type": 255, "surface2TypeName": "Missing", "surface2Value": 0, "gridDefinitionTemplate": 0, "gridDefinitionTemplateName": "Latitude_Longitude", "numberPoints": 65160, "shape": 6, "shapeName": "Earth spherical with radius of 6,371,229.0 m", "gridUnits": "degrees", "resolution": 48, "winds": "true", "scanMode": 0, "nx": 360, "ny": 181, "basicAngle": 0, "subDivisions": 0, "lo1": 0, "la1": 90, "lo2": 359, "la2": -90, "dx": 1, "dy": 1}, "data":
[rows 0 to 18 of 181, columns 172 to 214 of 360]
-0.00010494798007691033,-9.364786674109916e-05,-8.163503659326047e-05,-6.900091452436455e-05,-5.584165383204635e-05,-4.225740443595408e-05,-2.8351550676386062e-05,-1.4229924497035825e-05,-9.997408626221351e-20,1.4229924497035337e-05,2.8351550676385578e-05,4.225740443595388e-05,5.584165383204616e-05,6.900091452436437e-05,8.163503659326028e-05,9.364786674109921e-05,0.00010494798007690994,0.00011544937591501247,0.00012507213229216306,0.00013374301422195195,0.00014139603105727151,0.00014797293871898767,0.00015342368296854882,0.00015770678035096692,0.0001607896339089564,0.00016264878126546342,0.00016327007318652094,0.00016264878126546345,0.0001607896339089565,0.00015770678035096695,0.00015342368296854906,0.00014797293871898778,0.00014139603105727162,0.0001337430142219521,0.0001250721322921632,0.00011544937591501305,0.00010494798007691013,9.364786674109942e-05,8.163503659326049e-05,6.900091452436456e-05,5.584165383204637e-05,4.2257404435954384e-05,2.8351550676385795e-05
-8.482936196490898e-06,-7.569549008185291e-06,-6.598552981308752e-06,-5.577337981929252e-06,-4.513676072818479e-06,-3.4156623633614507e-06,-2.2916534008859384e-06,-1.1502035722914838e-06,-8.080896787563989e-21,1.1502035722914442e-06,2.2916534008859e-06,3.4156623633614337e-06,4.513676072818464e-06,5.577337981929239e-06,6.598552981308738e-06,7.569549008185295e-06,8.482936196490866e-06,9.331763118204227e-06,1.0109569687915458e-05,1.0810436327976572e-05,1.1429029020061836e-05,1.1960639900268048e-05,1.2401223088801373e-05,1.2747425481565703e-05,1.2996612269309353e-05,1.314688699011452e-05,1.3197105962617504e-05,1.3146886990114521e-05,1.2996612269309367e-05,1.2747425481565706e-05,1.2401223088801391e-05,1.1960639900268059e-05,1.1429029020061846e-05,1.0810436327976584e-05,1.0109569687915471e-05,9.331763118204274e-06,8.48293619649088e-06,7.569549008185311e-06,6.598552981308752e-06,5.577337981929252e-06,4.51367607281848e-06,3.4156623633614736e-06,2.2916534008859172e-06
8.798210768392856e-05,7.850876872472858e-05,6.843793063064296e-05,5.7846238560506034e-05,4.68143016864094e-05,3.542607970923118e-05,2.376824387461418e-05,1.1929517352452859e-05,8.38122926870855e-20,-1.1929517352452449e-05,-2.376824387461378e-05,-3.542607970923102e-05,-4.681430168640923e-05,-5.78462385605059e-05,-6.843793063064282e-05,-7.850876872472864e-05,-8.79821076839282e-05,-9.678584967860404e-05,-0.00010485299291633214,-0.0001121221415659988,-0.00011853797301714785,-0.00012405165891845156,-0.00012862123679094608,-0.00013221192938783546,-0.0001347964093703377,-0.00013635500728523438,-0.00013687586126128593,-0.0001363550072852344,-0.0001347964093703378,-0.00013221192938783552,-0.0001286212367909463,-0.00012405165891845164,-0.00011853797301714793,-0.00011212214156599891,-0.00010485299291633226,-9.678584967860452e-05,-8.798210768392837e-05,-7.85087687247288e-05,-6.843793063064298e-05,-5.784623856050605e-05,-4.6814301686409404e-05,-3.542607970923144e-05,-2.3768243874613958e-05
0.00033527346002518936,0.0002991734027015731,0.000260796455137559,0.00022043468907674386,0.00017839528192994863,0.000134998178969651,9.057365835326607e-05,4.54598175069408e-05,3.193835440131879e-19,-4.545981750693924e-05,-9.057365835326455e-05,-0.00013499817896965035,-0.00017839528192994803,-0.00022043468907674332,-0.00026079645513755843,-0.0002991734027015733,-0.000335273460025188,-0.0003688218838743611,-0.0003995633504865093,-0.00042726389873850754,-0.000451712710732109,-0.000472723716245448,-0.0004901370088397744,-0.0005038200628440132,-0.000513668741955137,-0.0005196080917783159,-0.000521592910275118,-0.0005196080917783161,-0.0005136687419551375,-0.0005038200628440133,-0.0004901370088397751,-0.00047272371624544835,-0.0004517127107321094,-0.0004272638987385079,-0.00039956335048650974,-0.000368821883874363,-0.00033527346002518865,-0.0002991734027015739,-0.0002607964551375591,-0.0002204346890767439,-0.00017839528192994865,-0.00013499817896965192,-9.057365835326522e-05
0.0008336197820658223,0.0007438610462672425,0.0006484410787509908,0.0005480860830860176,0.00044355982138533036,0.00033565780161516016,0.00022520122329897882,0.00011303072769327125,7.941112915280575e-19,-0.0001130307276932674,-0.000225201223298975,-0.0003356578016151586,-0.00044355982138532895,-0.0005480860830860162,-0.0006484410787509894,-0.0007438610462672427,-0.0008336197820658191,-0.0009170341679694881,-0.0009934693701345427,-0.0010623436705196664,-0.001123132894111486,-0.0011753743982129369,-0.0012186705934335192,-0.001252691969584651,-0.0012771796034511504,-0.0012919471293532576,-0.0012968821575019816,-0.001291947129353258,-0.0012771796034511515,-0.0012526919695846513,-0.0012186705934335213,-0.0011753743982129375,-0.0011231328941114869,-0.0010623436705196672,-0.000993469370134544,-0.0009170341679694928,-0.0008336197820658205,-0.0007438610462672443,-0.0006484410787509908,-0.0005480860830860177,-0.0004435598213853305,-0.0003356578016151625,-0.00022520122329897668
0.0021707469428849215,0.0019370150839202337,0.001688541370565232,0.001427216837811079,0.0011550303231440844,0.0008740533302915911,0.0005864242638277542,0.00029433215462352477,2.0678667846905967e-18,-0.0002943321546235147,-0.0005864242638277444,-0.000874053330291587,-0.0011550303231440803,-0.0014272168378110755,-0.0016885413705652282,-0.001937015083920235,-0.0021707469428849137,-0.0023879581068813973,-0.002586995467795995,-0.0027663442311300916,-0.002924639444500966,-0.003060676385753615,-0.0031734197316237427,-0.0032620114371729953,-0.003325777266029,-0.003364231921731307,-0.003377082741130464,-0.003364231921731307,-0.003325777266029002,-0.003262011437172996,-0.003173419731623748,-0.0030606763857536166,-0.0029246394445009687,-0.002766344231130094,-0.002586995467795998,-0.0023879581068814095,-0.0021707469428849167,-0.0019370150839202389,-0.0016885413705652328,-0.0014272168378110792,-0.0011550303231440847,-0.0008740533302915973,-0.0005864242638277488
0.004289252436400933,0.003827413736678321,0.0033364461073639965,0.002820086108571402,0.0022822635516780085,0.0017270715910879463,0.0011587355728553772,0.0005815808772496874,4.085968045910965e-18,-0.0005815808772496674,-0.0011587355728553577,-0.0017270715910879383,-0.002282263551678001,-0.0028200861085713944,-0.0033364461073639895,-0.003827413736678324,-0.004289252436400917,-0.004718447335161067,-0.005111732000624262,-0.0054661132990145335,-0.005778894174669842,-0.006047694176264217,-0.006270467573479627,-0.006445518926249027,-0.00657151598807893,-0.0066474998452497125,-0.006672892214727993,-0.0066474998452497125,-0.006571515988078935,-0.00644551892624903,-0.006270467573479639,-0.006047694176264221,-0.005778894174669845,-0.005466113299014539,-0.005111732000624269,-0.004718447335161091,-0.0042892524364009236,-0.003827413736678332,-0.0033364461073639978,-0.0028200861085714026,-0.0022822635516780094,-0.0017270715910879583,-0.0011587355728553666
0.007445325696051071,0.006643661632333521,0.005791435292041357,0.004895132632212536,0.003961575057290644,0.002997867504118368,0.002011344369077881,0.001009513688905736,7.092462692867465e-18,-0.0010095136889057014,-0.0020113443690778473,-0.0029978675041183542,-0.003961575057290632,-0.004895132632212524,-0.0057914352920413435,-0.006643661632333525,-0.007445325696051043,-0.008190326335611045,-0.008872993646302821,-0.009488132117686182,-0.010031060174563119,-0.010497645806591913,-0.01088433801538068,-0.011188193839729434,-0.011406900753341692,-0.01153879426454604,-0.011582870584082715,-0.01153879426454604,-0.011406900753341703,-0.01118819383972944,-0.0108843380153807,-0.01049764580659192,-0.010031060174563124,-0.009488132117686192,-0.008872993646302833,-0.008190326335611087,-0.0074453256960510545,-0.00664366163233354,-0.005791435292041357,-0.004895132632212537,-0.0039615750572906455,-0.0029978675041183894,-0.002011344369077862
0.013000205635887023,0.011600428365598284,0.01011236483091721,0.008547340093860063,0.0069172649376635165,0.0052345452185326175,0.003511987449583903,0.0017627013355477825,1.2384075221993029e-17,-0.0017627013355477224,-0.003511987449583843,-0.005234545218532593,-0.006917264937663492,-0.00854734009386004,-0.010112364830917188,-0.011600428365598289,-0.013000205635886972,-0.014301043491547778,-0.015493041771031805,-0.016567128647683876,-0.01751512967182125,-0.018329829983231648,-0.019005029220615668,-0.01953558871008044,-0.019917470573550505,-0.020147768459458308,-0.02022472966183442,-0.02014776845945831,-0.01991747057355052,-0.019535588710080445,-0.019005029220615706,-0.01832982998323166,-0.01751512967182126,-0.016567128647683893,-0.015493041771031826,-0.014301043491547852,-0.013000205635886997,-0.011600428365598315,-0.010112364830917212,-0.008547340093860063,-0.006917264937663517,-0.005234545218532655,-0.00351198744958387
0.02035738766814028,0.01816543706840081,0.015835236523980053,0.013384520268034626,0.010831939731055049,0.008196921592218163,0.005499519930627973,0.0027602636016646684,1.939257172283343e-17,-0.0027602636016645743,-0.00549951993062788,-0.008196921592218125,-0.010831939731055014,-0.013384520268034588,-0.015835236523980015,-0.01816543706840082,-0.020357387668140204,-0.0223944062555983,-0.02426098988933917,-0.025942932740835933,-0.0274274342094038,-0.028703196342500587,-0.029760509819967085,-0.030591327847816527,-0.03118932739919527,-0.031549957336435376,-0.031670473047960106,-0.031549957336435376,-0.031189327399195298,-0.030591327847816534,-0.029760509819967137,-0.028703196342500605,-0.02742743420940382,-0.02594293274083596,-0.024260989889339196,-0.022394406255598413,-0.020357387668140242,-0.018165437068400857,-0.015835236523980056,-0.013384520268034626,-0.010831939731055054,-0.008196921592218222,-0.005499519930627921
0.02994992495149849,0.02672511256251348,0.02329690592986364,0.01969139577603121,0.01593602221035318,0.012059365893221135,0.00809093051999755,0.004060918280079199,2.8530481277044504e-17,-0.004060918280079061,-0.008090930519997413,-0.012059365893221081,-0.015936022210353125,-0.019691395776031156,-0.023296905929863592,-0.026725112562513493,-0.029949924951498372,-0.03294680032734323,-0.035692930658875174,-0.03816741623611227,-0.04035142472967644,-0.04222833451619144,-0.04378386117887264,-0.04500616622056446,-0.04588594716185158,-0.046416508338544604,-0.04659381185972728,-0.04641650833854462,-0.045885947161851605,-0.04500616622056447,-0.04378386117887271,-0.04222833451619147,-0.040351424729676476,-0.03816741623611231,-0.035692930658875216,-0.0329468003273434,-0.029949924951498424,-0.026725112562513555,-0.023296905929863644,-0.019691395776031212,-0.015936022210353184,-0.012059365893221222,-0.008090930519997474
0.044111462235783286,0.03936182796642994,0.034312626418930604,0.029002285065853017,0.02347121881136556,0.01776152240941431,0.011916650097227087,0.005981084882329664,4.202084811428227e-17,-0.005981084882329459,-0.011916650097226882,-0.017761522409414227,-0.02347121881136548,-0.029002285065852947,-0.03431262641893053,-0.039361827966429966,-0.04411146223578312,-0.04852538164229285,-0.052569993594078386,-0.05621451615198293,-0.059431212298717874,-0.06219560103431257,-0.06448664369130534,-0.06628690405170731,-0.06758268104714872,-0.06836411303228283,-0.06862525283786121,-0.06836411303228285,-0.06758268104714876,-0.06628690405170733,-0.06448664369130545,-0.0621956010343126,-0.05943121229871792,-0.056214516151982995,-0.05256999359407844,-0.0485253816422931,-0.0441114622357832,-0.03936182796643005,-0.03431262641893061,-0.029002285065853024,-0.02347121881136556,-0.017761522409414438,-0.011916650097226974
0.06134889561260627,0.054743247052803055,0.0477209693280518,0.040335506212005136,0.032643065538440263,0.024702191425706132,0.016573318720631555,0.008318313052849188,5.844133233980767e-17,-0.008318313052848903,-0.016573318720631273,-0.02470219142570601,-0.032643065538440146,-0.04033550621200503,-0.0477209693280517,-0.05474324705280309,-0.06134889561260604,-0.06748764203332112,-0.07311276674801045,-0.07818145916105182,-0.08265514346262168,-0.08649977221390097,-0.08968608546864185,-0.09218983345902744,-0.09399196115104635,-0.09507875326480802,-0.0954419386561036,-0.09507875326480802,-0.09399196115104644,-0.09218983345902748,-0.08968608546864199,-0.08649977221390101,-0.08265514346262173,-0.07818145916105189,-0.07311276674801054,-0.06748764203332144,-0.06134889561260616,-0.0547432470528032,-0.047720969328051824,-0.040335506212005136,-0.03264306553844027,-0.02470219142570631,-0.0165733187206314
0.08222969610532162,0.07337573926995913,0.06396334875326971,0.05406415853044218,0.04375350741636611,0.0331098656917616,0.02221423789695949,0.0111495463384375,7.833251031343761e-17,-0.011149546338437118,-0.022214237896959116,-0.03310986569176144,-0.04375350741636597,-0.05406415853044205,-0.06396334875326957,-0.07337573926995918,-0.08222969610532131,-0.09045783530167395,-0.0979975357514468,-0.10479141578162125,-0.11078776986291045,-0.1159409621200587,-0.12021177364840609,-0.1235677009934358,-0.1259832035216875,-0.1274398978004011,-0.12792669750653943,-0.1274398978004011,-0.1259832035216876,-0.12356770099343582,-0.1202117736484063,-0.11594096212005875,-0.11078776986291053,-0.10479141578162134,-0.09799753575144696,-0.09045783530167438,-0.08222969610532146,-0.07337573926995934,-0.06396334875326973,-0.05406415853044218,-0.043753507416366126,-0.03310986569176183,-0.022214237896959286
0.11015887469450854,0.09829768624589694,0.08568839305118857,0.07242695944529456,0.05861431294542752,0.04435557613175625,0.029759266601093473,0.01493647108245931,1.0493801627421838e-16,-0.014936471082458797,-0.029759266601092967,-0.04435557613175604,-0.05861431294542733,-0.07242695944529438,-0.08568839305118837,-0.098297686245897,-0.11015887469450812,-0.12118168759094693,-0.1312822346733155,-0.1403836446794395,-0.14841665038359036,-0.15532011576189872,-0.1610415012744087,-0.16553726372270353,-0.16877318763993576,-0.17072464569119122,-0.17137678610237714,-0.17072464569119122,-0.1687731876399359,-0.1655372637227036,-0.16104150127440897,-0.1553201157618988,-0.14841665038359048,-0.14038364467943962,-0.13128223467331568,-0.12118168759094752,-0.11015887469450832,-0.09829768624589721,-0.08568839305118858,-0.07242695944529458,-0.058614312945427564,-0.04435557613175656,-0.02975926660109319
0.1424889884177073,0.1271467043923721,0.11083675717333207,0.09368327530713959,0.0758168071483508,0.05737332730772362,0.03849320180332284,0.019320119790367286,1.3573587990019358e-16,-0.019320119790366626,-0.03849320180332219,-0.05737332730772335,-0.07581680714835055,-0.09368327530713932,-0.11083675717333184,-0.1271467043923722,-0.1424889884177068,-0.1567468452039791,-0.16981176385191693,-0.1815843124417951,-0.19197489477038512,-0.20090443223216226,-0.20830496565523934,-0.21412017251170318,-0.21830579556605773,-0.22082997969951126,-0.22167351434666413,-0.22082997969951126,-0.21830579556605786,-0.21412017251170326,-0.20830496565523968,-0.2009044322321624,-0.1919748947703853,-0.18158431244179526,-0.16981176385191707,-0.1567468452039799,-0.14248898841770702,-0.12714670439237244,-0.11083675717333209,-0.0936832753071396,-0.07581680714835083,-0.05737332730772403,-0.03849320180332248
0.17984265926187656,0.16047837582561067,0.13989275504981963,0.11824246593854491,0.09569228026472401,0.07241381855751039,0.04858424396641548,0.024384913942766612,1.7131921469566632e-16,-0.024384913942765783,-0.04858424396641466,-0.07241381855751004,-0.09569228026472365,-0.11824246593854461,-0.1398927550498193,-0.16047837582561075,-0.17984265926187584,-0.19783823146919152,-0.21432813527703704,-0.22918687256055786,-0.24230135935707495,-0.2535717865033243,-0.262912379243452,-0.27025205002670244,-0.2755349395266,-0.27872084176415507,-0.27978551009963926,-0.2787208417641551,-0.2755349395266003,-0.27025205002670255,-0.2629123792434525,-0.25357178650332446,-0.24230135935707517,-0.22918687256055803,-0.21432813527703726,-0.19783823146919252,-0.17984265926187618,-0.16047837582561109,-0.13989275504981966,-0.11824246593854491,-0.09569228026472404,-0.0724138185575109,-0.04858424396641503
0.22664307036538314,0.2022396242006434,0.17629701238011342,0.14901267384432482,0.12059425888426724,0.09125804879729658,0.06122730985586267,0.03073059411636393,2.159015719105472e-16,-0.030730594116362874,-0.06122730985586163,-0.09125804879729615,-0.12059425888426682,-0.14901267384432443,-0.17629701238011303,-0.20223962420064354,-0.22664307036538225,-0.24932162591381304,-0.27010269334452675,-0.28882811618642323,-0.3053553826649555,-0.319558710302787,-0.3313300032003888,-0.3405796747111102,-0.34723732924964973,-0.35125229804496766,-0.35259402476022683,-0.3512522980449677,-0.34723732924965,-0.34057967471111045,-0.3313300032003893,-0.31955871030278715,-0.30535538266495577,-0.2888281161864235,-0.2701026933445271,-0.24932162591381424,-0.22664307036538267,-0.202239624200644,-0.17629701238011347,-0.14901267384432484,-0.1205942588842673,-0.09125804879729724,-0.06122730985586209
0.27898710215218203,0.2489475923756352,0.21701344110244428,0.18342768650616603,0.14844593645890922,0.11233442320109366,0.07536797715333926,0.03782793529101762,2.6576481601806106e-16,-0.037827935291016315,-0.075367977153338,-0.1123344232010931,-0.1484459364589087,-0.18342768650616556,-0.2170134411024438,-0.24894759237563538,-0.2789871021521809,-0.3069033516243306,-0.33248388127730966,-0.3555340078345119,-0.3758783059147892,-0.39336194312552925,-0.4078518584306481,-0.41923777482542496,-0.42743303861109044,-0.4323752788818005,-0.43402688220488855,-0.4323752788818005,-0.4274330386110908,-0.4192377748254251,-0.40785185843064886,-0.3933619431255295,-0.3758783059147895,-0.35553400783451217,-0.33248388127731004,-0.3069033516243321,-0.2789871021521815,-0.2489475923756359,-0.21701344110244433,-0.18342768650616612,-0.14844593645890924,-0.11233442320109446,-0.07536797715333855
