hough_viz/data/file_1_0_2.json
{"header": {"discipline": 0, "disciplineName": "Meteorological products", "gribEdition": 2, "gribLength": 133963, "center": 7, "centerName": "US National Weather Service - NCEP(WMC)", "subcenter": 0, "refTime": "2014-11-30T06:00:00.000Z", "significanceOfRT": 1, "significanceOfRTName": "Start of forecast", "productStatus": 0, "productStatusName": "Operational products", "productType": 1, "productTypeName": "Forecast products", "productDefinitionTemplate": 0, "productDefinitionTemplateName": "Analysis/forecast at horizontal level/layer at a point in time", "parameterCategory": 2, "parameterCategoryName": "Momentum", "parameterNumber": 3, "parameterNumberName": "V-component_of_wind", "parameterUnit": "m.s-1", "genProcessType": 2, "genProcessTypeName": "Forecast", "forecastTime": 6, "surface1Type": 100, "surface1TypeName": "Isobaric surface", "surface1Value": 85000, "surface2Type": 255, "surface2TypeName": "Missing", "surface2Value": 0, "gridDefinitionTemplate": 0, "gridDefinitionTemplateName": "Latitude_Longitude", "numberPoints": 65160, "shape": 6, "shapeName": "Earth spherical with radius of 6,371,229.0 m", "gridUnits": "degrees", "resolution": 48, "winds": "true", "scanMode": 0, "nx": 360, "ny": 181, "basicAngle": 0, "subDivisions": 0, "lo1": 0, "la1": 90, "lo2": 359, "la2": -90, "dx": 1, "dy": 1}, "data":
[rows 57 to 75 of 181, columns 86 to 128 of 360]
2.6052437749482804,2.608026400130621,2.6100145952069624,2.6112077545538246,2.6116055147233124,2.6112077545538246,2.6100145952069624,2.608026400130621,2.6052437749482804,2.6016675672745277,2.5972988664568644,2.592139003243878,2.5861895493798897,2.579452317126179,2.5719293587089562,2.5636229656942313,2.554535668289784,2.5446702345744314,2.534029669654854,2.5226172147502033,2.510436346204797,2.497490774429195,2.483784442769965,2.469321526308507,2.454106430589281,2.438143790277834,2.4214384677490393,2.4039955516059677,2.385820355129849,2.366918414661597,2.3472954879153844,2.3269575522247923,2.305910802722048,2.2841616504509346,2.261716720413924,2.238582849554132,2.214767084672728,2.190276680282402,2.165119096397575,2.1393019962620063,2.112833244014492,2.0857209022933754,2.0579732297805884
2.567010334082644,2.569752122650621,2.571711139828291,2.5728867888800435,2.5732787116917897,2.5728867888800435,2.571711139828291,2.569752122650621,2.567010334082644,2.563486609299718,2.559182021662547,2.554097882390225,2.5482357401608247,2.5415973806396575,2.534184825935341,2.526000333983845,2.5170463978607023,2.507325745021596,2.4968413364715456,2.485596365862961,2.4735942585228217,2.460838670409291,2.4473334869980743,2.433082822098866,2.418091016602244,2.402362637157391,2.3859024747810507,2.3687155433981353,2.3508070783144386,2.332182534621908,2.3128475855369715,2.292808120672423,2.272070244243387,2.2506402732079147,2.228524735342783,2.205730367255061,2.182264112330083,2.158133118616422,2.1333447366485268,2.1079065172076725,2.0818262090219286,2.055111756405813,2.027771296840382
2.5250977184649193,2.5277947407423875,2.529721772254528,2.5308782260088742,2.531263749738411,2.5308782260088742,2.529721772254528,2.5277947407423875,2.5250977184649193,2.5216315269612357,2.517397222066847,2.512396093592042,2.506629664929002,2.5000996925877566,2.4928081656611405,2.484757305218889,2.4759495636310827,2.4663876238211326,2.456074398448534,2.4450130290216396,2.4332068849407333,2.420659562471669,2.4073748836504203,2.3933568951188477,2.378609866892053,2.363138291057692,2.34694688040764,2.3300405670024302,2.3124245006689024,2.294104047431512,2.2750847878777885,2.255372515458436,2.2349732347225912,2.213893159488778,2.1921387109521198,2.1697165157283806,2.146633403835435,2.1228964066127767,2.098512754579705,2.073489875232839,2.047835390783628,2.0215571158365586,1.9946630550087419
2.4805502646263893,2.483199706378744,2.48509274144524,2.486228793189058,2.4866075155578318,2.486228793189058,2.48509274144524,2.483199706378744,2.4805502646263893,2.4771452232337996,2.472985619409568,2.4680727202093147,2.462408022149728,2.4559932507527127,2.448830360019777,2.4409215318368274,2.4322691753095427,2.4228759260295374,2.4127446452715375,2.4018784191218057,2.390280557538091,2.377954593341382,2.3649042811397782,2.3511335961847974,2.336646733160475,2.321448104905628,2.305542341069653,2.2889342867022986,2.2716290007778097,2.253631754653921,2.234948030466142,2.215583519457857,2.1955441202467045,2.1748359370278116,2.1534652777143912,2.1314386520162922,2.10876276945708,2.085444537330247,2.061491058595188,2.0369096297135694,2.011707738426752,1.9858930614749606,1.9594734622588657
2.4338523374987284,2.436451901834913,2.4383092993193585,2.439423964170799,2.439795556851523,2.439423964170799,2.4383092993193585,2.436451901834913,2.4338523374987284,2.4305113981632847,2.4264301015110683,2.421609690744575,2.4160516342076215,2.40975762493807,2.402729580152117,2.394969640660285,2.386480170215316,2.3772637547921476,2.3673232018001977,2.3566615392282046,2.34528201472187,2.3331880945945938,2.320383462771604,2.306872019667794,2.2926578809996223,2.2777453765314224,2.2621390487565165,2.2458436515135256,2.228864148538309,2.211205711951955,2.1928737206853093,2.173873758840499,2.1542116139899576,2.1338932754134783,2.11292493227382,2.091312971731427,2.0690639769988413,2.046184725335389,2.0226821859827635,1.9985635180421244,1.9738360682933698,1.9485073689572348,1.9225851354009
2.383419324960604,2.3859650224870643,2.387783931954313,2.388875499304906,2.389239392036854,2.388875499304906,2.387783931954313,2.3859650224870643,2.383419324960604,2.3801476148190592,2.3761508886570333,2.3714303639160312,2.365987478513619,2.3598238904054156,2.3529414770800683,2.345342334987346,2.337028778899545,2.328003341206385,2.31826877114362,2.3078280339555897,2.296684309991984,2.284840993739075,2.272301692785721,2.2590702267244636,2.2451506259880416,2.2305471306216815,2.215264188991538,2.199306456429682,2.1826787938160375,2.165386266097712,2.1474341407461655,2.128827886152687,2.1095731699626663,2.0896758573491816,2.0691420092264035,2.047977880403386,2.0261899176787903,2.003784757877128,1.980769225827118,1.9571503322827775,1.9329352717878825,1.9081314204844366,1.882746333865828
2.330251689217381,2.3327405991205383,2.3345189336394387,2.335586151076158,2.3359419263459293,2.335586151076158,2.3345189336394387,2.3327405991205383,2.330251689217381,2.3270529620760336,2.3231453920597698,2.3185301694522686,2.313208700095047,2.3071826049592206,2.300453719651744,2.2930240938562654,2.284895990708775,2.2760718861082307,2.2665544679623744,2.2563466353689696,2.2454514977327116,2.2338723738180675,2.2216127907383507,2.2086764828813275,2.19506739077169,2.180789659870728,2.1658476393135855,2.1502458805844715,2.1339891361302312,2.1170823579127087,2.0995306959003286,2.081339496499367,2.0625143009253835,2.0430608435153133,2.0229850499807336,2.002293035602833,1.9809911033696401,1.9590857420560683,1.936583624247378,1.9134916043066343,1.889816716286809,1.8655661717881373,1.840747357761394
2.27490295842474,2.2773327511068544,2.2790688461719637,2.280110714788694,2.280458039593771,2.280110714788694,2.2790688461719637,2.2773327511068544,2.27490295842474,2.2717802082640097,2.2679654518446135,2.2634598511783106,2.2582647787147105,2.252381816923212,2.2458127578109663,2.2385596023770145,2.230624560002765,2.222010047778993,2.2127186897695723,2.2027533162121617,2.192116962656082,2.180812869037663,2.1688444786933267,2.1562154373107125,2.1429295918181652,2.1289909892129253,2.1144038753283714,2.099172693540703,2.08330208341544,2.0667968792941673,2.049662108821951,2.031902991415865,2.013524936675108,1.9945335427331845,1.974934594552665,1.9547340621630231,1.9339380988421127,1.9125530392418157,1.8905853974584492,1.8680418650485042,1.8449293089903371,1.8212547695924202,1.7970254583487952
2.2158544027915963,2.218221126520446,2.2199121586057666,2.2209269839428045,2.22126529340593,2.2209269839428045,2.2199121586057666,2.218221126520446,2.2158544027915963,2.2128127083461933,2.20909696971383,2.2047083187444882,2.199648092263768,2.193917831665675,2.187519282443097,2.180454393656112,2.1727253173382834,2.1643344078411304,2.1552842211169714,2.145577513940353,2.135217243068312,2.1242065643397186,2.1125488317139762,2.100247596249374,2.087306605021398,2.0737297999813404,2.0595213167555366,2.0446854833856176,2.029226819010147,2.013150032488044,1.9964600209642223,1.979161868377873,1.9612608439138444,1.9427624003975987,1.9236721726342305,1.903995975692047,1.8837398031312442,1.8629098251782101,1.8415123868460148,1.8195540060016553,1.7970413713806512,1.7739813405495948,1.7503809378172632
2.1540394574745974,2.1563401575072616,2.1579840154390144,2.158970530534803,2.1592994022925733,2.158970530534803,2.1579840154390144,2.1563401575072616,2.1540394574745974,2.1510826161565366,2.1474705342355898,2.143204311986901,2.138285248943094,2.1327148434984244,2.126494792452353,2.119626990492683,2.1121135296184215,2.103956698502534,2.0951589817947975,2.085723059364945,2.0756518054863573,2.064948287960528,2.053615767182582,2.0416576951481304,2.0290777144017538,2.0158796569274533,2.002067542981388,1.9876455798672672,1.9726181606547637,1.9569898628413434,1.9407654469579148,1.923949855118726,1.9065482095159476,1.888565810859403,1.8700081367619232,1.8508808400708097,1.8311897471459258,1.810940856084927,1.790140334896188,1.7687945196199601,1.7469099123983582,1.724493179494744,1.7015511492631155
2.0900694540584346,2.092301828606885,2.0938968677497587,2.0948540856226816,2.095173190647816,2.0948540856226816,2.0938968677497587,2.092301828606885,2.0900694540584346,2.0872004241073205,2.083695612687859,2.07955608739956,2.0747831091819275,2.0693781319303617,2.0633428020532945,2.0566789579706715,2.049388629553954,2.041474037507801,2.03293759269362,2.023781895395196,2.014009734526619,2.0036240867827546,1.992628115732514,1.9810251708551994,1.9688187865202207,1.956012680910491,1.942610754889837,1.9286170908147502,1.9140359512908676,1.8988717778745396,1.8831291897198872,1.8668129821717636,1.8499281253050475,1.8324797624107068,1.8144732084291062,1.795913948331021,1.7768076354468654,1.7571600897446302,1.7369772960570675,1.716265402258649,1.6950307173928651,1.6732797097504328,1.6510190048989861
2.02253063047507,2.024690867731381,2.02623436453576,2.027160650724128,2.0274694441407397,2.027160650724128,2.02623436453576,2.024690867731381,2.02253063047507,2.019754310796023,2.016362754388108,2.0123569943522615,2.0077382508817956,2.002507930890713,1.996667627585152,1.9902191199780748,1.9831643723473666,1.9755055336374971,1.9672449368049296,1.958385098107482,1.9489287163378475,1.9388786720015208,1.9282380264393633,1.9170100208950909,1.9051980755279605,1.892805788370956,1.8798369342347925,1.8662954635580724,1.8521855012039417,1.8375113452036207,1.8222774654471778,1.8064885023219626,1.7901492652990927,1.773264731468447,1.7558400440225956,1.7378805106901296,1.7193916021188813,1.700378950209507,1.6808483463999586,1.6608057399013532,1.6402572358857865,1.6192090936266406,1.597667724591946
1.9522709760090928,1.954356169891075,1.9558460479514355,1.9567401563588838,1.9570382227593373,1.9567401563588838,1.9558460479514355,1.954356169891075,1.9522709760090928,1.949591101475744,1.9463173626067736,1.9424507566147526,1.937992461305324,1.9329438347184271,1.9273064147146282,1.9210819185066705,1.9142722421363971,1.9068794598971972,1.8989058237021563,1.8903537623981024,1.881225881025754,1.8715249600262012,1.861253954393954,1.8504159927768273,1.8390143765229179,1.8270525786749878,1.8145342429125375,1.801463182441908,1.7878433788347412,1.7736789808151534,1.7589743029959952,1.743733824564578,1.7279621879182698,1.7116641972503754,1.6948448170867356,1.6775091707734804,1.6596625389164117,1.6413103577724768,1.6224582175938345,1.6031118609250068,1.5832771808536483,1.5629602192154508,1.5421671647537452
1.8799428113058678,1.881950752466078,1.8833854331962205,1.8842464164786472,1.8845334400495088,1.8842464164786472,1.8833854331962205,1.881950752466078,1.8799428113058678,1.8773622213539194,1.87420976868293,1.8704864135605224,1.8661932901567355,1.8613317061985462,1.8559031425715238,1.8499092528687369,1.8433518628870529,1.8362329700709825,1.8285547429042404,1.8203195202492026,1.8115298106344653,1.802188291490726,1.792297808335208,1.781861373904892,1.7708821672388069,1.7593635327096597,1.747308979005112,1.7347221780589968,1.7216069639328138,1.7079673316478363,1.693807435968187,1.6791315901352613,1.6639442645538673,1.6482500854304998,1.6320538333641537,1.6153604418901037,1.5981749959771065,1.5805027304784653,1.5623490285374475,1.5437194199475222,1.5246195794679342,1.505055325095119,1.4850326162904819
1.8042732245031519,1.8062003440144245,1.8075772774038552,1.8084036052441945,1.8086790758279767,1.8084036052441945,1.8075772774038552,1.8062003440144245,1.8042732245031519,1.8017965058893082,1.7987709426053764,1.7951974562672413,1.7910771353934587,1.7864112350736816,1.7812011765863467,1.7754485469657406,1.7691550985185722,1.762322748290205,1.7549535774807046,1.7470498308108868,1.738613915838552,1.729648402225122,1.7201560209528934,1.7101396634931572,1.6996023809254261,1.688547383008047,1.6769780372004783,1.6648978676375272,1.6523105540558656,1.639219930673147,1.625629985020065,1.611544856725715,1.596968836256621,1.581906363609818,1.566362026960389,1.5503405612638579,1.53384684681388,1.516885907755654,1.4994629105555222,1.481583162427212,1.4632521097152074,1.4444753362357423,1.4252585615759135
1.7260123656989497,1.7278558958591628,1.7291731043753815,1.7299635900131312,1.7302271119828292,1.7299635900131312,1.7291731043753815,1.7278558958591628,1.7260123656989497,1.7236430754518874,1.7207487468267373,1.717330261464036,1.7133886606675415,1.7089251450870384,1.7039410743526124,1.698437966660491,1.6924174983105864,1.68588150319588,1.6788319722437992,1.6712710528097627,1.6632010480230743,1.6546244160853674,1.6455437695218142,1.6359618743853244,1.6258816494139783,1.6153061651419518,1.6042386429642002,1.5926824541551936,1.5806411188419895,1.5681183049319725,1.5551178269955688,1.5416436451042987,1.5276998636244925,1.5132907299670648,1.4984206332937131,1.4830941031799334,1.46731580823527,1.4510905546812105,1.4344232848871652,1.4173190758649736,1.3997831377223944,1.3818208120760613,1.3634375704243715
1.6458314564179575,1.6475893464475029,1.6488453648015637,1.6495991288847829,1.6498504090933175,1.6495991288847829,1.6488453648015637,1.6475893464475029,1.6458314564179575,1.64357223018326,1.6408123559256071,1.6375526743294333,1.6337941783253294,1.629538012787588,1.624785474185462,1.6195380101882493,1.613797219224316,1.6075648499942023,1.6008428009379505,1.59363311965682,1.5859380022895715,1.5777597928434994,1.5691009824804245,1.5599642087578638,1.5503522548256026,1.5402680485779219,1.5297146617617332,1.518695309040893,1.5072133470169868,1.4952722732068762,1.4828757249773188,1.4700274784369938,1.456731447286261,1.4429916816250097,1.4288123667189616,1.4141978217247946,1.3991524983744885,1.3836809796192828,1.3677879782336666,1.3514783353798205,1.334757019132953,1.3176291229679764,1.3000998642079837
1.5626292893856273,1.5642983123204939,1.5654908348357295,1.566206493677424,1.5664450708489612,1.566206493677424,1.5654908348357295,1.5642983123204939,1.5626292893856273,1.560484274431684,1.5578639208509983,1.554769026828655,1.5512005350993534,1.5471595326602436,1.542647250439815,1.5376650629229427,1.5322144877322081,1.526297185165615,1.519914957690848,1.513069749396221,1.5057636453984928,1.4979988712077164,1.4897777920493283,1.4811029121436812,1.4719768739432286,1.4624024573276129,1.4523825787568847,1.441920290383121,1.431018779120711,1.419681365675591,1.407911503533723,1.395712777909135,1.3830889046518222,1.370043729115869,1.3565812249881157,1.3427054930777336,1.3284207600670799,1.3137313772242085,1.2986418190774336,1.2831566820523417,1.2672806830716785,1.251018658118528,1.2343755607632252
1.4770527465091359,1.478630366311015,1.479757580979502,1.480434047154089,1.4806595587766265,1.480434047154089,1.479757580979502,1.478630366311015,1.4770527465091359,1.4750252021321382,1.472548350789682,1.4696229469546784,1.4662498817334753,1.462430182594415,1.458165013054857,1.4534556723267607,1.4483035949209324,1.4427103502100593,1.436677641950663,1.43020730776412,1.423301318576903,1.4159617780202176,1.4081909217892175,1.399991116961989,1.391364861278515,1.3823147823798414,1.3728436370076713,1.3629543101646333,1.3526498142354848,1.341933288069507,1.330807996024383,1.3192773269718443,1.3073447932653832,1.2950140296703603,1.282288792256817,1.2691729572553414,1.2556705198763318,1.2417855930930142,1.227522406388594,1.2128853044679104,1.1978787459340021,1.1825073019299706,1.1667756547465657
