hough_viz/data/file_4_1_0.json
{"header": {"discipline": 0, "disciplineName": "Meteorological products", "gribEdition": 2, "gribLength": 133963, "center": 7, "centerName": "US National Weather Service - NCEP(WMC)", "subcenter": 0, "refTime": "2014-11-30T06:00:00.000Z", "significanceOfRT": 1, "significanceOfRTName": "Start of forecast", "productStatus": 0, "productStatusName": "Operational products", "productType": 1, "productTypeName": "Forecast products", "productDefinitionTemplate": 0, "productDefinitionTemplateName": "Analysis/forecast at horizontal level/layer at a point in time", "parameterCategory": 2, "parameterCategoryName": "Momentum", "parameterNumber": 3, "parameterNumberName": "V-component_of_wind", "parameterUnit": "m.s-1", "genProcessType": 2, "genProcessTypeName": "Forecast", "forecastTime": 6, "surface1Type": 100, "surface1TypeName": "Isobaric surface", "surface1Value": 85000, "surface2Type": 255, "surface2TypeName": "Missing", "surface2Value": 0, "gridDefinitionTemplate": 0, "gridDefinitionTemplateName": "Latitude_Longitude", "numberPoints": 65160, "shape": 6, "shapeName": "Earth spherical with radius of 6,371,229.0 m", "gridUnits": "degrees", "resolution": 48, "winds": "true", "scanMode": 0, "nx": 360, "ny": 181, "basicAngle": 0, "subDivisions": 0, "lo1": 0, "la1": 90, "lo2": 359, "la2": -90, "dx": 1, "dy": 1}, "data":
[rows 95 to 113 of 181, columns 172 to 214 of 360]
-11.245240194960994,-9.962499657132186,-8.631222822400828,-7.257895537686219,-5.849208515473073,-4.412024737332927,-2.95334601816767,-1.4802788940712404,-1.0395128722356938e-14,1.4802788940712197,2.953346018167686,4.4120247373329065,5.849208515473017,7.257895537686162,8.631222822400774,9.9624996571322,11.245240194960974,12.473195052927494,13.640381758397359,14.741113895066668,15.770028806610796,16.722113723006895,17.592730182245475,18.377636628451214,19.07300907631673,19.67545974117458,20.182053543943752,20.59032241053973,20.89827729608353,21.10441787532831,21.207739852093148,21.207739852093148,21.10441787532831,20.89827729608354,20.59032241053973,20.18205354394376,19.67545974117459,19.073009076316737,18.377636628451228,17.59273018224549,16.72211372300691,15.770028806610812,14.741113895066686
-10.856874407874159,-9.618434616847123,-8.333134779208507,-7.007236746569368,-5.647200160865883,-4.259650983633232,-2.8513492149869415,-1.4291559595818897,-1.0036122398069072e-14,1.4291559595818697,2.8513492149869566,4.259650983633212,5.647200160865828,7.007236746569314,8.333134779208455,9.618434616847136,10.856874407874143,12.042420598115184,13.169297325702122,14.23201456049135,15.225394850938967,16.144598548124176,16.985147384032267,17.7429462892264,18.41430334361417,18.99594776311113,19.485045834572222,19.879214721357222,20.176534072271448,20.375555377323682,20.475309024721255,20.475309024721255,20.375555377323685,20.17653407227145,19.879214721357226,19.485045834572237,18.995947763111133,18.414303343614176,17.742946289226413,16.98514738403228,16.14459854812419,15.225394850938983,14.23201456049137
-10.421196641211543,-9.232454457620165,-7.998732683954371,-6.726041888682149,-5.4205824934276015,-4.08871456514012,-2.7369268304874264,-1.3718050634315557,-9.633380759170482e-15,1.3718050634315366,2.7369268304874415,4.088714565140101,5.420582493427549,6.726041888682096,7.998732683954321,9.232454457620179,10.421196641211525,11.559167802301918,12.640823859783001,13.660895094070368,14.614411820647797,15.496728601870599,16.303546879070772,17.030935914702916,17.675351942502335,18.233655432358038,18.703126385787943,19.081477587497957,19.366865748465106,19.557900486256276,19.65365109883168,19.65365109883168,19.55790048625628,19.36686574846511,19.08147758749796,18.70312638578795,18.23365543235804,17.675351942502346,17.030935914702923,16.303546879070783,15.496728601870611,14.614411820647813,13.660895094070385
-9.920103112566428,-8.788520489046055,-7.614121077122074,-6.402626432679126,-5.159938835845896,-3.8921125356796575,-2.6053242544733743,-1.3058430953856064,-9.170168623022412e-15,1.305843095385588,2.605324254473388,3.89211253567964,5.1599388358458445,6.402626432679077,7.614121077122026,8.78852048904607,9.920103112566412,11.003355990887613,12.033001624874705,13.00402368449848,13.911691447891268,14.751582848948289,15.519606021189134,16.212019232920085,16.82544911657475,17.356907103421673,17.80380398357095,18.163962520344363,18.435628057553792,18.617477068009674,18.708623601612462,18.708623601612462,18.617477068009677,18.435628057553796,18.163962520344374,17.803803983570955,17.356907103421676,16.82544911657476,16.2120192329201,15.519606021189148,14.7515828489483,13.911691447891284,13.004023684498495
-9.353949455124708,-8.286947777360032,-7.179572923025163,-6.037219911097464,-4.865454170622091,-3.6699844265011907,-2.45663488715992,-1.2313168695885124,-8.646814737849105e-15,1.231316869588495,2.4566348871599333,3.669984426501174,4.865454170622045,6.037219911097418,7.17957292302512,8.286947777360044,9.353949455124692,10.375379631399685,11.346262001040039,12.261866522733568,13.11773246328685,13.909690129868885,14.633881184335332,15.286777440664295,15.865198053923852,16.36632501702881,16.78771688978807,17.12732069335565,17.383481912137462,17.55495255442484,17.64089723248472,17.64089723248472,17.554952554424844,17.383481912137466,17.127320693355653,16.787716889788072,16.366325017028817,15.865198053923862,15.286777440664308,14.633881184335344,13.909690129868896,13.117732463286867,12.261866522733584
-8.748374871527725,-7.750450870503714,-6.714767451911234,-5.646370361259105,-4.5504647217780585,-3.432389675583624,-2.2975923719123483,-1.151601429158322,-8.08702004797675e-15,1.1516014291583063,2.2975923719123608,3.4323896755836074,4.550464721778016,5.646370361259062,6.714767451911191,7.750450870503725,8.74837487152771,9.703677669561184,10.61170512539884,11.468033420550405,12.268490609639734,13.009176945703285,13.686483879365245,14.297111639327483,14.838085308523572,15.306769317615645,15.70088028522338,16.018498142328454,16.258075486657912,16.41844512147241,16.498825742031418,16.498825742031418,16.41844512147241,16.258075486657916,16.018498142328458,15.700880285223384,15.306769317615649,14.838085308523583,14.297111639327497,13.686483879365255,13.009176945703297,12.268490609639748,11.46803342055042
-8.090231212819322,-7.167381424182393,-6.209612873709532,-5.221591713504061,-4.208131483342939,-3.1741696595948645,-2.1247436003316627,-1.0649660038261513,-7.478630370969899e-15,1.0649660038261362,2.1247436003316738,3.174169659594849,4.208131483342898,5.221591713504021,6.209612873709493,7.167381424182403,8.09023121281931,8.97366620821456,9.813382403873183,10.605288786897864,11.345527268992681,12.030491482681398,12.65684435116725,13.221534346235758,13.721810354993405,14.155235083013071,14.519696928587567,14.813420270240794,15.034974117377214,15.183279081924084,15.257612637001694,15.257612637001694,15.183279081924088,15.034974117377214,14.813420270240798,14.51969692858757,14.155235083013075,13.721810354993414,13.221534346235769,12.656844351167258,12.030491482681409,11.345527268992694,10.605288786897878
-7.380922094126652,-6.538982943646338,-5.665186525560866,-4.763789888185422,-3.8391845453292,-2.895875081281614,-1.9384572049303697,-0.9715953599297649,-6.8229432122326505e-15,0.9715953599297513,1.9384572049303799,2.8958750812816003,3.8391845453291626,4.763789888185386,5.665186525560831,6.538982943646346,7.380922094126642,8.186902134092048,8.952996409804696,9.675472586960812,10.350810834248362,10.975720971611333,11.547158499676216,12.062339432246988,12.518753859605987,12.914178176541713,13.24668591552999,13.514657132290004,13.716786297990089,13.852088659652905,13.919905037772972,13.919905037772972,13.852088659652905,13.71678629799009,13.514657132290008,13.246685915529998,12.91417817654172,12.518753859605996,12.062339432246997,11.547158499676225,10.975720971611343,10.35081083424837,9.675472586960826
-6.642353459094747,-5.8846625693629075,-5.098302195117365,-4.287103405056755,-3.455018278144817,-2.6061006494789787,-1.7444863604131995,-0.8743731091546646,-6.140208481951617e-15,0.8743731091546522,1.7444863604132088,2.6061006494789662,3.4550182781447836,4.287103405056724,5.098302195117334,5.8846625693629155,6.642353459094737,7.367683470460883,8.057118868555914,8.70730079342208,9.31506162407751,9.877440410847168,10.391697300812003,10.855326886097043,11.266070409966673,11.621926771260375,11.921162273556503,12.16231907156689,12.34422227361264,12.46598566557824,12.52701602845764,12.52701602845764,12.465985665578241,12.344222273612644,12.162319071566891,11.921162273556506,11.621926771260378,11.26607040996668,10.855326886097052,10.39169730081201,9.877440410847177,9.315061624077517,8.707300793422089
-5.86650030528086,-5.19731070805546,-4.502800335492276,-3.7863527723144803,-3.051458479032801,-2.3016977867728063,-1.5407234542615078,-0.7722428719540455,-5.423007847397283e-15,0.7722428719540346,1.540723454261516,2.3016977867727957,3.0514584790327723,3.786352772314453,4.502800335492249,5.1973107080554675,5.866500305280852,6.507108902717459,7.116015519672337,7.690253624314737,8.22702558632107,8.723716306648578,9.177905958034977,9.587381774153714,9.950148829989029,10.26443976091009,10.52872337309389,10.741712103347533,10.902368291986795,11.009909238209724,11.063811013336306,11.063811013336306,11.009909238209728,10.902368291986798,10.741712103347535,10.528723373093891,10.264439760910095,9.950148829989033,9.58738177415372,9.177905958034984,8.723716306648585,8.227025586321076,7.690253624314746
-5.056550314923502,-4.479751424186611,-3.8811276348141366,-3.2635953817344334,-2.630163220010366,-1.9839171674614888,-1.3280056698953955,-0.6656242621962516,-4.6742880101625645e-15,0.6656242621962424,1.3280056698954028,1.9839171674614793,2.6301632200103406,3.263595381734409,3.8811276348141135,4.479751424186618,5.056550314923494,5.608714200808724,6.1335529948936065,6.6285097353299465,7.091173042631227,7.519288867671043,7.910771473183828,8.263713595267227,8.576395735380084,8.847294537566443,9.075090210092728,9.258672955340305,9.39714837662802,9.489841835622855,9.536301739110101,9.536301739110101,9.489841835622855,9.39714837662802,9.258672955340309,9.07509021009273,8.847294537566446,8.576395735380087,8.263713595267234,7.910771473183834,7.519288867671047,7.091173042631235,6.6285097353299545
-4.228990355711961,-3.746590934329249,-3.2459384985205015,-2.7294721766275583,-2.199708140655657,-1.6592273477363695,-1.1106629659638605,-0.5566875458646401,-3.90928947279675e-15,0.5566875458646324,1.1106629659638663,1.659227347736362,2.199708140655636,2.729472176627538,3.24593849852048,3.746590934329254,4.228990355711955,4.6907865611782515,5.1297297260347126,5.543681363304553,5.9306247422212754,6.28867471353822,6.616086893786168,6.911266163734321,7.172774439650813,7.399337679502085,7.589852089957656,7.743389503960206,7.859201902662253,7.936725059698747,7.975581290041197,7.975581290041197,7.936725059698747,7.859201902662255,7.743389503960208,7.589852089957658,7.3993376795020875,7.1727744396508175,6.911266163734325,6.616086893786175,6.288674713538225,5.930624742221282,5.543681363304559
-3.3806600032929146,-2.995029322608701,-2.594807160124042,-2.1819433579843626,-1.7584493471327527,-1.326388347820621,-0.8878653178059986,-0.4450166972109456,-3.1250907309655176e-15,0.4450166972109394,0.8878653178060033,1.3263883478206149,1.7584493471327354,2.1819433579843457,2.5948071601240255,2.995029322608705,3.3806600032929093,3.749820448263826,4.100712144941444,4.431625584251042,4.740948589179614,5.027174169140197,5.288907861878504,5.524874527152895,5.733924559089453,5.9150394869462,6.067336937000244,6.1900749313837915,6.2826555029257936,6.344627608387863,6.375689325901606,6.375689325901606,6.3446276083878645,6.2826555029257936,6.1900749313837915,6.0673369370002455,5.915039486946203,5.733924559089456,5.524874527152901,5.288907861878507,5.027174169140202,4.740948589179619,4.431625584251047
-2.517261913035179,-2.230118744530016,-1.9321106616722623,-1.6246895298859265,-1.3093530740231987,-0.9876375815995402,-0.6611104181553115,-0.331362391208425,-2.326963333839036e-15,0.3313623912084203,0.661110418155315,0.9876375815995354,1.3093530740231858,1.624689529885914,1.9321106616722503,2.230118744530019,2.5172619130351754,2.7921412345343066,3.053417524603849,3.299817871421971,3.5301418372670588,3.7432673069296034,3.938155954544696,4.113858302211298,4.269518345753123,4.4043777250849185,4.517779418866605,4.609170945445167,4.678107054489765,4.724251896206566,4.747380657565189,4.747380657565189,4.7242518962065665,4.678107054489765,4.60917094544517,4.517779418866606,4.4043777250849185,4.269518345753125,4.113858302211302,3.9381559545446985,3.743267306929606,3.530141837267062,3.299817871421975
-1.6485203538999897,-1.4604742251626974,-1.2653128128067732,-1.0639869236156536,-0.857477397084265,-0.6467903268676081,-0.4329521591935886,-0.21700469212018209,-1.5238964204512707e-15,0.21700469212017906,0.43295215919359087,0.646790326867605,0.8574773970842566,1.0639869236156454,1.2653128128067654,1.4604742251626996,1.6485203538999873,1.8285350571817611,1.99964132146865,2.1610055342405827,2.3118415452732126,2.4514144966827742,2.5790444030798176,2.6941094643896926,2.796049095200001,2.884366655876365,2.958631872140825,3.018482931324846,3.063628245084297,3.0938478699885326,3.108994579062683,3.108994579062683,3.0938478699885326,3.0636282450842978,3.018482931324847,2.9586318721408253,2.8843666558763656,2.796049095200003,2.694109464389695,2.5790444030798194,2.4514144966827764,2.311841545273215,2.1610055342405854
-0.7755277980989417,-0.6870636188028518,-0.5952521346193501,-0.5005406418705183,-0.40339056542866025,-0.3042752107007115,-0.20367745773186618,-0.10208740866254017,-7.168998749014722e-16,0.10208740866253871,0.20367745773186732,0.3042752107007101,0.40339056542865626,0.5005406418705145,0.5952521346193465,0.6870636188028527,0.7755277980989407,0.8602136839184723,0.9407086951383318,1.0166206681551833,1.0875797674671346,1.1532402874751242,1.2132823367258416,1.2674133963907444,1.3153697453883824,1.3569177452069914,1.3918549781678482,1.4200112335838424,1.441249337008847,1.4554658185378213,1.462591416901792,1.462591416901792,1.4554658185378213,1.4412493370088473,1.420011233583843,1.3918549781678484,1.3569177452069918,1.315369745388383,1.2674133963907455,1.2132823367258423,1.1532402874751253,1.087579767467136,1.0166206681551844
0.09289143062469576,0.08229533826798437,0.07129831129553019,0.059953926117325286,0.048317451437624136,0.03644557899137205,0.02439614734777083,0.012227860126583705,8.586907543160321e-17,-0.012227860126583546,-0.024396147347770954,-0.03644557899137191,-0.04831745143762368,-0.05995392611732483,-0.07129831129552971,-0.08229533826798449,-0.0928914306246956,-0.10303496526881704,-0.1126765239191878,-0.12176913387122835,-0.13026849684323907,-0.13813320479317306,-0.1453249416544557,-0.1518086700080099,-0.1575528017810395,-0.16252935214094397,-0.16671407583461118,-0.1700865853088525,-0.17263045003651278,-0.1743332765643471,-0.1751867688926799,-0.1751867688926799,-0.1743332765643471,-0.17263045003651267,-0.1700865853088525,-0.16671407583461134,-0.16252935214094397,-0.15755280178103964,-0.15180867000801002,-0.14532494165445586,-0.13813320479317315,-0.13026849684323907,-0.12176913387122848
0.9546519867052363,0.8457551751089534,0.7327379293145555,0.6161508579830962,0.49656196160680804,0.3745538652678052,0.2507209801472404,0.12566660761378617,8.824827317874057e-16,-0.12566660761378445,-0.2507209801472418,-0.37455386526780343,-0.49656196160680316,-0.6161508579830917,-0.732737929314551,-0.8457551751089547,-0.9546519867052349,-1.0588978297835694,-1.1579848290752381,-1.251430242679878,-1.3387788139355101,-1.4196049893832259,-1.4935149920208595,-1.5601487397449696,-1.6191815996346468,-1.670325969530468,-1.7133326792033174,-1.7479922042866853,-1.774135687058331,-1.791635759098124,-1.8004071618141877,-1.8004071618141877,-1.791635759098124,-1.774135687058331,-1.7479922042866858,-1.713332679203318,-1.6703259695304682,-1.6191815996346477,-1.5601487397449705,-1.4935149920208608,-1.4196049893832274,-1.3387788139355117,-1.25143024267988
1.8052733628162037,1.5993464742661003,1.3856277304591234,1.1651583476321616,0.9390124304568382,0.7082917391095281,0.47412032160651324,0.23763903755504526,1.668799301763755e-15,-0.23763903755504193,-0.47412032160651574,-0.7082917391095248,-0.9390124304568289,-1.165158347632153,-1.3856277304591145,-1.5993464742661028,-1.8052733628162014,-2.0024051410081034,-2.1897814026340794,-2.366489269382474,-2.531667838289108,-2.684512375969962,-2.824278239201327,-2.9502845027467592,-3.0619172767563745,-3.1586326975764774,-3.2399595773986403,-3.305501699839311,-3.3549397502662335,-3.3880328714672245,-3.4046198370823006,-3.4046198370823006,-3.3880328714672254,-3.354939750266234,-3.3055016998393114,-3.2399595773986407,-3.158632697576479,-3.061917276756376,-2.9502845027467615,-2.824278239201329,-2.6845123759699643,-2.5316678382891102,-2.3664892693824773
