hough_viz/data/file_5_2_2.json
{"header": {"discipline": 0, "disciplineName": "Meteorological products", "gribEdition": 2, "gribLength": 133963, "center": 7, "centerName": "US National Weather Service - NCEP(WMC)", "subcenter": 0, "refTime": "2014-11-30T06:00:00.000Z", "significanceOfRT": 1, "significanceOfRTName": "Start of forecast", "productStatus": 0, "productStatusName": "Operational products", "productType": 1, "productTypeName": "Forecast products", "productDefinitionTemplate": 0, "productDefinitionTemplateName": "Analysis/forecast at horizontal level/layer at a point in time", "parameterCategory": 2, "parameterCategoryName": "Momentum", "parameterNumber": 2, "parameterNumberName": "U-component_of_wind", "parameterUnit": "m.s-1", "genProcessType": 2, "genProcessTypeName": "Forecast", "forecastTime": 6, "surface1Type": 100, "surface1TypeName": "Isobaric surface", "surface1Value": 85000, "surface2Type": 255, "surface2TypeName": "Missing", "surface2Value": 0, "gridDefinitionTemplate": 0, "gridDefinitionTemplateName": "Latitude_Longitude", "numberPoints": 65160, "shape": 6, "shapeName": "Earth spherical with radius of 6,371,229.0 m", "gridUnits": "degrees", "resolution": 48, "winds": "true", "scanMode": 0, "nx": 360, "ny": 181, "basicAngle": 0, "subDivisions": 0, "lo1": 0, "la1": 90, "lo2": 359, "la2": -90, "dx": 1, "dy": 1}, "data":
[rows 76 to 94 of 181, columns 0 to 42 of 360]
1.1245346430869865,1.1202554492637493,1.1074504350428804,1.08621705431448,1.0567169059269566,1.0191745038222155,0.9738755683489972,0.9211648517584967,0.8614435144315693,0.795166071806002,0.7228369352395898,0.6450065731351293,0.5622673215434933,0.4752488761286201,0.3846134998032909,0.29105098250847783,0.19527339149538725,0.09800965206371895,6.885788755933946e-17,-0.09800965206371907,-0.19527339149538706,-0.29105098250847794,-0.38461349980329085,-0.47524887612862,-0.562267321543493,-0.6450065731351289,-0.7228369352395896,-0.795166071806002,-0.8614435144315692,-0.9211648517584967,-0.9738755683489972,-1.0191745038222155,-1.0567169059269563,-1.0862170543144798,-1.1074504350428809,-1.1202554492637493,-1.1245346430869865,-1.1202554492637493,-1.1074504350428804,-1.0862170543144802,-1.0567169059269566,-1.0191745038222157,-0.973875568348997
3.3215106675215265,3.3088713166401185,3.271049457087953,3.2083329360536847,3.1211990641316554,3.01031098270006,2.8765126170146504,2.720822253427952,2.544424789615273,2.3486627167879273,2.1350259025245037,1.9051402519789815,1.6607553337607635,1.4037310646611378,1.1360235545634503,0.8596702192657576,0.5767742745163825,0.28948872927210834,2.0338387036570125e-16,-0.28948872927210867,-0.5767742745163822,-0.8596702192657579,-1.1360235545634498,-1.4037310646611372,-1.6607553337607623,-1.9051402519789802,-2.135025902524503,-2.3486627167879273,-2.5444247896152725,-2.720822253427951,-2.8765126170146504,-3.01031098270006,-3.1211990641316545,-3.208332936053684,-3.271049457087954,-3.3088713166401185,-3.3215106675215265,-3.3088713166401185,-3.271049457087953,-3.2083329360536847,-3.1211990641316554,-3.0103109827000605,-2.8765126170146496
5.444656328585257,5.423937767468302,5.361939764877745,5.259134163048719,5.116303374686862,4.934534428335195,4.715210695430547,4.460001362011609,4.170848725205313,3.849953411172886,3.4997576270160065,3.1229265741061023,2.722328164292629,2.3010111933621995,1.8621821378617391,1.4091807518758326,0.9454546494815496,0.4745330663235854,3.333890472629657e-16,-0.474533066323586,-0.9454546494815492,-1.4091807518758332,-1.8621821378617387,-2.3010111933621995,-2.722328164292627,-3.1229265741061005,-3.499757627016006,-3.849953411172886,-4.170848725205312,-4.460001362011609,-4.715210695430547,-4.934534428335195,-5.116303374686861,-5.259134163048718,-5.361939764877746,-5.423937767468302,-5.444656328585257,-5.423937767468302,-5.361939764877745,-5.25913416304872,-5.116303374686862,-4.934534428335196,-4.715210695430546
7.5052962315466605,7.476736313474741,7.391273917480458,7.249559464000939,7.052671485596684,6.802108418667561,6.499777199447022,6.147978751065913,5.749390472138126,5.307045860140485,4.824311424665268,4.30486106624947,3.752648115773331,3.1718752472252714,2.5669624928151906,1.942513603860454,1.3032810134585577,0.6541296676016487,4.595668503308155e-16,-0.6541296676016496,-1.3032810134585568,-1.9425136038604554,-2.5669624928151897,-3.171875247225271,-3.7526481157733276,-4.304861066249466,-4.824311424665268,-5.307045860140484,-5.749390472138124,-6.147978751065913,-6.499777199447022,-6.802108418667561,-7.052671485596682,-7.249559464000939,-7.391273917480459,-7.476736313474741,-7.5052962315466605,-7.476736313474741,-7.391273917480458,-7.249559464000939,-7.052671485596684,-6.802108418667562,-6.499777199447022
9.446715228532112,9.410767625046242,9.303198397556915,9.124826212837405,8.877008590917491,8.561631573536358,8.181095370226128,7.73829609126803,7.236603706544452,6.679836398033283,6.072231501137585,5.418413256004607,4.723357614266056,3.9923543690416343,3.2309668964193303,2.4449898148041216,1.6404048843730412,0.8233354822683291,5.784444783539203e-16,-0.8233354822683301,-1.64040488437304,-2.444989814804123,-3.2309668964193303,-3.9923543690416343,-4.723357614266053,-5.4184132560046026,-6.072231501137585,-6.67983639803328,-7.236603706544449,-7.738296091268028,-8.181095370226128,-8.561631573536358,-8.877008590917491,-9.124826212837403,-9.303198397556915,-9.410767625046242,-9.446715228532112,-9.410767625046242,-9.303198397556915,-9.124826212837405,-8.877008590917491,-8.56163157353636,-8.181095370226124
11.25269203699922,11.209872146517826,11.081738360295569,10.86926585381489,10.57407167114452,10.198402418257695,9.745117165004187,9.21766568586237,8.620062205072427,7.956854845966014,7.233091017001483,6.454278997937807,5.6263460184996115,4.7555931485800205,3.8486473432940858,2.912411007848877,1.9540094660720937,0.9807367323953251,6.890286642451003e-16,-0.9807367323953263,-1.9540094660720921,-2.912411007848878,-3.848647343294084,-4.75559314858002,-5.626346018499607,-6.454278997937802,-7.233091017001483,-7.956854845966012,-8.620062205072424,-9.21766568586237,-9.745117165004187,-10.198402418257695,-10.57407167114452,-10.869265853814888,-11.081738360295569,-11.209872146517826,-11.25269203699922,-11.209872146517826,-11.081738360295569,-10.869265853814891,-10.57407167114452,-10.198402418257697,-9.745117165004187
12.953879209215016,12.904585787940892,12.7570806768186,12.512486478809798,12.172664703451348,11.74020159964373,11.218388472735278,10.611196635701148,9.923247185053626,9.159775831507368,8.326593053059478,7.430039873743456,6.47693960460751,5.474545914197437,4.430487623759121,3.352710647302427,2.249417518397725,1.129004963942581,7.931963355053307e-16,-1.1290049639425823,-2.249417518397724,-3.3527106473024277,-4.43048762375912,-5.474545914197435,-6.476939604607505,-7.4300398737434525,-8.326593053059476,-9.159775831507368,-9.923247185053622,-10.611196635701145,-11.218388472735278,-11.74020159964373,-12.172664703451348,-12.512486478809794,-12.7570806768186,-12.904585787940892,-12.953879209215016,-12.904585787940892,-12.7570806768186,-12.512486478809798,-12.172664703451348,-11.74020159964373,-11.218388472735278
14.475721652394999,14.420637161167777,14.255802913725285,13.982473398220193,13.602728817306375,13.119459256540628,12.536342689086519,11.857816984117784,11.089046131954259,10.23588094297744,9.304814519430662,8.3029328389904,7.2378608261975,6.117704322177379,4.950988394294624,3.7465924552427565,2.513682685352118,1.2616422724228429,8.863823093476781e-16,-1.2616422724228444,-2.513682685352116,-3.746592455242758,-4.9509883942946225,-6.117704322177377,-7.237860826197495,-8.302932838990394,-9.304814519430659,-10.235880942977436,-11.089046131954255,-11.857816984117783,-12.536342689086519,-13.119459256540628,-13.602728817306373,-13.982473398220193,-14.255802913725285,-14.420637161167777,-14.475721652394999,-14.420637161167777,-14.255802913725285,-13.982473398220197,-13.602728817306375,-13.119459256540628,-12.536342689086519
15.808504096411415,15.748347965606692,15.568337397671213,15.269842381720318,14.855134645061613,14.327370363978444,13.690566143322648,12.94956844772631,12.110016717079567,11.178300446987828,10.161510560852157,9.067385443660577,7.904252048205709,6.680962521946118,5.406826836819055,4.091541934732491,2.745117927982047,1.3778019162521329,9.67991697048903e-16,-1.3778019162521347,-2.745117927982045,-4.091541934732492,-5.406826836819052,-6.6809625219461175,-7.904252048205704,-9.06738544366057,-10.161510560852157,-11.178300446987826,-12.110016717079564,-12.94956844772631,-13.690566143322648,-14.327370363978444,-14.855134645061607,-15.269842381720316,-15.568337397671213,-15.748347965606692,-15.808504096411415,-15.748347965606692,-15.568337397671213,-15.269842381720318,-14.855134645061613,-14.327370363978448,-13.690566143322648
17.002380404883215,16.937681214283646,16.744076042391836,16.423038341467887,15.977011402263683,15.409389759105006,14.724493355435616,13.92753466643918,13.024579028955788,12.022498480606199,10.928919459436138,9.752164762117772,8.50119020244161,7.185516452165874,5.8151565829557015,4.4005398608616835,2.952432373307897,1.481855092665825,1.0410955370362952e-15,-1.4818550926658267,-2.952432373307895,-4.400539860861686,-5.815156582955699,-7.185516452165872,-8.501190202441604,-9.752164762117767,-10.928919459436136,-12.022498480606199,-13.024579028955785,-13.92753466643918,-14.724493355435616,-15.409389759105006,-15.977011402263683,-16.423038341467883,-16.74407604239184,-16.937681214283646,-17.002380404883215,-16.937681214283646,-16.744076042391836,-16.423038341467887,-15.977011402263683,-15.409389759105009,-14.724493355435614
17.972708312672975,17.90431673143426,17.699662488947304,17.36030312757105,16.88882137695635,16.288805497913845,15.56482197358255,14.722380755735823,13.767893330721398,12.708623924178893,11.552634215896457,10.308721985559789,8.986354156336489,7.595594745874471,6.14702827305085,4.651679203392156,3.1209280462349542,1.5664247421780224,1.1005109853561991e-15,-1.5664247421780244,-3.1209280462349516,-4.651679203392157,-6.147028273050848,-7.595594745874469,-8.986354156336484,-10.308721985559782,-11.552634215896457,-12.70862392417889,-13.767893330721392,-14.722380755735823,-15.56482197358255,-16.288805497913845,-16.88882137695635,-17.360303127571047,-17.69966248894731,-17.90431673143426,-17.972708312672975,-17.90431673143426,-17.699662488947304,-17.36030312757105,-16.88882137695635,-16.28880549791385,-15.564821973582546
18.714517398023315,18.643303009256556,18.430201827455214,18.076835681286816,17.585893900492007,16.961112848461397,16.20724748625404,15.330035184472699,14.3361520584092,13.233162158775912,12.029459904712562,10.734206197187866,9.357258699011659,7.9090968120686895,6.4007419227426565,4.8436735225109055,3.2497418420828135,1.6310776639886921,1.1459336914538351e-15,-1.6310776639886944,-3.249741842082811,-4.843673522510907,-6.400741922742655,-7.909096812068689,-9.357258699011654,-10.734206197187858,-12.029459904712557,-13.233162158775906,-14.336152058409194,-15.330035184472699,-16.20724748625404,-16.961112848461397,-17.585893900492007,-18.076835681286813,-18.430201827455214,-18.643303009256556,-18.714517398023315,-18.643303009256556,-18.430201827455214,-18.076835681286816,-17.585893900492007,-16.961112848461397,-16.20724748625404
19.29526884429078,19.22184452093732,19.00213035431247,18.63779850189129,18.13162174906029,17.487452406546396,16.71019299200622,15.805758918906486,14.781033476655702,13.643815444615534,12.402759738680826,11.067311542143676,9.647634422145394,8.154532978793645,6.599370615631645,4.993983057275759,3.3505882724045932,1.68169348763991,1.1814944614424176e-15,-1.6816934876399126,-3.3505882724045906,-4.993983057275761,-6.599370615631643,-8.154532978793641,-9.647634422145387,-11.06731154214367,-12.402759738680825,-13.64381544461553,-14.781033476655697,-15.805758918906482,-16.71019299200622,-17.487452406546396,-18.131621749060287,-18.637798501891286,-19.002130354312474,-19.22184452093732,-19.29526884429078,-19.22184452093732,-19.00213035431247,-18.63779850189129,-18.13162174906029,-17.4874524065464,-16.71019299200622
19.628579028101797,19.553886358869836,19.33037680748748,18.959751416599506,18.444830869220297,17.789534021632935,16.998848078526624,16.078790637357617,15.036363890799093,13.87950133582683,12.61700739501689,11.25849040957351,9.8142895140509,8.29539594929633,6.713369412470594,5.080250080772672,3.408466978421205,1.7107433842753172,1.2019038239287864e-15,-1.7107433842753197,-3.408466978421203,-5.0802500807726725,-6.71336941247059,-8.295395949296328,-9.814289514050895,-11.258490409573502,-12.617007395016886,-13.87950133582683,-15.03636389079909,-16.078790637357617,-16.998848078526624,-17.789534021632935,-18.444830869220297,-18.959751416599502,-19.330376807487482,-19.553886358869836,-19.628579028101797,-19.553886358869836,-19.33037680748748,-18.959751416599506,-18.444830869220297,-17.78953402163294,-16.99884807852662
19.712945989518527,19.63793227852729,19.413462045188755,19.041243643517458,18.524109880301726,17.865996455733537,17.071912010353614,16.147900006272582,15.100992732775214,13.939157786352705,12.671237432482465,11.30688131064868,9.856472994759265,8.331050967878612,6.742224612706295,5.1020858571647505,3.4231171475265163,1.7180964494609554,1.2070698103914256e-15,-1.7180964494609576,-3.4231171475265136,-5.102085857164752,-6.742224612706292,-8.331050967878609,-9.856472994759258,-11.306881310648677,-12.671237432482464,-13.939157786352704,-15.100992732775207,-16.147900006272582,-17.071912010353614,-17.865996455733537,-18.524109880301726,-19.041243643517454,-19.41346204518876,-19.63793227852729,-19.712945989518527,-19.63793227852729,-19.413462045188755,-19.041243643517458,-18.524109880301726,-17.86599645573354,-17.071912010353614
19.628579028101793,19.553886358869836,19.33037680748748,18.959751416599506,18.444830869220297,17.78953402163293,16.998848078526624,16.078790637357617,15.036363890799093,13.87950133582683,12.61700739501689,11.25849040957351,9.8142895140509,8.29539594929633,6.713369412470594,5.080250080772672,3.408466978421205,1.7107433842753172,1.2019038239287864e-15,-1.7107433842753197,-3.408466978421203,-5.0802500807726725,-6.71336941247059,-8.295395949296328,-9.814289514050895,-11.258490409573502,-12.617007395016886,-13.87950133582683,-15.03636389079909,-16.078790637357613,-16.998848078526624,-17.78953402163293,-18.444830869220297,-18.959751416599502,-19.330376807487482,-19.553886358869836,-19.628579028101793,-19.553886358869836,-19.33037680748748,-18.959751416599506,-18.444830869220297,-17.78953402163294,-16.99884807852662
19.29526884429078,19.22184452093732,19.00213035431247,18.63779850189129,18.13162174906029,17.487452406546396,16.710192992006224,15.805758918906486,14.781033476655702,13.643815444615534,12.402759738680826,11.067311542143676,9.647634422145394,8.154532978793645,6.599370615631645,4.993983057275759,3.3505882724045932,1.68169348763991,1.1814944614424176e-15,-1.6816934876399126,-3.3505882724045906,-4.993983057275762,-6.599370615631643,-8.154532978793643,-9.647634422145387,-11.06731154214367,-12.402759738680825,-13.64381544461553,-14.781033476655697,-15.805758918906482,-16.710192992006224,-17.487452406546396,-18.131621749060287,-18.637798501891286,-19.002130354312474,-19.22184452093732,-19.29526884429078,-19.22184452093732,-19.00213035431247,-18.63779850189129,-18.13162174906029,-17.4874524065464,-16.71019299200622
18.714517398023315,18.643303009256556,18.430201827455214,18.076835681286816,17.585893900492007,16.961112848461397,16.20724748625404,15.330035184472699,14.3361520584092,13.233162158775912,12.029459904712562,10.734206197187866,9.357258699011659,7.9090968120686895,6.4007419227426565,4.8436735225109055,3.2497418420828135,1.6310776639886921,1.1459336914538351e-15,-1.6310776639886944,-3.249741842082811,-4.843673522510907,-6.400741922742655,-7.909096812068689,-9.357258699011654,-10.734206197187858,-12.029459904712557,-13.233162158775906,-14.336152058409194,-15.330035184472699,-16.20724748625404,-16.961112848461397,-17.585893900492007,-18.076835681286813,-18.430201827455214,-18.643303009256556,-18.714517398023315,-18.643303009256556,-18.430201827455214,-18.076835681286816,-17.585893900492007,-16.961112848461397,-16.20724748625404
17.972708312672975,17.90431673143426,17.699662488947304,17.36030312757105,16.88882137695635,16.288805497913845,15.56482197358255,14.722380755735823,13.767893330721398,12.708623924178893,11.552634215896457,10.308721985559789,8.986354156336489,7.595594745874471,6.14702827305085,4.651679203392156,3.1209280462349542,1.5664247421780224,1.1005109853561991e-15,-1.5664247421780244,-3.1209280462349516,-4.651679203392157,-6.147028273050848,-7.595594745874469,-8.986354156336484,-10.308721985559782,-11.552634215896457,-12.70862392417889,-13.767893330721392,-14.722380755735823,-15.56482197358255,-16.288805497913845,-16.88882137695635,-17.360303127571047,-17.69966248894731,-17.90431673143426,-17.972708312672975,-17.90431673143426,-17.699662488947304,-17.36030312757105,-16.88882137695635,-16.28880549791385,-15.564821973582546
