hough_viz/data/file_4_0_2.json
{"header": {"discipline": 0, "disciplineName": "Meteorological products", "gribEdition": 2, "gribLength": 133963, "center": 7, "centerName": "US National Weather Service - NCEP(WMC)", "subcenter": 0, "refTime": "2014-11-30T06:00:00.000Z", "significanceOfRT": 1, "significanceOfRTName": "Start of forecast", "productStatus": 0, "productStatusName": "Operational products", "productType": 1, "productTypeName": "Forecast products", "productDefinitionTemplate": 0, "productDefinitionTemplateName": "Analysis/forecast at horizontal level/layer at a point in time", "parameterCategory": 2, "parameterCategoryName": "Momentum", "parameterNumber": 3, "parameterNumberName": "V-component_of_wind", "parameterUnit": "m.s-1", "genProcessType": 2, "genProcessTypeName": "Forecast", "forecastTime": 6, "surface1Type": 100, "surface1TypeName": "Isobaric surface", "surface1Value": 85000, "surface2Type": 255, "surface2TypeName": "Missing", "surface2Value": 0, "gridDefinitionTemplate": 0, "gridDefinitionTemplateName": "Latitude_Longitude", "numberPoints": 65160, "shape": 6, "shapeName": "Earth spherical with radius of 6,371,229.0 m", "gridUnits": "degrees", "resolution": 48, "winds": "true", "scanMode": 0, "nx": 360, "ny": 181, "basicAngle": 0, "subDivisions": 0, "lo1": 0, "la1": 90, "lo2": 359, "la2": -90, "dx": 1, "dy": 1}, "data":
[rows 57 to 75 of 181, columns 132 to 175 of 360]
0.9585071883147649,0.6416109510994623,0.3215888498249104,1.6937471224140626e-15,-0.3215888498249071,-0.6416109510994588,-0.9585071883147616,-1.270733674857408,-1.5767692746698438,-1.8751230130723817,-2.1643413406419443,-2.4430152147587307,-2.7097869643202346,-2.963356904178406,-3.2024896670750187,-3.4260202222267777,-3.632859551238191,-3.8219999536897373,-3.992519956553004,-4.143588803514643,-4.274470502337649,-4.384527410541541,-4.473223341932428,-4.540126178848257,-4.584909977392624,-4.607356555400675,-4.607356555400675,-4.584909977392625,-4.540126178848258,-4.473223341932428,-4.3845274105415415,-4.274470502337653,-4.143588803514648,-3.992519956553006,-3.8219999536897395,-3.632859551238189,-3.4260202222267755,-3.2024896670750214,-2.963356904178408,-2.709786964320238,-2.4430152147587334,-2.1643413406419483,-1.8751230130723933,-1.5767692746698556
0.970552978016895,0.649674229791317,0.3256303340232206,1.7150328486912538e-15,-0.3256303340232173,-0.6496742297913134,-0.9705529780168919,-1.2867032896932238,-1.5965849122811253,-1.8986881336645474,-2.1915411373162264,-2.4737171728398466,-2.7438415069545634,-3.0005981210573824,-3.242736122733484,-3.469075839978324,-3.6785145684410665,-3.870031943689357,-4.042694912322247,-4.195662277712572,-4.328188798232379,-4.439628817995216,-4.52943941242671,-4.597183033338514,-4.642529640619118,-4.665258310156074,-4.665258310156074,-4.642529640619119,-4.597183033338515,-4.5294394124267106,-4.439628817995218,-4.328188798232383,-4.195662277712579,-4.04269491232225,-3.8700319436893595,-3.6785145684410647,-3.4690758399783204,-3.242736122733487,-3.000598121057386,-2.7438415069545665,-2.47371717283985,-2.1915411373162303,-1.8986881336645587,-1.5965849122811366
0.9796102038139715,0.6557370067102902,0.3286691248243699,1.7310375801297574e-15,-0.3286691248243665,-0.6557370067102868,-0.9796102038139683,-1.2987108384747494,-1.611484284476431,-1.916406741029977,-2.211992656577764,-2.4968019662514296,-2.769447107723166,-3.028599781269926,-3.2729974211161297,-3.5014493465272047,-3.712842562686454,-3.906147183093922,-4.080421447069905,-4.234816307918288,-4.368579569396738,-4.481059550341175,-4.5717082595908805,-4.640084065746364,-4.68585384875315,-4.708794622829195,-4.708794622829195,-4.68585384875315,-4.640084065746365,-4.571708259590881,-4.481059550341177,-4.3685795693967435,-4.234816307918293,-4.080421447069906,-3.9061471830939247,-3.7128425626864505,-3.501449346527203,-3.2729974211161323,-3.028599781269928,-2.769447107723169,-2.4968019662514327,-2.211992656577768,-1.9164067410299885,-1.6114842844764425
0.9864112986306013,0.6602895619409795,0.3309509608776556,1.7430555753157763e-15,-0.33095096087765213,-0.6602895619409759,-0.986411298630598,-1.307727338627017,-1.6226722624819294,-1.9297116901844757,-2.2273497565063916,-2.514136398707023,-2.788674421093253,-3.0496263020164904,-3.2957207101436725,-3.5257586982557223,-3.7386195443978893,-3.9332662119244737,-4.108750401837103,-4.264217172802123,-4.398909106338865,-4.512169996886322,-4.603448048770691,-4.672298564498427,-4.718386111277736,-4.7414861552134155,-4.7414861552134155,-4.718386111277737,-4.672298564498428,-4.603448048770693,-4.512169996886323,-4.398909106338868,-4.264217172802129,-4.108750401837105,-3.933266211924476,-3.738619544397887,-3.5257586982557196,-3.2957207101436756,-3.0496263020164927,-2.7886744210932557,-2.514136398707026,-2.227349756506395,-1.9297116901844875,-1.6226722624819416
0.9913484764026724,0.6635944378612686,0.3326074339228844,1.7517799028390732e-15,-0.33260743392288084,-0.6635944378612653,-0.9913484764026691,-1.3142727648170476,-1.6307940484314658,-1.939370267368771,-2.2384980693082803,-2.5267201336671588,-2.8026322715198226,-3.0648902666652544,-3.31221642451319,-3.5434057968837283,-3.757332052393749,-3.9529529638302052,-4.129315485776328,-4.285560397753083,-4.420926490255013,-4.534754273286399,-4.62648918933024,-4.695684315096727,-4.742002538888602,-4.76521820297544,-4.76521820297544,-4.742002538888602,-4.695684315096728,-4.626489189330241,-4.534754273286401,-4.420926490255018,-4.285560397753089,-4.1293154857763295,-3.952952963830208,-3.757332052393747,-3.543405796883726,-3.312216424513193,-3.0648902666652567,-2.802632271519826,-2.5267201336671623,-2.2384980693082843,-1.9393702673687823,-1.630794048431478
0.9929343982516405,0.6646560311787636,0.3331395267329744,1.7545823341622914e-15,-0.3331395267329709,-0.6646560311787602,-0.9929343982516372,-1.3163752887456568,-1.633402931154481,-1.9424727986718098,-2.2420791339707,-2.530762285101891,-2.807115816771393,-3.0697933623518816,-3.317515183245547,-3.5490744036418995,-3.763342890295415,-3.9592767486773157,-4.135921408724773,-4.292416275410285,-4.427998921474174,-4.542008801893538,-4.633890471991206,-4.703196293506371,-4.74958861544321,-4.772841419072591,-4.772841419072591,-4.749588615443211,-4.703196293506371,-4.633890471991206,-4.54200880189354,-4.427998921474178,-4.29241627541029,-4.1359214087247755,-3.9592767486773193,-3.763342890295412,-3.549074403641897,-3.317515183245549,-3.0697933623518843,-2.8071158167713968,-2.5307622851018943,-2.242079133970704,-1.9424727986718213,-1.6334029311544933
0.9919623961959546,0.6640053869571844,0.33281341021874666,1.7528647406952117e-15,-0.33281341021874317,-0.6640053869571808,-0.9919623961959513,-1.3150866643521746,-1.6318039624717158,-1.940571275714455,-2.2398843207674637,-2.528284874562078,-2.8043678785901256,-3.066788284207756,-3.314267605577212,-3.5456001483213107,-3.759658883545262,-3.955400938608172,-4.131872677893699,-4.288214348826913,-4.423664270502441,-4.537562544517264,-4.629354269929388,-4.698592246679479,-4.744939154304588,-4.768169195329542,-4.768169195329543,-4.744939154304589,-4.69859224667948,-4.629354269929388,-4.537562544517265,-4.423664270502447,-4.288214348826919,-4.131872677893701,-3.9554009386081743,-3.75965888354526,-3.5456001483213075,-3.3142676055772142,-3.066788284207758,-2.8043678785901287,-2.5282848745620816,-2.2398843207674677,-1.9405712757144666,-1.6318039624717275
0.9889287076247084,0.6619746793805839,0.331795577039979,1.7475040075150226e-15,-0.33179557703997553,-0.6619746793805803,-0.9889287076247053,-1.3110647746120563,-1.6268134658052604,-1.9346364853197786,-2.233034150346806,-2.5205526974571524,-2.7957913651905506,-3.057409218424706,-3.3041316812764023,-3.534756746707075,-3.748160832580291,-3.943304255640986,-4.11923629674776,-4.275099832680959,-4.41013551196087,-4.523685454331782,-4.61519645588846,-4.684222684229973,-4.7304278505103365,-4.753586847803959,-4.75358684780396,-4.730427850510337,-4.684222684229974,-4.615196455888462,-4.523685454331783,-4.410135511960875,-4.275099832680965,-4.119236296747762,-3.9433042556409887,-3.748160832580288,-3.534756746707072,-3.304131681276405,-3.057409218424709,-2.795791365190553,-2.5205526974571555,-2.23303415034681,-1.9346364853197904,-1.626813465805272
0.9823029538705573,0.6575394949398431,0.3295725696854208,1.7357958518624305e-15,-0.3295725696854174,-0.6575394949398395,-0.982302953870554,-1.3022807315507667,-1.6159139284116575,-1.921674555044427,-2.2180729764110785,-2.5036651691965703,-2.7770597569452726,-3.036924788707209,-3.281994228169182,-3.51107412165642,-3.7230484149548793,-3.916884390615196,-4.091637699248283,-4.246456960300612,-4.380587909894717,-4.493377075526975,-4.584274959719949,-4.652838717118874,-4.698734311989707,-4.72173814560765,-4.72173814560765,-4.698734311989708,-4.6528387171188745,-4.58427495971995,-4.493377075526976,-4.380587909894722,-4.246456960300618,-4.0916376992482855,-3.916884390615199,-3.7230484149548766,-3.5110741216564167,-3.281994228169184,-3.036924788707212,-2.7770597569452757,-2.503665169196574,-2.218072976411082,-1.9216745550444383,-1.6159139284116695
0.9729001714355914,0.6512454073684323,0.3264178411395337,1.7191804984398755e-15,-0.3264178411395303,-0.651245407368429,-0.9729001714355883,-1.2898150636631043,-1.6004461065522027,-1.9032799368864592,-2.1968411786852426,-2.4796996310871746,-2.7504772361449774,-3.0078547925852877,-3.250578382824635,-3.4774654819298565,-3.6874107187607184,-3.879391261227007,-4.05247179942365,-4.205809102366536,-4.338656126129146,-4.450365653365446,-4.54039344648774,-4.608300899137498,-4.653757173031443,-4.676540809772416,-4.676540809772417,-4.653757173031444,-4.6083008991374985,-4.540393446487741,-4.4503656533654485,-4.33865612612915,-4.205809102366541,-4.052471799423651,-3.87939126122701,-3.6874107187607157,-3.4774654819298534,-3.2505783828246373,-3.0078547925852903,-2.750477236144981,-2.4796996310871777,-2.1968411786852458,-1.9032799368864708,-1.6004461065522144
0.9613142858283915,0.6434899818751351,0.3225306594135696,1.6987074538481964e-15,-0.3225306594135663,-0.6434899818751317,-0.9613142858283884,-1.2744551632120709,-1.5813870231483618,-1.880614524468341,-2.17067986086383,-2.4501698631731665,-2.717722884199329,-2.972035432518222,-3.21186852295785,-3.436053712809521,-3.64349879436329,-3.8331931160341397,-4.004212506154901,-4.155723775447704,-4.28698877623842,-4.397367998637911,-4.486323686169921,-4.553422455666591,-4.598337408667678,-4.620849724036996,-4.620849724036996,-4.598337408667678,-4.553422455666592,-4.486323686169923,-4.397367998637912,-4.286988776238425,-4.1557237754477105,-4.004212506154904,-3.8331931160341433,-3.643498794363288,-3.4360537128095183,-3.211868522957852,-2.9720354325182248,-2.717722884199332,-2.450169863173169,-2.170679860863834,-1.8806145244683532,-1.581387023148373
0.9460367467774912,0.6332634165656547,0.3174048906437263,1.671711007582075e-15,-0.31740489064372307,-0.6332634165656513,-0.9460367467774883,-1.2542010810543138,-1.556255073736087,-1.8507271481328313,-2.136182665898322,-2.411230916443887,-2.674531892340614,-2.924802817700864,-3.1608243977334327,-3.3814467590252004,-3.585595051608832,-3.7722746855237803,-3.940576176358586,-4.0896795761675016,-4.218858468174482,-4.32748350580269,-4.415025478787747,-4.481057891436959,-4.525259040473452,-4.547413582342209,-4.547413582342211,-4.525259040473452,-4.481057891436959,-4.415025478787748,-4.327483505802691,-4.218858468174487,-4.089679576167506,-3.9405761763585874,-3.7722746855237816,-3.5855950516088293,-3.3814467590251978,-3.160824397733434,-2.9248028177008667,-2.674531892340617,-2.4112309164438903,-2.1361826658983256,-1.8507271481328427,-1.5562550737360985
0.9278677919970301,0.6211013790772655,0.31130902267152855,1.6396052338833062e-15,-0.3113090226715253,-0.6211013790772623,-0.9278677919970272,-1.230113726303134,-1.5263666701852845,-1.8151833090801335,-2.095156557354739,-2.3649224134863136,-2.6231666053405442,-2.8686309931733427,-3.1001196991611852,-3.3165049335976566,-3.5167324893715444,-3.699826877957928,-3.864896081900203,-4.011135900629452,-4.137833868448806,-4.244372725594685,-4.33023342546432,-4.394997663358635,-4.4383499144206855,-4.460078970841053,-4.460078970841053,-4.4383499144206855,-4.394997663358635,-4.330233425464321,-4.244372725594686,-4.137833868448809,-4.011135900629457,-3.8648960819002056,-3.699826877957931,-3.5167324893715417,-3.316504933597653,-3.1001196991611875,-2.868630993173346,-2.623166605340548,-2.3649224134863163,-2.0951565573547426,-1.8151833090801444,-1.5263666701852958
0.9074833258778294,0.6074563101055968,0.30446982825182445,1.6035845015901589e-15,-0.3044698282518213,-0.6074563101055935,-0.9074833258778263,-1.2030891741062948,-1.492833692812611,-1.7753052758266619,-2.049127749989955,-2.312967079732898,-2.5655378663620136,-2.805609610393178,-3.0320127064214044,-3.243644141320797,-3.439472868013638,-3.618544828628122,-3.7799876025723873,-3.923014656879941,-4.046929178119231,-4.1511274671986245,-4.235101880527701,-4.298443303205796,-4.340843142188682,-4.362094829722853,-4.362094829722853,-4.3408431421886835,-4.298443303205797,-4.235101880527701,-4.151127467198626,-4.046929178119235,-3.9230146568799467,-3.7799876025723886,-3.618544828628124,-3.4394728680136364,-3.2436441413207944,-3.032012706421407,-2.805609610393181,-2.5655378663620168,-2.312967079732901,-2.049127749989958,-1.7753052758266727,-1.4928336928126218
0.8834608271776592,0.5913759943534521,0.296410037129662,1.5611351193188108e-15,-0.29641003712965897,-0.591375994353449,-0.8834608271776562,-1.171241527657033,-1.453316057146444,-1.7283101768922573,-1.9948841431853894,-2.2517392344579754,-2.497624078524312,-2.7313407491403723,-2.951750602180039,-3.1577798229948164,-3.3484246579308756,-3.5227563045159673,-3.679925436491685,-3.8191663416456243,-3.9398006522843243,-4.041240650172473,-4.1229921298370735,-4.1846568062868235,-4.225934255416576,-4.246623377643365,-4.246623377643365,-4.225934255416576,-4.1846568062868235,-4.1229921298370735,-4.041240650172475,-3.9398006522843283,-3.819166341645629,-3.6799254364916876,-3.522756304515969,-3.348424657930874,-3.157779822994814,-2.951750602180041,-2.731340749140375,-2.4976240785243142,-2.251739234457978,-1.9948841431853928,-1.7283101768922677,-1.4533160571464547
0.856554989198103,0.5733656126821964,0.28738285653581197,1.5135906812492996e-15,-0.287382856535809,-0.5733656126821934,-0.8565549891981,-1.1355713159072471,-1.4090552533125167,-1.675674415161387,-1.9341298596978,-2.183162417975819,-2.421558828404173,-2.648157647634784,-2.861854908997999,-3.061609500917226,-3.246448239099889,-3.4154706077934947,-3.5678531470078387,-3.702853464329302,-3.819813851782082,-3.9181644901153274,-3.9974262249052477,-4.057212900947307,-4.097233243565566,-4.11729227767362,-4.117292277673621,-4.097233243565566,-4.057212900947307,-3.9974262249052486,-3.9181644901153283,-3.8198138517820865,-3.702853464329307,-3.567853147007841,-3.415470607793497,-3.2464482390998874,-3.061609500917223,-2.861854908998002,-2.648157647634786,-2.421558828404175,-2.183162417975822,-1.9341298596978032,-1.6756744151613967,-1.409055253312527
0.8274983441792094,0.5539155116567575,0.27763405844090605,1.4622456214649424e-15,-0.2776340584409031,-0.5539155116567546,-0.8274983441792069,-1.0970496879486673,-1.3612563159134847,-1.6188310399401777,-1.8685189818646157,-2.1091036871322806,-2.339413051242592,-2.5583250301242275,-2.764773106621036,-2.9577514864564063,-3.136319998361897,-3.299608674497152,-3.446821988845766,-3.5772427329380543,-3.6902355100186504,-3.7852498306356144,-3.861822794569704,-3.919581346037718,-3.9582440911827756,-3.977622668996896,-3.9776226689968976,-3.9582440911827756,-3.919581346037719,-3.861822794569705,-3.785249830635616,-3.6902355100186544,-3.5772427329380587,-3.4468219888457683,-3.2996086744971542,-3.136319998361895,-2.957751486456405,-2.7647731066210377,-2.5583250301242297,-2.3394130512425946,-2.1091036871322837,-1.8685189818646188,-1.6188310399401873,-1.3612563159134943
0.7950137919122047,0.5321708187320041,0.26673516281656495,1.4048432173975455e-15,-0.2667351628165621,-0.5321708187320013,-0.7950137919122019,-1.0539835378127196,-1.3078183818630622,-1.5552816662184121,-1.7951677746323185,-2.02630800609785,-2.247576268641435,-2.4578945655297764,-2.6562382471615584,-2.841641003057304,-3.013199569626905,-3.1700781307790464,-3.311512389933175,-3.4368132935956064,-3.5453703883589056,-3.6366547949695076,-3.710221784974279,-3.765712947392844,-3.802857934859853,-3.8214757807301685,-3.821475780730169,-3.802857934859853,-3.765712947392844,-3.71022178497428,-3.636654794969508,-3.545370388358909,-3.4368132935956113,-3.311512389933176,-3.1700781307790478,-3.013199569626903,-2.841641003057302,-2.6562382471615607,-2.457894565529778,-2.247576268641437,-2.0263080060978527,-1.7951677746323214,-1.5552816662184217,-1.3078183818630718
0.7597880726433198,0.5085912279696134,0.2549165779566507,1.3425969855758116e-15,-0.254916577956648,-0.5085912279696108,-0.7597880726433173,-1.0072833062007416,-1.2498711567421137,-1.486369760644448,-1.7156269204822938,-1.9365257184177653,-2.147989957711984,-2.348989405847426,-2.5385448137171727,-2.715732686428122,-2.8796897824752845,-3.029617319367632,-3.164784865216092,-3.2845338973242786,-3.3882810104448935,-3.4755207590714408,-3.5458281199179154,-3.5988605625895453,-3.634359718356438,-3.6521526389000596,-3.65215263890006,-3.634359718356438,-3.598860562589546,-3.5458281199179162,-3.4755207590714416,-3.388281010444898,-3.284533897324283,-3.1647848652160935,-3.0296173193676337,-2.8796897824752823,-2.7157326864281197,-2.5385448137171744,-2.3489894058474277,-2.147989957711986,-1.9365257184177678,-1.7156269204822967,-1.486369760644457,-1.249871156742123
