hough_viz/data/file_1_0_2.json
{"header": {"discipline": 0, "disciplineName": "Meteorological products", "gribEdition": 2, "gribLength": 133963, "center": 7, "centerName": "US National Weather Service - NCEP(WMC)", "subcenter": 0, "refTime": "2014-11-30T06:00:00.000Z", "significanceOfRT": 1, "significanceOfRTName": "Start of forecast", "productStatus": 0, "productStatusName": "Operational products", "productType": 1, "productTypeName": "Forecast products", "productDefinitionTemplate": 0, "productDefinitionTemplateName": "Analysis/forecast at horizontal level/layer at a point in time", "parameterCategory": 2, "parameterCategoryName": "Momentum", "parameterNumber": 3, "parameterNumberName": "V-component_of_wind", "parameterUnit": "m.s-1", "genProcessType": 2, "genProcessTypeName": "Forecast", "forecastTime": 6, "surface1Type": 100, "surface1TypeName": "Isobaric surface", "surface1Value": 85000, "surface2Type": 255, "surface2TypeName": "Missing", "surface2Value": 0, "gridDefinitionTemplate": 0, "gridDefinitionTemplateName": "Latitude_Longitude", "numberPoints": 65160, "shape": 6, "shapeName": "Earth spherical with radius of 6,371,229.0 m", "gridUnits": "degrees", "resolution": 48, "winds": "true", "scanMode": 0, "nx": 360, "ny": 181, "basicAngle": 0, "subDivisions": 0, "lo1": 0, "la1": 90, "lo2": 359, "la2": -90, "dx": 1, "dy": 1}, "data":
[rows 0 to 18 of 181, columns 301 to 343 of 360]
-2.259605363498371,-2.235565944956165,-2.2108455513707117,-2.1854517128133693,-2.159392164493355,-2.132674844401537,-2.10530789089243,-2.0772996402051787,-2.0486586239242692,-2.0193935663807108,-1.989513381994529,-1.9590271725593418,-1.9279442244698701,-1.8962740058932106,-1.8640261638847357,-1.831210521449516,-1.7978370745501269,-1.7639159890617926,-1.7294575976757518,-1.6944723967518274,-1.6589710431211295,-1.6229643508398837,-1.586463287895361,-1.5494789728649325,-1.5120226715292298,-1.4741057934404869,-1.4357398884470762,-1.3969366431753243,-1.3577078774696276,-1.3180655407920443,-1.278021708582346,-1.2375885785797418,-1.196778467107312,-1.1556038053203455,-1.114077135419698,-1.0722111068312894,-1.0300184723530021,-0.9875120842700189,-0.9447048904399252,-0.9016099303486389,-0.8582403311384814,-0.8146093036094944,-0.7707301381953299
-2.2607096686849033,-2.2366585016953766,-2.2119260268592362,-2.186519777927906,-2.160447493890925,-2.1337171166185818,-2.1063367884427344,-2.078314849676583,-2.0496598360741327,-2.020380476230115,-1.9904856889211724,-1.9599845803891163,-1.9288864415670761,-1.8972007452493924,-1.864937143206108,-1.8321054632429532,-1.798715706207688,-1.7647780429437638,-1.7303028111921699,-1.6953005124424678,-1.65978180873393,-1.6237575194077853,-1.5872386178115339,-1.5502362279563735,-1.5127616211287025,-1.4748262124567848,-1.4364415574335883,-1.3976193483968795,-1.3583714109676026,-1.3187097004477073,-1.2786462981784261,-1.2381934078601973,-1.197363351835285,-1.156168567334282,-1.114621602687618,-1.0727351135031882,-1.0305218588113714,-0.9879946971784668,-0.9451665827898847,-0.9020505615041481,-0.8586597668790216,-0.8150074161708754,-0.7711068063086094
-2.2618139738714342,-2.237751058434588,-2.2130065023477608,-2.1875878430424436,-2.1615028232884947,-2.1347593888356253,-2.1073656859930385,-2.0793300591479866,-2.050661048223997,-2.021367386079519,-1.9914579958478158,-1.9609419882188903,-1.9298286586642814,-1.8981274846055742,-1.8658481225274801,-1.8330004050363893,-1.7995943378652492,-1.7656400968257349,-1.7311480247085882,-1.6961286281331076,-1.6605925743467307,-1.6245506879756866,-1.5880139477277064,-1.5509934830478145,-1.513500570728175,-1.4755466314730823,-1.4371432264200998,-1.3983020536184345,-1.3590349444655772,-1.3193538601033703,-1.279270887774506,-1.2387982371406525,-1.1979482365632579,-1.1567333293482187,-1.1151660699555372,-1.0732591201750865,-1.0310252452697402,-0.9884773100869145,-0.945628275139844,-0.9024911926596568,-0.8590792026195613,-0.8154055287322566,-0.7714834744218891
-2.2632415024096844,-2.239163399827079,-2.2144032263816236,-2.1889685242620067,-2.1628670411248843,-2.136106727734873,-2.1086957355426637,-2.0806424142020115,-2.051955309026359,-2.0226431583858404,-1.992714891045493,-1.96217962344547,-1.9310466569240856,-1.8993254748845325,-1.8670257399061492,-1.8341572908011072,-1.8007301396174054,-1.7667544685891128,-1.7322406270347535,-1.6971991282048078,-1.6616406460792734,-1.625576012116269,-1.5890162119526636,-1.551972382057754,-1.514455806340975,-1.476477912714722,-1.4380502696132917,-1.399184582469035,-1.3598926901467492,-1.3201865613374701,-1.2800782909126711,-1.2395800962400658,-1.1987043134620634,-1.157463393738069,-1.1158698994517464,-1.0739365003843722,-1.0316759698555285,-0.9891011808321932,-0.9462251020075405,-0.9030607938505253,-0.8596214046275615,-0.8159201663974042,-0.7719703909805662
-2.2652070460303135,-2.241108032483997,-2.216326355720884,-2.1908695644797835,-2.164745413145911,-2.1379618593888363,-2.11052706173849,-2.0824493771000014,-2.0537373582081098,-2.0243997510219076,-1.9944454920607433,-1.9638837056820708,-1.932723701302078,-1.9009749705599537,-1.8686471844266368,-1.8357501902589544,-1.8022940088000055,-1.7682888311267635,-1.7337450155457623,-1.698673084437861,-1.6630837210530236,-1.6269877662560996,-1.5903962152245883,-1.5533202140994071,-1.5157710565896603,-1.4777601805324725,-1.4392991644089086,-1.4003997238170653,-1.3610737079033663,-1.3213330957532254,-1.2811899927420742,-1.2406566268479704,-1.1997453449268176,-1.158468608951404,-1.1168389922153708,-1.0748691755032422,-1.032571943227768,-0.9899601795356335,-0.9470468643828548,-0.903845069580934,-0.8603679548150795,-0.8166287636356122,-0.7726408194238812
-2.2679233995046775,-2.243795487302368,-2.218984093258491,-2.1934967751640264,-2.167341296702965,-2.1405256250874225,-2.113057928630741,-2.0849465742593454,-2.056200124964101,-2.0268273371919343,-1.9968371581785418,-1.9662387232229723,-1.935041352904927,-1.9032545502456202,-1.870887997813066,-1.8379515547726808,-1.8044552538840737,-1.7704092984449844,-1.735824059183249,-1.700710071097781,-1.665078030249508,-1.6289387905032484,-1.592303360221515,-1.555182898911271,-1.517588713824624,-1.479532256514534,-1.4410251193465564,-1.4020790319677063,-1.3627058577334703,-1.3229175900941426,-1.2827263489414795,-1.2421443769168823,-1.2011840356821528,-1.1598578021540218,-1.1181782647035639,-1.076158119321637,-1.0338101657515912,-0.9911473035903091,-0.9481825283588963,-0.9049289275440925,-0.8613996766117201,-0.8176080349932809,-0.7735673420470361
-2.2710616250807414,-2.2469003260227796,-2.2220545993592986,-2.1965320133393273,-2.170340342389807,-2.1434875647474376,-2.115981860028416,-2.087831606736852,-2.0590453797125976,-2.0296319475192632,-1.9996002697732278,-1.9689594944144568,-1.9377189549199485,-1.9058881674606658,-1.8734768280028207,-1.8404948093543894,-1.8069521581577535,-1.772859091829406,-1.7382259954476158,-1.7030634185890388,-1.6673820721152137,-1.6311928249099295,-1.5945067005684561,-1.557334874039658,-1.5196886682219861,-1.4815795505144194,-1.44301912932338,-1.4040191505267126,-1.3645914938957524,-1.3247481694766583,-1.2845013139320163,-1.2438631868439087,-1.2028461669795154,-1.1614627485204254,-1.1197255372567985,-1.0776472467474933,-1.0352406944474304,-0.9925187978032325,-0.9494945703184805,-0.9061811175896467,-0.862591633314026,-0.8187393952707809,-0.7746377612764292
-2.274700506247484,-2.250500493974903,-2.225614957450768,-2.2000514770505784,-2.1738178396581,-2.1469220362934176,-2.119372259678779,-2.0911769017430206,-2.0623445510653076,-2.0328839902589593,-2.0028041932961895,-1.9721143227745412,-1.9408237271258755,-1.9089419377687453,-1.8764786662050343,-1.8434438010617409,-1.8098474050788016,-1.7756997120438918,-1.7410111236751036,-1.7057922064524909,-1.6700536883994122,-1.6338064558146743,-1.5970615499564542,-1.559830163679037,-1.522123638023349,-1.4839534587623764,-1.4453312529024827,-1.4062687851417208,-1.3667779542861689,-1.3268707896254686,-1.28655944726856,-1.245856206440834,-1.2047734657437463,-1.1633237393780882,-1.12151965333205,-1.0793739415351975,-1.0368994419796276,-0.9941090928093557,-0.9510159283792657,-0.9076330752846906,-0.8639737483629495,-0.8200512466679506,-0.7758789494192021
-2.2790549950047643,-2.254808656334014,-2.2298754811037225,-2.2042630642005974,-2.1779792074149404,-2.151031917064148,-2.1234294015539033,-2.095180068877821,-2.0662925240562955,-2.0367755665153173,-2.0066381874060903,-1.9758895668662393,-1.944539071223448,-1.9125962501423897,-1.8800708337158003,-1.8469727295006073,-1.8133120194999806,-1.7790989570922677,-1.744343963907706,-1.7090576266538986,-1.6732506938909995,-1.6369340727575976,-1.6001188256482957,-1.5628161668440037,-1.5250374590959512,-1.4867942101644886,-1.4480980693137084,-1.4089608237629787,-1.369394395096417,-1.3294108356314893,-1.2890223247477341,-1.2482411651768233,-1.207079779255016,-1.165550705139201,-1.1236665929876617,-1.0814402011066917,-1.0388843920643218,-0.9960121287722259,-0.9528364705371225,-0.9093705690827567,-0.8656276645437824,-0.82162108143266,-0.7773642245809109
-2.283796655753349,-2.2594998716512142,-2.234514821999908,-2.2088491174875893,-2.18251057613648,-2.155507220921427,-2.127847277326014,-2.099539170837006,-2.0705915243778703,-2.0410131556821387,-2.010813074607448,-1.9800004803910478,-1.9485847588476253,-1.9165754795102932,-1.8839823927156172,-1.8508154266335748,-1.8170846842433261,-1.7828004402557642,-1.7479731379837247,-1.7126133861608597,-1.676731955710111,-1.6403397764627863,-1.6034479338292205,-1.5660676654220633,-1.5282103576331811,-1.489887542165257,-1.4511108925191232,-1.411892220437905,-1.3722434723090304,-1.3321767255252712,-1.2917041848058293,-1.2508381784786784,-1.2095911547252214,-1.16797567778846,-1.1260044241458143,-1.08369017864772,-1.041045830623271,-0.9980843699539723,-0.9548188831169281,-0.9112625491985453,-0.867428635880083,-0.8233304953961571,-0.778981560467552
-2.288986383196107,-2.2646343867847207,-2.2395925608011136,-2.213868533228066,-2.18747013985357,-2.1604054218839766,-2.132682623494561,-2.104310189318266,-2.0752967618733957,-2.045651178931008,-2.0153824708228494,-1.9844998576906308,-1.953012746677477,-1.920930729062426,-1.8882635773388272,-1.855021242237553,-1.8212138496958963,-1.7868516977731304,-1.751945253513601,-1.7165051497583772,-1.6805421819063775,-1.6440673046259924,-1.6070916285181778,-1.5696264167320726,-1.5316830815341187,-1.4932731808317818,-1.4544084146528993,-1.4151006215817477,-1.3753617751528704,-1.3352039802038547,-1.294639469188055,-1.2536805984484893,-1.2123398444539593,-1.1706297999986064,-1.1285631703660328,-1.0861527694591249,-1.0434115158968456,-1.0003524290790653,-0.9569886252207587,-0.91333331335665,-0.8693997913176393,-0.8252014416801237,-0.7807517276895664
-2.2948255142620355,-2.2704113966865362,-2.2453056898056367,-2.219516041060858,-2.193050306229036,-2.1659165470293824,-2.1381230286678,-2.1096782173192197,-2.080590777548734,-2.050869569672272,-2.0205236470576673,-1.9895622533669175,-1.95799481974047,-1.925830961924407,-1.8930804773413976,-1.8597533421063088,-1.8258597079873775,-1.7914098993138954,-1.7564144098313046,-1.7208838995047107,-1.684829191271751,-1.6482612677458228,-1.6111912678706724,-1.5736304835273696,-1.535590356094684,-1.4970824729639347,-1.458118564009354,-1.4187104980150687,-1.3788702790597274,-1.3386100428599694,-1.2979420530737478,-1.2568786975647153,-1.2154324846287468,-1.1736160391837995,-1.1314420989242475,-1.0889235104408328,-1.0460732253075036,-1.002904296136202,-0.9594298726009481,-0.9156631974322913,-0.8716176023834729,-0.8273065041694145,-0.7827434003798879
-2.301001901777667,-2.276522075044735,-2.2513487976345785,-2.2254897375713574,-2.198952771775267,-2.171745983663162,-2.1438776606862584,-2.115356291805697,-2.086190564906738,-2.0563893641523268,-2.025961767276903,-1.9949170428212346,-1.963264647309127,-1.931014222366878,-1.898175591786339,-1.8647587585325043,-1.8307739016964946,-1.7962313733949253,-1.7611416956165358,-1.725515557017099,-1.68936380966355,-1.6526974657283429,-1.6155276941350327,-1.577865817156123,-1.5397233069641787,-1.5011117821372981,-1.46204300411998,-1.4225288736404826,-1.3825814270857237,-1.3422128328349094,-1.3014353875529034,-1.2602615124445637,-1.2187037494711057,-1.1767747575297085,-1.1344873085974991,-1.0918542838410612,-1.0488886696927398,-1.0056035538948125,-0.9620121215128712,-0.9181276509194937,-0.8739635097495486,-0.8295331508282546,-0.7848501080733502
-2.307558603852857,-2.2830090218839043,-2.2577640132508807,-2.23183126782797,-2.205218684980643,-2.1779343711594388,-2.1499866374306555,-2.1213839969447212,-2.0921351623430104,-2.062249043103882,-2.031734742828769,-2.0006015564691335,-1.9688589674951356,-1.9365166450068731,-1.9035844407890825,-1.870072386310192,-1.8359906896666316,-1.8013497324733598,-1.7661600667015103,-1.7304324114641663,-1.6941776497512149,-1.6574068251142824,-1.6201311383027572,-1.5823619438519445,-1.5441107466243502,-1.5053891983051977,-1.4662090938532062,-1.4265823679077454,-1.3865210911534014,-1.3460374666431627,-1.305143826081225,-1.263852626066653,-1.2221764442989653,-1.1801279757468535,-1.1377200287811768,-1.0949655212733878,-1.051877476660654,-1.008469019978759,-0.964753373864122,-0.920743854526028,-0.8764538676904038,-0.8318969045162774,-0.7870865374862688
-2.314667241842685,-2.290042032719246,-2.264719254608506,-2.2387066210739843,-2.212012055815844,-2.184643690257262,-2.156609861067509,-2.1279191076225237,-2.098580169403743,-2.06860198333596,-2.0379936810650547,-2.0067645861764096,-1.9749242113548493,-1.9424822554869907,-1.9094486007068603,-1.875833309385713,-1.8416466210669196,-1.806898949346919,-1.7716008787031243,-1.735763161269794,-1.6993967135628254,-1.66251261315448,-1.6251220952990446,-1.5872365495104717,-1.5488675160930123,-1.510026682625934,-1.4707258804033694,-1.4309770808303965,-1.390792391776412,-1.3501840538869865,-1.3091644368552176,-1.2677460356538246,-1.2259414667290396,-1.1837634641575252,-1.1412248757674586,-1.0983386592249351,-1.0551178780869706,-1.0115756978221802,-0.9677253818004815,-0.9235802872529177,-0.8791538612029383,-0.834459636370277,-0.7895112270487853
-2.3220472116537256,-2.2973434887393474,-2.2719399727434326,-2.2458444018230437,-2.2190647249418753,-2.1916090994489275,-2.1634858885936943,-2.134703658978635,-2.1052711779497137,-2.075197410925769,-2.0444915186675683,-2.013162854487347,-1.9812209613997023,-1.9486755692146964,-1.9155365915740625,-1.8818141229314174,-1.8475184354773826,-1.8126599760105901,-1.7772493627554733,-1.74129738212786,-1.704814985449324,-1.6678132856113068,-1.6303035536900201,-1.5922972155131763,-1.553805848179558,-1.5148411765325285,-1.4754150695885295,-1.435539536921671,-1.3952267250054784,-1.3544889135129867,-1.3133385115762077,-1.2717880540062092,-1.2298501974748726,-1.1875377166595567,-1.1448635003518144,-1.1018405475313189,-1.0584819634062808,-1.0148009554214397,-0.9708108292349816,-0.9265249846654807,-0.8819569116102063,-0.8371201859359423,-0.792028465343677
-2.32972489474862,-2.3049394907405722,-2.2794519798351938,-2.253270125775211,-2.2264019038069978,-2.1988554982512474,-2.170639300009937,-2.1417619040103877,-2.1122321065871645,-2.0820589028026237,-2.051251483706931,-2.0198192335383824,-1.9877717268648698,-1.9551187256673765,-1.921870176366383,-1.888036206792096,-1.8536271230994001,-1.8186534066285216,-1.7831257107122926,-1.747054857431054,-1.710451834316142,-1.6733277910029778,-1.6356940358347816,-1.5975620324179483,-1.55894339613011,-1.5198498905819864,-1.4802934240340728,-1.4402860457692783,-1.3998399424225747,-1.3589674342688567,-1.317680971470045,-1.2759931302826637,-1.233916609226975,-1.1914642252188954,-1.1486489096658452,-1.1054837045276946,-1.061981758344088,-1.0181563222292374,-0.9740207458355361,-0.9295884732870999,-0.8848730390845795,-0.8398880639823918,-0.7946472508397364
-2.3378241642362294,-2.3129525939744435,-2.2873764759464574,-2.261103600885585,-2.2341419717640796,-2.2064998013553567,-2.1781855097322973,-2.1492077217024153,-2.1195752641806607,-2.089297163500651,-2.058382642665163,-2.0268411185367183,-1.9946821989691164,-1.9619156798807882,-1.9285515422708626,-1.894599949178865,-1.8600712425889439,-1.824975940279617,-1.7893247326199426,-1.753128479313134,-1.7163982060885892,-1.6791451013433476,-1.641380512733991,-1.6031159437200473,-1.5643630500599142,-1.525133636260407,-1.4854396519809918,-1.4452931883938103,-1.4047064745005704,-1.3636918734075028,-1.3222618785594131,-1.2804291099340777,-1.2382063101980612,-1.1956063408251822,-1.152642178178794,-1.1093269095590323,-1.0656737292163323,-1.0216959343322953,-0.9774069209692724,-0.9328201799897662,-0.8879492929470079,-0.8428079279478552,-0.797409835489386
-2.3461123179373256,-2.321152571926367,-2.295485780356488,-2.2691197615810434,-2.2420625469447626,-2.2143223783373367,-2.1859077056828466,-2.1568271843658406,-2.1270896725948245,-2.0967042287039552,-2.0656801083937926,-2.034026761911921,-2.0017538311743115,-1.9688711468283009,-1.9353887252580826,-1.90131676553362,-1.8666656463039055,-1.8314459226355324,-1.7956683227975094,-1.7593437449933325,-1.722483254041285,-1.6850980780039868,-1.647199604768215,-1.6087993785760517,-1.5699090965083848,-1.530540604921871,-1.4907058958404154,-1.450417103302299,-1.4096864996640068,-1.3685264918619788,-1.326949617633314,-1.284968541696671,-1.2425960518944565,-1.199845055297535,-1.1567285742736144,-1.1132597425204844,-1.0694518010653973,-1.0253180942316893,-0.9808720655740013,-0.936127253783216,-0.8910972885624644,-0.8457958864753591,-0.8002368467678245
