hough_viz/data/file_3_0_1.json
{"header": {"discipline": 0, "disciplineName": "Meteorological products", "gribEdition": 2, "gribLength": 133963, "center": 7, "centerName": "US National Weather Service - NCEP(WMC)", "subcenter": 0, "refTime": "2014-11-30T06:00:00.000Z", "significanceOfRT": 1, "significanceOfRTName": "Start of forecast", "productStatus": 0, "productStatusName": "Operational products", "productType": 1, "productTypeName": "Forecast products", "productDefinitionTemplate": 0, "productDefinitionTemplateName": "Analysis/forecast at horizontal level/layer at a point in time", "parameterCategory": 2, "parameterCategoryName": "Momentum", "parameterNumber": 2, "parameterNumberName": "U-component_of_wind", "parameterUnit": "m.s-1", "genProcessType": 2, "genProcessTypeName": "Forecast", "forecastTime": 6, "surface1Type": 100, "surface1TypeName": "Isobaric surface", "surface1Value": 85000, "surface2Type": 255, "surface2TypeName": "Missing", "surface2Value": 0, "gridDefinitionTemplate": 0, "gridDefinitionTemplateName": "Latitude_Longitude", "numberPoints": 65160, "shape": 6, "shapeName": "Earth spherical with radius of 6,371,229.0 m", "gridUnits": "degrees", "resolution": 48, "winds": "true", "scanMode": 0, "nx": 360, "ny": 181, "basicAngle": 0, "subDivisions": 0, "lo1": 0, "la1": 90, "lo2": 359, "la2": -90, "dx": 1, "dy": 1}, "data":
[rows 20 to 39 of 181, columns 44 to 87 of 360]
-1.4206799607737877,-1.5013099454910093,-1.577824944002415,-1.6500152340155774,-1.7176829469634558,-1.780642610348386,-1.8387216561093,-1.891760893618794,-1.9396149460135665,-1.9821526486622982,-2.0192574086787873,-2.0508275244949496,-2.076776464617745,-2.0970331048059845,-2.1115419230169348,-2.120263151588376,-2.1231728862389976,-2.120263151588376,-2.1115419230169357,-2.0970331048059845,-2.076776464617745,-2.05082752449495,-2.0192574086787873,-1.9821526486622978,-1.9396149460135674,-1.8917608936187948,-1.8387216561092998,-1.7806426103483854,-1.7176829469634562,-1.6500152340155774,-1.5778249440024155,-1.5013099454910097,-1.420679960773788,-1.3361559910343375,-1.2479697105985277,-1.1563628319312773,-1.0615864431195,-0.9639003196570987,-0.8635722124184075,-0.7608771137716477,-0.6560965038439576,-0.54951757900394,-0.4414324646763732,-0.332137414646721
-1.5622175119498047,-1.6508803900021443,-1.735018319656777,-1.8144006846968754,-1.8888099035776655,-1.9580420258023152,-2.0219072909360736,-2.0802306487264275,-2.132852238903683,-2.179627829346845,-2.220429211413839,-2.2551445513524913,-2.2836786968290617,-2.3059534377341833,-2.3219077205513337,-2.3314978157002795,-2.3346974373968172,-2.3314978157002795,-2.3219077205513337,-2.3059534377341833,-2.2836786968290617,-2.2551445513524917,-2.220429211413839,-2.179627829346845,-2.1328522389036833,-2.080230648726429,-2.021907290936073,-1.9580420258023148,-1.8888099035776655,-1.8144006846968757,-1.7350183196567777,-1.6508803900021447,-1.5622175119498054,-1.469272704285618,-1.372300722266879,-1.271567359355859,-1.16734871869841,-1.0599304563444205,-0.9496069982844546,-0.8366807334485656,-0.7214611848792569,-0.6042641613503462,-0.48541089175706326,-0.3652271446499694
-1.7086275117301433,-1.8055998165152336,-1.8976230977089599,-1.9844451258940303,-2.065827927926116,-2.141548439201694,-2.2113991150626267,-2.2751884996616405,-2.3327417507294954,-2.383901118805492,-2.428526379617778,-2.46649521842833,-2.497703565289151,-2.522065880290761,-2.5395153880211434,-2.5500042605925097,-2.5535037487342156,-2.5500042605925097,-2.5395153880211434,-2.522065880290761,-2.497703565289151,-2.4664952184283306,-2.428526379617778,-2.383901118805492,-2.3327417507294963,-2.2751884996616414,-2.2113991150626267,-2.141548439201694,-2.0658279279261165,-1.9844451258940308,-1.8976230977089608,-1.805599816515234,-1.7086275117301437,-1.6069719777006415,-1.5009118451795171,-1.390737817617857,-1.276751874367109,-1.1592664429746529,-1.0386035428416263,-0.9150939025901196,-0.7890760535590086,-0.6608954019130965,-0.530903281908819,-0.3994559929114616
-1.8633240113515468,-1.9690760390472692,-2.06943096618876,-2.164113726896311,-2.25286480230414,-2.335440931883566,-2.411615780203207,-2.481180557298669,-2.543944590951321,-2.599735849307597,-2.6484014124063435,-2.6898078913218084,-2.723841793773416,-2.750409835200211,-2.7694391944473664,-2.7808777133638998,-2.7846940397645423,-2.7808777133638998,-2.7694391944473664,-2.750409835200211,-2.723841793773416,-2.6898078913218093,-2.6484014124063426,-2.599735849307597,-2.543944590951322,-2.48118055729867,-2.411615780203207,-2.3354409318835656,-2.2528648023041407,-2.1641137268963115,-2.069430966188761,-1.9690760390472697,-1.8633240113515472,-1.7524647420587725,-1.6368020887203478,-1.5166530746294575,-1.392347019882272,-1.2642246387344422,-1.1326371057270186,-0.9979450931414392,-0.8605177824218695,-0.7207318522745395,-0.578970446217584,-0.43562212241128606
-2.0221292966317814,-2.1368942393250414,-2.2458021034420086,-2.348554380097233,-2.4448694324426232,-2.5344832676144797,-2.617150260319576,-2.6926438260770205,-2.7607570422705647,-2.8213032153091158,-2.874116392340886,-2.919051816118631,-2.955986321769199,-2.984818674379887,-3.005469846476302,-3.0178832346311735,-3.022024814610412,-3.0178832346311735,-3.005469846476302,-2.984818674379887,-2.955986321769199,-2.919051816118631,-2.8741163923408855,-2.8213032153091153,-2.7607570422705656,-2.6926438260770214,-2.6171502603195753,-2.5344832676144793,-2.4448694324426237,-2.348554380097233,-2.2458021034420095,-2.1368942393250427,-2.0221292966317823,-1.9018218380929364,-1.7763016180898958,-1.6459126788208807,-1.5110124073052076,-1.3719705558102928,-1.2291682283864063,-1.0829968362869509,-0.9338570251374176,-0.7821575767935889,-0.6283142888988779,-0.4727488352118834
-2.185202254322501,-2.3092223216387855,-2.4269129710835338,-2.5379516207671946,-2.642033921469187,-2.7388745908379586,-2.828208195330082,-2.909789877745146,-2.983396028362325,-3.0488248978390797,-3.1058971501920762,-3.1544563543446604,-3.19436941289356,-3.2255269269196125,-3.2478434958426066,-3.2612579514983295,-3.2657335257962563,-3.2612579514983295,-3.247843495842607,-3.225526926919613,-3.19436941289356,-3.1544563543446618,-3.105897150192076,-3.0488248978390793,-2.9833960283623258,-2.9097898777451467,-2.8282081953300815,-2.7388745908379586,-2.6420339214691877,-2.5379516207671946,-2.426912971083534,-2.3092223216387864,-2.185202254322502,-2.055192699518664,-1.9195500043801408,-1.7786459561058947,-1.63286676289813,-1.4826119953924348,-1.328293491462466,-1.1703342274009498,-1.0091671585710593,-0.8452340327058749,-0.6789841791085438,-0.510873277071885
-2.3556143015106104,-2.489306019824861,-2.6161747233683106,-2.735872673843084,-2.8480717874870316,-2.952464534328521,-3.048764781104708,-3.136708575532928,-3.2160548697855527,-3.2865861811853283,-3.3481091883102803,-3.400455260874289,-3.4434809219309894,-3.4770682411341,-3.501125157976312,-3.5155857341207373,-3.5204103341333064,-3.5155857341207373,-3.5011251579763125,-3.4770682411341003,-3.4434809219309894,-3.4004552608742897,-3.34810918831028,-3.2865861811853283,-3.2160548697855535,-3.1367085755329294,-3.0487647811047074,-2.952464534328521,-2.848071787487032,-2.7358726738430845,-2.6161747233683115,-2.4893060198248613,-2.3556143015106104,-2.215466008132661,-2.0692452764215754,-1.9173528872392924,-1.760205167066655,-1.5982328468814448,-1.4318798815547369,-1.26160223300144,-1.0878666204203793,-0.9111492410494281,-0.7319344649419706,-0.5507135073422449
-2.529504269314952,-2.673065026282289,-2.809299097815058,-2.9378330757927023,-3.0583146575158726,-3.170413611343638,-3.2738226818354574,-3.3682584319169897,-3.453462019761411,-3.529199908256869,-3.5952645051154715,-3.6514747318693246,-3.697676520194021,-3.7337432341992094,-3.7595760175287665,-3.775104064319204,-3.780284813273607,-3.775104064319204,-3.7595760175287674,-3.7337432341992094,-3.697676520194021,-3.6514747318693255,-3.5952645051154715,-3.5291999082568686,-3.453462019761412,-3.368258431916991,-3.273822681835457,-3.1704136113436374,-3.058314657515873,-2.937833075792703,-2.809299097815059,-2.6730650262822904,-2.5295042693149528,-2.379010316969107,-2.2219956627074327,-2.0588906727832987,-1.8901424066368053,-1.7162133915359046,-1.5375803548213347,-1.3547329172301026,-1.16817225087907,-0.9784097055870355,-0.785965407300415,-0.5913668324641665
-2.706920795891686,-2.860550739601598,-3.006340112568705,-3.1438893162554007,-3.2728213378553086,-3.3927827836591766,-3.5034448476824744,-3.604504212899738,-3.6956838826154614,-3.776733939692774,-3.8474322315589444,-3.9075849791101462,-3.957027307846511,-3.9956236997816634,-4.023268364888112,-4.039885531060357,-4.045429651800967,-4.039885531060357,-4.023268364888112,-3.9956236997816634,-3.957027307846511,-3.907584979110148,-3.847432231558944,-3.776733939692773,-3.6956838826154628,-3.6045042128997395,-3.503444847682474,-3.392782783659176,-3.272821337855309,-3.143889316255401,-3.0063401125687057,-2.8605507396015986,-2.706920795891687,-2.545871370435991,-2.377843888515284,-2.203298901778056,-2.0227148259004855,-1.8365866292823025,-1.6454244763728283,-1.4497523293456727,-1.2501065119548256,-1.0470342395085488,-0.8410921189902406,-0.6328446234373725
-2.8903719570594677,-3.054413580197347,-3.21008326802159,-3.3569543407383384,-3.494624234946159,-3.622715607034346,-3.740877367455523,-3.848785643037703,-3.9461446646981266,-4.032687578125765,-4.108177175210439,-4.172406544213754,-4.225199636899801,-4.266411751071134,-4.295929927187425,-4.313673257979722,-4.31959311021165,-4.313673257979722,-4.295929927187425,-4.266411751071134,-4.225199636899801,-4.1724065442137555,-4.108177175210439,-4.032687578125765,-3.9461446646981284,-3.8487856430377048,-3.740877367455523,-3.6227156070343454,-3.4946242349461594,-3.3569543407383393,-3.210083268021591,-3.054413580197348,-2.8903719570594686,-2.7184080252945773,-2.5389931260865835,-2.352619023203232,-2.1597965551058267,-1.9610542347764908,-1.7569368011008408,-1.548003725776557,-1.3348276798403358,-1.1179929640164061,-0.8980939071888501,-0.6757332373874272
-3.0764879846780566,-3.251092530414171,-3.416786057505091,-3.573114411510277,-3.7196491072776507,-3.8559885033916173,-3.9817589030442604,-4.096615578312327,-4.200243715032497,-4.292359275685124,-4.372709777921334,-4.44107498659959,-4.497267517434915,-4.541133350606183,-4.5725522529137494,-4.591438107330288,-4.597739149041585,-4.591438107330288,-4.57255225291375,-4.5411333506061835,-4.497267517434915,-4.441074986599592,-4.372709777921333,-4.292359275685124,-4.2002437150324985,-4.096615578312329,-3.9817589030442595,-3.8559885033916164,-3.719649107277652,-3.5731144115102773,-3.4167860575050923,-3.251092530414172,-3.076487984678057,-2.893450999219996,-2.702483265694389,-2.5041082133848205,-2.2988695745207948,-2.0873298939454683,-1.87006898721936,-1.6476823513861887,-1.4207795327568598,-1.1899824561854189,-0.955923720416244,-0.7192448641748476
-3.2652579566032407,-3.450576048226993,-3.6264363507491555,-3.792356843304416,-3.9478827493556703,-4.092587783204907,-4.226075318412667,-4.347979474923552,-4.457966121918017,-4.555733793641734,-4.64101451570225,-4.7135745395681905,-4.773214983257724,-4.8197723764602545,-4.853119108597176,-4.873163778593606,-4.879851445402373,-4.873163778593606,-4.853119108597177,-4.819772376460255,-4.773214983257724,-4.713574539568191,-4.641014515702249,-4.555733793641734,-4.457966121918019,-4.347979474923553,-4.226075318412666,-4.092587783204906,-3.9478827493556703,-3.792356843304416,-3.626436350749157,-3.4505760482269943,-3.2652579566032416,-3.070990019885735,-2.8683047129856245,-2.657757582240633,-2.439925722701189,-2.2154061963529736,-1.9848143956115523,-1.7487823565745204,-1.5079570266544848,-1.2629984913411973,-1.0145781649530963,-0.7633769503373184
-3.4583235542571082,-3.6545989878706595,-3.840857419686518,-4.0165883282897425,-4.181310047474757,-4.334571086458942,-4.475951367387483,-4.60506337673758,-4.721553227466071,-4.825101628989217,-4.915424762336007,-4.992275058076219,-5.05544187489103,-5.10475207692622,-5.140070508345521,-5.161300363783368,-5.168383453681674,-5.161300363783368,-5.140070508345521,-5.10475207692622,-5.05544187489103,-4.99227505807622,-4.915424762336006,-4.825101628989217,-4.721553227466072,-4.605063376737583,-4.4759513673874824,-4.334571086458942,-4.181310047474757,-4.0165883282897425,-3.84085741968652,-3.6545989878706604,-3.4583235542571087,-3.252569096166459,-3.037899572266527,-2.814903376800819,-2.584191726840839,-2.346396986982549,-2.1021709360789935,-1.8521829807597614,-1.597118320633922,-1.3376760702055586,-1.0745673426494897,-0.8085133006994744
-3.653057470011591,-3.8603849301791433,-4.057131343585141,-4.242757441986114,-4.416754437149059,-4.578645415404614,-4.727986644834285,-4.864368791508786,-4.987418041443892,-5.096797125198578,-5.192206242307119,-5.273383883011327,-5.34010754504062,-5.392194343475282,-5.42950151202131,-5.451926794322912,-5.459408724240059,-5.451926794322912,-5.429501512021311,-5.392194343475282,-5.34010754504062,-5.273383883011329,-5.192206242307118,-5.096797125198577,-4.987418041443894,-4.864368791508788,-4.727986644834284,-4.578645415404614,-4.416754437149059,-4.2427574419861145,-4.057131343585142,-3.860384930179144,-3.6530574700115923,-3.4357172332396466,-3.2089599343451725,-2.9734070993227255,-2.7297043621200316,-2.4785196950001867,-2.220541577676138,-1.9564771102356362,-1.68705007502903,-1.4129989528321825,-1.1350748987219799,-0.8540396832124639
-3.849430788479726,-4.0679033186870726,-4.275226008654389,-4.470830601299303,-4.654180958029681,-4.8247745282622505,-4.982143726878817,-5.125857215844574,-5.255521086475667,-5.370779939115524,-5.4713178572606,-5.556859273465565,-5.627169724654516,-5.682056494767959,-5.721369142984148,-5.744999916066909,-5.7528840437097815,-5.744999916066909,-5.721369142984148,-5.68205649476796,-5.627169724654516,-5.556859273465568,-5.471317857260599,-5.370779939115523,-5.255521086475669,-5.125857215844577,-4.9821437268788165,-4.82477452826225,-4.654180958029681,-4.470830601299304,-4.27522600865439,-4.067903318687073,-3.8494307884797276,-3.620407236051808,-3.381460399041297,-3.1332452141194413,-2.876442021854893,-2.611754701947469,-2.339908743942851,-2.0616492587161526,-1.7777389361747913,-1.4889559547784932,-1.1960918486062118,-0.8999493378162209
-4.047909030222493,-4.277646094343377,-4.4956584278552,-4.70134847410566,-4.894152450975321,-5.073541896165225,-5.239025115675314,-5.390148531503505,-5.526497924871477,-5.647699571569539,-5.75342126630871,-5.843373233272338,-5.917308920371462,-5.975025675026946,-6.016365299626125,-6.0412144851314515,-6.049505121652705,-6.0412144851314515,-6.016365299626125,-5.975025675026947,-5.917308920371462,-5.84337323327234,-5.75342126630871,-5.647699571569538,-5.52649792487148,-5.390148531503508,-5.239025115675313,-5.073541896165225,-4.894152450975322,-4.70134847410566,-4.495658427855202,-4.277646094343378,-4.047909030222494,-3.8070769288164734,-3.5558098941752436,-3.2947966317753927,-3.0247525608263546,-2.7464178533560597,-2.4605554054508807,-2.1679487462104743,-1.8693998901489701,-1.565727138928961,-1.2577628384535116,-0.9463510974638788
-4.246860205629223,-4.48788864477857,-4.716616093101893,-4.9324156245619895,-5.1346957476431685,-5.322902026588384,-5.496518601069102,-5.655069600122615,-5.798120446481258,-5.925279047718508,-6.036196870947059,-6.130569898123242,-6.20813945933936,-6.268692941819911,-6.312064372678438,-6.338134873837668,-6.346832987866062,-6.338134873837668,-6.312064372678439,-6.2686929418199115,-6.20813945933936,-6.130569898123245,-6.036196870947058,-5.925279047718508,-5.79812044648126,-5.655069600122616,-5.496518601069102,-5.322902026588383,-5.134695747643169,-4.93241562456199,-4.7166160931018934,-4.487888644778571,-4.246860205629225,-3.9941914178518774,-3.7305748290310454,-3.456732993912913,-3.1734164939330345,-2.8814018799247556,-2.581489543647393,-2.274501523968035,-1.9612792537101384,-1.6426812533446722,-1.3195807778451676,-0.992863423156519
-4.446232208996746,-4.698575907056205,-4.93804113514843,-5.163971535728248,-5.375747849271892,-5.572789611624337,-5.754556745011172,-5.920551038354268,-6.070317512833691,-6.203445668953035,-6.31957061169,-6.418374050648289,-6.499585172469462,-6.562981383113523,-6.608388917973711,-6.635683318153216,-6.644789771598354,-6.635683318153216,-6.608388917973712,-6.562981383113524,-6.499585172469462,-6.418374050648291,-6.319570611689999,-6.203445668953035,-6.070317512833693,-5.9205510383542705,-5.754556745011172,-5.572789611624336,-5.375747849271894,-5.1639715357282485,-4.938041135148432,-4.698575907056207,-4.446232208996747,-4.181701697506234,-3.905709432329384,-3.619011889081049,-3.3223948857991803,-3.0166714290721663,-2.702679485644327,-2.381279685607289,-2.053352963472718,-1.719798143592082,-1.38152947654157,-1.0394741332247879
-4.645192964058102,-4.908828580834557,-5.159009439679439,-5.395049812248508,-5.616302728287519,-5.822161748932712,-6.012062628917579,-6.185484863129931,-6.341953113280227,-6.481038510770778,-6.602359832194771,-6.705584544243121,-6.790429715155169,-6.8566627902149575,-6.904102229167553,-6.9326180038082645,-6.942131954380906,-6.9326180038082645,-6.904102229167555,-6.856662790214958,-6.790429715155169,-6.7055845442431234,-6.60235983219477,-6.481038510770778,-6.34195311328023,-6.185484863129934,-6.012062628917579,-5.822161748932712,-5.61630272828752,-5.3950498122485095,-5.159009439679441,-4.908828580834561,-4.6451929640581024,-4.368825196250563,-4.080482782253422,-3.7809560485810008,-3.471065977190456,-3.1516619552272647,-2.823619446914133,-2.4878375939643957,-2.145236751097068,-1.7967559634085615,-1.443350392515334,-1.0859886985222709
-4.843167640243105,-5.118039211320275,-5.37888259266976,-5.624982830714283,-5.855665381807581,-6.070297961111657,-6.26829227564556,-6.449105636755575,-6.612242447587078,-6.757255561481082,-6.883747507572141,-6.991371580228368,-7.0798327893474715,-7.148888668904113,-7.19834994153245,-7.228081037322215,-7.238000465406433,-7.228081037322215,-7.198349941532451,-7.148888668904114,-7.0798327893474715,-6.991371580228371,-6.883747507572141,-6.757255561481081,-6.61224244758708,-6.449105636755577,-6.26829227564556,-6.070297961111656,-5.855665381807583,-5.624982830714284,-5.378882592669762,-5.118039211320276,-4.843167640243107,-4.55502128330848,-4.254389929651959,-3.9420975889172754,-3.6190002327032196,-3.2859834484049397,-2.943960011880491,-2.593867385595636,-2.236665149104367,-1.8733323689080927,-1.504864914902384,-1.1322727307667986
