hough_viz/data/file_3_1_0.json
{"header": {"discipline": 0, "disciplineName": "Meteorological products", "gribEdition": 2, "gribLength": 133963, "center": 7, "centerName": "US National Weather Service - NCEP(WMC)", "subcenter": 0, "refTime": "2014-11-30T06:00:00.000Z", "significanceOfRT": 1, "significanceOfRTName": "Start of forecast", "productStatus": 0, "productStatusName": "Operational products", "productType": 1, "productTypeName": "Forecast products", "productDefinitionTemplate": 0, "productDefinitionTemplateName": "Analysis/forecast at horizontal level/layer at a point in time", "parameterCategory": 2, "parameterCategoryName": "Momentum", "parameterNumber": 3, "parameterNumberName": "V-component_of_wind", "parameterUnit": "m.s-1", "genProcessType": 2, "genProcessTypeName": "Forecast", "forecastTime": 6, "surface1Type": 100, "surface1TypeName": "Isobaric surface", "surface1Value": 85000, "surface2Type": 255, "surface2TypeName": "Missing", "surface2Value": 0, "gridDefinitionTemplate": 0, "gridDefinitionTemplateName": "Latitude_Longitude", "numberPoints": 65160, "shape": 6, "shapeName": "Earth spherical with radius of 6,371,229.0 m", "gridUnits": "degrees", "resolution": 48, "winds": "true", "scanMode": 0, "nx": 360, "ny": 181, "basicAngle": 0, "subDivisions": 0, "lo1": 0, "la1": 90, "lo2": 359, "la2": -90, "dx": 1, "dy": 1}, "data":
[rows 95 to 113 of 181, columns 86 to 128 of 360]
-22.39589804753121,-22.61434507645825,-22.77080775743457,-22.8648572371272,-22.896235732449608,-22.8648572371272,-22.77080775743457,-22.614345076458253,-22.39589804753122,-22.116065418775676,-21.77561419197614,-21.375477520280782,-20.916752150493544,-20.40069541696744,-19.828721795338367,-19.20239902554583,-18.523443814766654,-17.793717132040005,-17.015219107480554,-16.19008355006086,-15.32057209898936,-14.409068024714458,-13.458069696545834,-12.470183734797933,-11.448117866224813,-10.394673502329269,-9.312738060888739,-8.205277051743813,-7.075325948541855,-5.925981868714821,-4.760395084495609,-3.581760388240779,-2.3933083357268923,-1.198296391421622,-5.607960360453534e-15,1.1982963914216107,2.393308335726881,3.5817603882407676,4.760395084495578,5.925981868714811,7.0753259485418445,8.205277051743785,9.312738060888726
-21.743404671641528,-21.955487354782782,-22.10739157319179,-22.19870096796463,-22.229165266397057,-22.19870096796463,-22.10739157319179,-21.955487354782782,-21.74340467164153,-21.471724827660832,-21.14119247840882,-20.752713590079754,-20.307352956303706,-19.806331279621244,-19.25102182562253,-18.642946658921918,-17.983772471284528,-17.275306013340042,-16.519489142404808,-15.718393499985833,-14.874214833555534,-13.989266978160472,-13.065975514360279,-12.106871119880049,-11.114582633198541,-10.091829848084581,-9.041416058831514,-7.966220376622334,-6.869189838086001,-5.753331327675006,-4.621703336004032,-3.477407576739711,-2.3235804850191815,-1.1633846206993352,-5.444575218242137e-15,1.1633846206993246,2.3235804850191712,3.4774075767396995,4.6217033360040025,5.753331327674997,6.869189838085991,7.9662203766223065,9.041416058831505
-21.009841077930478,-21.214768665650457,-21.361548047078383,-21.449776910132258,-21.47921342563117,-21.449776910132258,-21.361548047078383,-21.21476866565046,-21.009841077930485,-20.747326976192035,-20.42794589334088,-20.052573230725184,-19.622237858721327,-19.13811929667176,-18.601544479904373,-18.01398412269508,-17.377048687142153,-16.692483969001618,-15.96216631258239,-15.18809746781694,-14.372399103603913,-13.517306992461137,-12.6251648824285,-11.698418073017574,-10.739606712815597,-9.751358837114685,-8.736383164649885,-7.6974616731893395,-6.637441974326569,-5.559229508375102,-4.465779580758506,-3.3600892617235627,-2.245189171579176,-1.1241351739766965,-5.260889993980414e-15,1.124135173976686,2.245189171579166,3.360089261723552,4.465779580758476,5.559229508375092,6.637441974326559,7.697461673189311,8.736383164649872
-20.16345157811243,-20.360123579422883,-20.50098989721698,-20.585664426709137,-20.613915080899677,-20.585664426709137,-20.50098989721698,-20.360123579422883,-20.163451578112436,-19.911512957570704,-19.604998264044575,-19.24474763300342,-18.8317484863862,-18.3671328261466,-17.85217413151427,-17.288283868476874,-16.677007621049857,-16.020020854938128,-15.319124325201022,-14.576239140507802,-13.793401497512411,-12.972757099779932,-12.116555276562234,-11.227142817542909,-10.306957540449847,-9.358521609166226,-8.384434620654744,-7.387366479642968,-6.370050080600022,-5.3352738170629035,-4.28587393884357,-3.224726778065293,-2.1547408653363482,-1.0788489576697364,-5.0489530243438274e-15,1.0788489576697264,2.1547408653363385,3.224726778065283,4.285873938843542,5.335273817062895,6.370050080600013,7.387366479642943,8.384434620654735
-19.2026795400619,-19.389980280762806,-19.52413443329515,-19.604774290451765,-19.63167882398941,-19.604774290451765,-19.52413443329515,-19.389980280762813,-19.202679540061908,-18.962745589503577,-18.670836071368708,-18.327751089356127,-17.934431015553965,-17.491953912945196,-17.001532580511846,-16.46451122903736,-15.882361796718222,-15.256679914683707,-14.58918053348188,-13.881693222519264,-13.136157155338392,-12.354615794477837,-11.53921129048342,-10.692178610422534,-9.815839411994714,-8.912595680029236,-7.984923142811726,-7.035364486284988,-6.066522384723514,-5.081052366984316,-4.08165553788685,-3.0710711746724173,-2.0520692188357468,-1.0274426839078477,-4.808374526737503e-15,1.0274426839078379,2.052069218835737,3.0710711746724075,4.081655537886824,5.081052366984308,6.066522384723506,7.035364486284963,7.984923142811718
-18.17161007248797,-18.34885387948919,-18.47580475341993,-18.55211473075898,-18.57757465116271,-18.55211473075898,-18.47580475341993,-18.348853879489194,-18.171610072487972,-17.944559145371187,-17.66832342894796,-17.34366006611609,-16.971458936586014,-16.552740217782418,-16.088651588608737,-15.580465083739144,-15.02957360705987,-14.437487113816493,-13.805828471931584,-13.136329013836466,-12.430823791009455,-11.691246544227273,-10.919624403315927,-10.118072330928884,-9.288787325581364,-8.434042399830098,-7.5561803501039995,-6.657607335261936,-5.740786281478516,-4.808230131534725,-3.8624949570163944,-2.9061729522995963,-1.9418853295261504,-0.972275134043284,-4.550193466493483e-15,0.9722751340432749,1.9418853295261416,2.906172952299587,3.8624949570163696,4.808230131534719,5.740786281478508,6.657607335261913,7.5561803501039915
-17.04569803324816,-17.211959822949463,-17.331044827164728,-17.40262664217488,-17.426509067200584,-17.40262664217488,-17.331044827164728,-17.211959822949467,-17.045698033248165,-16.832715170069665,-16.573595004637692,-16.26904776731448,-15.91990820090869,-15.527133272703471,-15.091799551475567,-14.615100256695202,-14.09834198799439,-13.54294114386822,-12.950420039425016,-12.322402733826394,-11.660610578854067,-10.966857500804217,-10.243045028641568,-9.491157082040743,-8.7132545336003,-7.91146956013414,-7.08799979852316,-6.245102322145266,-5.385087454394096,-4.510312436243274,-3.6231749652126974,-2.726106623446261,-1.8215662129143055,-0.912033016008283,-4.268263709891905e-15,0.9120330160082747,1.8215662129142973,2.7261066234462517,3.6231749652126735,4.510312436243266,5.385087454394089,6.245102322145242,7.0879997985231515
-15.824169043196324,-15.978516178791828,-16.089067312194313,-16.155519430431422,-16.17769039286611,-16.155519430431422,-16.089067312194313,-15.978516178791828,-15.824169043196326,-15.626448960177916,-15.385897866740818,-15.103175096711631,-14.779055573551176,-14.414427686343187,-14.010290854781507,-13.567752789830257,-13.088026457565006,-12.572426754517132,-12.02236690363381,-11.43935458073209,-10.824987782064374,-10.180950444321704,-9.509007829080327,-8.811001684342472,-8.088845196433061,-7.344517746088954,-6.580059483113984,-5.797565734470139,-4.999181261131951,-4.1870943794458295,-3.363530963107023,-2.5307483421944967,-1.6910291159861748,-0.8466748965129423,-3.962391351444074e-15,0.8466748965129345,1.6910291159861672,2.530748342194488,3.363530963107001,4.187094379445822,4.999181261131943,5.797565734470118,6.580059483113977
-14.5464305649141,-14.688314785482303,-14.789939356195749,-14.851025731169935,-14.871406476897127,-14.851025731169935,-14.789939356195749,-14.688314785482309,-14.546430564914104,-14.364675589277457,-14.143548036326965,-13.883654001314873,-13.585705835726124,-13.250520194772493,-12.879015798997347,-12.472210916126574,-12.031220570067443,-11.55725348470564,-11.051608770877111,-10.515672365595504,-9.950913233295225,-9.358879339501993,-8.741193407966898,-8.099548472893474,-7.4357032384485695,-6.751477258276462,-6.048745948228849,-5.329435445980328,-4.595517331618879,-3.8490032236819554,-3.0919392654498665,-2.3264005166092305,-1.5544852656586845,-0.7783092786459275,-3.642444068150256e-15,0.7783092786459203,1.5544852656586772,2.326400516609223,3.091939265449847,3.8490032236819496,4.595517331618872,5.32943544598031,6.048745948228843
-13.195496512778192,-13.324203877060523,-13.416390524669886,-13.471803778412998,-13.49029175441308,-13.471803778412998,-13.416390524669886,-13.324203877060524,-13.195496512778199,-13.03062120976206,-12.83002987975734,-12.594272329656652,-12.323994754517502,-12.019937966386602,-11.68293536378547,-11.313910647423093,-10.91387528839641,-10.4839257558184,-10.025240511472447,-9.53907677973046,-9.026767101588328,-8.489715682263643,-7.929394542366765,-7.347339483194715,-6.745145877206546,-6.124464295218284,-5.486995982303123,-4.8344881947968945,-4.168729411189869,-3.491544430031602,-2.8047893682849074,-2.1103465738382514,-1.4101194661210954,-0.7060273189635162,-3.304168523321182e-15,0.7060273189635095,1.4101194661210887,2.1103465738382448,2.8047893682848892,3.4915444300315963,4.1687294111898625,4.834488194796877,5.4869959823031165
-11.772577261290966,-11.887405633883352,-11.9696514539167,-12.019089291315131,-12.035583640402725,-12.019089291315131,-11.9696514539167,-11.887405633883354,-11.77257726129097,-11.625481072727194,-11.446520248620358,-11.236185308149922,-10.995052764767507,-10.723783546013617,-10.423121181961154,-10.093889767251213,-9.736991702306902,-9.353405219916564,-8.94418170396567,-8.510442807666642,-8.053377379185427,-7.574238203091272,-7.074338566561278,-6.555048659751586,-6.017791820201368,-5.46404063156355,-4.895312887355423,-4.313167430792091,-3.7191998821055408,-3.1150382650605533,-2.5023385446547,-1.8827800882333576,-1.2580610624606066,-0.629893778762414,-2.9478677962178887e-15,0.6298937787624084,1.2580610624606008,1.8827800882333514,2.5023385446546835,3.115038265060547,3.719199882105535,4.313167430792076,4.895312887355417
-10.309958507044616,-10.410520663536179,-10.482548306515408,-10.52584401321948,-10.54028911312576,-10.52584401321948,-10.482548306515408,-10.41052066353618,-10.309958507044618,-10.181137470921673,-10.024410644673122,-9.840207605635765,-9.629033241535796,-9.391466366626682,-9.128158135199461,-8.839830256814155,-8.527273018143987,-8.191343116854563,-7.832961313455128,-7.453109907557969,-7.052830045463512,-6.633218866450654,-6.195426495594235,-5.740652891352209,-5.270144556562887,-4.785191121867271,-4.2871218109211755,-3.777301797085536,-3.257128461581105,-2.7280275633637046,-2.191449331218004,-1.6488644887812007,-1.1017602233918133,-0.5516361098125327,-2.5816262648954317e-15,0.5516361098125276,1.1017602233918082,1.6488644887811956,2.1914493312179895,2.7280275633637,3.2571284615811003,3.7773017970855225,4.287121810921171
-8.798018832689666,-8.883833702464761,-8.945298601569112,-8.982245058986638,-8.994571807045684,-8.982245058986638,-8.945298601569112,-8.883833702464761,-8.798018832689667,-8.68808920483696,-8.554346128375474,-8.397156183781421,-8.216950217766785,-8.014222162358463,-7.789527681064866,-7.543482645840905,-7.276761449025741,-6.990095154880282,-6.6842694957908595,-6.360122718631343,-6.018543287186768,-5.6604674469358365,-5.286876658867115,-4.89879490936273,-4.497285903522846,-4.0834501496239115,-3.658421942701995,-3.223366255528932,-2.7794755455028985,-2.327966486205618,-1.8700766325846219,-1.4070610289011365,-0.9401887687410458,-0.47073951651756396,-2.2030347146399045e-15,0.47073951651755963,0.9401887687410417,1.4070610289011323,1.87007663258461,2.3279664862056135,2.7794755455028946,3.2233662555289206,3.6584219427019917
-7.241237303852604,-7.311867504589592,-7.362456384738181,-7.392865283694268,-7.403010852779514,-7.392865283694268,-7.362456384738181,-7.3118675045895944,-7.241237303852608,-7.150759374997992,-7.0406817117396985,-6.911306029301313,-6.7629869374356,-6.596130968463841,-6.411195462998959,-6.208687316406735,-5.9891615894407995,-5.753219986859723,-5.50150920819609,-5.234719175198,-4.953581140801563,-4.658865684817397,-4.351380601824924,-4.031968687063606,-3.70150542638976,-3.360896596630661,-3.011075782913256,-2.6530018197722027,-2.287656163051043,-1.9160401997999914,-1.539172503543615,-1.1580860424415884,-0.7738253479948031,-0.3874436520571109,-1.81321470898191e-15,0.38744365205710735,0.7738253479947994,1.1580860424415849,1.5391725035436048,1.9160401997999876,2.28765616305104,2.6530018197721934,3.011075782913253
-5.662671877092411,-5.717904931141604,-5.757465605221238,-5.7812454662734885,-5.789179335352128,-5.7812454662734885,-5.757465605221238,-5.7179049311416055,-5.662671877092412,-5.591917833035603,-5.5058367308878875,-5.404664512966828,-5.2886784852893465,-5.158196557495225,-5.013576371478854,-4.855214321117683,-4.683544465784134,-4.499037340619056,-4.302198666827596,-4.09356796553252,-3.8737170789843396,-3.643248603181441,-3.4027942361963226,-3.153013046735118,-2.8945896676760663,-2.628232419538371,-2.354671369024916,-2.074656327960169,-1.7889547981080713,-1.4983498675030829,-1.2036380640602962,-0.9056271723477708,-0.6051340195052131,-0.3029822363775467,-1.4179399885457966e-15,0.3029822363775439,0.6051340195052103,0.9056271723477678,1.2036380640602882,1.4983498675030804,1.7889547981080687,2.0746563279601613,2.3546713690249135
-4.0594034432338875,-4.098998400288461,-4.127358287645731,-4.144405372825721,-4.150092930952881,-4.144405372825721,-4.127358287645731,-4.098998400288462,-4.059403443233888,-4.008681943507082,-3.9469729252131898,-3.8744455284820134,-3.7912985458666713,-3.697759877467043,-3.594085906271413,-3.4805607954285427,-3.357495709376216,-3.2252279609611545,-3.084120086887948,-2.9345588540311365,-2.7769541993341114,-2.6117381062004346,-2.439363420457349,-2.2603026091368617,-2.075046465476442,-1.8841027636888594,-1.687994867188383,-1.4872602940880313,-1.282449243899776,-1.0741230894759457,-0.8628528383252462,-0.6492175675208587,-0.43380283649045626,-0.21719908203850274,-1.0164796048111005e-15,0.2171990820385007,0.4338028364904543,0.6492175675208566,0.8628528383252405,1.074123089475944,1.2824492438997743,1.487260294088026,1.687994867188381
-2.440391810587879,-2.464195113286855,-2.481244228464415,-2.4914924256809243,-2.4949116153401585,-2.4914924256809243,-2.481244228464415,-2.464195113286856,-2.44039181058788,-2.409899563565636,-2.372801949349725,-2.3292006499220888,-2.2792151734137653,-2.222982526541421,-2.160656839081447,-2.092408941410967,-2.0184258962736403,-1.9389104860536914,-1.854080656963487,-1.7641689216681098,-1.6694217219843184,-1.5700987534006512,-1.4664722532701369,-1.3588262546266459,-1.2474558076700804,-1.132666171054279,-1.014771975194278,-0.8940963598862067,-0.7709700886035612,-0.6457306418975272,-0.5187212923862408,-0.39029016386839654,-0.26078927714012556,-0.1305735851304562,-6.110771047763755e-16,0.13057358513045497,0.26078927714012445,0.3902901638683953,0.5187212923862374,0.645730641897526,0.7709700886035601,0.8940963598862035,1.014771975194277
-0.8178570455097777,-0.8258343296222291,-0.8315480592402269,-0.8349825734280435,-0.8361284584210215,-0.8349825734280435,-0.8315480592402269,-0.8258343296222294,-0.8178570455097777,-0.80763807208413,-0.7952054188411338,-0.7805931628191453,-0.7638413551962343,-0.7449959115126926,-0.7241084858197253,-0.7012363290992901,-0.676442132343133,-0.6497938547211395,-0.6213645373099731,-0.5912321028925586,-0.5594791423771553,-0.5261926884214152,-0.49146397688191673,-0.45538819674302705,-0.418064229210511,-0.3795943766850165,-0.34008408235831,-0.2996416412008147,-0.2583779031326223,-0.21640596919157137,-0.1738408815311616,-0.1307993080980056,-0.08739922285310141,-0.0437595824134031,-2.0479240805626288e-16,0.0437595824134027,0.087399222853101,0.1307993080980052,0.17384088153116042,0.21640596919157104,0.25837790313262204,0.2996416412008136,0.34008408235830967
0.8054415253262672,0.8132977098743741,0.8189247019313457,0.8223070783030816,0.823435568131053,0.8223070783030816,0.8189247019313457,0.8132977098743741,0.8054415253262677,0.7953776815427956,0.7831337628202397,0.7687433288887543,0.7522458229274775,0.7336864634535236,0.7131161203811637,0.6905911755909333,0.6661733683908116,0.6399296262930741,0.6119318815706306,0.582256874095665,0.5509859410009822,0.5182047937405795,0.4840032831605069,0.44847515322394715,0.4117177840655267,0.3738319250791345,0.33492141877083875,0.2950929161337952,0.2544555843252853,0.2131208074471307,0.1712018812496099,0.12881370259568,0.08607245453666608,0.043095287862590814,2.0168354656315528e-16,-0.043095287862590426,-0.08607245453666566,-0.12881370259567962,-0.17120188124960878,-0.21312080744713038,-0.25445558432528503,-0.2950929161337942,-0.33492141877083836
