hough_viz/data/file_5_1_2.json
{"header": {"discipline": 0, "disciplineName": "Meteorological products", "gribEdition": 2, "gribLength": 133963, "center": 7, "centerName": "US National Weather Service - NCEP(WMC)", "subcenter": 0, "refTime": "2014-11-30T06:00:00.000Z", "significanceOfRT": 1, "significanceOfRTName": "Start of forecast", "productStatus": 0, "productStatusName": "Operational products", "productType": 1, "productTypeName": "Forecast products", "productDefinitionTemplate": 0, "productDefinitionTemplateName": "Analysis/forecast at horizontal level/layer at a point in time", "parameterCategory": 2, "parameterCategoryName": "Momentum", "parameterNumber": 3, "parameterNumberName": "V-component_of_wind", "parameterUnit": "m.s-1", "genProcessType": 2, "genProcessTypeName": "Forecast", "forecastTime": 6, "surface1Type": 100, "surface1TypeName": "Isobaric surface", "surface1Value": 85000, "surface2Type": 255, "surface2TypeName": "Missing", "surface2Value": 0, "gridDefinitionTemplate": 0, "gridDefinitionTemplateName": "Latitude_Longitude", "numberPoints": 65160, "shape": 6, "shapeName": "Earth spherical with radius of 6,371,229.0 m", "gridUnits": "degrees", "resolution": 48, "winds": "true", "scanMode": 0, "nx": 360, "ny": 181, "basicAngle": 0, "subDivisions": 0, "lo1": 0, "la1": 90, "lo2": 359, "la2": -90, "dx": 1, "dy": 1}, "data":
[rows 76 to 94 of 181, columns 258 to 300 of 360]
7.16093317313593,8.214685060790615,9.205918234970184,10.127088812696261,10.971186129654273,11.731786095582308,12.403100085476865,12.980018994524354,13.458152121473747,13.833860584524277,14.104285015413183,14.267367320934657,14.321866346271896,14.267367320934666,14.104285015413184,13.833860584524286,13.458152121473756,12.980018994524382,12.403100085476877,11.73178609558235,10.971186129654287,10.127088812696279,9.205918234970243,8.214685060790593,7.160933173135954,6.0526822601440795,4.898366780442993,3.706771771828054,2.4869659918194134,1.2482328989420037,1.4031382223022462e-14,-1.2482328989419758,-2.4869659918194365,-3.706771771827978,-4.898366780443015,-6.052682260144054,-7.160933173135928,-8.21468506079057,-9.205918234970182,-10.12708881269626,-10.971186129654301,-11.731786095582335,-12.403100085476865
7.621533380901986,8.743063912296629,9.798054448112321,10.778475873350887,11.676866588971544,12.486389299165308,13.200883047304458,13.814910104542507,14.323797354214186,14.723671857074972,15.011490326707278,15.185062290767664,15.243066761804013,15.185062290767673,15.011490326707282,14.723671857074981,14.323797354214198,13.814910104542541,13.200883047304474,12.486389299165355,11.67686658897156,10.778475873350905,9.798054448112381,8.743063912296606,7.621533380902011,6.441998378471075,5.213435878594954,3.9451959837241244,2.6469307652425824,1.328520805377156,1.4933898335226156e-14,-1.328520805377126,-2.646930765242606,-3.945195983724043,-5.213435878594977,-6.441998378471048,-7.621533380901986,-8.743063912296583,-9.798054448112318,-10.778475873350887,-11.676866588971574,-12.486389299165339,-13.200883047304458
8.060997455728717,9.24719638818348,10.363018572514282,11.399971928146595,12.350164613914421,13.206365089737078,13.96205715300561,14.611489530819156,15.14971965064456,15.572651256277712,15.877065582826683,16.060645853456034,16.121994911457477,16.060645853456037,15.877065582826686,15.572651256277723,15.149719650644574,14.61148953081919,13.962057153005624,13.206365089737128,12.350164613914439,11.399971928146615,10.363018572514347,9.247196388183458,8.060997455728744,6.813449465272594,5.514047010312396,4.172679328131162,2.7995550367300712,1.4051244410820276,1.5794999571349052e-14,-1.4051244410819956,-2.7995550367300965,-4.172679328131075,-5.514047010312421,-6.813449465272564,-8.060997455728714,-9.247196388183431,-10.363018572514278,-11.399971928146593,-12.350164613914453,-13.206365089737114,-13.96205715300561
8.48373731467356,9.732143631777735,10.906482459415042,11.997816370022083,12.997839653573616,13.898941529051296,14.694264067082578,15.377754382924131,15.944210702569654,16.389321951390958,16.70970056401902,16.902908265761845,16.967474629347166,16.90290826576185,16.709700564019023,16.38932195139097,15.944210702569665,15.377754382924167,14.694264067082594,13.89894152905135,12.997839653573632,11.997816370022102,10.906482459415109,9.73214363177771,8.483737314673586,7.1707646339841515,5.803218104603975,4.3915055813689206,2.946371048995963,1.4788128538727832,1.6623330795555144e-14,-1.4788128538727499,-2.94637104899599,-4.39150558136883,-5.8032181046039994,-7.1707646339841205,-8.483737314673558,-9.732143631777685,-10.906482459415038,-11.99781637002208,-12.997839653573651,-13.898941529051331,-14.694264067082578
8.87693356414929,10.183199838899512,11.411965814091475,12.553879838704898,13.600251257505832,14.543116552180916,15.37529994852007,16.090468028391054,16.683177930875736,17.148918775728173,17.48414599389707,17.686308303836412,17.75386712829863,17.68630830383642,17.484145993897073,17.148918775728184,16.683177930875743,16.09046802839109,15.375299948520087,14.543116552180969,13.60025125750585,12.553879838704917,11.41196581409155,10.183199838899487,8.876933564149319,7.503108464936947,6.072180179805585,4.595038937023325,3.0829266733698257,1.5473514762100842,1.7393773240926664e-14,-1.5473514762100495,-3.082926673369854,-4.59503893702323,-6.0721801798056125,-7.503108464936913,-8.876933564149288,-10.183199838899458,-11.411965814091474,-12.553879838704896,-13.600251257505871,-14.543116552180951,-15.37529994852007
9.239371181080264,10.598971192337178,11.87790663298657,13.066444032082867,14.155537902360345,15.13689958185339,16.003060315618704,16.74742809747015,17.364337839126268,17.84909448495276,18.19800874417085,18.408425168587698,18.478742362160574,18.40842516858771,18.198008744170856,17.849094484952772,17.36433783912628,16.74742809747019,16.003060315618722,15.136899581853443,14.155537902360365,13.066444032082888,11.877906632986644,10.598971192337151,9.239371181080294,7.809453976250566,6.3201021111842755,4.782650452869942,3.208799936765841,1.610528515616704,1.810394614887084e-14,-1.610528515616668,-3.20879993676587,-4.782650452869845,-6.320102111184305,-7.809453976250532,-9.239371181080264,-10.598971192337123,-11.877906632986566,-13.066444032082863,-14.155537902360383,-15.136899581853427,-16.003060315618704
9.578639346441594,10.988163642847798,12.314061379097263,13.546241672818299,14.675326887964784,15.69272400428921,16.59069001541521,17.362390857791375,18.0019534220415,18.5045102508732,18.866236583366984,19.08437946371624,19.15727869288324,19.08437946371625,18.86623658336699,18.50451025087321,18.001953422041513,17.36239085779141,16.590690015415227,15.692724004289264,14.675326887964804,13.546241672818324,12.314061379097339,10.988163642847772,9.578639346441626,8.096215820868492,6.552175204269716,4.958268578054953,3.326626534076635,1.6696668535021078,1.87687200252906e-14,-1.6696668535020702,-3.3266265340766656,-4.9582685780548506,-6.552175204269743,-8.096215820868458,-9.578639346441593,-10.988163642847743,-12.31406137909726,-13.546241672818295,-14.675326887964822,-15.692724004289248,-16.59069001541521
9.879462392956235,11.333253664832066,12.700792033112801,13.971669705073696,15.136214534254107,16.18556363133263,17.111730816066224,17.90766739694399,18.567315815985793,19.0856557504161,19.458742320351725,19.68373611171962,19.75892478591252,19.683736111719636,19.45874232035173,19.08565575041611,18.567315815985804,17.907667396944028,17.111730816066245,16.185563631332688,15.13621453425413,13.97166970507372,12.700792033112881,11.333253664832037,9.879462392956267,8.350482446887613,6.75795028723892,5.113986045342456,3.4311012817315976,1.7221037656113012,1.935816319492886e-14,-1.722103765611262,-3.4311012817316286,-5.113986045342349,-6.757950287238949,-8.350482446887577,-9.879462392956233,-11.333253664832005,-12.7007920331128,-13.971669705073696,-15.13621453425415,-16.18556363133267,-17.111730816066224
10.141341261229243,11.633668760871418,13.037457016642048,14.342022352284303,15.537436237875756,16.614600851936473,17.56531832134371,18.382353112096332,19.059487096097612,19.591566874864604,19.97454300000237,20.2055007919513,20.28268252245854,20.205500791951312,19.974543000002374,19.59156687486462,19.059487096097627,18.382353112096375,17.56531832134373,16.614600851936533,15.53743623787578,14.342022352284328,13.03745701664213,11.633668760871391,10.141341261229275,8.571832031079936,6.937085983360317,5.249544522580354,3.5220508582217684,1.7677522601598008,1.987129778340065e-14,-1.767752260159761,-3.5220508582217995,-5.249544522580246,-6.9370859833603475,-8.571832031079897,-10.141341261229242,-11.633668760871357,-13.037457016642044,-14.342022352284303,-15.5374362378758,-16.61460085193652,-17.56531832134371
10.374980570085187,11.901688765201644,13.3378179223787,14.672438231571856,15.895392426362267,16.997373086887702,17.96999347492748,18.805851362044336,19.49858536501251,20.04292335978517,20.43472260554186,20.671001273447523,20.749961140170427,20.671001273447533,20.43472260554187,20.042923359785185,19.498585365012524,18.805851362044383,17.9699934749275,16.997373086887762,15.895392426362287,14.672438231571881,13.337817922378784,11.901688765201614,10.37498057008522,8.769312508245932,7.096904683163157,5.370485128213372,3.6031929386501584,1.808478275156579,2.032909879419334e-14,-1.8084782751565383,-3.603192938650191,-5.370485128213262,-7.096904683163189,-8.769312508245893,-10.374980570085185,-11.901688765201582,-13.337817922378697,-14.672438231571853,-15.895392426362307,-16.997373086887745,-17.96999347492748
10.563834926340746,12.118333582502515,13.5806044028515,14.939518623501707,16.18473408669903,17.306773950886946,18.29709881519282,19.14817170942475,19.853515454965756,20.407761960014057,20.80669307400307,21.04727269027416,21.127669852681546,21.04727269027417,20.80669307400308,20.407761960014064,19.85351545496577,19.1481717094248,18.297098815192843,17.306773950887006,16.184734086699052,14.939518623501733,13.580604402851588,12.118333582502482,10.56383492634078,8.928939107771697,7.226088671151565,5.468243336512402,3.6687813682666346,1.8413977585377466,2.069914660682279e-14,-1.8413977585377055,-3.6687813682666683,-5.468243336512291,-7.226088671151595,-8.928939107771658,-10.563834926340743,-12.118333582502453,-13.580604402851499,-14.939518623501705,-16.184734086699073,-17.306773950886985,-18.29709881519282
10.70776731040385,12.283446030355366,13.765640309068319,15.143069753108447,16.405251292691847,17.542578964176307,18.54639701724464,19.409065790391036,20.124019853358202,20.685817974025877,21.090184529472825,21.334042046048896,21.415534620807755,21.334042046048907,21.090184529472833,20.685817974025888,20.124019853358217,19.409065790391082,18.546397017244654,17.542578964176368,16.405251292691872,15.14306975310847,13.765640309068404,12.283446030355336,10.707767310403884,9.050596015693587,7.324544220404501,5.542748220917487,3.7187685606662644,1.8664868262146692,2.0981172740321236e-14,-1.8664868262146268,-3.7187685606662977,-5.542748220917375,-7.3245442204045315,-9.050596015693547,-10.707767310403847,-12.283446030355302,-13.765640309068315,-15.14306975310844,-16.40525129269189,-17.542578964176347,-18.54639701724464
10.820220434619225,12.412446954843357,13.910207258900686,15.302102486505056,16.57753947452496,17.726811377351723,18.741171541855525,19.612900074697027,20.335362595377223,20.903060727878923,21.311673946628314,21.558092458303317,21.640440869238503,21.558092458303328,21.311673946628325,20.903060727878934,20.335362595377234,19.612900074697077,18.741171541855543,17.726811377351787,16.577539474524983,15.302102486505083,13.910207258900776,12.412446954843329,10.820220434619259,9.145645503460013,7.401466687727624,5.600958241373926,3.7578231208521697,1.8860886973452402,2.12015173141204e-14,-1.8860886973451978,-3.757823120852203,-5.600958241373811,-7.401466687727655,-9.145645503459972,-10.820220434619221,-12.412446954843295,-13.910207258900684,-15.302102486505053,-16.577539474525004,-17.726811377351765,-18.741171541855525
10.884603830286585,12.486304552137485,13.992976956909736,15.393154357849465,16.676180559485182,17.83229095771009,18.852686854315195,19.729602420395402,20.456363798996733,21.0274398971975,21.43848448106525,21.686369253121246,21.769207660573223,21.68636925312126,21.43848448106526,21.027439897197514,20.45636379899675,19.72960242039545,18.852686854315216,17.832290957710157,16.676180559485204,15.393154357849493,13.992976956909823,12.486304552137451,10.884603830286617,9.200064700983818,7.445507524155511,5.634285539348092,3.78018323951146,1.8973114626852496,2.132767238519603e-14,-1.8973114626852072,-3.7801832395114943,-5.634285539347978,-7.445507524155542,-9.200064700983779,-10.884603830286581,-12.486304552137419,-13.992976956909732,-15.393154357849463,-16.67618055948522,-17.832290957710132,-18.852686854315195
10.900900456438354,12.504999273642841,14.013927495649837,15.416201267574225,16.70114843929548,17.858989786964564,18.88091343880202,19.759141938762948,20.486991437673783,21.058922561360244,21.47058256862966,21.7188384782596,21.801800912876764,21.718838478259613,21.470582568629666,21.05892256136026,20.486991437673797,19.759141938762998,18.88091343880204,17.858989786964628,16.70114843929551,15.416201267574252,14.013927495649927,12.50499927364281,10.900900456438388,9.213839204616816,7.456655072979818,5.642721293786082,3.7858429983782087,1.9001521517983264,2.1359604562881897e-14,-1.900152151798284,-3.785842998378243,-5.642721293785964,-7.45665507297985,-9.213839204616777,-10.90090045643835,-12.504999273642776,-14.013927495649835,-15.416201267574221,-16.70114843929553,-17.858989786964603,-18.88091343880202
10.884603830286583,12.486304552137485,13.992976956909736,15.393154357849465,16.676180559485182,17.83229095771009,18.852686854315195,19.729602420395402,20.456363798996733,21.0274398971975,21.43848448106525,21.686369253121242,21.769207660573223,21.68636925312126,21.43848448106526,21.027439897197514,20.456363798996748,19.72960242039545,18.852686854315216,17.832290957710157,16.676180559485204,15.393154357849493,13.992976956909823,12.486304552137451,10.884603830286617,9.200064700983818,7.445507524155511,5.634285539348092,3.78018323951146,1.8973114626852496,2.1327672385196023e-14,-1.8973114626852072,-3.7801832395114943,-5.634285539347976,-7.445507524155542,-9.200064700983779,-10.884603830286581,-12.486304552137419,-13.992976956909732,-15.393154357849463,-16.67618055948522,-17.83229095771013,-18.852686854315195
10.820220434619225,12.412446954843361,13.910207258900689,15.302102486505056,16.57753947452496,17.726811377351723,18.741171541855525,19.612900074697027,20.335362595377223,20.903060727878923,21.311673946628318,21.558092458303317,21.640440869238507,21.558092458303328,21.311673946628325,20.903060727878934,20.335362595377234,19.612900074697077,18.741171541855543,17.72681137735179,16.577539474524983,15.302102486505083,13.910207258900776,12.41244695484333,10.82022043461926,9.145645503460013,7.401466687727626,5.6009582413739265,3.7578231208521697,1.8860886973452407,2.1201517314120404e-14,-1.8860886973451978,-3.757823120852203,-5.600958241373811,-7.401466687727657,-9.145645503459972,-10.820220434619223,-12.412446954843295,-13.910207258900684,-15.302102486505053,-16.577539474525004,-17.726811377351765,-18.741171541855525
10.70776731040385,12.283446030355366,13.765640309068319,15.143069753108447,16.405251292691847,17.542578964176307,18.54639701724464,19.409065790391036,20.124019853358202,20.685817974025877,21.090184529472825,21.334042046048896,21.415534620807755,21.334042046048907,21.090184529472833,20.685817974025888,20.124019853358217,19.409065790391082,18.546397017244654,17.542578964176368,16.405251292691872,15.14306975310847,13.765640309068404,12.283446030355336,10.707767310403884,9.050596015693587,7.324544220404501,5.542748220917487,3.7187685606662644,1.8664868262146692,2.0981172740321236e-14,-1.8664868262146268,-3.7187685606662977,-5.542748220917375,-7.3245442204045315,-9.050596015693547,-10.707767310403847,-12.283446030355302,-13.765640309068315,-15.14306975310844,-16.40525129269189,-17.542578964176347,-18.54639701724464
10.563834926340746,12.118333582502515,13.5806044028515,14.939518623501707,16.18473408669903,17.306773950886946,18.29709881519282,19.14817170942475,19.853515454965756,20.407761960014057,20.80669307400307,21.04727269027416,21.127669852681546,21.04727269027417,20.80669307400308,20.407761960014064,19.85351545496577,19.1481717094248,18.297098815192843,17.306773950887006,16.184734086699052,14.939518623501733,13.580604402851588,12.118333582502482,10.56383492634078,8.928939107771697,7.226088671151565,5.468243336512402,3.6687813682666346,1.8413977585377466,2.069914660682279e-14,-1.8413977585377055,-3.6687813682666683,-5.468243336512291,-7.226088671151595,-8.928939107771658,-10.563834926340743,-12.118333582502453,-13.580604402851499,-14.939518623501705,-16.184734086699073,-17.306773950886985,-18.29709881519282
