hough_viz/data/file_4_1_2.json
{"header": {"discipline": 0, "disciplineName": "Meteorological products", "gribEdition": 2, "gribLength": 133963, "center": 7, "centerName": "US National Weather Service - NCEP(WMC)", "subcenter": 0, "refTime": "2014-11-30T06:00:00.000Z", "significanceOfRT": 1, "significanceOfRTName": "Start of forecast", "productStatus": 0, "productStatusName": "Operational products", "productType": 1, "productTypeName": "Forecast products", "productDefinitionTemplate": 0, "productDefinitionTemplateName": "Analysis/forecast at horizontal level/layer at a point in time", "parameterCategory": 2, "parameterCategoryName": "Momentum", "parameterNumber": 2, "parameterNumberName": "U-component_of_wind", "parameterUnit": "m.s-1", "genProcessType": 2, "genProcessTypeName": "Forecast", "forecastTime": 6, "surface1Type": 100, "surface1TypeName": "Isobaric surface", "surface1Value": 85000, "surface2Type": 255, "surface2TypeName": "Missing", "surface2Value": 0, "gridDefinitionTemplate": 0, "gridDefinitionTemplateName": "Latitude_Longitude", "numberPoints": 65160, "shape": 6, "shapeName": "Earth spherical with radius of 6,371,229.0 m", "gridUnits": "degrees", "resolution": 48, "winds": "true", "scanMode": 0, "nx": 360, "ny": 181, "basicAngle": 0, "subDivisions": 0, "lo1": 0, "la1": 90, "lo2": 359, "la2": -90, "dx": 1, "dy": 1}, "data":
[rows 120 to 139 of 181, columns 45 to 89 of 360]
-29.11730305669203,-29.046374769876465,-28.83393546491344,-28.48102012474242,-27.989348117425784,-27.361314819560477,-26.599979946244037,-25.709052644450107,-24.692873422437362,-23.55639300322946,-22.30514820519017,-20.945234967200843,-19.48327864985898,-17.926401757387314,-16.282189237509286,-14.558651528346031,-12.764185532367204,-10.907533707526134,-8.997741474883448,-7.0441131502249394,-5.056166614370311,-3.043586943014564,-1.0161792220127648,1.016179222012754,3.0435869430145535,5.0561666143703015,7.044113150224927,8.997741474883437,10.907533707526124,12.764185532367197,14.558651528346015,16.282189237509254,17.92640175738732,19.483278649858967,20.945234967200836,22.30514820519016,23.55639300322946,24.692873422437344,25.70905264445011,26.599979946244034,27.361314819560477,27.989348117425777,28.481020124742415,28.83393546491344,29.046374769876465
-28.704838993665497,-28.634915448577097,-28.42548547379485,-28.077569391104095,-27.592862212687283,-26.973725383195067,-26.223175275025326,-25.344868492860016,-24.343084059054767,-23.22270256667205,-21.989182401722417,-20.648533150456466,-19.207286321264796,-17.67246352382558,-16.051542260528134,-14.352419496832763,-12.583373188048979,-10.753021949969275,-8.870283069839308,-6.944329062230818,-4.984542981472655,-3.000472708353268,-1.0017844338052697,1.0017844338052593,3.0004727083532576,4.984542981472646,6.944329062230807,8.870283069839298,10.753021949969265,12.583373188048972,14.352419496832749,16.051542260528105,17.67246352382559,19.20728632126478,20.648533150456462,21.989182401722406,23.222702566672048,24.343084059054746,25.34486849286002,26.223175275025323,26.973725383195067,27.592862212687283,28.077569391104095,28.42548547379485,28.634915448577097
-28.224870896376625,-28.156116529450106,-27.950188393035035,-27.608089748312217,-27.131487265491096,-26.522702903960063,-25.784702599933716,-24.92108181670972,-23.93604802793312,-22.834400219207545,-21.62150550791989,-20.303272995183768,-18.886124977292987,-17.37696565693946,-15.783147506631842,-14.112435448188327,-12.372969022818289,-10.573222736095575,-8.721964771019238,-6.8282142703073285,-4.901197396040179,-2.9503023807261624,-0.9850337887766305,0.9850337887766205,2.950302380726152,4.90119739604017,6.828214270307318,8.721964771019227,10.573222736095566,12.372969022818276,14.112435448188313,15.78314750663181,17.376965656939475,18.88612497729297,20.30327299518376,21.621505507919885,22.834400219207545,23.936048027933097,24.921081816709727,25.784702599933713,26.522702903960063,27.13148726549109,27.608089748312214,27.950188393035035,28.156116529450106
-27.65909555093542,-27.59171938431462,-27.389919134363375,-27.054677951614558,-26.587629097412186,-25.99104798682636,-25.267841103059734,-24.421531837353484,-23.456243323379457,-22.37667834974725,-21.188096448490928,-19.896288271157555,-18.50754737733502,-17.028639573062247,-15.466769948502403,-13.829547775467722,-12.124949435812239,-10.361279561301133,-8.547130574279548,-6.691340826254636,-4.802951538335435,-2.891162753312467,-0.9652885139740486,0.9652885139740386,2.8911627533124573,4.802951538335426,6.691340826254624,8.547130574279537,10.361279561301123,12.124949435812226,13.82954777546771,15.466769948502376,17.028639573062257,18.507547377335,19.896288271157548,21.188096448490924,22.37667834974725,23.456243323379436,24.421531837353484,25.267841103059723,25.99104798682636,26.587629097412186,27.054677951614558,27.389919134363375,27.59171938431462
-27.048862045801844,-26.98297237732932,-26.78562437975335,-26.457779512680773,-26.001035003349106,-25.41761606509602,-24.710365056343626,-23.882727632913927,-22.938735961140065,-21.8829890735572,-20.720630462878336,-19.457323023414816,-18.099221462024502,-16.652942312998565,-15.125531702971632,-13.524431022900934,-11.857440674357711,-10.132682066754793,-8.358558050656281,-6.543711979934291,-4.696985602217687,-2.8273759827864207,-0.9439916717738832,0.9439916717738734,2.8273759827864113,4.696985602217677,6.5437119799342796,8.358558050656272,10.132682066754784,11.857440674357706,13.524431022900922,15.125531702971601,16.652942312998572,18.099221462024484,19.457323023414812,20.72063046287833,21.882989073557194,22.938735961140047,23.88272763291393,24.71036505634362,25.41761606509602,26.001035003349095,26.45777951268077,26.78562437975335,26.98297237732932
-26.38676161544064,-26.322484790339427,-26.129967465266603,-25.81014756527814,-25.364583220778602,-24.795445176466426,-24.105506215683942,-23.298127651695644,-22.377242951707895,-21.347338573412017,-20.213432107413453,-18.981047832034648,-17.65618979958645,-16.245312585228636,-14.75528984092872,-13.19338080772033,-11.56719494941073,-9.884654880037973,-8.153957765691702,-6.383535388743953,-4.582013069052974,-2.758167642271912,-0.9208846999877675,0.9208846999877581,2.758167642271903,4.582013069052964,6.383535388743942,8.153957765691693,9.884654880037964,11.567194949410723,13.19338080772032,14.755289840928688,16.24531258522864,17.65618979958643,18.981047832034648,20.213432107413446,21.347338573412017,22.377242951707874,23.298127651695644,24.10550621568393,24.795445176466426,25.3645832207786,25.810147565278136,26.129967465266603,26.322484790339427
-25.659384648023934,-25.59687967665751,-25.409669280495752,-25.09866552977046,-24.66538360349315,-24.111934407655312,-23.44101429110656,-22.655891909214034,-21.760392299302122,-20.75887824545499,-19.656229023471152,-18.45781662952219,-17.169479608327435,-15.797494608350958,-14.348545802601226,-12.829692324011978,-11.248333874056305,-9.612174672144803,-7.929185921443027,-6.207566973970965,-4.4557053841841645,-2.682136045651558,-0.8954996099119326,0.8954996099119235,2.682136045651549,4.455705384184155,6.207566973970955,7.929185921443019,9.612174672144796,11.2483338740563,12.829692324011967,14.348545802601194,15.797494608350968,17.169479608327425,18.45781662952218,19.656229023471145,20.75887824545499,21.760392299302104,22.655891909214034,23.441014291106555,24.111934407655312,24.665383603493144,25.098665529770454,25.409669280495752,25.59687967665751
-24.90013418805498,-24.839478712649253,-24.65780779381116,-24.35600651399579,-23.93554521870145,-23.39847235309418,-22.747404482188866,-21.985513543207418,-21.116511392219568,-20.144631720353118,-19.074609427676407,-17.91165755524109,-16.661441887670172,-15.330053350024787,-13.923978333429687,-12.450067094027501,-10.915500379219583,-9.32775444378637,-7.694564626325626,-6.023887663460358,-4.323862925417778,-2.6027727618357446,-0.8690021509878731,0.8690021509878645,2.602772761835736,4.323862925417768,6.023887663460347,7.694564626325618,9.327754443786363,10.915500379219576,12.45006709402749,13.923978333429659,15.330053350024798,16.661441887670154,17.911657555241085,19.074609427676403,20.14463172035311,21.116511392219547,21.985513543207418,22.747404482188866,23.39847235309418,23.935545218701446,24.356006513995784,24.65780779381116,24.839478712649253
-24.1047954663324,-24.046077396079202,-23.870209253855545,-23.578047851572155,-23.171016570212984,-22.65109842526618,-22.020826405671933,-21.28327113335497,-20.442025903463243,-19.5011891781951,-18.465344619503473,-17.339538757955573,-16.129256406543263,-14.840393939225443,-13.479230564386924,-12.052397733166211,-10.566846831692297,-9.029815314630108,-7.448791445028901,-5.831477812257414,-4.185753805762706,-2.5196372274768235,-0.8412452298917442,0.8412452298917357,2.519637227476815,4.1857538057626975,5.831477812257404,7.448791445028894,9.029815314630099,10.56684683169229,12.0523977331662,13.479230564386896,14.840393939225452,16.129256406543245,17.339538757955566,18.46534461950347,19.501189178195098,20.442025903463232,21.283271133354972,22.020826405671926,22.65109842526618,23.17101657021298,23.57804785157215,23.870209253855545,24.046077396079202
-23.26566609165735,-23.208992098386364,-23.039246228571763,-22.757255467028497,-22.364393644401183,-21.862574743999335,-21.25424357706306,-20.542363871888416,-19.730403834841137,-18.822319253603762,-17.822534224975747,-16.735919601118525,-15.567769259253417,-14.323774310423905,-13.009995372974789,-11.632833045828685,-10.198996725411593,-8.715471918147863,-7.189486207775087,-5.628474043282662,-4.040040519023592,-2.4319243234592935,-0.8119600370472999,0.8119600370472916,2.4319243234592856,4.040040519023584,5.628474043282653,7.189486207775079,8.715471918147855,10.198996725411586,11.632833045828676,13.009995372974764,14.323774310423914,15.567769259253401,16.73591960111852,17.822534224975747,18.822319253603755,19.73040383484112,20.542363871888416,21.25424357706306,21.862574743999335,22.364393644401176,22.757255467028493,23.039246228571763,23.208992098386364
-22.407127878409955,-22.352545241076463,-22.189063250198423,-21.91747837360227,-21.539113745507137,-21.055812720348044,-20.469929892138303,-19.784319623124222,-19.00232213761914,-18.127747248766315,-17.16485579751229,-16.118338894218038,-14.99329506404093,-13.79520540743256,-12.52990689676839,-11.203563939204987,-9.822638344308087,-8.393857842765872,-6.924183309561339,-5.420774851289099,-3.8909569228357594,-2.3421826433719866,-0.7819974855051007,0.7819974855050927,2.342182643371978,3.890956922835752,5.42077485128909,6.924183309561333,8.393857842765865,9.822638344308078,11.203563939204978,12.529906896768365,13.795205407432567,14.993295064040922,16.11833889421803,17.164855797512278,18.127747248766312,19.002322137619124,19.784319623124226,20.469929892138303,21.055812720348044,21.539113745507134,21.91747837360226,22.189063250198423,22.352545241076463
-21.527432548292236,-21.474992804569567,-21.31792905456177,-21.057006497070883,-20.69349632056916,-20.229169510096597,-19.666288219199853,-19.007594748947543,-18.256298187715107,-17.416058776828798,-16.49097007823789,-15.485539031092316,-14.404663994388205,-13.253610882655192,-12.037987510950204,-10.763716274146125,-9.437005293619382,-8.064318171906585,-6.652342502682684,-5.207957289476845,-3.738199431858708,-2.25022944237105,-0.7512965612324513,0.7512965612324436,2.2502294423710425,3.7381994318587,5.207957289476836,6.652342502682677,8.064318171906578,9.437005293619377,10.763716274146118,12.03798751095018,13.253610882655199,14.404663994388194,15.485539031092308,16.490970078237883,17.416058776828798,18.256298187715096,19.007594748947543,19.66628821919985,20.229169510096597,20.693496320569157,21.05700649707088,21.31792905456177,21.474992804569567
-20.625018775433524,-20.57477726630639,-20.42429751050718,-20.174312630279996,-19.826040526832898,-19.3811779468457,-18.841892216090656,-18.210810680439202,-17.491007905696943,-16.685990698628093,-15.799681022145442,-14.836396887901282,-13.800831319368674,-12.698029487902804,-11.53336413317335,-10.312509387716773,-9.041413133133053,-7.726268022604384,-6.37348131091133,-4.989643638931617,-3.581496924700255,-2.1559015174625635,-0.7198027747422767,0.7198027747422693,2.155901517462557,3.581496924700247,4.98964363893161,6.373481310911323,7.726268022604375,9.041413133133048,10.312509387716762,11.533364133173325,12.69802948790281,13.80083131936866,14.836396887901277,15.799681022145439,16.68599069862809,17.49100790569693,18.210810680439206,18.841892216090656,19.3811779468457,19.826040526832898,20.174312630279992,20.42429751050718,20.57477726630639
-19.71480961850854,-19.66678533314072,-19.52294644652818,-19.28399372726788,-18.951091328988596,-18.52586111871152,-18.010374775277135,-17.40714369633413,-16.719106763062566,-15.94961602224008,-15.102420355407045,-14.181647214692449,-13.191782514282073,-12.137648775495446,-11.024381631946806,-9.857404809254277,-8.642403701193928,-7.385297671032744,-6.092211212985815,-4.769444114296149,-3.4234407633044777,-2.0607587530370486,-0.6880369332715863,0.6880369332715792,2.0607587530370415,3.42344076330447,4.7694441142961415,6.092211212985808,7.385297671032737,8.64240370119392,9.85740480925427,11.024381631946785,12.137648775495448,13.191782514282057,14.181647214692445,15.102420355407041,15.94961602224008,16.71910676306255,17.40714369633413,18.010374775277135,18.52586111871152,18.951091328988596,19.28399372726788,19.52294644652818,19.66678533314072
-18.796760352216054,-18.75097238871993,-18.61383157258711,-18.386006040088457,-18.068605734317355,-17.66317699765856,-17.171695038163513,-16.59655430653528,-15.940556830605415,-15.206898564136008,-14.399153816454234,-13.52125783877657,-12.577487652060482,-11.572441209788174,-10.511014997199524,-9.398380176108034,-8.23995739152042,-7.041390362798939,-5.808518388027985,-4.547347895540787,-3.2640231812043257,-1.9647964740274986,-0.6559974759298778,0.655997475929871,1.964796474027492,3.2640231812043177,4.5473478955407804,5.808518388027979,7.041390362798934,8.239957391520413,9.398380176108027,10.511014997199503,11.572441209788181,12.577487652060464,13.521257838776567,14.399153816454229,15.206898564136008,15.940556830605404,16.596554306535282,17.171695038163513,17.66317699765856,18.06860573431735,18.386006040088457,18.61383157258711,18.75097238871993
-17.87547798934518,-17.831934223381516,-17.701515066341297,-17.48485590724794,-17.18301228774604,-16.79745475960859,-16.330061720356582,-15.783110261895054,-15.159265076750279,-14.461565475955563,-13.693410581833476,-12.858542767813512,-11.961029425964968,-11.00524315107158,-9.995840437789365,-8.937738994672596,-7.836093785592164,-6.696271915269718,-5.523826481282978,-4.324469519932523,-3.1040441777751138,-1.868496244401013,-0.6238451851447928,0.6238451851447863,1.8684962444010071,3.104044177775107,4.324469519932517,5.523826481282971,6.696271915269713,7.836093785592157,8.93773899467259,9.995840437789347,11.005243151071587,11.961029425964954,12.858542767813509,13.693410581833472,14.461565475955563,15.15926507675027,15.783110261895054,16.330061720356582,16.79745475960859,17.18301228774603,17.48485590724794,17.701515066341297,17.831934223381516
-16.95659869601451,-16.915293273826684,-16.791578243128114,-16.586056331112573,-16.299728819876393,-15.93399066827279,-15.490623715812507,-14.971788001720828,-14.38001124144364,-13.718176511871812,-12.989508205280423,-12.197556320413707,-11.346179167248017,-10.439524569693422,-9.482009657812641,-8.478299348007262,-7.43328361601406,-6.352053673434696,-5.239877163864558,-4.102172499462684,-2.944482462992366,-1.772447203940691,-0.5917767602772019,0.5917767602771958,1.7724472039406853,2.9444824629923603,4.102172499462679,5.239877163864552,6.35205367343469,7.433283616014055,8.478299348007255,9.482009657812624,10.439524569693429,11.346179167248003,12.197556320413705,12.98950820528042,13.718176511871809,14.38001124144363,14.971788001720828,15.490623715812504,15.93399066827279,16.299728819876385,16.586056331112566,16.791578243128114,16.915293273826684
-16.04106363781342,-16.00198841301275,-15.884953109178127,-15.690527910545493,-15.419660037139032,-15.073669130010435,-14.654240822080352,-14.163418525904225,-13.603593478371746,-12.977493090841076,-12.288167661464874,-11.538975514444303,-10.733566638611132,-9.875864905048982,-8.970048950387916,-8.020531818906719,-7.0319394626248455,-6.0090882041291485,-4.956961271934366,-3.880684522694727,-2.785501468545561,-1.6767477312392698,-0.5598250475324886,0.5598250475324827,1.6767477312392647,2.7855014685455552,3.8806845226947204,4.956961271934361,6.009088204129143,7.031939462624839,8.02053181890671,8.9700489503879,9.875864905048985,10.73356663861112,11.5389755144443,12.288167661464868,12.977493090841072,13.603593478371735,14.163418525904225,14.654240822080348,15.073669130010435,15.419660037139028,15.69052791054549,15.884953109178127,16.00198841301275
-15.13928495214119,-15.102406414895576,-14.991950471685172,-14.808455252762315,-14.55281472838871,-14.226274353502218,-13.830424999985569,-13.367195206098437,-12.838841780832968,-12.247938808967135,-11.597365110382524,-10.890290214743189,-10.130158919865776,-9.32067450901078,-8.465780708858826,-7.569642476070601,-6.636625706036762,-5.671275962674393,-4.678296332896542,-3.662524513645523,-2.628909243119698,-1.5824861910184276,-0.5283534252654842,0.5283534252654788,1.5824861910184223,2.6289092431196925,3.6625245136455167,4.6782963328965375,5.671275962674389,6.636625706036756,7.569642476070595,8.465780708858809,9.320674509010786,10.130158919865766,10.890290214743187,11.597365110382519,12.247938808967135,12.838841780832958,13.367195206098437,13.830424999985565,14.226274353502218,14.552814728388707,14.808455252762313,14.991950471685172,15.102406414895576
-14.24831631905796,-14.21360813662261,-14.109652684092524,-13.936956421982876,-13.69636070912328,-13.3890377036422,-13.016484652330346,-12.580516596204792,-12.083257527811641,-11.527130043347785,-10.914843540015804,-10.249381016113098,-9.53398453816407,-8.772139445897874,-7.967557372023652,-7.124158159528987,-6.246050764598969,-5.337513238194653,-4.402971883818807,-3.4469796930101833,-2.4741941636263998,-1.4893546089825558,-0.4972590683931637,0.4972590683931586,1.489354608982551,2.4741941636263944,3.4469796930101775,4.402971883818802,5.337513238194649,6.246050764598965,7.12415815952898,7.967557372023637,8.772139445897881,9.533984538164063,10.249381016113096,10.914843540015802,11.527130043347785,12.083257527811632,12.580516596204795,13.016484652330345,13.3890377036422,13.696360709123278,13.936956421982872,14.109652684092524,14.21360813662261
