hough_viz/data/file_5_0_0.json
{"header": {"discipline": 0, "disciplineName": "Meteorological products", "gribEdition": 2, "gribLength": 133963, "center": 7, "centerName": "US National Weather Service - NCEP(WMC)", "subcenter": 0, "refTime": "2014-11-30T06:00:00.000Z", "significanceOfRT": 1, "significanceOfRTName": "Start of forecast", "productStatus": 0, "productStatusName": "Operational products", "productType": 1, "productTypeName": "Forecast products", "productDefinitionTemplate": 0, "productDefinitionTemplateName": "Analysis/forecast at horizontal level/layer at a point in time", "parameterCategory": 2, "parameterCategoryName": "Momentum", "parameterNumber": 2, "parameterNumberName": "U-component_of_wind", "parameterUnit": "m.s-1", "genProcessType": 2, "genProcessTypeName": "Forecast", "forecastTime": 6, "surface1Type": 100, "surface1TypeName": "Isobaric surface", "surface1Value": 85000, "surface2Type": 255, "surface2TypeName": "Missing", "surface2Value": 0, "gridDefinitionTemplate": 0, "gridDefinitionTemplateName": "Latitude_Longitude", "numberPoints": 65160, "shape": 6, "shapeName": "Earth spherical with radius of 6,371,229.0 m", "gridUnits": "degrees", "resolution": 48, "winds": "true", "scanMode": 0, "nx": 360, "ny": 181, "basicAngle": 0, "subDivisions": 0, "lo1": 0, "la1": 90, "lo2": 359, "la2": -90, "dx": 1, "dy": 1}, "data":
[rows 152 to 170 of 181, columns 86 to 128 of 360]
-0.5978724948974434,-0.45243179748940926,-0.3035478209166936,-0.1523536621396181,-5.35189704073377e-16,0.15235366213961546,0.3035478209166926,0.4524317974894081,0.5978724948974408,0.7387630216140214,0.8740311156588105,1.0026473051590192,1.1236327432519724,1.23606665770078,1.339093358527026,1.431928750328207,1.5138662997171726,1.5842824124678243,1.642641179443721,1.6884984551901887,1.7215052381494158,1.7414103267730436,1.748062231317624,1.7414103267730436,1.721505238149416,1.688498455190188,1.6426411794437212,1.584282412467825,1.5138662997171717,1.431928750328209,1.3390933585270288,1.2360666577007786,1.1236327432519735,1.002647305159023,0.8740311156588116,0.7387630216140226,0.5978724948974421,0.4524317974894095,0.3035478209166938,0.15235366213961674,7.49265585702728e-16,-0.1523536621396152,-0.3035478209166924
-0.5252321555587528,-0.3974622185612435,-0.26666735408623504,-0.13384299002848096,-4.701652012801315e-16,0.13384299002847866,0.26666735408623415,0.3974622185612424,0.5252321555587506,0.6490047587086101,0.7678380437649093,0.8808276176748708,0.9871135615560691,1.085886975198363,1.1763961332829114,1.2579522064657727,1.3299345037851207,1.3917951964942534,1.4430634873691477,1.483349193759606,1.5123457171148218,1.5298323763834831,1.5356760875298212,1.5298323763834831,1.5123457171148222,1.4833491937596057,1.4430634873691477,1.3917951964942537,1.32993450378512,1.2579522064657744,1.1763961332829138,1.0858869751983622,0.98711356155607,0.8808276176748739,0.7678380437649103,0.6490047587086112,0.5252321555587516,0.39746221856124364,0.26666735408623515,0.1338429900284798,6.582312817921841e-16,-0.13384299002847844,-0.26666735408623393
-0.4574757825943709,-0.34618851409538315,-0.2322665419697905,-0.1165768812134365,-4.095126148083066e-16,0.11657688121343447,0.2322665419697897,0.34618851409538226,0.45747578259436905,0.5652813841563826,0.6687848530587344,0.7671984654059738,0.8597732341843747,0.9458046095053616,1.0246378406555718,1.0956729591451508,1.1583693448302157,1.2122498403585873,1.2569043826253634,1.2919931236007443,1.3172490167787458,1.3324798495623584,1.3375697061174707,1.3324798495623584,1.3172490167787458,1.2919931236007436,1.2569043826253639,1.2122498403585875,1.1583693448302148,1.095672959145153,1.024637840655574,0.9458046095053606,0.8597732341843756,0.7671984654059766,0.668784853058735,0.5652813841563836,0.45747578259437,0.3461885140953833,0.23226654196979063,0.11657688121343547,5.733176607316291e-16,-0.1165768812134343,-0.23226654196978958
-0.3945033539068091,-0.2985349937435655,-0.2002946020175767,-0.10052984742904783,-3.531424091846824e-16,0.10052984742904611,0.20029460201757604,0.29853499374356474,0.3945033539068074,0.4874693053391812,0.5767253210159097,0.6615921087634373,0.7414237810830377,0.8156127707446783,0.8835944547404935,0.9448514514068158,0.9989175580110283,1.0453812988358633,1.083889056758071,1.1141477644882434,1.1359271349898468,1.1490614141026203,1.1534506420318213,1.1490614141026203,1.135927134989847,1.114147764488243,1.0838890567580712,1.0453812988358637,0.9989175580110279,0.9448514514068173,0.8835944547404952,0.8156127707446775,0.7414237810830382,0.6615921087634397,0.5767253210159105,0.48746930533918204,0.3945033539068083,0.2985349937435657,0.20029460201757684,0.10052984742904696,4.9439937285855525e-16,-0.10052984742904597,-0.20029460201757593
-0.34022951250231,-0.2574640098249882,-0.1727390505718794,-0.08669944284122905,-3.0455880420519284e-16,0.08669944284122755,0.1727390505718788,0.25746400982498757,0.34022951250230854,0.42040566315329053,0.497382272859796,0.570573503142211,0.639422324544013,0.7034047559622806,0.7620338524602686,0.8148634112124147,0.8614913673772552,0.9015628540536436,0.9347729030321488,0.9608687657872682,0.9796518370463231,0.9909791662955032,0.9947645457195939,0.9909791662955032,0.9796518370463231,0.9608687657872681,0.9347729030321489,0.9015628540536438,0.8614913673772544,0.814863411212416,0.7620338524602701,0.7034047559622799,0.6394223245440136,0.5705735031422131,0.49738227285979675,0.42040566315329125,0.34022951250230926,0.2574640098249883,0.1727390505718795,0.0866994428412283,4.2638232588726994e-16,-0.08669944284122744,-0.1727390505718787
-0.29031401805778173,-0.2196911450973937,-0.1473962898696749,-0.07397965987573549,-2.5987660368846595e-16,0.07397965987573421,0.1473962898696744,0.21969114509739313,0.2903140180577805,0.3587274260443512,0.42441070171318246,0.48686395567578816,0.545611880959207,0.6002073703790661,0.6502349192952194,0.6953137878529583,0.7351008986431928,0.7692934477286937,0.797631209164895,0.8198985154764594,0.8359258990169888,0.8455913817201406,0.8488214034263664,0.8455913817201406,0.8359258990169889,0.8198985154764593,0.797631209164895,0.769293447728694,0.7351008986431924,0.6953137878529594,0.6502349192952208,0.6002073703790656,0.5456118809592074,0.4868639556757899,0.424410701713183,0.3587274260443518,0.2903140180577811,0.21969114509739376,0.14739628986967498,0.07397965987573482,3.6382724516385227e-16,-0.0739796598757341,-0.1473962898696743
-0.24455343858789255,-0.1850624552004445,-0.124163034785156,-0.06231865870346287,-2.1891370408406572e-16,0.0623186587034618,0.12416303478515556,0.18506245520044406,0.24455343858789155,0.30218322264228165,0.35751320990914554,0.4101223057762224,0.4596101232577233,0.5056000301810538,0.5477420155850596,0.5857153535147922,0.6192310439396781,0.6480340122182549,0.6719050503702161,0.690662485381498,0.7041635618456157,0.7123055284185051,0.7150264198182921,0.7123055284185051,0.7041635618456159,0.6906624853814978,0.6719050503702162,0.6480340122182552,0.6192310439396777,0.5857153535147932,0.5477420155850607,0.5056000301810534,0.45961012325772366,0.41012230577622383,0.3575132099091459,0.30218322264228215,0.24455343858789208,0.18506245520044454,0.12416303478515606,0.06231865870346232,3.0647918571769204e-16,-0.06231865870346171,-0.12416303478515549
-0.20610027203334474,-0.15596354964464035,-0.10463985046977466,-0.05251977884956529,-1.844920857546544e-16,0.05251977884956439,0.1046398504697743,0.15596354964463993,0.2061002720333439,0.2546684469051273,0.3012984411229501,0.3456353722748545,0.3873418095434034,0.42610034175794853,0.46161599308529344,0.4936184679739026,0.5218642082662507,0.5461382468234676,0.5662558435550684,0.5820638914025886,0.5934420815767482,0.6003038191799828,0.6025968822459014,0.6003038191799828,0.5934420815767482,0.5820638914025884,0.5662558435550685,0.5461382468234679,0.5218642082662504,0.4936184679739033,0.46161599308529433,0.4261003417579482,0.38734180954340375,0.34563537227485586,0.30129844112295057,0.2546684469051277,0.20610027203334433,0.15596354964464043,0.10463985046977471,0.05251977884956483,2.582889200565161e-16,-0.05251977884956432,-0.10463985046977423
-0.17135149228359817,-0.12966788791589962,-0.08699743262555008,-0.04366487434243451,-1.5338647492643271e-16,0.04366487434243377,0.08699743262554976,0.12966788791589928,0.17135149228359742,0.21173100833015754,0.2504991235566468,0.2873607891973638,0.32203546571910024,0.3542592578963843,0.3837869232134874,0.41039373830805626,0.43387720925158685,0.45405861265049063,0.47078435583903794,0.4839271458122839,0.49338695800269844,0.49909179752752214,0.5009982471132944,0.49909179752752214,0.49338695800269855,0.4839271458122836,0.470784355839038,0.45405861265049086,0.4338772092515866,0.4103937383080569,0.3837869232134882,0.35425925789638407,0.3220354657191005,0.2873607891973649,0.25049912355664716,0.2117310083301579,0.1713514922835978,0.12966788791589967,0.08699743262555015,0.04366487434243413,2.1474106489700572e-16,-0.043664874342433706,-0.08699743262554975
-0.14003679250408171,-0.10597091903038816,-0.07109854287588327,-0.03568506387961936,-1.2535490456456e-16,0.03568506387961875,0.07109854287588303,0.10597091903038788,0.14003679250408113,0.17303690143029116,0.20472009505407893,0.23484524514113206,0.2631830811092251,0.2895179349157882,0.31364938242193235,0.33539376874117116,0.3545856059639954,0.3710788326207904,0.38474792529781604,0.3954888539461761,0.40321987361330686,0.4078821465714238,0.4094401901081586,0.4078821465714238,0.40321987361330686,0.395488853946176,0.3847479252978162,0.37107883262079056,0.3545856059639951,0.3353937687411717,0.31364938242193313,0.2895179349157879,0.26318308110922534,0.2348452451411329,0.2047200950540792,0.17303690143029143,0.14003679250408146,0.1059709190303882,0.07109854287588332,0.035685063879619054,1.75496866390384e-16,-0.0356850638796187,-0.071098542875883
-0.11454875587177665,-0.08668319744017221,-0.058157927535302655,-0.029190040685172985,-1.025391120685452e-16,0.029190040685172485,0.05815792753530245,0.08668319744017197,0.11454875587177615,0.14154252910476622,0.16745907822555328,0.19210116264648788,0.21528124122582926,0.23682289956907498,0.25656219264902286,0.2743488925264245,0.2900476316753099,0.3035389332115974,0.31472012018432577,0.3235060970092471,0.3298299970976059,0.33364369175125463,0.3349181564511071,0.33364369175125463,0.32982999709760596,0.323506097009247,0.3147201201843258,0.30353893321159753,0.29004763167530967,0.2743488925264249,0.25656219264902336,0.2368228995690748,0.21528124122582948,0.19210116264648855,0.16745907822555348,0.14154252910476647,0.11454875587177642,0.08668319744017222,0.05815792753530269,0.02919004068517273,1.4355475689596326e-16,-0.02919004068517244,-0.05815792753530242
-0.09203401206727443,-0.06964547435302501,-0.046726892525862054,-0.02345269083210843,-8.238488323738552e-17,0.023452690832108027,0.0467268925258619,0.06964547435302482,0.09203401206727406,0.11372211537803546,0.13454472472347934,0.1543433674734516,0.17296736400187748,0.19027497444969957,0.20613447745078795,0.22042517261107566,0.23303829911143512,0.24387786344318407,0.2528613699766502,0.25992044880272447,0.2650013760691519,0.26806548285148746,0.2690894494469591,0.26806548285148746,0.265001376069152,0.25992044880272436,0.25286136997665026,0.24387786344318418,0.23303829911143495,0.22042517261107603,0.2061344774507884,0.19027497444969937,0.17296736400187762,0.15434336747345212,0.1345447247234795,0.11372211537803567,0.09203401206727425,0.06964547435302502,0.04672689252586209,0.023452690832108228,1.1533883653233968e-16,-0.023452690832107992,-0.046726892525861874
-0.0721958503413164,-0.05463321798538528,-0.03665479385214655,-0.01839740460492354,-6.46266153891606e-17,0.018397404604923225,0.03665479385214643,0.05463321798538512,0.0721958503413161,0.08920902868310336,0.10554327245072793,0.12107426818623213,0.1356838156341972,0.14926072731705842,0.16170167473894498,0.17291197477792772,0.1828063102817457,0.19130937938285122,0.19835646859109168,0.20389394530244362,0.2078796659755136,0.21028329686933583,0.2110865449014562,0.21028329686933583,0.20787966597551366,0.20389394530244354,0.19835646859109174,0.1913093793828513,0.18280631028174552,0.17291197477792802,0.16170167473894534,0.14926072731705828,0.13568381563419735,0.1210742681862326,0.10554327245072806,0.08920902868310351,0.07219585034131626,0.0546332179853853,0.03665479385214658,0.01839740460492338,9.047726154482482e-17,-0.0183974046049232,-0.036654793852146414
-0.056718042837098255,-0.04292059977649827,-0.028796505035432563,-0.014453251503242224,-5.077154881797113e-17,0.014453251503241976,0.028796505035432466,0.04292059977649817,0.05671804283709801,0.07008382734441691,0.08291623160787286,0.09511759328260339,0.10659505263888017,0.11726125928072273,0.1270350369351544,0.13584200125265725,0.14361512591698453,0.15029525275589942,0.1558315419705871,0.16018185905722093,0.16331309547597844,0.16520142062702056,0.16583246321574596,0.16520142062702056,0.16331309547597847,0.16018185905722093,0.15583154197058713,0.1502952527558995,0.1436151259169844,0.13584200125265744,0.12703503693515467,0.11726125928072263,0.10659505263888026,0.09511759328260373,0.08291623160787297,0.07008382734441704,0.05671804283709814,0.04292059977649831,0.02879650503543258,0.014453251503242096,7.108016834515957e-17,-0.014453251503241954,-0.028796505035432456
-0.04346122213537847,-0.03288868282052135,-0.02206584077067051,-0.011075064348836055,-3.890461396336762e-17,0.011075064348835865,0.022065840770670437,0.032888682820521264,0.043461222135378286,0.053702995307181645,0.06353605625794223,0.07288556945646019,0.08168037946190436,0.08985355245968205,0.09734288566818287,0.10409138073950759,0.11004767755131065,0.11516644508834362,0.1194087264388535,0.12274223528020335,0.12514160159728285,0.12658856476364203,0.12707211251588466,0.12658856476364203,0.12514160159728288,0.1227422352802033,0.1194087264388535,0.11516644508834366,0.11004767755131059,0.10409138073950776,0.09734288566818307,0.08985355245968196,0.08168037946190444,0.07288556945646044,0.0635360562579423,0.05370299530718174,0.04346122213537837,0.03288868282052136,0.022065840770670527,0.011075064348835957,5.446645954871465e-17,-0.01107506434883585,-0.022065840770670427
-0.03214129270434258,-0.02432248172639783,-0.01631856197619927,-0.008190448115944797,-2.877150074268528e-17,0.008190448115944656,0.016318561976199214,0.02432248172639777,0.03214129270434244,0.0397154890373639,0.0469874265179431,0.0539017613109369,0.06040587115358113,0.06645025584268449,0.07198891396106327,0.07697969297610378,0.08138461004598678,0.0851701410920486,0.08830747593726263,0.09077273756908229,0.09254716385792369,0.09361725034830096,0.09397485303588636,0.09361725034830096,0.09254716385792372,0.09077273756908225,0.08830747593726265,0.0851701410920486,0.08138461004598672,0.07697969297610392,0.07198891396106344,0.06645025584268442,0.060405871153581175,0.0539017613109371,0.04698742651794316,0.03971548903736397,0.0321412927043425,0.024322481726397845,0.01631856197619928,0.008190448115944722,4.02801010397594e-17,-0.008190448115944644,-0.0163185619761992
-0.023824919791573147,-0.01802918076736655,-0.012096228791203355,-0.006071217210036528,-2.132704193895257e-17,0.006071217210036425,0.012096228791203313,0.0180291807673665,0.02382491979157305,0.029439336790285823,0.03482970266006696,0.03995499346185553,0.0447762026379147,0.04925663787528907,0.05336220035646119,0.05706164427194321,0.06032681461975296,0.06313286148197973,0.0654584291476646,0.06728581864265559,0.06860112242948785,0.06939433025214145,0.06965940532013404,0.06939433025214145,0.06860112242948786,0.06728581864265556,0.06545842914766462,0.06313286148197976,0.060326814619752936,0.0570616442719433,0.0533622003564613,0.04925663787528903,0.044776202637914736,0.03995499346185567,0.034829702660067005,0.029439336790285875,0.023824919791573102,0.018029180767366555,0.012096228791203362,0.006071217210036476,2.9857858714533593e-17,-0.006071217210036416,-0.012096228791203307
-0.01701321206703566,-0.012874514519818843,-0.008637834143261832,-0.004335414633207788,-1.5229494598269334e-17,0.004335414633207713,0.008637834143261804,0.012874514519818811,0.01701321206703559,0.021022428797563907,0.024871652151253202,0.028531587214157286,0.03197437967051825,0.03517382779092832,0.038105581843311406,0.04074732940908755,0.043078965194150394,0.04508274404229532,0.04674341598657327,0.048048342310747144,0.04898759173755392,0.049554016011721276,0.04974330430250649,0.049554016011721276,0.04898759173755392,0.04804834231074713,0.04674341598657328,0.04508274404229535,0.04307896519415036,0.04074732940908762,0.038105581843311476,0.03517382779092829,0.03197437967051828,0.02853158721415739,0.024871652151253233,0.02102242879756394,0.017013212067035627,0.012874514519818848,0.008637834143261839,0.00433541463320775,2.1321292437577066e-17,-0.004335414633207707,-0.008637834143261797
-0.011467188302664227,-0.008677637222320877,-0.00582204408301508,-0.0029221416727912373,-1.0264933019387846e-17,0.002922141672791188,0.005822044083015062,0.008677637222320855,0.011467188302664176,0.014169467155946617,0.016763907808414105,0.01923076500013528,0.021551264458352044,0.023707745781031516,0.02568379684318896,0.027464378703069236,0.029035940057573918,0.030386520375860468,0.03150584092620407,0.03238538300335238,0.03301845276101627,0.03340023215608195,0.03352781561682827,0.03340023215608195,0.033018452761016275,0.032385383003352364,0.03150584092620408,0.03038652037586048,0.029035940057573893,0.02746437870306928,0.025683796843189017,0.023707745781031492,0.021551264458352058,0.01923076500013535,0.01676390780841413,0.014169467155946639,0.011467188302664202,0.00867763722232088,0.005822044083015085,0.002922141672791212,1.4370906227142983e-17,-0.0029221416727911826,-0.005822044083015058
