hough_viz/data/file_4_3_2.json
{"header": {"discipline": 0, "disciplineName": "Meteorological products", "gribEdition": 2, "gribLength": 133963, "center": 7, "centerName": "US National Weather Service - NCEP(WMC)", "subcenter": 0, "refTime": "2014-11-30T06:00:00.000Z", "significanceOfRT": 1, "significanceOfRTName": "Start of forecast", "productStatus": 0, "productStatusName": "Operational products", "productType": 1, "productTypeName": "Forecast products", "productDefinitionTemplate": 0, "productDefinitionTemplateName": "Analysis/forecast at horizontal level/layer at a point in time", "parameterCategory": 2, "parameterCategoryName": "Momentum", "parameterNumber": 2, "parameterNumberName": "U-component_of_wind", "parameterUnit": "m.s-1", "genProcessType": 2, "genProcessTypeName": "Forecast", "forecastTime": 6, "surface1Type": 100, "surface1TypeName": "Isobaric surface", "surface1Value": 85000, "surface2Type": 255, "surface2TypeName": "Missing", "surface2Value": 0, "gridDefinitionTemplate": 0, "gridDefinitionTemplateName": "Latitude_Longitude", "numberPoints": 65160, "shape": 6, "shapeName": "Earth spherical with radius of 6,371,229.0 m", "gridUnits": "degrees", "resolution": 48, "winds": "true", "scanMode": 0, "nx": 360, "ny": 181, "basicAngle": 0, "subDivisions": 0, "lo1": 0, "la1": 90, "lo2": 359, "la2": -90, "dx": 1, "dy": 1}, "data":
[rows 0 to 19 of 181, columns 0 to 44 of 360]
-0.011183012176653233,-0.01115577092104713,-0.011074179870887862,-0.010938636529570292,-0.010749801250628556,-0.010508594020560003,-0.010216189976743456,-0.00987401368228804,-0.009483732185704901,-0.009047246899214436,-0.008566684335257077,-0.00804438574633844,-0.007482895718682472,-0.006884949775263129,-0.006253461048611439,-0.005591506088326617,-0.0049023098724356945,-0.004189230095624731,-0.003455740810887821,-0.0027054155042901184,-0.0019419096853029272,-0.0011689430775290186,-0.0003902814965831389,0.00039028149658313494,0.0011689430775290175,0.0019419096853029259,0.0027054155042901167,0.0034557408108878192,0.004189230095624732,0.0049023098724356945,0.005591506088326614,0.006253461048611436,0.006884949775263129,0.007482895718682471,0.008044385746338442,0.008566684335257074,0.009047246899214436,0.009483732185704901,0.009874013682288038,0.010216189976743454,0.01050859402056,0.010749801250628556,0.010938636529570292,0.01107417987088786,0.01115577092104713
-0.0001072520990838872,-0.00010699083836099063,-0.00010620832902828081,-0.00010490838339256849,-0.0001030973346583221,-0.00010078400607292777,-9.797966794071933e-05,-9.469798271518553e-05,-9.095493843687114e-05,-8.676877084125044e-05,-8.215987451605794e-05,-7.715070354090471e-05,-7.17656620932618e-05,-6.603098555375975e-05,-5.99746126900512e-05,-5.3626049541943754e-05,-4.701622567093943e-05,-4.017734347452082e-05,-3.3142721299307014e-05,-2.5946631117417464e-05,-1.8624131556870107e-05,-1.1210897099468819e-05,-3.7430442783144427e-06,3.743044278314404e-06,1.1210897099468837e-05,1.8624131556870107e-05,2.5946631117417386e-05,3.314272129930685e-05,4.01773434745209e-05,4.7016225670939284e-05,5.36260495419436e-05,5.99746126900512e-05,6.603098555375975e-05,7.17656620932618e-05,7.715070354090471e-05,8.215987451605809e-05,8.676877084125062e-05,9.095493843687114e-05,9.469798271518553e-05,9.797966794071965e-05,0.00010078400607292809,0.0001030973346583221,0.00010490838339256849,0.00010620832902828081,0.00010699083836099063
0.010968507978485456,0.01094178924432515,0.0108617632128313,0.010728819762785155,0.01054360658131191,0.010307026008414146,0.010020230640862016,0.009684617716857672,0.00930182230883116,0.008873709357531937,0.00840236458622496,0.007890084339256632,0.00733936439449595,0.00675288780415561,0.006133511823231336,0.00548425398924273,0.004808277421093816,0.004108875408675688,0.003389455368289207,0.0026535222420552835,0.0019046614221891866,0.0011465212833300807,0.00038279540802650994,-0.0003827954080265063,-0.0011465212833300794,-0.0019046614221891853,-0.002653522242055282,-0.0033894553682892055,-0.004108875408675689,-0.004808277421093816,-0.0054842539892427265,-0.006133511823231333,-0.00675288780415561,-0.007339364394495948,-0.007890084339256634,-0.008402364586224958,-0.008873709357531937,-0.00930182230883116,-0.009684617716857667,-0.010020230640862016,-0.010307026008414145,-0.010543606581311909,-0.010728819762785155,-0.010861763212831298,-0.01094178924432515
0.03068575317743085,0.03061100422495119,0.030387121536894955,0.03001519584721374,0.02949703914048184,0.028835175824089513,0.02803283042958396,0.02709391190307574,0.02602299456124623,0.0248252958057366,0.02350665070449143,0.022073483563894238,0.02053277663019257,0.018892036072696083,0.017159255414474255,0.015342876588715429,0.013451748810476937,0.011495085464198869,0.009482419217021176,0.007423555576587603,0.005328525119598086,0.0032075346238473602,0.0010709173418295098,-0.0010709173418294994,-0.0032075346238473576,-0.005328525119598084,-0.007423555576587601,-0.00948241921702117,-0.01149508546419887,-0.013451748810476942,-0.015342876588715419,-0.01715925541447425,-0.018892036072696083,-0.020532776630192567,-0.02207348356389424,-0.02350665070449142,-0.0248252958057366,-0.02602299456124623,-0.027093911903075734,-0.028032830429583957,-0.028835175824089506,-0.029497039140481834,-0.03001519584721374,-0.030387121536894948,-0.03061100422495119
0.06478701272668369,0.06462919481986537,0.0641565099723886,0.06337126105731619,0.06227727372842941,0.0608798777820274,0.05918588119069526,0.05720353693554604,0.054942502798526235,0.05241379431067311,0.04962973108555455,0.04660387679935029,0.043350973109984925,0.039886867837252274,0.036228437753830486,0.03239350636334186,0.02840075706603488,0.024269642135136313,0.020020287947331267,0.01567339692907913,0.011250146696472852,0.0067720868800221524,0.0022610341370197934,-0.0022610341370197704,-0.0067720868800221455,-0.011250146696472845,-0.015673396929079122,-0.020020287947331256,-0.024269642135136316,-0.028400757066034888,-0.032393506363341824,-0.03622843775383047,-0.039886867837252274,-0.04335097310998492,-0.04660387679935031,-0.04962973108555453,-0.0524137943106731,-0.054942502798526235,-0.05720353693554602,-0.05918588119069525,-0.060879877782027386,-0.0622772737284294,-0.06337126105731619,-0.0641565099723886,-0.06462919481986537
0.13058658773083914,0.13026848536638577,0.1293157280357697,0.12773295747693494,0.12552788478894453,0.12271125286428117,0.1192967840505551,0.11530111329660551,0.11074370710870222,0.10564676871168387,0.10003512987707826,0.09393612994520759,0.08737948263067066,0.08039713126011193,0.07302309314754535,0.06529329386541957,0.057245392218840424,0.048918596775657776,0.040353474846264295,0.03159175484373695,0.02267612298720295,0.01365001533887122,0.004557406187903289,-0.004557406187903242,-0.013650015338871207,-0.022676122987202937,-0.03159175484373692,-0.040353474846264295,-0.04891859677565779,-0.05724539221884044,-0.06529329386541954,-0.07302309314754533,-0.08039713126011193,-0.08737948263067064,-0.09393612994520761,-0.10003512987707823,-0.10564676871168385,-0.11074370710870222,-0.11530111329660547,-0.11929678405055508,-0.12271125286428117,-0.12552788478894447,-0.12773295747693494,-0.1293157280357697,-0.13026848536638577
0.21939437101753892,0.21885993735646275,0.21725924008030983,0.21460007762530808,0.21089540516364025,0.20616327148714708,0.20042673107542813,0.19371373177673432,0.18605697864886048,0.17749377462339141,0.16806583876956907,0.15781910304318042,0.14680348851068614,0.13507266213880287,0.12268377533443589,0.10969718550876949,0.09617616202202686,0.08218657794150692,0.06779658911462196,0.053076302120459856,0.03809743271757805,0.022932956452036746,0.007656753127873897,-0.007656753127873822,-0.02293295645203672,-0.03809743271757802,-0.053076302120459835,-0.06779658911462194,-0.08218657794150697,-0.09617616202202689,-0.10969718550876942,-0.12268377533443584,-0.13507266213880284,-0.14680348851068614,-0.15781910304318048,-0.16806583876956901,-0.17749377462339141,-0.18605697864886048,-0.1937137317767343,-0.20042673107542813,-0.20616327148714708,-0.2108954051636402,-0.21460007762530808,-0.21725924008030978,-0.21885993735646275
0.3373553304550319,0.3365335498254631,0.3340722115693787,0.32998330707934964,0.324286757087036,0.3170103146113851,0.308189429748713,0.2978670769633983,0.28609354572061174,0.2729261954810971,0.25842917625164374,0.24267311605270234,0.22573477682576853,0.20769668045691994,0.18864670673848258,0.168677665227516,0.1478868430869805,0.12637553111245875,0.10424853025358113,0.08161364103433369,0.0585811383597414,0.035263234267615885,0.011773531242786545,-0.011773531242786434,-0.035263234267615864,-0.058581138359741367,-0.08161364103433366,-0.10424853025358109,-0.1263755311124588,-0.14788684308698052,-0.16867766522751587,-0.18864670673848252,-0.2076966804569199,-0.2257347768257685,-0.24267311605270234,-0.2584291762516437,-0.27292619548109703,-0.28609354572061174,-0.29786707696339826,-0.30818942974871294,-0.3170103146113851,-0.3242867570870359,-0.32998330707934964,-0.33407221156937866,-0.3365335498254631
0.5089690055562507,0.5077291826394084,0.504015754181506,0.4978468116327176,0.48925240946104115,0.4782744187299508,0.46496632310678443,0.44939295829569337,0.43163019616460774,0.41176457510512376,0.3898928784261581,0.3661216628353952,0.3405667393057191,0.31335260885579447,0.2846118559936185,0.2544845027781254,0.22311732664578987,0.19066314532571146,0.1572800723269985,0.12313074662564605,0.08838154030379271,0.053201748001660644,0.01776276213108562,-0.01776276213108545,-0.05320174800166059,-0.08838154030379267,-0.12313074662564599,-0.15728007232699842,-0.1906631453257115,-0.22311732664578995,-0.25448450277812523,-0.2846118559936184,-0.31335260885579436,-0.340566739305719,-0.3661216628353952,-0.38989287842615794,-0.4117645751051237,-0.43163019616460774,-0.4493929582956932,-0.4649663231067843,-0.4782744187299508,-0.48925240946104104,-0.4978468116327176,-0.5040157541815059,-0.5077291826394084
0.7150898705906691,0.7133479476062013,0.7081306651264814,0.6994634412273105,0.6873885017522996,0.671964674592802,0.6532671030843409,0.6313868799158329,0.6064306033351619,0.5785198578132331,0.5477906216966513,0.5143926047348838,0.4784885187094119,0.44025328471828534,0.3998731809781169,0.3575449352953346,0.3134747666280846,0.2678773804081959,0.22097492251789866,0.17299589701741583,0.12417405289615077,0.0747472452711078,0.024956276580670976,-0.02495627658067073,-0.07474724527110772,-0.1241740528961507,-0.1729958970174158,-0.22097492251789858,-0.267877380408196,-0.31347476662808466,-0.3575449352953344,-0.39987318097811675,-0.4402532847182853,-0.47848851870941184,-0.5143926047348838,-0.547790621696651,-0.5785198578132331,-0.6064306033351619,-0.6313868799158328,-0.6532671030843409,-0.6719646745928018,-0.6873885017522994,-0.6994634412273105,-0.7081306651264813,-0.7133479476062013
0.9627699189522703,0.9604246598183496,0.9534003082833429,0.9417310862818438,0.9254738450904573,0.9047077883540956,0.8795340862137815,0.8500753824158912,0.8164751968041494,0.7788972261053774,0.7375245464154956,0.6925587212711855,0.6442188196526015,0.5927403487013192,0.5383741063532157,0.48138495947613535,0.4220505534651338,0.3606599595820237,0.29751226662924235,0.23291512381927187,0.1671832419386,0.10063686010840409,0.03360018561174199,-0.033600185611741655,-0.10063686010840396,-0.16718324193859993,-0.2329151238192718,-0.29751226662924224,-0.36065995958202374,-0.4220505534651339,-0.4813849594761349,-0.5383741063532156,-0.5927403487013191,-0.6442188196526014,-0.6925587212711856,-0.7375245464154954,-0.7788972261053774,-0.8164751968041494,-0.8500753824158911,-0.8795340862137814,-0.9047077883540954,-0.9254738450904569,-0.9417310862818438,-0.9534003082833427,-0.9604246598183496
1.283171595311219,1.2800458537970199,1.2706838575528807,1.2551312172834388,1.2334637038887406,1.2057868793160347,1.1722355822725739,1.13297327130499,1.0881912284456834,1.0381076273059888,0.9829664701562735,0.9230363991714009,0.8586093876330595,0.7899993174652837,0.7175404500332708,0.6415857976556096,0.562505403763749,0.48068454008759703,0.39652182965037935,0.31042730471734004,0.22282040915976112,0.13412795496658503,0.04478204285930694,-0.04478204285930649,-0.1341279549665849,-0.22282040915976098,-0.31042730471733987,-0.39652182965037913,-0.48068454008759715,-0.5625054037637492,-0.6415857976556093,-0.7175404500332705,-0.7899993174652835,-0.8586093876330594,-0.923036399171401,-0.982966470156273,-1.0381076273059886,-1.0881912284456834,-1.1329732713049896,-1.1722355822725736,-1.2057868793160345,-1.2334637038887404,-1.2551312172834388,-1.2706838575528805,-1.2800458537970199
1.6472290148771522,1.643216447786352,1.631198295337477,1.6112331087611969,1.5834181564396177,1.5478889500245014,1.5048185842381188,1.4544168935731632,1.396929430000194,1.3326362666631195,1.261850633390991,1.1849173906737638,1.1022113495366537,1.0141354454984983,0.921118775510413,0.8236145074385762,0.7220976722759395,0.6170628498389786,0.5090217592245432,0.39850076576585425,0.2860383166335105,0.17218231757499938,0.057487463572969286,-0.0574874635729687,-0.1721823175749992,-0.2860383166335103,-0.39850076576585397,-0.509021759224543,-0.6170628498389787,-0.7220976722759397,-0.8236145074385758,-0.9211187755104127,-1.014135445498498,-1.1022113495366535,-1.1849173906737638,-1.2618506333909907,-1.332636266663119,-1.396929430000194,-1.454416893573163,-1.5048185842381185,-1.5478889500245012,-1.5834181564396173,-1.6112331087611969,-1.6311982953374766,-1.643216447786352
2.061979660890029,2.0569567820708365,2.0419126165739674,2.016920458061488,1.9821020658174693,1.9376270715489905,1.883712152957517,1.8206199781069177,1.748657925731062,1.6681765877155248,1.5795680610491616,1.4832640375669932,1.3797337007909785,1.269481440115056,1.1530443934707213,1.0309898304450147,0.903912388600115,0.7724311764589112,0.6371867572705102,0.49883802825047624,0.35805901049982874,0.2155355652419919,0.07196205237585587,-0.07196205237585515,-0.21553556524199166,-0.35805901049982847,-0.4988380282504761,-0.6371867572705099,-0.7724311764589115,-0.9039123886001152,-1.030989830445014,-1.153044393470721,-1.2694814401150558,-1.3797337007909782,-1.4832640375669937,-1.579568061049161,-1.6681765877155248,-1.748657925731062,-1.820619978106917,-1.8837121529575165,-1.93762707154899,-1.9821020658174688,-2.016920458061488,-2.041912616573967,-2.0569567820708365
2.5637637659842554,2.5575185663046334,2.538813393250844,2.507739376545765,2.4644479056752364,2.4091498923336956,2.3421147428836044,2.2636690458347357,2.1741949807377767,2.0741284562439786,1.963956986402023,1.8442173155385828,1.7154928032939147,1.5784105825523325,1.4336385041138322,1.281881882992128,1.1238800621908018,0.9604028106985112,0.7922465732518507,0.6202305901366544,0.44519290593167254,0.2679862866396261,0.08947406509695927,-0.08947406509695838,-0.2679862866396258,-0.4451929059316723,-0.6202305901366542,-0.7922465732518504,-0.9604028106985114,-1.123880062190802,-1.281881882992127,-1.4336385041138318,-1.578410582552332,-1.7154928032939147,-1.844217315538583,-1.963956986402022,-2.074128456243978,-2.1741949807377767,-2.2636690458347344,-2.342114742883604,-2.409149892333695,-2.464447905675236,-2.507739376545765,-2.5388133932508437,-2.5575185663046334
3.1149957861275324,3.107407812951666,3.084680861266641,3.046925654496561,2.9943261322136685,2.927138554003242,2.8456902509926496,2.7503780311270054,2.641666245960743,2.520084528383523,2.386225212302029,2.2407404468487186,2.0843390191768045,1.917782901320485,1.7418835379437965,1.5574978930637666,1.3655242750078702,1.1668979599461557,0.9625866353197566,0.7535856853649503,0.5409133417012133,0.325605722609127,0.10871178516626256,-0.10871178516626151,-0.3256057226091267,-0.5409133417012129,-0.75358568536495,-0.9625866353197563,-1.166897959946156,-1.3655242750078702,-1.5574978930637655,-1.7418835379437958,-1.917782901320485,-2.084339019176804,-2.2407404468487195,-2.386225212302028,-2.5200845283835225,-2.641666245960743,-2.750378031127005,-2.8456902509926496,-2.927138554003242,-2.9943261322136685,-3.046925654496561,-3.084680861266641,-3.107407812951666
3.7218695745979984,3.7128032873747876,3.6856485957451692,3.640537794637182,3.5776906593393005,3.4974133747773264,3.4000970438122002,3.2862157818261806,3.156324406880359,3.0110557366968367,2.8511175056343916,2.677288916677824,2.4904168452393445,2.2914117132666836,2.081243053758888,1.8609347872989994,1.6315602336159,1.3942368824784854,1.1501209493978377,0.9004017426614772,0.6462958691429358,0.3890413071153638,0.12989137494582192,-0.12989137494582065,-0.3890413071153634,-0.6462958691429354,-0.9004017426614769,-1.1501209493978373,-1.3942368824784859,-1.6315602336159003,-1.860934787298998,-2.0812430537588873,-2.291411713266683,-2.4904168452393445,-2.677288916677825,-2.851117505634391,-3.011055736696836,-3.156324406880359,-3.28621578182618,-3.4000970438122,-3.4974133747773264,-3.5776906593393,-3.640537794637182,-3.6856485957451692,-3.7128032873747876
4.4232641826948385,4.412489333458274,4.380217279730978,4.326605247714734,4.251914429840462,4.156508712264952,4.040852902054081,3.905510462689517,3.7511407689312675,3.578495894410137,3.3884169476005894,3.1818299740248124,2.9597414446520176,2.7232333524730463,2.4734579411392867,2.2116320913474197,1.9390313923189877,1.6569839272579316,1.3668638030627174,1.0700844558156513,0.7680917646643631,0.46235700764394455,0.1543696937582497,-0.15436969375824813,-0.46235700764394405,-0.7680917646643626,-1.0700844558156508,-1.3668638030627167,-1.656983927257932,-1.9390313923189881,-2.2116320913474183,-2.4734579411392863,-2.7232333524730463,-2.959741444652017,-3.1818299740248133,-3.3884169476005885,-3.5784958944101364,-3.7511407689312675,-3.905510462689516,-4.04085290205408,-4.156508712264952,-4.251914429840461,-4.326605247714734,-4.380217279730978,-4.412489333458274
5.175510540623607,5.162903257066898,5.1251428278149795,5.062413217883503,4.975020039626493,4.86338906382369,4.728064145368097,4.569704573659618,4.389081860613364,4.1870759819311685,3.9646710899484114,3.7229507189427697,3.463092506264137,3.186362455003824,2.8941087661547695,2.5877552703118036,2.268794490912128,1.9387803728111541,1.5993207116193662,1.2520693206837246,0.8987179738752791,0.5409881634369279,0.18062271304625313,-0.18062271304625135,-0.5409881634369272,-0.8987179738752783,-1.2520693206837241,-1.5993207116193655,-1.9387803728111546,-2.2687944909121285,-2.5877552703118023,-2.894108766154768,-3.186362455003824,-3.463092506264136,-3.722950718942771,-3.964671089948411,-4.1870759819311685,-4.389081860613364,-4.569704573659616,-4.728064145368096,-4.86338906382369,-4.975020039626491,-5.062413217883503,-5.125142827814979,-5.162903257066898
5.983325123668747,5.96875004438836,5.925095814868368,5.8525751141268865,5.7515412557281715,5.622486466474455,5.466039488326437,5.2829625152356625,5.0741474798121935,4.840611707918601,4.583492962360616,4.304043899821111,4.003625968042661,3.683702772990978,3.345832948313793,2.9916625618343744,2.622917096074567,2.2413930418773895,1.848949146084227,1.4474973559070607,1.038993504113839,0.6254277804078366,0.2088150354234693,-0.20881503542346722,-0.625427780407836,-1.0389935041138383,-1.44749735590706,-1.8489491460842262,-2.24139304187739,-2.622917096074568,-2.991662561834372,-3.3458329483137916,-3.6837027729909777,-4.00362596804266,-4.304043899821112,-4.583492962360615,-4.840611707918601,-5.0741474798121935,-5.282962515235661,-5.4660394883264365,-5.622486466474453,-5.75154125572817,-5.8525751141268865,-5.925095814868368,-5.96875004438836
