hough_viz/data/file_2_2_0.json
{"header": {"discipline": 0, "disciplineName": "Meteorological products", "gribEdition": 2, "gribLength": 133963, "center": 7, "centerName": "US National Weather Service - NCEP(WMC)", "subcenter": 0, "refTime": "2014-11-30T06:00:00.000Z", "significanceOfRT": 1, "significanceOfRTName": "Start of forecast", "productStatus": 0, "productStatusName": "Operational products", "productType": 1, "productTypeName": "Forecast products", "productDefinitionTemplate": 0, "productDefinitionTemplateName": "Analysis/forecast at horizontal level/layer at a point in time", "parameterCategory": 2, "parameterCategoryName": "Momentum", "parameterNumber": 2, "parameterNumberName": "U-component_of_wind", "parameterUnit": "m.s-1", "genProcessType": 2, "genProcessTypeName": "Forecast", "forecastTime": 6, "surface1Type": 100, "surface1TypeName": "Isobaric surface", "surface1Value": 85000, "surface2Type": 255, "surface2TypeName": "Missing", "surface2Value": 0, "gridDefinitionTemplate": 0, "gridDefinitionTemplateName": "Latitude_Longitude", "numberPoints": 65160, "shape": 6, "shapeName": "Earth spherical with radius of 6,371,229.0 m", "gridUnits": "degrees", "resolution": 48, "winds": "true", "scanMode": 0, "nx": 360, "ny": 181, "basicAngle": 0, "subDivisions": 0, "lo1": 0, "la1": 90, "lo2": 359, "la2": -90, "dx": 1, "dy": 1}, "data":
[rows 0 to 18 of 181, columns 215 to 257 of 360]
-0.0033986530775811665,-0.003070700891313779,-0.0027390075290150448,-0.002403977107954205,-0.00206601781109155,-0.0017255413897717567,-0.0013829626620676563,-0.0010386990073890964,-0.0006931698579692981,-0.00034679618785217643,-3.042327838063199e-18,0.00034679618785215757,0.0006931698579692981,0.0010386990073890964,0.0013829626620677318,0.0017255413897717567,0.00206601781109155,0.002403977107954205,0.0027390075290151953,0.0030707008913134774,0.003398653077581317,0.0037224645285964643,0.004041740729984853,0.004356092692876417,0.004665137427826262,0.004968498411429704,0.005265806045057703,0.005556698105154309,0.005840820184554287,0.0061178261242682335,0.006387378435229216,0.006649148709466314,0.006902818020224076,0.007148077310521906,0.007384627769693767,0.007612181197443171,0.007830460354969813,0.008039199302743483,0.008238143724510816,0.008427051237139127,0.008605691685922078,0.008773847424990815,0.008931313582480678
-0.5723392120788539,-0.5171114816799717,-0.4612537305955812,-0.4048340128911505,-0.3479210673019081,-0.29058423348529333,-0.23289336754124496,-0.1749187569033223,-0.11673103470428185,-0.05840109372049021,-5.123334091403802e-16,0.05840109372048919,0.11673103470427934,0.17491875690332126,0.232893367541244,0.29058423348529233,0.34792106730191014,0.4048340128911495,0.4612537305955801,0.5171114816799707,0.5723392120788515,0.6268696353099115,0.680636314452214,0.7335737430893405,0.7856174251188857,0.8367039533310104,0.886771086660368,0.9357578260172417,0.9836044886055566,1.0302527806371624,1.0756458683538364,1.119728447270468,1.162446809555043,1.2037489094633802,1.2435844267488403,1.2819048279698035,1.318663425620189,1.353815435010983,1.387318028833497,1.41913038933784,1.449213758063052,1.4775314830583297,1.5040490635377788
-1.1412797710801266,-1.0311522624686298,-0.9197684536621475,-0.8072640486743468,-0.6937761167927246,-0.5794429255808148,-0.46440377242042213,-0.3487988147992554,-0.23276889955059435,-0.11645539125312825,-1.021624490442697e-15,0.11645539125312622,0.23276889955058938,0.34879881479925334,0.4644037724204203,0.5794429255808129,0.6937761167927285,0.8072640486743446,0.919768453662145,1.0311522624686278,1.141279771080122,1.2500168060912265,1.3572308881744428,1.4627913934858046,1.566569712809945,1.6684394082505911,1.7682763672756783,1.8659589539293289,1.9613681570265589,2.054387735150056,2.144904358272444,2.2328077458314692,2.317990801089862,2.4003497416162385,2.479784225727987,2.5561974747421643,2.6294963908854077,2.699591670719222,2.7663979139424835,2.8298337274385417,2.8898218244401814,2.946289118691668,2.9991668134930776
-1.7075867801680926,-1.5428136170900648,-1.3761607732718366,-1.207831289532693,-1.0380302494193927,-0.8669645293434858,-0.6948425465342177,-0.5218740051142915,-0.3482696406076613,-0.1742409631907717,-1.528558131302789e-15,0.17424096319076865,0.34826964060765375,0.5218740051142885,0.694842546534215,0.866964529343483,1.0380302494193985,1.20783128953269,1.3761607732718333,1.5428136170900622,1.7075867801680853,1.8702795117880535,2.0306935959173895,2.1886335927044613,2.343907076591983,2.496324870757884,2.6457012775981434,2.7918543049706814,2.9346058879247994,3.0737821056458667,3.20921339335104,3.340734748877849,3.4681859337138827,3.5914116682227752,3.710261820828496,3.824591590927559,3.9342616853062524,4.03913848784795,4.139094222323793,4.234007108068329,4.323761508350474,4.408248071259098,4.487363862931453
-2.269510165467649,-2.050514344613946,-1.8290202878888582,-1.605297851681955,-1.3796196073199434,-1.1522605089805336,-0.9234975587030498,-0.6936094689041862,-0.462876322809811,-0.23157923321671772,-2.0315677409720995e-15,0.23157923321671364,0.46287632280980107,0.6936094689041823,0.9234975587030461,1.1522605089805296,1.3796196073199511,1.6052978516819507,1.8290202878888537,2.050514344613942,2.269510165467639,2.4857409377759554,2.6989432176506405,2.90885725095494,3.1152272897740616,3.317801904004571,3.5163342876832657,3.710582559682182,3.900310058403553,4.085285630115468,4.2652839105770965,4.440085599610314,4.609477728283155,4.7732539183796945,4.93121463384009,5.083167423864536,5.228927157384926,5.368316248618519,5.501164873428896,5.627311176230495,5.746601467184686,5.858890409447209,5.964041196238704
-2.8217232590088805,-2.5494417725757486,-2.27405418405414,-1.9958960108004549,-1.7153061457018068,-1.4326264442872925,-1.1482013082295932,-0.8623772657446765,-0.5755025494004842,-0.2879266718492119,-2.525885115730193e-15,0.28792667184920684,0.5755025494004717,0.8623772657446717,1.1482013082295883,1.4326264442872876,1.7153061457018166,1.99589601080045,2.274054184054134,2.5494417725757437,2.8217232590088686,3.0905669103040387,3.3556451818843556,3.616635116708046,3.873218738741962,4.12508344036633,4.371922363239016,4.613434772155099,4.849326421446458,5.0793099134747575,5.3031050487812,5.520439167466425,5.731047481384545,5.934673396746792,6.131068826741456,6.3199944937894905,6.501220221067373,6.674525212942081,6.839698323976612,6.996538316178146,7.1448541041755185,7.284464988027355,7.415200873377094
-3.3668428423326406,-3.0419601768301847,-2.7133713514303133,-2.3814767010015405,-2.046680588050943,-1.7093909100708,-1.3700186025782104,-1.0289771384535764,-0.6866820241875141,-0.3435502936502276,-3.013852685694572e-15,0.3435502936502216,0.6866820241874994,1.0289771384535704,1.3700186025782048,1.7093909100707938,2.0466805880509544,2.381476701001534,2.7133713514303075,3.041960176830179,3.3668428423326264,3.687623528454074,4.003911413340976,4.315321148925979,4.621473330415282,4.921994958534866,5.216519893972693,5.504689303462989,5.7861520969694,6.0605653554340595,6.3275947485716495,6.5869149421993685,6.83820999460647,7.0811737414806455,7.315510168922022,7.540933774090522,7.757169913047106,7.963955135365055,8.161037505103806,8.348176907754057,8.525145342780274,8.691727201404282,8.847719529291318
-3.9029619301838885,-3.5263465861916976,-3.145434932076293,-2.760691050013261,-2.372583691157624,-1.9815857045428333,-1.5881734609869251,-1.192826272708182,-0.7960258093569457,-0.3982555111753738,-3.493763399808317e-15,0.3982555111753667,0.7960258093569286,1.1928262727081749,1.5881734609869183,1.9815857045428267,2.372583691157638,2.760691050013254,3.145434932076285,3.526346586191691,3.902961930183872,4.274822116269321,4.641474090091983,5.002471142700124,5.357373454792491,5.705748632570312,6.047172234542566,6.381228288642485,6.707509799025557,7.025619241931198,7.335169050004226,7.635782084486012,7.927092094699902,8.208744164271332,8.480395143538699,8.741714067628397,8.992382559684527,9.232095218762014,9.460559991910692,9.67749852999679,9.882646526828445,10.075754041172157,10.256585801267633
-4.4223369749440815,-3.9956046647497385,-3.5640043257471232,-3.128061796466365,-2.688308205727573,-2.245279325542259,-1.799514918357526,-1.3515580794388098,-0.9019545751918597,-0.4512521782304783,-3.958685567796637e-15,0.45125217823047037,0.9019545751918403,1.351558079438802,1.7995149183575183,2.245279325542251,2.688308205727588,3.128061796466357,3.564004325747115,3.995604664749729,4.422336974944065,4.843681348743218,5.259124442930865,5.668160104090798,6.070289985277029,6.465024153172687,6.8518816849983555,7.230391254442296,7.60009170589909,7.96053261631663,8.311274843967233,8.651891063474224,8.981966286442011,9.301098367055609,9.60889849203332,9.904991654335834,10.189017110054557,10.46062881792243,10.71949586091201,10.96530284940684,11.19775030545507,11.416555027637315,11.621450436103867
-4.930814413922546,-4.455016699294671,-3.973791233061434,-3.4877243143263255,-2.9974081407569306,-2.503440087083379,-2.006421977289086,-1.506959351381092,-1.0056607276327336,-0.5031368611979014,-4.41385266850354e-15,0.5031368611978925,1.005660727632712,1.5069593513810835,2.0064219772890777,2.5034400870833697,2.997408140756948,3.487724314326316,3.9737912330614247,4.455016699294663,4.9308144139225245,5.4006046907207566,5.863815162602749,6.3198814789605695,6.768247993239391,7.208368439907129,7.639706599994901,8.061736954397144,8.473945324135835,8.875829496808281,9.266899838455586,9.646679890106245,10.014706948267916,10.370532628660468,10.713723412503086,11.043861174690152,11.360543693212275,11.663385139201806,11.952016547005972,12.226086263714638,12.485260377595173,12.729223124912536,12.957677274638698
-5.42613511661193,-4.902541553557467,-4.372974998798642,-3.8380806476089404,-3.298510186361101,-2.754920998547753,-2.207975363860708,-1.6583396513053448,-1.106683507332507,-0.553679039977496,-4.857242425610901e-15,0.5536790399774865,1.1066835073324832,1.6583396513053354,2.2079753638606983,2.7549209985477434,3.2985101863611197,3.8380806476089306,4.3729749987986315,4.902541553557457,5.426135116611908,5.943117769858806,6.452859649570271,6.954739713785539,7.448146498955087,7.932478864914676,8.407146727282086,8.871571776383957,9.325188181837175,9.767443281925951,10.197798256934995,10.615728785618387,11.020725684004145,11.412295525756598,11.789961243340278,12.153262709253257,12.501757296621635,12.835020418472148,13.152646045026083,13.454247198383982,13.739456423998538,14.00792623836147,14.259329552358585
-5.898004347536434,-5.328877880010213,-4.753258995637928,-4.1718489973628765,-3.5853562437085826,-2.9944952857531515,-2.399985996558654,-1.8025526941168668,-1.2029232588792556,-0.6018282469468077,-5.279639435366528e-15,0.6018282469467972,1.2029232588792298,1.8025526941168564,2.3999859965586436,2.994495285753142,3.585356243708602,4.171848997362866,4.753258995637916,5.328877880010202,5.898004347536407,6.459945005283061,7.014015215119053,7.559539927841613,8.095854505619956,8.622305531753987,9.138251606761951,9.643064129826804,10.136128064649618,10.616842688776496,11.084622325486345,11.538897057347786,11.979113420575663,12.404735079341535,12.815243479216182,13.210138478948341,13.588938959809754,13.951183411764205,14.296430495746483,14.624259581366006,14.934271259380116,15.226087828312808,15.499353754625734
-6.355512847177892,-5.742239210385358,-5.121969539639125,-4.495459537987767,-3.8634725113617954,-3.2267784386030804,-2.5861530333640266,-1.9423767990201717,-1.2962340777469192,-0.6485120949194687,-5.689181337066102e-15,0.6485120949194573,1.2962340777468913,1.94237679902016,2.586153033364016,3.2267784386030702,3.8634725113618167,4.495459537987755,5.121969539639114,5.742239210385345,6.355512847177867,6.961043270557806,7.558092734979118,8.145933827637762,8.723850354712345,9.291138213935842,9.847106252435815,10.391077108797603,10.922388038325044,11.44039172049269,11.944457047606168,12.43396989370972,12.908333862804,13.366971015462855,13.809322572963408,14.234849598071884,14.643033651655614,15.033377424321205,15.40540534230953,15.758664146909044,16.09272344668166,16.40717624182851,16.70163942005644
-6.796284855723419,-6.140479033224249,-5.477191982891398,-4.80723181782414,-4.131414781284124,-3.450564252228809,-2.765509742150813,-2.077085884446143,-1.3861314175418291,-0.6934881630223989,-6.0837414528609795e-15,0.6934881630223867,1.3861314175417991,2.0770858844461313,2.7655097421508015,3.450564252228797,4.131414781284145,4.8072318178241265,5.477191982891385,6.140479033224238,6.79628485572339,7.44381045201327,8.082266911898508,8.710876374529343,9.328872976105453,9.935503782962902,10.530029708907879,11.11172641567925,11.679885195443354,12.233813834245206,12.77283745536459,13.296299341549418,13.803561735124447,14.294006615000916,14.767036449639924,15.222074925052642,15.658567646950093,16.07598281618716,16.473811876678017,16.851570134993352,17.208797350884563,17.545058298015743,17.859943294219836
-7.207458735949844,-6.511976791799448,-5.808561007021391,-5.09806838539651,-4.3813645527412195,-3.659322702275926,-2.9328225307733393,-2.202749166783703,-1.4699920922418392,-0.7354440587704831,-6.45180659912403e-15,0.7354440587704701,1.469992092241808,2.202749166783691,2.932822530773327,3.659322702275914,4.381364552741244,5.0980683853964965,5.808561007021377,6.511976791799435,7.207458735949813,7.894159501854344,8.571242450407954,9.23788266033439,9.893267933225951,10.536599783081973,11.167094409141123,11.783983650821723,12.386515923607327,12.973957134736532,13.545591577581948,14.100722803628537,14.638674470988722,15.158791168420947,15.660439213847223,16.143007426397162,16.60590787103773,17.048576574881427,17.47047421430054,17.871086772009797,18.249926163317227,18.606530830780276,18.940466306542373
-7.6012679740572935,-6.867785505092618,-6.125935697391267,-5.376622380670697,-4.620758477784431,-3.859264892466302,-3.093069387350868,-2.323105453637782,-1.5503111737763997,-0.7756280785568809,-6.804327665744167e-15,0.7756280785568673,1.5503111737763666,2.3231054536377687,3.0930693873508557,3.85926489246629,4.620758477784457,5.376622380670684,6.125935697391252,6.867785505092605,7.60126797405726,8.3254894688811,9.039567637230485,9.742632484852518,10.433827435529247,11.112310374683691,11.777254675366814,12.427850205374973,13.063304314271456,13.682842799108773,14.285710847675729,14.871173958119886,15.438518833824787,15.987054252452198,16.51611190808991,17.025047225479632,17.51324014533261,17.980095879776318,18.42504563701197,18.84754731429965,19.247086158426935,19.623175392856524,19.975356810788362
-7.975438731076768,-7.205850747662439,-6.42748354508832,-5.641285443892452,-4.848214305356566,-4.049236364499809,-3.2453250528699327,-2.4374598125671585,-1.6266249029446718,-0.8138082014402848,-7.139269210021956e-15,0.8138082014402706,1.6266249029446367,2.4374598125671443,3.2453250528699193,4.0492363644997935,4.848214305356593,5.6412854438924365,6.427483545088305,7.205850747662426,7.975438731076735,8.735309870919385,9.484538381255696,10.222211442555546,10.947430313823606,11.659311427576638,12.356987466334454,13.039608419312502,13.706342618029316,14.356377749566292,14.988921846245885,15.60320425052227,16.19847655390873,16.774013508798287,17.329113912066074,17.863101459377376,18.3753255691603,18.865162175239085,19.332014487162812,19.7753137173025,20.194519773831193,20.58912191874278,20.958639390107475
-8.314660915377392,-7.512339771374909,-6.700865998548257,-5.881228252691653,-5.054425136142867,-4.221463981140239,-3.3833596225432476,-2.5411331614128065,-1.6958107209567406,-0.848422196356783,-7.442926297411662e-15,0.8484221963567682,1.6958107209567037,2.5411331614127923,3.383359622543234,4.221463981140225,5.0544251361428945,5.881228252691638,6.700865998548241,7.512339771374894,8.314660915377356,9.106851925829762,9.887947640013588,10.656996413119586,11.41306127768065,12.155221085122182,12.882571628039804,13.594226741836657,14.28931938437868,14.967002692351759,15.626451013034227,16.2668609102276,16.887452143119667,17.48746861688793,18.06617930388455,18.62287913428098,19.156889855086927,19.6675608564971,20.154269964559134,20.616424199196672,21.053460496664165,21.464846395553447,21.85008068551587
-8.634084792276466,-7.800940920450962,-6.958292803756744,-6.107167079123983,-5.248600712142239,-4.383639733677756,-3.513337965445702,-2.638755736090999,-1.7609585893410318,-0.8810159858048052,-7.728860792827628e-15,0.88101598580479,1.7609585893409936,2.638755736090984,3.513337965445687,4.383639733677742,5.24860071214227,6.107167079123969,6.958292803756725,7.800940920450947,8.634084792276429,9.456709361761328,10.267812387583371,11.066405665646354,11.85151623305486,12.622187553519511,13.37748068274919,14.116475412409825,14.83827139125678,15.541989222073981,16.226771533083998,16.891784022523524,17.53621647511143,18.159283749171493,18.76022673320641,19.338313270758317,19.89283905242863,20.423128473970486,20.92853545940858,21.408444248183162,21.862270145359346,22.28946023398796,22.68949404874961
