hough_viz/data/file_5_0_2.json
{"header": {"discipline": 0, "disciplineName": "Meteorological products", "gribEdition": 2, "gribLength": 133963, "center": 7, "centerName": "US National Weather Service - NCEP(WMC)", "subcenter": 0, "refTime": "2014-11-30T06:00:00.000Z", "significanceOfRT": 1, "significanceOfRTName": "Start of forecast", "productStatus": 0, "productStatusName": "Operational products", "productType": 1, "productTypeName": "Forecast products", "productDefinitionTemplate": 0, "productDefinitionTemplateName": "Analysis/forecast at horizontal level/layer at a point in time", "parameterCategory": 2, "parameterCategoryName": "Momentum", "parameterNumber": 3, "parameterNumberName": "V-component_of_wind", "parameterUnit": "m.s-1", "genProcessType": 2, "genProcessTypeName": "Forecast", "forecastTime": 6, "surface1Type": 100, "surface1TypeName": "Isobaric surface", "surface1Value": 85000, "surface2Type": 255, "surface2TypeName": "Missing", "surface2Value": 0, "gridDefinitionTemplate": 0, "gridDefinitionTemplateName": "Latitude_Longitude", "numberPoints": 65160, "shape": 6, "shapeName": "Earth spherical with radius of 6,371,229.0 m", "gridUnits": "degrees", "resolution": 48, "winds": "true", "scanMode": 0, "nx": 360, "ny": 181, "basicAngle": 0, "subDivisions": 0, "lo1": 0, "la1": 90, "lo2": 359, "la2": -90, "dx": 1, "dy": 1}, "data":
[rows 133 to 151 of 181, columns 264 to 307 of 360]
-2.593299325652397,-2.713924282919396,-2.8138946376810914,-2.892449555173994,-2.94899118504323,-2.983089211344726,-2.9944841275093763,-2.9830892113447276,-2.948991185043231,-2.8924495551739953,-2.813894637681093,-2.713924282919403,-2.5932993256523997,-2.4529377946402464,-2.293907925886539,-2.1174200327173662,-1.924817294566043,-1.7175655345665959,-1.4972420637546893,-1.2655236767781337,-1.0241738904771986,-0.7750295224566388,-0.5199867117945429,-0.2609864882791502,-2.9337483214815304e-15,0.2609864882791443,0.5199867117945476,0.7750295224566229,1.024173890477203,1.2655236767781282,1.4972420637546842,1.7175655345665912,1.92481729456603,2.1174200327173622,2.2939079258865425,2.452937794640243,2.593299325652397,2.7139242829193915,2.8138946376810874,2.892449555173994,2.948991185043232,2.9830892113447267,2.9944841275093763,2.9830892113447276
-2.4579141177564905,-2.572241755329042,-2.666993079981503,-2.741446976920849,-2.795036807034886,-2.8273547193580204,-2.8381547550633863,-2.827354719358022,-2.7950368070348874,-2.7414469769208503,-2.6669930799815043,-2.5722417553290486,-2.457914117756493,-2.324880269618698,-2.174152678828011,-2.006878473362169,-1.8243307109276874,-1.6278986902220294,-1.419077377531694,-1.1994560291359948,-0.9707060961072091,-0.7345685035586909,-0.49284040115348227,-0.24736148571034472,-2.7805897090185728e-15,0.2473614857103392,0.4928404011534867,0.7345685035586758,0.9707060961072134,1.1994560291359897,1.4190773775316892,1.627898690222025,1.8243307109276756,2.006878473362165,2.1741526788280137,2.324880269618695,2.4579141177564905,2.5722417553290384,2.6669930799814985,2.741446976920849,2.795036807034888,2.8273547193580217,2.8381547550633863,2.827354719358022
-2.3227312153368938,-2.4307709432700557,-2.5203110365853063,-2.590670041106729,-2.6413124823259895,-2.671852940686668,-2.682058984859807,-2.6718529406866693,-2.6413124823259904,-2.59067004110673,-2.5203110365853076,-2.4307709432700615,-2.322731215336896,-2.197014100351572,-2.054576381469183,-1.896502095736681,-1.7239942839163491,-1.5383658346191895,-1.3410294924299047,-1.133487106067482,-0.9173181984096505,-0.6941679453700579,-0.4657346551161154,-0.23375684291848417,-2.6276599607463703e-15,0.23375684291847895,0.4657346551161196,0.6941679453700436,0.9173181984096543,1.1334871060674774,1.3410294924299,1.538365834619185,1.723994283916338,1.8965020957366772,2.054576381469185,2.1970141003515686,2.3227312153368938,2.4307709432700517,2.520311036585303,2.590670041106729,2.6413124823259913,2.671852940686669,2.682058984859807,2.6718529406866693
-2.1883004513837934,-2.290087254713609,-2.3744451112425624,-2.440732006745799,-2.4884434579234216,-2.5172163518230053,-2.5268317093484285,-2.517216351823007,-2.488443457923422,-2.4407320067458,-2.3744451112425637,-2.290087254713615,-2.1883004513837956,-2.069859360287015,-1.9356653896431921,-1.786739836597472,-1.6242161145322358,-1.4493311271068907,-1.2634158546742151,-1.0678852247161184,-0.8642273433911953,-0.6539921701483365,-0.43877972159936224,-0.2202278944265947,-2.4755810918700702e-15,0.22022789442658974,0.4387797215993662,0.6539921701483231,0.8642273433911992,1.0678852247161137,1.2634158546742107,1.4493311271068865,1.624216114532225,1.7867398365974687,1.9356653896431946,2.0698593602870123,2.1883004513837934,2.290087254713605,2.3744451112425593,2.440732006745799,2.4884434579234234,2.5172163518230066,2.5268317093484285,2.517216351823007
-2.054807502590862,-2.150385002935747,-2.229596774970325,-2.2918399692800344,-2.336640877572715,-2.3636585378847297,-2.3726873295073965,-2.3636585378847315,-2.3366408775727154,-2.2918399692800353,-2.229596774970326,-2.150385002935752,-2.0548075025908643,-1.943591676424575,-1.8175839440279489,-1.6777433003300837,-1.5251340170676044,-1.3609175430341298,-1.1863436647536991,-1.002740994850603,-0.8115068605051193,-0.6140966689499601,-0.4120128309423685,-0.20679332651117258,-2.3245631547669715e-15,0.2067933265111679,0.4120128309423722,0.6140966689499474,0.811506860505123,1.0027409948505988,1.186343664753695,1.3609175430341263,1.5251340170675944,1.6777433003300803,1.8175839440279513,1.9435916764245724,2.054807502590862,2.150385002935743,2.2295967749703216,2.2918399692800344,2.3366408775727163,2.363658537884731,2.3726873295073965,2.3636585378847315
-1.9241547909547532,-2.0136550993603857,-2.0878302765816925,-2.1461158047318216,-2.1880680957477887,-2.213367867363477,-2.2218225730404724,-2.2133678673634787,-2.1880680957477896,-2.1461158047318225,-2.087830276581694,-2.0136550993603906,-1.9241547909547552,-1.8200105027535323,-1.7020148356739633,-1.571065807990264,-1.4281600208722876,-1.2743850736488629,-1.110911286520237,-0.9389827937146171,-0.7599080748755095,-0.5750499967415659,-0.3858154409077222,-0.19364459660685338,-2.1767583218778804e-15,0.19364459660684902,0.3858154409077257,0.5750499967415542,0.7599080748755129,0.9389827937146131,1.110911286520233,1.2743850736488593,1.4281600208722784,1.5710658079902609,1.7020148356739657,1.8200105027535305,1.9241547909547532,2.013655099360382,2.08783027658169,2.1461158047318216,2.18806809574779,2.2133678673634782,2.2218225730404724,2.2133678673634787
-1.7955551369562748,-1.8790737495296241,-1.9482914762533012,-2.002681528432131,-2.041829964927423,-2.065438842498977,-2.073328483333044,-2.0654388424989785,-2.0418299649274236,-2.0026815284321318,-1.9482914762533026,-1.8790737495296286,-1.7955551369562766,-1.6983712656048597,-1.5882617634175769,-1.4660646301920177,-1.332709859896671,-1.189212362855284,-1.0366642416665226,-0.8762264796436959,-0.7091201050307602,-0.5366168982401209,-0.3600297128357179,-0.18070248392476515,-2.0312760725558786e-15,0.18070248392476113,0.3600297128357212,0.5366168982401098,0.7091201050307633,0.876226479643692,1.036664241666519,1.1892123628552806,1.332709859896662,1.4660646301920148,1.5882617634175786,1.698371265604857,1.7955551369562748,1.879073749529621,1.9482914762532988,2.002681528432131,2.0418299649274245,2.0654388424989776,2.073328483333044,2.0654388424989785
-1.6692425145043992,-1.7468858104358078,-1.8112342505513075,-1.8617981043669674,-1.8981925504239636,-1.9201406050122354,-1.9274752301837679,-1.9201406050122367,-1.8981925504239645,-1.8617981043669682,-1.8112342505513086,-1.7468858104358118,-1.6692425145044008,-1.5788952751214298,-1.4765316893317482,-1.3629308058320462,-1.2389571959398415,-1.1055543736837152,-0.9637376150918845,-0.8145862313285224,-0.6592353544841296,-0.4988672985349287,-0.33470256121955305,-0.1679905353143779,-1.8883810968642873e-15,0.1679905353143742,0.3347025612195561,0.4988672985349184,0.6592353544841325,0.8145862313285188,0.9637376150918809,1.1055543736837123,1.2389571959398333,1.3629308058320437,1.4765316893317504,1.5788952751214282,1.6692425145043992,1.746885810435805,1.8112342505513053,1.8617981043669674,1.8981925504239647,1.9201406050122358,1.9274752301837679,1.9201406050122367
-1.547922603120971,-1.6199228138205655,-1.6795944337708466,-1.7264833259132824,-1.760232637466384,-1.7805855157908408,-1.7873870631932,-1.780585515790842,-1.7602326374663846,-1.7264833259132835,-1.679594433770848,-1.6199228138205695,-1.5479226031209723,-1.4641417667504086,-1.3692179274619003,-1.263873512989022,-1.1489102579346053,-1.0252031020863153,-0.8936935315966006,-0.7553824137045275,-0.6113223795317853,-0.46260981292426717,-0.31037650630894076,-0.1557810470701572,-1.7511342766215522e-15,0.15578104707015367,0.3103765063089436,0.46260981292425757,0.6113223795317881,0.7553824137045242,0.8936935315965975,1.0252031020863126,1.148910257934598,1.2638735129890197,1.3692179274619023,1.4641417667504066,1.547922603120971,1.6199228138205626,1.6795944337708446,1.7264833259132824,1.7602326374663853,1.7805855157908412,1.7873870631932,1.780585515790842
-1.4296417527494691,-1.496140237373545,-1.5512521913970327,-1.594558179572304,-1.625728617180478,-1.6445262783701304,-1.6508081015892706,-1.6445262783701313,-1.6257286171804786,-1.5945581795723052,-1.5512521913970336,-1.4961402373735488,-1.4296417527494705,-1.3522628311456824,-1.2645923728782502,-1.1672976030714666,-1.0611189936717458,-0.9468646280090075,-0.8254040507946359,-0.6976616503611249,-0.5646096235087384,-0.42726057650084415,-0.28665981851877714,-0.14387740622786296,-1.6173254860942554e-15,0.14387740622785974,0.2866598185187798,0.42726057650083527,0.5646096235087408,0.6976616503611219,0.825404050794633,0.946864628009005,1.0611189936717387,1.1672976030714641,1.264592372878252,1.3522628311456806,1.4296417527494691,1.4961402373735426,1.5512521913970305,1.594558179572304,1.625728617180479,1.644526278370131,1.6508081015892706,1.6445262783701313
-1.314607878026104,-1.3757556666909805,-1.4264331240283536,-1.466254563988001,-1.4949169213669875,-1.512202058318855,-1.5179784245143495,-1.5122020583188558,-1.4949169213669882,-1.4662545639880018,-1.4264331240283545,-1.3757556666909838,-1.3146078780261052,-1.2434551296275136,-1.1628389368737184,-1.0733728376689702,-0.9757377230493218,-0.8706766551907141,-0.7589892122571752,-0.641525403128143,-0.5191791983176715,-0.3928817263190364,-0.2635941871546306,-0.13230053706346673,-1.487189935004992e-15,0.13230053706346376,0.263594187154633,0.39288172631902823,0.5191791983176737,0.6415254031281402,0.7589892122571726,0.8706766551907117,0.9757377230493154,1.0733728376689682,1.16283893687372,1.2434551296275123,1.314607878026104,1.375755666690978,1.4264331240283519,1.466254563988001,1.4949169213669884,1.5122020583188553,1.5179784245143495,1.5122020583188558
-1.2061618271063086,-1.2622653464388416,-1.3087622643083194,-1.345298711094148,-1.3715966223749794,-1.3874558551668537,-1.3927557111321576,-1.3874558551668543,-1.37159662237498,-1.345298711094149,-1.30876226430832,-1.2622653464388445,-1.2061618271063097,-1.1408786879690767,-1.0669127731350099,-0.9848270078778428,-0.8952461144359198,-0.7988518574987482,-0.6963778555660793,-0.5886039976681071,-0.4763505079390649,-0.36047170321631056,-0.24184949117330506,-0.12138665846976483,-1.3645070589057542e-15,0.12138665846976207,0.24184949117330723,0.3604717032163032,0.4763505079390671,0.5886039976681047,0.6963778555660769,0.798851857498746,0.8952461144359138,0.9848270078778409,1.0669127731350112,1.1408786879690753,1.2061618271063086,1.262265346438839,1.3087622643083177,1.345298711094148,1.3715966223749805,1.3874558551668539,1.3927557111321576,1.3874558551668543
-1.1014102490380269,-1.152641344079562,-1.1951001425087786,-1.228463507232306,-1.25247752289925,-1.2669594283503258,-1.2717990075406367,-1.2669594283503265,-1.2524775228992506,-1.228463507232307,-1.1951001425087797,-1.1526413440795649,-1.101410249038028,-1.0417967569516247,-0.9742545624907362,-0.899297702538307,-0.8174966440587625,-0.729473942499954,-0.6358995037703188,-0.5374854858503731,-0.4349808788404925,-0.32916580469400425,-0.22084558001803867,-0.11084458712793757,-1.2460036669947372e-15,0.11084458712793509,0.2208455800180407,0.3291658046939974,0.43498087884049436,0.5374854858503709,0.6358995037703167,0.7294739424999521,0.8174966440587571,0.8992977025383051,0.9742545624907372,1.041796756951623,1.1014102490380269,1.15264134407956,1.1951001425087773,1.228463507232306,1.252477522899251,1.266959428350326,1.2717990075406367,1.2669594283503265
-1.0004849916643044,-1.047021640238576,-1.0855898219216797,-1.115896009562902,-1.1377095547749179,-1.1508644433072857,-1.1552605585151348,-1.1508644433072863,-1.1377095547749183,-1.1158960095629027,-1.0855898219216806,-1.0470216402385786,-1.0004849916643057,-0.9463340481941162,-0.884980931205046,-0.8168925749634115,-0.7425871729730832,-0.6626302342100289,-0.5776302792575677,-0.4882342090972582,-0.39512238180183923,-0.29900343459949474,-0.20060889071663018,-0.10068759204445997,-1.1318289161333946e-15,0.10068759204445771,0.200608890716632,0.29900343459948864,0.39512238180184095,0.48823420909725623,0.5776302792575658,0.662630234210027,0.7425871729730784,0.8168925749634102,0.8849809312050471,0.9463340481941149,1.0004849916643044,1.0470216402385741,1.0855898219216784,1.115896009562902,1.1377095547749188,1.150864443307286,1.1552605585151348,1.1508644433072863
-0.9071578760404295,-0.9493534987937999,-0.9843239681860337,-1.0118031378293084,-1.0315818746502643,-1.0435096505189654,-1.0474956878588637,-1.043509650518966,-1.0315818746502645,-1.011803137829309,-0.9843239681860344,-0.9493534987938022,-0.9071578760404303,-0.8580582340934927,-0.802428250875374,-0.7406913041486708,-0.6733172493557591,-0.6008188437351734,-0.5237478439294321,-0.4426908067837934,-0.358264625294509,-0.2711118336806417,-0.18189571731065649,-0.09129526470030741,-1.0262497930056098e-15,0.09129526470030536,0.18189571731065815,0.27111183368063607,0.35826462529451053,0.44269080678379136,0.5237478439294303,0.6008188437351718,0.6733172493557548,0.7406913041486695,0.8024282508753751,0.8580582340934916,0.9071578760404295,0.9493534987937982,0.9843239681860323,1.0118031378293084,1.0315818746502647,1.0435096505189658,1.0474956878588637,1.043509650518966
-0.8178584783565027,-0.8559004209222294,-0.8874284444779332,-0.9122026017272137,-0.93003434637436,-0.9407879680755056,-0.9443816252762903,-0.9407879680755059,-0.9300343463743603,-0.9122026017272142,-0.8874284444779338,-0.8559004209222314,-0.8178584783565036,-0.7735921389340348,-0.7234382962265711,-0.6677786512608391,-0.6070368075432384,-0.5416750471813824,-0.4721908126381454,-0.39911292089412426,-0.32299753883112525,-0.24442395046637827,-0.16399014825135913,-0.08230828198819483,-9.252271476545473e-16,0.08230828198819298,0.1639901482513606,0.24442395046637322,0.3229975388311267,0.39911292089412254,0.47219081263814383,0.5416750471813809,0.6070368075432344,0.6677786512608378,0.7234382962265721,0.7735921389340337,0.8178584783565027,0.8559004209222278,0.8874284444779321,0.9122026017272137,0.9300343463743608,0.9407879680755059,0.9443816252762903,0.9407879680755059
-0.7326171840824848,-0.766694205446298,-0.7949362209640458,-0.8171282918446428,-0.8331015230287495,-0.8427343485821546,-0.8459534568859376,-0.842734348582155,-0.83310152302875,-0.8171282918446433,-0.7949362209640464,-0.7666942054463,-0.7326171840824856,-0.692964503581456,-0.6480379447847625,-0.598179425932249,-0.5437684004577791,-0.48521896911948326,-0.4229767284429691,-0.35751537946267237,-0.28933312257097377,-0.21894886591239682,-0.14689827617928086,-0.07372970186484216,-8.287953545624014e-16,0.07372970186484051,0.14689827617928222,0.21894886591239232,0.289333122570975,0.3575153794626708,0.42297672844296763,0.485218969119482,0.5437684004577755,0.5981794259322479,0.6480379447847633,0.692964503581455,0.7326171840824848,0.7666942054462967,0.7949362209640449,0.8171282918446428,0.8331015230287502,0.8427343485821549,0.8459534568859376,0.842734348582155
-0.6554135116902124,-0.6858994745167198,-0.7111653281847286,-0.7310187842918848,-0.7453087460493698,-0.7539264582196942,-0.756806334809725,-0.7539264582196946,-0.74530874604937,-0.7310187842918852,-0.7111653281847291,-0.6858994745167215,-0.655413511690213,-0.6199394562902462,-0.5797472872982308,-0.5351428913888943,-0.4864657349479761,-0.43408628052805776,-0.3784031674048628,-0.3198401776916373,-0.2588430111013966,-0.19587589290299345,-0.13141804088649545,-0.06596001822647378,-7.41456364399336e-16,0.06596001822647232,0.13141804088649664,0.1958758929029894,0.2588430111013978,0.3198401776916359,0.3784031674048615,0.4340862805280566,0.4864657349479729,0.5351428913888933,0.5797472872982314,0.6199394562902454,0.6554135116902124,0.6858994745167186,0.7111653281847276,0.7310187842918848,0.7453087460493704,0.7539264582196945,0.756806334809725,0.7539264582196946
-0.5822773390845901,-0.6093614394234321,-0.6318079312657644,-0.649445983255104,-0.6621413591656663,-0.6697974395210942,-0.6723559569270151,-0.6697974395210946,-0.6621413591656666,-0.6494459832551044,-0.631807931265765,-0.6093614394234336,-0.5822773390845908,-0.5507617566066464,-0.5150545446018829,-0.4754274565142635,-0.4321820784116237,-0.38564753373359384,-0.33617797846350783,-0.28414990578750104,-0.2299592807540452,-0.17401852674084323,-0.11675338666387944,-0.058599682816785854,-6.587188564306598e-16,0.05859968281678454,0.11675338666388052,0.17401852674083962,0.22995928075404623,0.2841499057874998,0.33617797846350667,0.38564753373359284,0.4321820784116209,0.47542745651426255,0.5150545446018836,0.5507617566066456,0.5822773390845901,0.609361439423431,0.6318079312657635,0.649445983255104,0.6621413591656667,0.6697974395210944,0.6723559569270151,0.6697974395210946
