hough_viz/data/file_3_1_0.json
{"header": {"discipline": 0, "disciplineName": "Meteorological products", "gribEdition": 2, "gribLength": 133963, "center": 7, "centerName": "US National Weather Service - NCEP(WMC)", "subcenter": 0, "refTime": "2014-11-30T06:00:00.000Z", "significanceOfRT": 1, "significanceOfRTName": "Start of forecast", "productStatus": 0, "productStatusName": "Operational products", "productType": 1, "productTypeName": "Forecast products", "productDefinitionTemplate": 0, "productDefinitionTemplateName": "Analysis/forecast at horizontal level/layer at a point in time", "parameterCategory": 2, "parameterCategoryName": "Momentum", "parameterNumber": 2, "parameterNumberName": "U-component_of_wind", "parameterUnit": "m.s-1", "genProcessType": 2, "genProcessTypeName": "Forecast", "forecastTime": 6, "surface1Type": 100, "surface1TypeName": "Isobaric surface", "surface1Value": 85000, "surface2Type": 255, "surface2TypeName": "Missing", "surface2Value": 0, "gridDefinitionTemplate": 0, "gridDefinitionTemplateName": "Latitude_Longitude", "numberPoints": 65160, "shape": 6, "shapeName": "Earth spherical with radius of 6,371,229.0 m", "gridUnits": "degrees", "resolution": 48, "winds": "true", "scanMode": 0, "nx": 360, "ny": 181, "basicAngle": 0, "subDivisions": 0, "lo1": 0, "la1": 90, "lo2": 359, "la2": -90, "dx": 1, "dy": 1}, "data":
[rows 40 to 59 of 181, columns 220 to 263 of 360]
13.582250710103901,14.794847840166323,15.966893320676112,17.09517465643907,18.176599306739753,19.208203161780585,20.18715866710078,21.110782573706675,21.976543292670545,22.78206783404,23.52514831103847,24.20374799172937,24.81600688155686,25.360246821461487,25.834976087597635,26.238893480044844,26.570891889306374,26.830061330819355,27.015691439159266,27.127273415102135,27.164501420207856,27.127273415102135,27.015691439159273,26.830061330819365,26.57089188930638,26.23889348004485,25.83497608759764,25.360246821461498,24.81600688155689,24.2037479917294,23.525148311038482,22.782067834040014,21.97654329267056,21.11078257370669,20.187158667100825,19.208203161780602,18.17659930673977,17.09517465643909,15.966893320676096,14.794847840166389,13.58225071010397,12.33242557493583,11.04879811848318,9.734886674380263
13.84311617174859,15.079002866764148,16.27355906305054,17.423510565106334,18.52570543579654,19.577122635593224,20.57488030303482,21.516243653708226,22.398632476102584,23.21962820378979,23.97698054454698,24.66861364825102,25.292631796639544,25.84732459934276,26.33117168194468,26.742846853223693,27.081221740150507,27.345368880680212,27.534564265861256,27.64828932429367,27.68623234349723,27.64828932429367,27.534564265861256,27.345368880680223,27.081221740150514,26.742846853223703,26.33117168194469,25.847324599342773,25.292631796639576,24.668613648251057,23.97698054454699,23.219628203789807,22.398632476102595,21.516243653708244,20.57488030303487,19.577122635593238,18.52570543579656,17.42351056510635,16.273559063050524,15.07900286676421,13.843116171748656,12.56928645752955,11.261005202810738,9.921858315573852
14.082759608436739,15.340041206975181,16.5552768188385,17.725135567684557,18.84641095199866,19.916029633891302,20.931059862903652,21.888719511731956,22.786383701844837,23.621591998093074,24.392055152591265,25.09566137938715,25.730482142720184,26.294777443003916,26.787000586043938,27.20580242241919,27.550035045406744,27.818754937314274,28.011225555596585,28.126919351667425,28.16551921687353,28.126919351667425,28.011225555596585,27.818754937314285,27.550035045406744,27.2058024224192,26.787000586043945,26.294777443003923,25.73048214272022,25.095661379387185,24.392055152591283,23.62159199809309,22.786383701844855,21.88871951173197,20.93105986290371,19.91602963389132,18.84641095199868,17.72513556768458,16.55527681883848,15.340041206975247,14.082759608436808,12.786878144692258,11.455948736758112,10.093619369629693
14.30266426568791,15.57957852761636,16.813790247723837,18.001916537474532,19.140700825293884,20.227021782604915,21.257901879172827,22.23051554430861,23.142196911561633,23.990447125674443,24.772941191771313,25.48753434800755,26.1322679442127,26.705374810414447,27.205284100528687,27.630625597939492,27.98023347116759,28.25314946933338,28.448625548656075,28.566125922789627,28.60532853137587,28.566125922789627,28.448625548656082,28.253149469333394,27.980233471167594,27.630625597939503,27.2052841005287,26.70537481041446,26.132267944212746,25.487534348007582,24.77294119177133,23.990447125674454,23.142196911561644,22.230515544308627,21.25790187917288,20.22702178260493,19.14070082529391,18.00191653747455,16.81379024772382,15.579578527616425,14.302664265687977,12.986547395173284,11.634835300932261,10.25123293185882
14.484022927350622,15.777128540575552,17.026990141125523,18.230181945230235,19.383406087787492,20.483501661582157,21.52745338111313,22.512399847281443,23.435641390286094,24.294647469231418,25.087063608163827,25.810717849526643,26.463626707344925,27.044000603822525,27.55024877445047,27.980983628181963,28.335024550722938,28.611401140513777,28.809355868532585,28.92834615462952,28.968045854701295,28.92834615462952,28.80935586853259,28.61140114051379,28.335024550722945,27.980983628181978,27.550248774450488,27.04400060382254,26.463626707344964,25.81071784952668,25.087063608163838,24.29464746923144,23.435641390286108,22.512399847281465,21.527453381113183,20.483501661582174,19.383406087787513,18.230181945230264,17.026990141125502,15.777128540575614,14.48402292735069,13.151217614053987,11.782365727407086,10.381219195283514
14.641736287813199,15.948922245478181,17.2123933158643,18.428686412590423,19.594467760821928,20.706542034915767,21.76186111658596,22.757532449584044,23.690826967994507,24.559186576414877,25.360231161517433,26.091765115774294,26.751783355465207,27.33847681647244,27.850237412799956,28.285662444225245,28.643558441003208,28.922944435083707,29.123054648876867,29.243340594196162,29.28347257562645,29.243340594196162,29.123054648876867,28.922944435083725,28.64355844100322,28.285662444225256,27.85023741279997,27.33847681647245,26.75178335546524,26.091765115774336,25.36023116151745,24.5591865764149,23.690826967994518,22.757532449584062,21.76186111658601,20.70654203491578,19.594467760821942,18.428686412590444,17.21239331586428,15.948922245478247,14.641736287813266,13.294418348718004,11.910661333012587,10.494258022493257
14.777988095692528,16.097338351803078,17.372566922403614,18.600178494622153,19.776808270469495,20.899231189516566,21.964370768560883,22.9693075340533,23.911287024171877,24.787727338610374,25.596226215387542,26.334567615280175,27.000727795832706,27.592880858294432,28.109403752281214,28.548880724443684,28.91010719894882,29.192093079138544,29.394065461315865,29.515470753220168,29.555976191385103,29.515470753220168,29.394065461315872,29.192093079138555,28.910107198948833,28.548880724443695,28.109403752281224,27.592880858294453,27.000727795832745,26.334567615280214,25.596226215387556,24.78772733861039,23.91128702417189,22.969307534053318,21.964370768560936,20.89923118951658,19.776808270469516,18.600178494622178,17.372566922403593,16.097338351803145,14.777988095692596,13.418132401417108,12.021498538912283,10.591914584516367
14.873742031199354,16.201641013869736,17.485132424683368,18.720698302897592,19.904952048323356,21.03464770376092,22.106688851942874,23.11813710259879,24.066220146378487,24.948339353559415,25.76207689671004,26.505202377786773,27.17567894150004,27.771668858192935,28.29153856093057,28.733863122993412,29.097430163502473,29.381243170470935,29.584524232174317,29.706716169352372,29.747484062398758,29.706716169352372,29.584524232174317,29.38124317047095,29.097430163502477,28.73386312299342,28.291538560930572,27.77166885819295,27.175678941500074,26.50520237778681,25.762076896710056,24.94833935355943,24.06622014637851,23.11813710259881,22.106688851942923,21.034647703760935,19.904952048323377,18.720698302897613,17.48513242468335,16.201641013869807,14.873742031199424,13.505075155482656,12.09939180749097,10.660544867573314
14.944302771238176,16.278501280599116,17.568081549454693,18.809508927925584,19.999380749857966,21.13443565929491,22.211562549626283,23.227809090915958,24.180389822032645,25.06669378540543,25.88429168347694,26.630942537239072,27.304599828600768,27.90341710975174,28.425753064147624,28.87017600524454,29.235467800652415,29.520627210951147,29.724872634018308,29.84764424734618,29.888605542476405,29.84764424734618,29.724872634018308,29.52062721095116,29.235467800652426,28.87017600524455,28.425753064147628,27.90341710975175,27.304599828600807,26.630942537239104,25.884291683476953,25.066693785405445,24.180389822032662,23.22780909091598,22.21156254962634,21.13443565929492,19.999380749857988,18.80950892792561,17.56808154945467,16.278501280599187,14.944302771238243,13.569142966747087,12.15679108456364,10.711118283025538
14.992553469825955,16.331059708434417,17.6248036475401,18.87023922493296,20.063952788264523,21.202672451631717,22.28327706358864,23.3028047620059,24.258461092328602,25.14762666698218,25.967864344931666,26.716925911715776,27.39275824164666,27.993508925284466,28.51753134676302,28.963389197049388,29.329860410767143,29.615940515792584,29.82084538644303,29.94401339271078,29.985106939651963,29.94401339271078,29.820845386443033,29.615940515792598,29.329860410767157,28.9633891970494,28.51753134676303,27.993508925284488,27.3927582416467,26.71692591171582,25.967864344931677,25.1476266669822,24.258461092328616,23.302804762005913,22.28327706358869,21.202672451631738,20.06395278826455,18.870239224932988,17.624803647540084,16.331059708434488,14.992553469826019,13.612953684276384,12.196041738902949,10.7457012908596
14.999999999999975,16.339171050450794,17.633557568774183,18.879611731495114,20.073918190765745,21.213203435596434,22.294344764321803,23.314378843709115,24.270509831248418,25.160117038362717,25.98076211353316,26.73019572565102,27.40636372927801,28.007412794916043,28.5316954888546,28.977774788672047,29.34442802201417,29.63065021785413,29.835656861048196,29.958886042637218,30.0,29.958886042637218,29.835656861048196,29.63065021785414,29.344428022014178,28.977774788672054,28.53169548885461,28.007412794916053,27.40636372927805,26.730195725651054,25.98076211353317,25.160117038362735,24.270509831248425,23.31437884370913,22.294344764321856,21.213203435596455,20.07391819076577,18.879611731495142,17.63355756877416,16.33917105045086,15.000000000000043,13.619714992186442,12.202099292274038,10.75103848635898
14.981667287572295,16.31920162883915,17.612006172775168,18.85653743198713,20.049384232799877,21.187277065046125,22.26709704356661,23.285884456857662,24.240846879434454,25.129366825675312,25.949008924167867,26.697526592892753,27.372868196948858,27.973182671941874,28.496824597623178,28.942358707872394,29.308563824662016,29.59443620522152,29.799192293226557,29.922270866472328,29.96333457514464,29.922270866472328,29.799192293226557,29.594436205221527,29.30856382466202,28.942358707872394,28.49682459762319,27.973182671941885,27.372868196948897,26.697526592892785,25.949008924167885,25.129366825675326,24.240846879434464,23.285884456857683,22.267097043566665,21.18727706504614,20.049384232799902,18.856537431987157,17.612006172775146,16.319201628839224,14.981667287572362,13.603069237633193,12.18718612045142,10.737898773234356
14.941066903935916,16.274976521309235,17.564277559297405,18.805436133373494,19.995050314157854,21.129859451870008,22.206753113543073,23.222779608504432,24.175154078754506,25.061266132069065,25.87868699690287,26.625176179483624,27.29868760484974,27.89737522499947,28.419598078780265,28.863924789649147,29.22913748897642,29.514235154138838,29.718436352253093,29.841181382029017,29.88213380787188,29.841181382029017,29.7184363522531,29.514235154138856,29.229137488976427,28.863924789649154,28.419598078780272,27.89737522499949,27.29868760484978,26.625176179483656,25.878686996902886,25.06126613206908,24.17515407875452,23.22277960850445,22.206753113543122,21.129859451870026,19.995050314157872,18.80543613337352,17.564277559297388,16.27497652130931,14.941066903935985,13.5662048607198,12.15415879295572,10.708799020765316
14.860924160876042,16.187678788822062,17.470064114399687,18.704565208569,19.88779838964002,21.01652049770895,22.08763778393405,23.098214390286305,24.045480396531982,24.9268394123916,25.739875694065226,26.48236076561822,27.152259527079007,27.747735832506482,28.267157522738533,28.709100899026783,29.07235462529593,29.355923048331736,29.559028926797257,29.681115561597345,29.72184832175213,29.681115561597345,29.55902892679726,29.355923048331746,29.072354625295944,28.709100899026787,28.267157522738547,27.7477358325065,27.152259527079043,26.48236076561826,25.739875694065248,24.92683941239162,24.045480396531993,23.098214390286323,22.087637783934102,21.016520497708964,19.88779838964004,18.704565208569022,17.470064114399666,16.187678788822133,14.86092416087611,13.493436772775299,12.0889648123976,10.651357839762708
14.755400278132583,16.072733937485193,17.346013350317197,18.57174854626258,19.746579870349077,20.867287191578885,21.930798729083886,22.93419947166363,23.874739167628206,24.749839863047082,25.557102967741624,26.294315829654003,26.959457799572817,27.550705769591925,28.06643917012267,28.505244411762373,28.865918759844675,29.147473631051657,29.349137303051975,29.470357029738153,29.510800556265213,29.470357029738153,29.349137303051975,29.147473631051668,28.865918759844686,28.50524441176238,28.066439170122685,27.550705769591943,26.959457799572846,26.294315829654046,25.557102967741635,24.749839863047097,23.87473916762822,22.934199471663646,21.930798729083932,20.867287191578903,19.7465798703491,18.571748546262604,17.346013350317175,16.07273393748526,14.755400278132651,13.39762309225298,12.003123952734803,10.575725084789045
14.628499589296805,15.934503800064673,17.196832643510344,18.412026164017334,19.576753600613,20.687822516352842,21.742187548568232,22.736958755993967,23.669409539896144,24.536984117489947,25.337304527162566,26.068177146300656,26.72759870385753,27.313761771179745,27.825059716043448,28.260091106321674,28.617663551212317,28.896796969498478,29.096726275882986,29.216903478033935,29.256999178593666,29.216903478033935,29.096726275882986,28.896796969498492,28.617663551212324,28.260091106321685,27.82505971604346,27.31376177117976,26.72759870385757,26.068177146300687,25.33730452716258,24.536984117489965,23.669409539896158,22.73695875599398,21.742187548568285,20.687822516352856,19.576753600613014,18.41202616401735,17.196832643510326,15.93450380006474,14.628499589296874,13.282399677969284,11.899893632372663,10.48477080548112
14.464709130832057,15.756090445578856,17.004285411606745,18.205872813274798,19.357559183036372,20.456187828604687,21.498747485226943,22.482380569351836,23.404391011067254,24.262251643840603,25.053611131306624,25.77630041211687,26.428338645186194,27.007938639040358,27.513511750383714,27.94367223846002,28.29724106327155,28.57324911724575,28.77093988149178,28.88977149936616,28.929418261664164,28.88977149936616,28.77093988149179,28.573249117245762,28.297241063271557,27.94367223846003,27.513511750383728,27.007938639040372,26.428338645186226,25.776300412116903,25.05361113130664,24.26225164384062,23.40439101106727,22.48238056935185,21.498747485226993,20.4561878286047,19.357559183036393,18.205872813274823,17.004285411606723,15.756090445578923,14.464709130832127,13.133681053787324,11.766654469885067,10.367376303970929
14.276870832759105,15.55148230677622,16.78346824876074,17.969451870879983,19.10618247446243,20.190544359936837,21.21956536674815,22.190425019843147,23.10046226039628,23.947182739587113,24.728265655437003,25.441570113965987,26.08514099723446,26.657214322185446,27.15622207559957,27.580796511910318,27.929773902099587,28.202197723397965,28.39732128104725,28.51460975493879,28.553741665518263,28.51460975493879,28.397321281047255,28.202197723397983,27.929773902099594,27.580796511910336,27.156222075599576,26.657214322185457,26.085140997234504,25.441570113966023,24.728265655437013,23.94718273958713,23.100462260396295,22.19042501984316,21.2195653667482,20.19054435993685,19.10618247446245,17.969451870880004,16.783468248760723,15.551482306776283,14.276870832759169,12.96312744816259,11.613853032286535,10.23274585251796
14.0692941640885,15.325373593743436,16.539447239631578,17.70818741027877,18.828390670115407,19.896986619870642,20.911046312323357,21.867790280343044,22.76459615521577,23.599005854374724,24.368732318833626,25.071665781856392,25.705879551681242,26.26963529244871,26.76138778885953,27.179789181502343,27.523692661242652,27.792155612546896,27.98444219712621,28.100025370817928,28.13858832817705,28.100025370817928,27.98444219712621,27.79215561254691,27.52369266124266,27.17978918150236,26.76138778885954,26.26963529244872,25.705879551681274,25.071665781856428,24.368732318833636,23.59900585437474,22.764596155215784,21.867790280343055,20.911046312323407,19.896986619870656,18.82839067011542,17.708187410278786,16.53944723963156,15.3253735937435,14.069294164088564,12.774651777074517,11.444994957494657,10.083968202268105
13.828605433433028,15.06319663773706,16.256500667087014,17.405246758083987,18.506286277540926,19.556601352667307,20.553313142848687,21.49368973034883,22.375153608306146,23.19528874550095,23.951847208529088,24.64275532323111,25.266119358489096,25.820230716811896,26.303570617482137,26.714814259428636,27.052834452414018,27.316704706584794,27.50570177191569,27.61930762058764,27.657210866866105,27.61930762058764,27.50570177191569,27.3167047065848,27.052834452414032,26.71481425942865,26.303570617482148,25.820230716811906,25.266119358489135,24.642755323231146,23.9518472085291,23.195288745500967,22.37515360830616,21.493689730348848,20.553313142848737,19.55660135266732,18.506286277540944,17.40524675808401,16.256500667086993,15.063196637737127,13.828605433433093,12.556110982850605,11.24920110482869,9.91145794850078
