hough_viz/data/file_1_1_0.json
{"header": {"discipline": 0, "disciplineName": "Meteorological products", "gribEdition": 2, "gribLength": 133963, "center": 7, "centerName": "US National Weather Service - NCEP(WMC)", "subcenter": 0, "refTime": "2014-11-30T06:00:00.000Z", "significanceOfRT": 1, "significanceOfRTName": "Start of forecast", "productStatus": 0, "productStatusName": "Operational products", "productType": 1, "productTypeName": "Forecast products", "productDefinitionTemplate": 0, "productDefinitionTemplateName": "Analysis/forecast at horizontal level/layer at a point in time", "parameterCategory": 2, "parameterCategoryName": "Momentum", "parameterNumber": 3, "parameterNumberName": "V-component_of_wind", "parameterUnit": "m.s-1", "genProcessType": 2, "genProcessTypeName": "Forecast", "forecastTime": 6, "surface1Type": 100, "surface1TypeName": "Isobaric surface", "surface1Value": 85000, "surface2Type": 255, "surface2TypeName": "Missing", "surface2Value": 0, "gridDefinitionTemplate": 0, "gridDefinitionTemplateName": "Latitude_Longitude", "numberPoints": 65160, "shape": 6, "shapeName": "Earth spherical with radius of 6,371,229.0 m", "gridUnits": "degrees", "resolution": 48, "winds": "true", "scanMode": 0, "nx": 360, "ny": 181, "basicAngle": 0, "subDivisions": 0, "lo1": 0, "la1": 90, "lo2": 359, "la2": -90, "dx": 1, "dy": 1}, "data":
[rows 95 to 113 of 181, columns 258 to 300 of 360]
-14.469849349466347,-14.521323214587284,-14.568373743985838,-14.610986605614967,-14.649148819184223,-14.682848760113663,-14.712076163074823,-14.736822125117627,-14.75707910838232,-14.772840942395563,-14.784102825950033,-14.790861328566894,-14.793114391540787,-14.790861328566894,-14.784102825950033,-14.772840942395563,-14.757079108382323,-14.736822125117627,-14.712076163074823,-14.682848760113663,-14.649148819184223,-14.61098660561497,-14.568373743985841,-14.521323214587285,-14.469849349466351,-14.413967828060992,-14.353695672423962,-14.289051242037738,-14.220054228222043,-14.146725648135675,-14.069087838374479,-13.987164448167398,-13.900980432172702,-13.810562042876544,-13.7159368225962,-13.61713359509044,-13.514182456779471,-13.407114767577346,-13.295963141339382,-13.18076143592768,-13.061544742897688,-12.938349376808988,-12.8112128641635
-14.202727269770962,-14.253250896532878,-14.29943284499737,-14.341259047695557,-14.378716763960924,-14.411794583810229,-14.440482431419118,-14.4647715681913,-14.48465459542042,-14.50012545654378,-14.511179438987202,-14.517813175600562,-14.520024645683419,-14.517813175600562,-14.511179438987206,-14.50012545654378,-14.484654595420421,-14.4647715681913,-14.440482431419118,-14.411794583810229,-14.378716763960924,-14.341259047695559,-14.299432844997371,-14.25325089653288,-14.202727269770966,-14.147877354697766,-14.088717859128762,-14.02526680361939,-13.957543515975829,-13.885568625367544,-13.809364056043444,-13.728953020653561,-13.644360013178233,-13.555610801467012,-13.462732419389505,-13.36575315860064,-13.264702559922702,-13.159611404346958,-13.05051170365743,-12.937436690679823,-12.820420809158469,-12.699499703264445,-12.574710206737983
-13.901274650548888,-13.950725914282867,-13.99592765175964,-14.03686609409209,-14.073528771034109,-14.105904514779132,-14.13398346336199,-14.157757063662931,-14.17721807401301,-14.192360566399953,-14.203179928273881,-14.20967286395237,-14.2118373956243,-14.20967286395237,-14.203179928273885,-14.192360566399953,-14.177218074013012,-14.157757063662931,-14.13398346336199,-14.10590451477913,-14.073528771034109,-14.036866094092092,-13.995927651759642,-13.95072591428287,-13.901274650548892,-13.847588923891681,-13.789685087503651,-13.727580779454282,-13.661294917317438,-13.590847692408841,-13.516260563635639,-13.4375562509598,-13.35475872847738,-13.267893217115823,-13.176986176951356,-13.082065299149063,-12.983159497527831,-12.880298899752967,-12.773514838158983,-12.662839840205478,-12.54830761856896,-12.429953060873643,-12.30781221906432
-13.55151820256044,-13.599725271154984,-13.64378973168844,-13.683698161699265,-13.719438404693074,-13.750999573845634,-13.778372055319075,-13.801547511190375,-13.820518881991172,-13.835280388858148,-13.845827535293305,-13.85215710853367,-13.854267180529911,-13.85215710853367,-13.845827535293305,-13.835280388858148,-13.820518881991175,-13.801547511190375,-13.778372055319075,-13.750999573845634,-13.719438404693074,-13.683698161699269,-13.643789731688441,-13.599725271154988,-13.551518202560441,-13.499183210244889,-13.442736235953973,-13.382194473982874,-13.317576365938773,-13.248901595123348,-13.176191080537059,-13.099466970507006,-13.018752635940352,-12.934072663205304,-12.84545284664186,-12.752920180704642,-12.656502851740063,-12.55623022940055,-12.452132857698231,-12.344242445700937,-12.232591857873322,-12.117215104066016,-11.998147329155913
-13.151219329285025,-13.198002407227463,-13.24076524578474,-13.27949481898198,-13.314179329416001,-13.344808211848934,-13.371372136426475,-13.39386301151987,-13.412273986190689,-13.426599452277703,-13.43683504610516,-13.442977649812036,-13.445025392301725,-13.442977649812036,-13.436835046105163,-13.426599452277703,-13.412273986190689,-13.39386301151987,-13.371372136426475,-13.344808211848932,-13.314179329416001,-13.279494818981982,-13.240765245784743,-13.198002407227467,-13.151219329285027,-13.100430262536165,-13.045650677822618,-12.986897261536544,-12.924187910537716,-12.857541726701914,-12.786979011102359,-12.712521257825774,-12.634191147425096,-12.552012540010756,-12.466010467982645,-12.37621112840504,-12.282641875026666,-12.185331209948542,-12.084308774941912,-11.979605342419108,-11.871252806059958,-11.759284171096677,-11.64373354426013
-12.719137753726017,-12.7643837798164,-12.805741650956088,-12.843198769136892,-12.876743724557757,-12.906366299100304,-12.932057469441368,-12.953809409801584,-12.971615494329203,-12.985470299118393,-12.995369603861393,-13.001310393134089,-13.003290857314509,-13.001310393134089,-12.995369603861395,-12.985470299118393,-12.971615494329203,-12.953809409801584,-12.932057469441368,-12.906366299100302,-12.876743724557757,-12.843198769136894,-12.805741650956092,-12.764383779816402,-12.71913775372602,-12.670017355062797,-12.61703754637601,-12.560214465828603,-12.49956542228138,-12.435108890020523,-12.36686450313016,-12.294853049511637,-12.219096464551315,-12.139617824438847,-12.056441339137931,-11.969592345011751,-11.87909729710523,-11.784983761086615,-11.687280404850672,-11.586016989786184,-11.481224361710339,-11.372934441472802,-11.261180215232296
-12.243389176195373,-12.286942812992695,-12.32675372798289,-12.362809794375595,-12.395100029143707,-12.42361459636891,-12.448344810237803,-12.469283137687675,-12.486423200701145,-12.499759778248984,-12.50928880788048,-12.515007386960896,-12.516913773555641,-12.515007386960896,-12.509288807880482,-12.499759778248984,-12.486423200701145,-12.469283137687675,-12.448344810237803,-12.423614596368909,-12.395100029143707,-12.362809794375595,-12.32675372798289,-12.286942812992695,-12.243389176195377,-12.196106084450612,-12.145107940646195,-12.09041027931075,-12.032029761881795,-11.969984171630484,-11.904292408244656,-11.834974482071802,-11.762051508023736,-11.685545699144779,-11.605480359845433,-11.52187987880367,-11.434769721535861,-11.344176422639775,-11.250127577711849,-11.152651834941322,-11.051778886383703,-10.947539458916307,-10.839965304878524
-11.721215984720958,-11.762912085079675,-11.801025088467389,-11.835543385294056,-11.866456460952083,-11.893754899019159,-11.9174303841266,-11.937475704492297,-11.953884754117482,-11.96665253464668,-11.975775156890261,-11.981249842009113,-11.983074922361114,-11.981249842009113,-11.975775156890261,-11.96665253464668,-11.953884754117482,-11.937475704492297,-11.9174303841266,-11.893754899019157,-11.866456460952083,-11.835543385294056,-11.801025088467389,-11.762912085079678,-11.72121598472096,-11.675949488427324,-11.627126384812058,-11.574761545865472,-11.518870922424783,-11.459471539315313,-11.396581490164579,-11.33021993189078,-11.260407078867413,-11.187164196765817,-11.110513596077386,-11.030478625317633,-10.947083663913956,-10.860354114779476,-10.770316396575023,-10.676997935661774,-10.580427157746922,-10.48063347922492,-10.377647298216965
-11.170648737849378,-11.210386295066352,-11.246709060020395,-11.27960596844544,-11.309066999624502,-11.335083179442085,-11.357646583117795,-11.37675033762029,-11.392388623760892,-11.404556677966152,-11.413250793728881,-11.418468322737198,-11.42020767568122,-11.418468322737198,-11.413250793728883,-11.404556677966152,-11.392388623760892,-11.37675033762029,-11.357646583117795,-11.335083179442085,-11.309066999624502,-11.27960596844544,-11.246709060020397,-11.210386295066352,-11.170648737849382,-11.127508492814352,-11.080978700897823,-11.031073535525142,-10.977808198293136,-10.921198914339515,-10.861262927400556,-10.798018494558496,-10.731484880680238,-10.661682352549095,-10.588632172691328,-10.51235659289938,-10.432878847453745,-10.350223146045611,-10.264414666402331,-10.175479546618046,-10.083444877191779,-9.988338692775393,-9.890189963633976
-10.582006377863962,-10.619649946628769,-10.654058667144977,-10.685222058182985,-10.713130627072,-10.737775872591582,-10.759150287561205,-10.777247361127003,-10.792061580745065,-10.803588433860586,-10.811824409282439,-10.816766998252731,-10.81841469521098,-10.816766998252731,-10.811824409282439,-10.803588433860586,-10.792061580745067,-10.777247361127003,-10.759150287561205,-10.737775872591582,-10.713130627072,-10.685222058182985,-10.654058667144977,-10.619649946628773,-10.582006377863966,-10.54113942744626,-10.49706154384465,-10.449786153609463,-10.399327657282535,-10.345701425010652,-10.288923791863647,-10.229012052858604,-10.165984457691593,-10.099860205178665,-10.030659437407694,-9.95840323360291,-9.88311360370395,-9.804813481661435,-9.723526718451046,-9.639278074808296,-9.552093213686177,-9.461998692437966,-9.369021954727591
-9.952350368697843,-9.987754050390874,-10.020115365446612,-10.049424456294997,-10.075672395103034,-10.09885118649429,-10.118953769984376,-10.135974022131617,-10.149906758402329,-10.160747734750078,-10.168493648908449,-10.173142141396953,-10.174691796239747,-10.173142141396953,-10.168493648908449,-10.160747734750078,-10.149906758402329,-10.135974022131617,-10.118953769984376,-10.09885118649429,-10.075672395103034,-10.049424456294997,-10.020115365446612,-9.987754050390876,-9.952350368697845,-9.913915104671924,-9.872459966066872,-9.827997580519481,-9.780541491703119,-9.730106155202147,-9.676706934108653,-9.62036009434266,-9.561082799697413,-9.498893106611085,-9.433809958666638,-9.365853180821416,-9.295043473368256,-9.22140240563,-9.144952409389264,-9.06571677205548,-8.983719629571358,-8.898985959060823,-8.811541571220742
-9.29836691614631,-9.331444170299225,-9.361678976162136,-9.389062123920286,-9.413585272401606,-9.435240951617502,-9.454022565038306,-9.469924391602623,-9.482941587460042,-9.493070187446603,-9.500307106292631,-9.504650139562541,-9.506097964326328,-9.504650139562541,-9.500307106292631,-9.493070187446603,-9.482941587460044,-9.469924391602623,-9.454022565038306,-9.435240951617502,-9.413585272401606,-9.389062123920288,-9.361678976162136,-9.331444170299228,-9.298366916146312,-9.262457289355437,-9.223726228346786,-9.182185530976739,-9.137847850944127,-9.090726693935798,-9.04083641351265,-8.988192206737395,-8.932810109545397,-8.87470699185996,-8.813900552453578,-8.750409313556752,-8.684252615215891,-8.615450609402197,-8.544024253873136,-8.469995305788524,-8.393386315083077,-8.314220617597503,-8.23252232797014
-8.61257571696276,-8.64321339328488,-8.671218263078716,-8.69658179578964,-8.719296265439892,-8.739354752981965,-8.756751148406252,-8.771480152602182,-8.783537278972387,-8.792918854799389,-8.799622022364296,-8.803644739817344,-8.804985781799816,-8.803644739817344,-8.7996220223643,-8.792918854799389,-8.78353727897239,-8.771480152602182,-8.756751148406252,-8.739354752981962,-8.719296265439892,-8.69658179578964,-8.671218263078718,-8.643213393284881,-8.612575716962764,-8.579314566645362,-8.543440074001275,-8.504963166748484,-8.463895565325675,-8.42024977932207,-8.374039103666894,-8.325277614579601,-8.273980165282131,-8.220162381474472,-8.163840656574912,-8.105032146726462,-8.043754765570906,-7.980027178792158,-7.913868798430492,-7.845299776969453,-7.774341001197226,-7.701014085844302,-7.625341366999426
-7.892241539196562,-7.920316757305547,-7.945979370204426,-7.96922156081271,-7.990036249333991,-8.008417095412502,-8.024358500064473,-8.03785560738362,-8.048904306020297,-8.057501230433878,-8.0636437619179,-8.067330029397771,-8.068558910000709,-8.067330029397771,-8.063643761917902,-8.057501230433878,-8.0489043060203,-8.03785560738362,-8.024358500064473,-8.008417095412502,-7.990036249333991,-7.969221560812711,-7.9459793702044275,-7.920316757305549,-7.892241539196562,-7.861762267860875,-7.8288882275797995,-7.7936294321044555,-7.7559966216055125,-7.716001259401601,-7.673655528467494,-7.628972327723046,-7.581965268104058,-7.532648668416261,-7.481037550973653,-7.427147637022585,-7.370995341952879,-7.312597770297584,-7.251972710522732,-7.189138629608817,-7.124114667425574,-7.056920630901784,-6.9875769879918925
-7.1521355616256885,-7.177577986929123,-7.20083405244698,-7.221896674156415,-7.24075943617882,-7.2574165927341525,-7.2718630698911655,-7.284094467112969,-7.294107058597483,-7.301897794412345,-7.307464301423958,-7.310804884020362,-7.311918524627736,-7.310804884020362,-7.307464301423959,-7.301897794412345,-7.294107058597483,-7.284094467112969,-7.2718630698911655,-7.257416592734152,-7.24075943617882,-7.221896674156417,-7.2008340524469805,-7.177577986929124,-7.152135561625689,-7.124514526545889,-7.094723295324582,-7.062770942659391,-7.028667201546468,-6.9924224603157255,-6.954047759466455,-6.913554788304276,-6.87095588138047,-6.826264014734756,-6.7794928019426415,-6.730656489968638,-6.679769954826455,-6.626848697047649,-6.571908836959998,-6.514967109777099,-6.456040860500657,-6.395148038637036,-6.332307192729651
-6.386871269829143,-6.409591406186339,-6.430359118910103,-6.449168081953961,-6.4660125659255625,-6.480887439831911,-6.493788172642322,-6.504710834668606,-6.513652098762101,-6.52060924132715,-6.525580143150729,-6.52856329004799,-6.529557773323491,-6.52856329004799,-6.52558014315073,-6.52060924132715,-6.513652098762101,-6.504710834668606,-6.493788172642322,-6.480887439831911,-6.4660125659255625,-6.449168081953962,-6.430359118910105,-6.4095914061863395,-6.386871269829143,-6.362205630612146,-6.335602001927996,-6.307068487499702,-6.276613778912171,-6.244247152964662,-6.20997846884498,-6.173818165126275,-6.135777256587352,-6.095867330857467,-6.054100544886604,-6.0104896212423835,-5.9650478442346095,-5.917789055868767,-5.8687276516296,-5.817878576096104,-5.765257318389272,-5.710879907453959,-5.654762907176297
-5.594316215043868,-5.614216980514356,-5.632407601106438,-5.648882535780865,-5.6636367661129405,-5.676665797821176,-5.687965662136299,-5.697532917010173,-5.705364648164288,-5.711458469977461,-5.715812526212539,-5.718425490581814,-5.7192965671510265,-5.718425490581814,-5.71581252621254,-5.711458469977461,-5.705364648164288,-5.697532917010173,-5.687965662136299,-5.676665797821176,-5.6636367661129405,-5.648882535780865,-5.632407601106438,-5.614216980514357,-5.594316215043868,-5.5727113666609185,-5.549409016411619,-5.524416262417587,-5.4977407177138,-5.46939050792959,-5.439374268813487,-5.407701143602702,-5.374380780237997,-5.339423328424839,-5.302839436541685,-5.264640248396402,-5.22483739983174,-5.183443015180955,-5.140469703574608,-5.095930555099701,-5.049839136812324,-5.002209488604985,-4.953056118929922
-4.7868316297480975,-4.8038599152343835,-4.8194248984544545,-4.83352183816364,-4.846146440297542,-4.857294859280054,-4.866963699194757,-4.87515001481935,-4.881851312522791,-4.887065551024882,-4.890791142018062,-4.893026950651229,-4.893772295875407,-4.893026950651229,-4.890791142018063,-4.887065551024882,-4.881851312522792,-4.87515001481935,-4.866963699194757,-4.857294859280054,-4.846146440297542,-4.83352183816364,-4.819424898454456,-4.803859915234385,-4.786831629748098,-4.768345228976312,-4.74840634405578,-4.727021048564004,-4.7041958566691555,-4.679937721145795,-4.654254031257001,-4.627152610503515,-4.598641714240635,-4.568730027163556,-4.537426660661917,-4.504741150044406,-4.470683451634181,-4.435263939736107,-4.398493403476623,-4.3603830435172775,-4.320944468642897,-4.280189692225439,-4.2381311285646
-3.9609314541771696,-3.9750217495563054,-3.987901214803626,-3.9995659267092516,-4.0100123320889365,-4.019237248866403,-4.0272378670426425,-4.03401174955185,-4.039556833003795,-4.043871428312341,-4.046954221209961,-4.048804272648076,-4.049421019083093,-4.048804272648076,-4.046954221209962,-4.043871428312341,-4.039556833003795,-4.03401174955185,-4.0272378670426425,-4.019237248866403,-4.0100123320889365,-3.9995659267092516,-3.987901214803627,-3.9750217495563063,-3.9609314541771696,-3.9456346207066866,-3.929135908708515,-3.911440343850157,-3.892553316372089,-3.8724805794458432,-3.851228247421537,-3.8288027939653806,-3.805211050087736,-3.780460202062329,-3.754557789237231,-3.7275117017383144,-3.6993301780658308,-3.6700218025848934,-3.63959550291059,-3.6080605471885456,-3.57542654127176,-3.5417034257945694,-3.5069014731446284
