hough_viz/data/file_3_0_1.json
{"header": {"discipline": 0, "disciplineName": "Meteorological products", "gribEdition": 2, "gribLength": 133963, "center": 7, "centerName": "US National Weather Service - NCEP(WMC)", "subcenter": 0, "refTime": "2014-11-30T06:00:00.000Z", "significanceOfRT": 1, "significanceOfRTName": "Start of forecast", "productStatus": 0, "productStatusName": "Operational products", "productType": 1, "productTypeName": "Forecast products", "productDefinitionTemplate": 0, "productDefinitionTemplateName": "Analysis/forecast at horizontal level/layer at a point in time", "parameterCategory": 2, "parameterCategoryName": "Momentum", "parameterNumber": 3, "parameterNumberName": "V-component_of_wind", "parameterUnit": "m.s-1", "genProcessType": 2, "genProcessTypeName": "Forecast", "forecastTime": 6, "surface1Type": 100, "surface1TypeName": "Isobaric surface", "surface1Value": 85000, "surface2Type": 255, "surface2TypeName": "Missing", "surface2Value": 0, "gridDefinitionTemplate": 0, "gridDefinitionTemplateName": "Latitude_Longitude", "numberPoints": 65160, "shape": 6, "shapeName": "Earth spherical with radius of 6,371,229.0 m", "gridUnits": "degrees", "resolution": 48, "winds": "true", "scanMode": 0, "nx": 360, "ny": 181, "basicAngle": 0, "subDivisions": 0, "lo1": 0, "la1": 90, "lo2": 359, "la2": -90, "dx": 1, "dy": 1}, "data":
[rows 114 to 132 of 181, columns 301 to 343 of 360]
1.2049652520523084,2.4066277781048635,3.601693904700279,4.786888038653545,5.958961645225409,7.114702152130016,8.250941754972635,9.364566099980724,10.452522820231701,11.511829901978452,12.539583858141365,13.532967686564897,14.489258591224607,15.405835445221784,16.28018597511004,17.1099136468625,17.892744234604354,18.626532054108562,19.309265843966827,19.93907427831735,20.514231096019103,21.0331598322134,21.494438139304602,21.896801685516056,22.239147620335523,22.520537597351854,22.74020034619722,22.8975337865456,22.992106678373116,23.023659803956953,22.992106678373116,22.8975337865456,22.740200346197224,22.52053759735186,22.239147620335533,21.896801685516063,21.494438139304613,21.033159832213414,20.514231096019124,19.939074278317364,19.309265843966795,18.626532054108527,17.892744234604372
1.1780366830251836,2.3528444493865344,3.5212032326563305,4.67991064262121,5.825790742811306,6.955702755521067,8.06654967046303,9.155286733457169,10.218929791891007,11.254563474074445,12.259349180070565,13.230532862101018,14.165452573199518,15.061545763423414,15.91635630362492,16.727541217530668,17.49287710367624,18.210266229595607,18.87774228155974,19.493475754105855,20.0557789645849,20.563110678982113,21.01408033633254,21.407451860151888,21.742147046436298,22.017248518944534,22.232002243662528,22.385819595558168,22.47827897196162,22.50912694814894,22.47827897196162,22.385819595558168,22.232002243662528,22.017248518944545,21.742147046436305,21.4074518601519,21.01408033633255,20.563110678982127,20.05577896458491,19.49347575410587,18.877742281559712,18.210266229595575,17.49287710367625
1.150614928509603,2.2980761014784368,3.4392384075904308,4.57097400028571,5.690180870970754,6.793791351408052,7.878780521981897,8.942174502792236,9.981058604853278,10.992585319053365,11.973982120979164,12.922559070212653,13.835716183270756,14.710950559979352,15.545863243748624,16.338165796946605,17.08568657334707,17.786376670461507,18.43831554543809,19.039716279136186,19.588930473947666,20.084452771939915,20.524924980937477,20.909139797232324,21.236044114719455,21.504741911387452,21.714496705252632,21.864733573004862,21.955040725832493,21.985170638106773,21.955040725832482,21.864733573004866,21.714496705252635,21.504741911387462,21.236044114719455,20.909139797232335,20.524924980937485,20.084452771939926,19.588930473947677,19.0397162791362,18.438315545438062,17.78637667046148,17.085686573347086
1.1226489188869317,2.2422207351215775,3.3556467801761065,4.4598752306542835,5.551879473127402,6.62866639987105,7.687284612765713,8.724832512873316,9.738466253518736,10.725407535075817,11.682951220093196,12.60847274788828,13.499435328285596,14.353396894782326,15.168016798082789,15.941062221655741,16.670414301728723,17.354073934946957,17.99016725777639,18.57695078263341,19.11281617666329,19.59629467006851,20.026061081904803,20.400937452310036,20.71989627121026,20.98206329465343,21.18671994105129,21.333305260761573,21.421417473611974,21.450815070151684,21.42141747361197,21.333305260761573,21.186719941051294,20.982063294653436,20.719896271210267,20.400937452310043,20.026061081904814,19.59629467006852,19.11281617666331,18.57695078263343,17.99016725777636,17.35407393494693,16.67041430172874
1.0944087941057006,2.185817889778193,3.2712358105491415,4.347687501344152,5.412222482902066,6.4619229388332835,7.493911713152021,8.505360196360353,9.493496078470734,10.455610947714916,11.389067714112018,12.291307837549128,13.159858340561847,13.992338586593625,14.786466805155024,15.540066345998309,16.251071645163925,16.917533886548284,17.537626343472983,18.109649385615636,18.63203513757865,19.103351776326452,19.522307455713044,19.887753847342474,20.198689288057164,20.454261525426958,20.65377005371385,20.79666803390946,20.882563792582797,20.911221895429875,20.882563792582797,20.796668033909462,20.653770053713853,20.454261525426965,20.198689288057167,19.88775384734248,19.522307455713054,19.103351776326466,18.632035137578665,18.109649385615647,17.537626343472954,16.917533886548256,16.25107164516394
1.0658475548305348,2.1287736955994467,3.1858650156379658,4.234224101115348,5.270977472648915,6.293283461311072,7.298339997446646,8.283392290950546,9.245740381956418,10.18274654123895,11.091842500045983,11.970536489544907,12.816420070587776,13.6271747350756,14.400578260827832,15.134510802539161,15.826960702127625,16.476030002550107,17.079939649970402,17.63703437002214,18.14578720480091,18.604803698149528,19.012825717765566,19.36873490365452,19.671555733476815,19.92045819638672,20.1147600680344,20.25392878049543,20.337582882002447,20.365493082477947,20.337582882002444,20.25392878049543,20.114760068034407,19.920458196386722,19.671555733476822,19.36873490365453,19.012825717765576,18.604803698149542,18.145787204800925,17.63703437002215,17.079939649970378,16.476030002550083,15.826960702127643
1.0369544509456006,2.071066681818992,3.0995022628755975,4.119442323673387,5.128091279400946,6.1226844933808895,7.100495854747156,8.058845250524909,8.995105911634376,9.906711612682264,10.79116370580687,11.64603796929845,12.468991252222356,13.257767896832876,14.010205921174276,14.724242944923311,15.397921842229836,16.02939610606323,16.616934909359575,17.158927849098305,17.653889360305147,18.100462787882204,18.49742410510541,18.84368526859671,19.138297200575284,19.38045239021381,19.569487106969493,19.704883219823337,19.786269617441288,19.81342322536457,19.786269617441288,19.70488321982334,19.5694871069695,19.38045239021382,19.138297200575288,18.843685268596715,18.49742410510542,18.10046278788221,17.65388936030516,17.15892784909832,16.61693490935955,16.029396106063206,15.39792184222985
1.0079147963480124,2.013066968298545,3.0127014636155414,4.004078353631044,4.984480343199351,5.951220218613899,6.901648213073566,7.833159269508822,8.743200180862514,9.629276588252917,10.488959817837731,11.319893537640505,12.119800216092763,12.886487364589692,13.617853546948984,14.311894139301586,14.966706824625872,15.580496806866895,16.15158173034735,16.678396290987568,17.15949652669534,17.59356377516542,17.979408288241387,18.31597249293264,18.602333890148397,18.837707583203635,19.02144842916631,19.153052807149308,19.23215999870029,19.258553176505878,19.232159998700283,19.153052807149308,19.021448429166313,18.83770758320364,18.6023338901484,18.315972492932648,17.979408288241398,17.59356377516543,17.159496526695353,16.678396290987582,16.151581730347328,15.580496806866872,14.966706824625888
0.9787143285394548,1.954746069133993,2.925419986625769,3.8880755312776207,4.840074131155088,5.778806424268457,6.7016994106529095,7.606223504782116,8.489899468986765,9.350305208872658,10.18508241211278,10.991943012417696,11.768675460966168,12.51315078810673,13.223328438715495,13.897261865216123,14.533103862930973,15.129111633141193,15.683651559976626,16.195203688043385,16.662365888516064,17.083857702275168,17.458523849556716,17.785337396493752,18.06340256987064,18.291957212375234,18.47037487161906,18.598166517199793,18.674981881099583,18.70061041774536,18.674981881099583,18.598166517199797,18.470374871619065,18.29195721237524,18.063402569870647,17.78533739649376,17.458523849556727,17.083857702275175,16.66236588851607,16.1952036880434,15.683651559976607,15.129111633141166,14.533103862930988
0.9493900127638499,1.8961778134940157,2.8377683226390986,3.771580706062654,4.695055448930281,5.605661371161665,6.500902565219531,7.378325237218267,8.235524432602825,9.070150627961961,9.879916170908297,10.662601550374724,11.416061480139922,12.138230778908758,12.82713003083064,13.480871010940978,14.097661860654139,14.675811999123702,15.213736757006856,15.709961719932895,16.163126769770685,16.571989812617698,16.935430183293214,17.252451717003645,17.522185479760978,17.743892150070465,17.916964045359435,18.040926787592973,18.115440603511164,18.140301255923966,18.115440603511164,18.040926787592973,17.91696404535944,17.743892150070472,17.522185479760985,17.252451717003648,16.93543018329322,16.571989812617705,16.163126769770695,15.709961719932906,15.213736757006833,14.675811999123678,14.09766186065415
0.9200392418904524,1.8375567201700371,2.750037583206638,3.6549807843804065,4.549905937278819,5.432360114263204,6.299924569773204,7.150221369939784,7.980919910337096,8.789743304007173,9.574474622248532,10.332962971063877,11.063129386610989,11.762972533498091,12.430574190305027,13.064104507295045,13.661827021905294,14.22210341827045,14.743398017732414,15.224281988028773,15.663437259622842,16.059660138440467,16.41186460511191,16.719085291675462,16.9804801275839,17.195332647761333,17.363053956384174,17.483184341003646,17.55539453258567,17.579486608014385,17.55539453258567,17.483184341003646,17.363053956384178,17.19533264776134,16.980480127583913,16.71908529167547,16.411864605111916,16.059660138440474,15.663437259622857,15.224281988028782,14.743398017732392,14.222103418270427,13.661827021905307
0.890672504931628,1.7789037384371353,2.6622591204456696,3.5383174352563946,4.404677467922541,5.258964585814461,6.098837247322893,6.921993419861336,7.726176889577749,8.509183445479854,9.268866921023987,10.003145076608636,10.710005306848391,11.387510156985408,12.033802633318215,12.647111293092554,13.2257550999024,13.768148031294384,14.272803425944824,14.73833805849512,15.16347593087643,15.547051769731498,15.888014220348051,16.18542872834896,16.438480101240813,16.64647474279991,16.808842554171264,16.925138496469955,16.995043810601775,17.018366890959744,16.99504381060177,16.925138496469955,16.808842554171267,16.646474742799914,16.43848010124082,16.185428728348967,15.888014220348058,15.547051769731508,15.163475930876444,14.73833805849513,14.272803425944803,13.76814803129436,13.225755099902415
0.8613797935076746,1.7203986048751299,2.5747019232500636,3.4219481626186763,4.25981507993028,5.086006140203883,5.898256811171222,6.69434077020189,7.472076006499303,8.229330801840588,8.964029573467801,9.674158563116192,10.357771356585602,11.012994218726465,11.638031229217605,12.231169205059173,12.790782396287776,13.315336942044539,13.80339507478088,14.253619061079444,14.664774868288536,15.035735546919652,15.365484319537817,15.653117367677858,15.897846309147937,16.099000358930386,16.256028167756806,16.368499333318066,16.436105579967144,16.458661603681215,16.436105579967137,16.368499333318066,16.256028167756813,16.09900035893039,15.897846309147939,15.653117367677865,15.365484319537831,15.035735546919659,14.664774868288545,14.253619061079455,13.80339507478086,13.315336942044517,12.79078239628779
0.8321704088345382,1.6620598964219266,2.4873937933615893,3.3059099168102426,4.115364770967927,4.913539696343861,5.6982469509481515,6.46733570674013,7.218697944898875,7.950274233756246,8.660059373555677,9.346107892565538,10.00653937948187,10.63954363750507,11.243385645963436,11.816410315884452,12.357047026478195,12.863813930100173,13.335322013892485,13.770278906971557,14.167492422727005,14.52587382652208,14.844440819839765,15.122320232694705,15.358750416931414,15.553083333848964,15.704786330430009,15.813443599305652,15.878757318454587,15.900548467512527,15.878757318454584,15.813443599305652,15.70478633043001,15.553083333848974,15.358750416931418,15.122320232694708,14.844440819839773,14.525873826522089,14.167492422727012,13.77027890697157,13.335322013892464,12.86381393010015,12.35704702647821
0.80307188503698,1.603942605857925,2.4004170314848974,3.190312080879484,3.9714627066162818,4.741727829127205,5.498996205252029,6.241192215008745,6.966281550724024,7.672276792929111,8.357242857738203,9.019302300779062,9.6566404631375,10.267510445211327,10.850237894840692,11.403225596591168,11.924957849609836,12.414004622056382,12.869025470720752,13.288773215084841,13.672097355757712,14.017947227914288,14.325374881094714,14.59353767747066,14.821700601457023,15.00923827433857,15.155636668389512,15.26049451578779,15.323524408462262,15.344553585858256,15.323524408462259,15.260494515787794,15.155636668389516,15.009238274338571,14.821700601457028,14.593537677470664,14.32537488109472,14.017947227914297,13.672097355757721,13.28877321508485,12.86902547072073,12.414004622056359,11.924957849609847
0.7742303196098214,1.546338527729691,2.3142083294297273,3.0757350469574187,3.828831388513147,4.571433169371744,5.301504969669589,6.0170457133486135,6.716094152967021,7.396734245342175,8.057100403291539,8.695382609077663,9.30983137554094,9.898762541322302,10.46056188703241,10.993689559714984,11.496684293476328,11.96816741471398,12.406846620965018,12.8115195230173,13.181076940574819,13.514505942443654,13.810892622906037,14.06942460667241,14.289393275545606,14.47019571069408,14.611336345210514,14.712428322426263,14.773194556258591,14.793468490684383,14.773194556258591,14.712428322426266,14.61133634521052,14.470195710694084,14.289393275545612,14.069424606672413,13.810892622906042,13.51450594244366,13.181076940574831,12.811519523017306,12.406846620965,11.96816741471396,11.496684293476337
0.7455694629770963,1.4890953718800788,2.2285397738744885,2.961875903252584,3.6870937366573577,4.402205502416673,5.10525112888749,5.794303616875632,6.467474321406978,7.122918128372023,7.758838511855169,8.373492458287568,8.965195243926132,9.53232505256417,10.073327420816884,10.586719498797617,11.071094114505959,11.525123630788755,11.94756358430108,12.33725609649377,12.693133047278158,13.014219002668819,13.29963388838043,13.54859540205021,13.760421157474289,13.934530554980878,14.070446372813606,14.167796075163189,14.22631283326218,14.245836256744077,14.226312833262178,14.167796075163189,14.07044637281361,13.934530554980883,13.760421157474296,13.548595402050214,13.299633888380436,13.014219002668824,12.693133047278168,12.337256096493782,11.947563584301063,11.525123630788736,11.07109411450597
0.7171268119306696,1.4322880291167195,2.1435234443720805,2.848883610860881,3.546435185395808,4.234266227597229,4.910491440389112,5.573257337466917,6.22074732357505,6.851186673668152,7.462847397308876,8.054052974969737,8.623182953256567,9.168677386458617,9.689041112251298,10.182847849832363,10.648744109258073,11.085452901265436,11.491777237410812,11.866603410932065,12.208904049341466,12.51774093038214,12.79226755363014,13.031731460693251,13.23547629764715,13.402943614055877,13.533674393645665,13.627310312436641,13.683594720883953,13.702373347336334,13.683594720883951,13.627310312436641,13.533674393645668,13.402943614055884,13.235476297647157,13.031731460693255,12.792267553630145,12.51774093038215,12.208904049341475,11.866603410932074,11.491777237410798,11.085452901265418,10.648744109258084
0.6891054334812372,1.376322076868442,2.059766317109925,2.737564881048788,3.407859969934521,4.068814351520083,4.718616395788012,5.355485040502048,5.977674672975225,6.583479914672891,7.171240295536519,7.739344805216879,8.286236308741403,8.81041581451289,9.310446582941257,9.784958064447057,10.232649656042273,10.652294266193028,11.042741678192044,11.402921702822677,11.731847111673266,12.028616343061456,12.29241597315218,12.522522945495854,12.71830655287582,12.879230166033002,13.004852704529403,13.094829845718914,13.148914968511772,13.16695982934581,13.148914968511768,13.094829845718914,13.004852704529405,12.879230166033008,12.718306552875823,12.522522945495858,12.292415973152185,12.028616343061461,11.731847111673277,11.402921702822685,11.04274167819203,10.652294266193012,10.23264965604228
