hough_viz/data/file_4_2_0.json
{"header": {"discipline": 0, "disciplineName": "Meteorological products", "gribEdition": 2, "gribLength": 133963, "center": 7, "centerName": "US National Weather Service - NCEP(WMC)", "subcenter": 0, "refTime": "2014-11-30T06:00:00.000Z", "significanceOfRT": 1, "significanceOfRTName": "Start of forecast", "productStatus": 0, "productStatusName": "Operational products", "productType": 1, "productTypeName": "Forecast products", "productDefinitionTemplate": 0, "productDefinitionTemplateName": "Analysis/forecast at horizontal level/layer at a point in time", "parameterCategory": 2, "parameterCategoryName": "Momentum", "parameterNumber": 3, "parameterNumberName": "V-component_of_wind", "parameterUnit": "m.s-1", "genProcessType": 2, "genProcessTypeName": "Forecast", "forecastTime": 6, "surface1Type": 100, "surface1TypeName": "Isobaric surface", "surface1Value": 85000, "surface2Type": 255, "surface2TypeName": "Missing", "surface2Value": 0, "gridDefinitionTemplate": 0, "gridDefinitionTemplateName": "Latitude_Longitude", "numberPoints": 65160, "shape": 6, "shapeName": "Earth spherical with radius of 6,371,229.0 m", "gridUnits": "degrees", "resolution": 48, "winds": "true", "scanMode": 0, "nx": 360, "ny": 181, "basicAngle": 0, "subDivisions": 0, "lo1": 0, "la1": 90, "lo2": 359, "la2": -90, "dx": 1, "dy": 1}, "data":
[rows 100 to 119 of 181, columns 0 to 44 of 360]
0.0,1.3249281134946802,2.6434013104017224,3.948996121838257,5.235351821120899,6.496201412586766,7.725402163766389,8.916965532158855,10.065086340808882,11.164171060545433,12.208865061093555,13.194078698294852,14.11501211034221,14.96717860222404,15.74642650445136,16.44895939957426,17.071354617946046,17.610579912625763,18.06400823218047,18.429430519415753,18.70506647368032,18.88957322431182,18.98205187296774,18.98205187296774,18.889573224311828,18.70506647368032,18.429430519415753,18.064008232180473,17.610579912625763,17.071354617946042,16.448959399574264,15.746426504451371,14.967178602224042,14.115012110342214,13.194078698294852,12.208865061093558,11.164171060545437,10.065086340808882,8.91696553215886,7.725402163766396,6.4962014125867675,5.23535182112091,3.948996121838257,2.643401310401728,1.3249281134946844
0.0,1.4070131652642952,2.807171503819891,4.193653584984769,5.559704607428188,6.898669307883767,8.204024384923148,9.469410279824839,10.688662159705007,11.855839951963661,12.965257283721211,14.011509185255576,14.989498422471353,15.894460330111963,16.721986024729834,17.468043884323375,18.12899918999413,18.701631833931856,19.183152007456126,19.571213792683764,19.863926591604976,20.05986433688681,20.158072439529846,20.158072439529846,20.059864336886815,19.863926591604976,19.571213792683764,19.18315200745613,18.701631833931856,18.12899918999413,17.468043884323382,16.72198602472984,15.894460330111963,14.989498422471355,14.011509185255573,12.965257283721213,11.855839951963665,10.688662159705007,9.469410279824844,8.204024384923157,6.89866930788377,5.559704607428197,4.1936535849847685,2.807171503819898,1.4070131652642996
0.0,1.4733125549327353,2.9394472791946975,4.391261311784631,5.8216815606715935,7.223739162188349,8.590603432634643,9.915615146681578,11.19231898044803,12.41449496118971,13.576188770381142,14.671740752557001,15.695813488584625,16.64341779903352,17.509937050956033,18.291149649659,18.983249605888766,19.58286507822822,20.087074800369262,20.493422313228596,20.799927932569492,21.005098393824355,21.10793412712961,21.10793412712961,21.005098393824355,20.799927932569492,20.493422313228596,20.087074800369262,19.58286507822822,18.983249605888766,18.29114964965901,17.509937050956037,16.643417799033525,15.695813488584625,14.671740752557001,13.576188770381147,12.41449496118971,11.19231898044803,9.915615146681587,8.590603432634648,7.223739162188352,5.821681560671605,4.391261311784631,2.9394472791947046,1.4733125549327397
0.0,1.5292411419088272,3.051031974693056,4.5579584863852425,6.042679082496144,7.497960353525103,8.916712315404027,10.292022951187091,11.617191885702496,12.88576302910681,14.09155603030568,15.228696387003165,16.29164406568637,17.2752204921119,18.174633780798942,18.985502080613728,19.70387492270777,20.326252466804956,20.84960255207162,21.27137546949931,21.589516383830784,21.80247534451083,21.909214836889586,21.909214836889586,21.80247534451084,21.589516383830784,21.27137546949931,20.84960255207162,20.326252466804956,19.703874922707765,18.985502080613735,18.174633780798946,17.2752204921119,16.291644065686373,15.228696387003161,14.091556030305686,12.885763029106814,11.617191885702496,10.292022951187096,8.916712315404032,7.497960353525106,6.042679082496155,4.557958486385242,3.0510319746930628,1.529241141908832
0.0,1.5705761402391754,3.1335005913968663,4.68115894265165,6.206011158086286,7.700628310984786,9.15772877681662,10.57021370857948,11.931201621668308,13.234061919776563,14.472447198494915,15.640324169227512,16.732003052767507,17.7421652993295,18.66588949998937,19.498675363293945,20.236465640228545,20.875665890726363,21.41316199541916,21.846335327313795,22.173075509479702,22.391790696593183,22.501415330247795,22.501415330247795,22.391790696593187,22.173075509479702,21.846335327313795,21.413161995419163,20.875665890726363,20.23646564022854,19.49867536329395,18.665889499989373,17.7421652993295,16.73200305276751,15.640324169227508,14.47244719849492,13.234061919776567,11.931201621668308,10.57021370857949,9.157728776816626,7.70062831098479,6.206011158086298,4.68115894265165,3.133500591396873,1.5705761402391802
0.0,1.594441431482299,3.181114904583108,4.752290305633339,6.300313026013078,7.81764125463533,9.296882720891551,10.730830709050974,12.112499168655226,13.435156749853954,14.692359597864623,15.877982746785316,16.986249959812923,18.011761870488193,18.94952228786642,19.794962537457472,20.543963719348717,21.192876775071305,21.738540265446264,22.1782957727984,22.510000852499957,22.7320394707455,22.843329877706203,22.843329877706203,22.732039470745505,22.510000852499957,22.1782957727984,21.738540265446268,21.192876775071305,20.543963719348714,19.79496253745748,18.949522287866422,18.011761870488197,16.986249959812923,15.877982746785316,14.692359597864627,13.435156749853956,12.112499168655226,10.730830709050977,9.296882720891556,7.817641254635335,6.300313026013089,4.752290305633339,3.1811149045831146,1.594441431482304
0.0,1.607326441769855,3.206822150683296,4.790694544427243,6.351227155909674,7.880817227111632,9.372012748960081,10.817548766767024,12.210382774358475,13.543729024456642,14.811091588158531,16.006296002448632,17.123519351562052,18.157318635644806,19.102657288501995,19.95492971524199,20.70998373027185,21.36414078632811,21.914213895989302,22.35752315835831,22.69190881527016,22.91574177341672,23.027931541125504,23.027931541125504,22.915741773416723,22.69190881527016,22.35752315835831,21.914213895989302,21.36414078632811,20.709983730271844,19.954929715241995,19.102657288501998,18.157318635644813,17.123519351562056,16.006296002448632,14.811091588158533,13.543729024456644,12.210382774358475,10.817548766767029,9.372012748960088,7.8808172271116375,6.351227155909684,4.790694544427243,3.206822150683303,1.6073264417698603
0.0,1.605322049101778,3.20282313054674,4.784720379646332,6.343306952014699,7.870989570539837,9.360325519066407,10.804058902560719,12.195155997101956,13.526839517478109,14.79262163543826,15.986335587739685,17.10216571999847,18.13467581997312,19.07883560224409,19.93004521525878,20.68415765134587,21.33749895051986,21.886886099644805,22.329642539754385,22.6636112059781,22.887165036544516,22.99921489966268,22.99921489966268,22.887165036544516,22.6636112059781,22.329642539754385,21.88688609964481,21.33749895051986,20.68415765134587,19.930045215258787,19.078835602244098,18.134675819973122,17.102165719998474,15.986335587739681,14.792621635438266,13.526839517478113,12.195155997101956,10.804058902560724,9.360325519066414,7.87098957053984,6.343306952014711,4.784720379646332,3.202823130546747,1.6053220491017828
0.0,1.5857026531809086,3.163679922429793,4.726244061108592,6.265782413802064,7.774794504409737,9.245928577711537,10.672017416380216,12.046113258943732,13.361521648580744,14.611834047841326,15.790959060397253,16.893152107712574,17.913043416052833,18.845664177482913,19.68647075739983,20.431366830663823,21.07672333848263,21.61939616882117,22.056741474199313,22.386628552251064,22.60745022629228,22.71813067532395,22.71813067532395,22.607450226292283,22.386628552251064,22.056741474199313,21.61939616882117,21.07672333848263,20.431366830663823,19.686470757399835,18.845664177482917,17.913043416052837,16.893152107712577,15.790959060397249,14.611834047841329,13.361521648580744,12.046113258943732,10.672017416380223,9.24592857771154,7.774794504409741,6.265782413802076,4.726244061108592,3.1636799224298002,1.5857026531809135
0.0,1.555486623532986,3.103395072593088,4.636184092811698,6.1463860901577245,7.626643512305073,9.069744693887994,10.468658991009846,11.816571033833414,13.106913930377718,14.333401259755597,15.490057698984407,16.571248134158918,17.571705114159847,18.48655451314621,19.311339276806486,20.0420411366792,20.675100186752935,21.207432226970617,21.63644378914213,21.960044772060673,22.17665862426571,22.28523002484326,22.28523002484326,22.176658624265713,21.960044772060673,21.63644378914213,21.20743222697062,20.675100186752935,20.0420411366792,19.311339276806486,18.486554513146213,17.571705114159847,16.57124813415892,15.490057698984403,14.3334012597556,13.106913930377718,11.816571033833414,10.468658991009852,9.069744693888001,7.626643512305076,6.146386090157735,4.636184092811697,3.103395072593095,1.555486623532991
0.0,1.511387790195425,3.015412251001187,4.50474592642825,5.972132932517233,7.410424307275695,8.812612839702355,10.171867208214735,11.481565262161201,12.735326284273327,13.927042076878992,15.05090672042748,16.101444859345897,17.07353837742116,17.9624513327477,18.763853030760394,19.47383912294313,20.08895062842235,20.606190785774146,21.023039652944718,21.33746638415469,21.547939123975688,21.653432470375936,21.653432470375936,21.547939123975688,21.33746638415469,21.023039652944718,20.60619078577415,20.08895062842235,19.473839122943126,18.763853030760394,17.962451332747705,17.073538377421162,16.1014448593459,15.05090672042748,13.927042076879,12.735326284273333,11.481565262161201,10.171867208214739,8.81261283970236,7.410424307275699,5.972132932517243,4.5047459264282494,3.0154122510011936,1.5113877901954298
0.0,1.4510683073589807,2.8950671557853833,4.324961528039934,5.733785122473486,7.114674292148413,8.46090148383655,9.765908013982282,11.023336021949529,12.227059444879703,13.371213863254138,14.450225071756519,15.458836236240842,16.39213350449899,17.24556994605472,18.014987704351892,18.696638253413695,19.287200660284377,19.783797764280777,20.184010194230005,20.48588815540255,20.687960928716254,20.789244035931812,20.789244035931812,20.687960928716254,20.48588815540255,20.184010194230005,19.78379776428078,19.287200660284377,18.696638253413695,18.014987704351896,17.245569946054722,16.392133504498993,15.458836236240849,14.450225071756515,13.371213863254143,12.227059444879705,11.023336021949529,9.765908013982285,8.460901483836555,7.114674292148416,5.7337851224734955,4.324961528039933,2.89506715578539,1.4510683073589852
0.0,1.3814534179491362,2.756176533709236,4.1174718344470005,5.458707226294162,6.773348345242148,8.05499039190671,9.297389335066706,10.494492331956563,11.64046721710781,12.72973091607298,13.756976645603121,14.717199767762338,15.605722172020764,16.418215066538814,17.150720067605896,17.79966848448795,18.361898705730002,18.834671602209337,19.215683871897284,19.50307926131513,19.69545760901452,19.79188166702327,19.79188166702327,19.69545760901452,19.50307926131513,19.215683871897284,18.83467160220934,18.361898705730002,17.79966848448795,17.1507200676059,16.418215066538814,15.605722172020764,14.717199767762338,13.756976645603116,12.729730916072981,11.640467217107812,10.494492331956563,9.297389335066713,8.054990391906715,6.773348345242151,5.4587072262941705,4.117471834447,2.756176533709242,1.3814534179491407
0.0,1.300075738082213,2.5938176378516458,3.8749227188191018,5.137149565806342,6.374348736493443,7.580492720883639,8.749705306726158,9.876290207831605,10.95475881580572,11.97985693999773,12.946590405389083,13.850249383712097,14.686431339259865,15.451062477597675,16.140417592680002,16.751138215679887,17.280248977111512,17.7251721025312,18.083739971195428,18.354205676491176,18.53525153668936,18.625995514557758,18.625995514557758,18.53525153668936,18.354205676491176,18.083739971195428,17.725172102531207,17.280248977111512,16.751138215679887,16.140417592680002,15.451062477597679,14.686431339259869,13.8502493837121,12.946590405389081,11.979856939997733,10.95475881580572,9.876290207831605,8.749705306726163,7.580492720883643,6.374348736493445,5.137149565806351,3.874922718819101,2.593817637851651,1.3000757380822174
0.0,1.205256560266224,2.4046412317227968,3.5923107328121073,4.762478857108969,5.909444663136697,7.027620248780923,8.111557974987008,9.155977006109909,10.155789037614635,11.106123085784446,12.002349218663904,12.840101112621953,13.615297324641762,14.32416117670082,14.963239155366635,15.529417736967043,16.01993855636456,16.43241184543406,16.764828075772876,17.015567748921143,17.18340928639556,17.26753498109692,17.26753498109692,17.183409286395563,17.015567748921143,16.764828075772876,16.432411845434064,16.01993855636456,15.529417736967043,14.963239155366638,14.324161176700821,13.615297324641768,12.840101112621959,12.002349218663902,11.106123085784448,10.155789037614639,9.155977006109909,8.111557974987011,7.027620248780928,5.909444663136701,4.762478857108978,3.5923107328121064,2.404641231722802,1.2052565602662277
0.0,1.1031957287333047,2.201016798769068,3.288114736206663,4.359193309169597,5.409034330514835,6.432523080316035,7.424673224264895,8.380651106590678,9.295799299145257,10.165659291924875,10.985993214482734,11.752804482407809,12.462357268282371,13.111194702257631,13.696155713576177,14.214390430990939,14.663374067051443,15.040919218614475,15.345186523652332,15.574693622439712,15.728322379461293,15.805324330855573,15.805324330855573,15.728322379461293,15.574693622439712,15.345186523652332,15.040919218614475,14.663374067051443,14.214390430990937,13.696155713576182,13.111194702257636,12.462357268282375,11.752804482407809,10.985993214482733,10.165659291924877,9.295799299145257,8.380651106590678,7.424673224264899,6.432523080316039,5.409034330514838,4.359193309169605,3.2881147362066625,2.2010167987690727,1.1031957287333083
0.0,0.992320111398562,1.9798057389620585,2.9576459519747096,3.9210768112108703,4.865404578368076,5.78602858348823,6.6784636389591885,7.538361890897956,8.361534001457754,9.14396955886091,9.881856615721901,10.57160026047185,11.20984013140632,11.793466788029772,12.319636859937074,12.785786899428334,13.18964587036838,13.529246212446559,13.802933426932773,14.009374137228988,14.147562584945984,14.216825529857143,14.216825529857143,14.147562584945984,14.009374137228988,13.802933426932773,13.52924621244656,13.18964587036838,12.785786899428334,12.319636859937077,11.793466788029773,11.20984013140632,10.57160026047185,9.881856615721901,9.143969558860913,8.361534001457755,7.538361890897956,6.678463638959193,5.786028583488233,4.865404578368079,3.9210768112108787,2.9576459519747087,1.9798057389620636,0.9923201113985651
0.0,0.8718766483177123,1.739505601245555,2.5986598577386206,3.445153704621159,4.274863108960424,5.083745809940569,5.867861012351026,6.623388585744635,7.34664767572919,8.03411463672003,8.682440198787155,9.288465784961623,9.849238899505075,10.36202751217217,10.824333368387322,11.233904160489882,11.58874450075063,11.887125642700244,12.127593903408314,12.308977745680455,12.430393485669759,12.491249598095663,12.491249598095663,12.43039348566976,12.308977745680455,12.127593903408314,11.887125642700248,11.58874450075063,11.23390416048988,10.824333368387327,10.362027512172173,9.849238899505076,9.288465784961625,8.682440198787155,8.034114636720034,7.346647675729192,6.623388585744635,5.867861012351031,5.083745809940572,4.2748631089604245,3.445153704621166,2.59865985773862,1.7395056012455588,0.8718766483177152
0.0,0.746765623741416,1.489893080428582,2.2257619277914285,2.9507870867748807,3.6614363076836485,4.35424737894767,5.025844994668877,5.672957198772227,6.292431325646825,6.881249359615853,7.436542638405602,7.95560582897969,8.435910107649692,8.87511548024994,9.271082182353904,9.621881103991358,9.925803188078275,10.18136775677112,10.387329725180486,10.542685667299503,10.646678704594496,10.698802193441106,10.698802193441106,10.646678704594498,10.542685667299503,10.387329725180486,10.18136775677112,9.925803188078275,9.621881103991358,9.271082182353906,8.875115480249944,8.435910107649692,7.955605828979692,7.4365426384056015,6.881249359615856,6.292431325646826,5.672957198772227,5.02584499466888,4.354247378947673,3.6614363076836494,2.9507870867748864,2.225761927791428,1.4898930804285848,0.7467656237414184
0.0,0.6162722680799195,1.2295421196172254,1.836821765540898,2.435152600459533,3.0216196166894136,3.5933656058789243,4.147605079040441,4.681637837172677,5.192862126358798,5.678787313249973,6.1370460191807,6.5654056537996865,6.961779292025632,7.324235841336433,7.651009449857856,7.940508109416353,8.191321411642857,8.402227419340585,8.572198619640234,8.700406929939387,8.786227732237723,8.829242916213119,8.829242916213119,8.786227732237725,8.700406929939387,8.572198619640234,8.402227419340587,8.191321411642857,7.940508109416353,7.65100944985786,7.324235841336434,6.961779292025632,6.565405653799688,6.1370460191806995,5.678787313249975,5.192862126358799,4.681637837172677,4.147605079040443,3.5933656058789265,3.0216196166894145,2.4351526004595376,1.8368217655408974,1.2295421196172283,0.6162722680799214
