hough_viz/data/file_3_0_2.json
{"header": {"discipline": 0, "disciplineName": "Meteorological products", "gribEdition": 2, "gribLength": 133963, "center": 7, "centerName": "US National Weather Service - NCEP(WMC)", "subcenter": 0, "refTime": "2014-11-30T06:00:00.000Z", "significanceOfRT": 1, "significanceOfRTName": "Start of forecast", "productStatus": 0, "productStatusName": "Operational products", "productType": 1, "productTypeName": "Forecast products", "productDefinitionTemplate": 0, "productDefinitionTemplateName": "Analysis/forecast at horizontal level/layer at a point in time", "parameterCategory": 2, "parameterCategoryName": "Momentum", "parameterNumber": 3, "parameterNumberName": "V-component_of_wind", "parameterUnit": "m.s-1", "genProcessType": 2, "genProcessTypeName": "Forecast", "forecastTime": 6, "surface1Type": 100, "surface1TypeName": "Isobaric surface", "surface1Value": 85000, "surface2Type": 255, "surface2TypeName": "Missing", "surface2Value": 0, "gridDefinitionTemplate": 0, "gridDefinitionTemplateName": "Latitude_Longitude", "numberPoints": 65160, "shape": 6, "shapeName": "Earth spherical with radius of 6,371,229.0 m", "gridUnits": "degrees", "resolution": 48, "winds": "true", "scanMode": 0, "nx": 360, "ny": 181, "basicAngle": 0, "subDivisions": 0, "lo1": 0, "la1": 90, "lo2": 359, "la2": -90, "dx": 1, "dy": 1}, "data":
[rows 133 to 151 of 181, columns 132 to 175 of 360]
2.369476137759271,2.53691232262483,2.697395007152697,2.850484319459579,2.995760652381562,3.13282581358814,3.2613041169997183,3.3808434125170765,3.491116051240267,3.591819783531508,3.6826785874604226,3.763443425360959,3.833892926426324,3.893833993470986,3.943102332196626,3.9815629015113965,4.00911028366817,4.025668973207246,4.031193583911582,4.025668973207246,4.00911028366817,3.9815629015113974,3.9431023321966254,3.8938339934709867,3.833892926426325,3.7634434253609585,3.6826785874604226,3.591819783531508,3.491116051240269,3.380843412517078,3.261304116999722,3.1328258135881395,2.9957606523815627,2.8504843194595795,2.6973950071526995,2.5369123226248353,2.369476137759269,2.195545383500373,2.0155967919557902,1.8301235897068722,1.6396341459089048,1.4446505788865667,1.245707325043931,1.0433496740114045
2.316210712179831,2.47988295973362,2.6367580204693386,2.786405910749745,2.9284164561094923,3.062400415514779,3.1879905482459745,3.3048426204789405,3.412636348805966,3.511076278110355,3.599892591388367,3.6788418492988484,3.7477076574135624,3.8063012593392727,3.8544620540858903,3.8920580362626285,3.9189861578956102,3.935172610875188,3.940573029258851,3.935172610875188,3.918986157895611,3.89205803626263,3.8544620540858885,3.8063012593392727,3.7477076574135637,3.6788418492988475,3.5998925913883664,3.511076278110355,3.4126363488059672,3.3048426204789423,3.187990548245978,3.0624004155147775,2.9284164561094936,2.786405910749748,2.63675802046934,2.4798829597336245,2.316210712179829,2.1461898920617823,1.9702865146294246,1.7889827188134033,1.6027754457157852,1.412175076529009,1.2177040336165532,1.0198953485895237
2.2588973778661496,2.4185196475001436,2.571512922889587,2.717457860101054,2.855954434206169,2.9866230357220864,3.109105511094704,3.2230661443726913,3.3281925773815324,3.4241966658755985,3.510815269321493,3.587810972147955,3.654972734485441,3.7121164706117433,3.7590855535181507,3.7957512442131973,3.822013044587291,3.8377989728710387,3.8430657609322836,3.8377989728710387,3.822013044587291,3.795751244213198,3.7590855535181498,3.7121164706117433,3.6549727344854412,3.587810972147955,3.510815269321493,3.4241966658755985,3.328192577381534,3.2230661443726927,3.1091055110947075,2.986623035722085,2.8559544342061702,2.7174578601010557,2.571512922889588,2.418519647500148,2.2588973778661487,2.0930836275334497,1.921532880466141,1.7447153453375874,1.5631156667211463,1.377231596713054,1.1875726306285659,0.9946586105106865
2.199642288721562,2.35507736866323,2.50405734523682,2.6461738746820003,2.7810374254699735,2.908278345982277,3.027547877700186,3.1385191111275974,3.2408878818271942,3.3343736041140555,3.4187200401215097,3.493696002131307,3.559095986243093,3.6147407356463166,3.660477731950681,3.696181613228456,3.7217545176228057,3.737126351580336,3.742254981972653,3.737126351580336,3.721754517622806,3.696181613228457,3.6604777319506803,3.6147407356463175,3.5590959862430935,3.493696002131307,3.4187200401215097,3.334373604114055,3.2408878818271956,3.1385191111275983,3.0275478777001896,2.9082783459822763,2.781037425469975,2.646173874682003,2.5040573452368213,2.355077368663234,2.1996422887215608,2.038178142161763,1.8711274909863256,1.6989482094185713,1.5221122289012494,1.3411042445652266,1.1564203867138636,0.9685668609643133
2.138282291496771,2.2893814409452133,2.434205554996985,2.5723576808220567,2.7034591530463894,2.827150631647367,2.943093086879822,3.050968728533039,3.1504818769715808,3.2413597735726514,3.323353328338517,3.3962378026348636,3.4598134251837824,3.513905939622956,3.5583670821302307,3.593074987804448,3.617934524688675,3.6328775545202747,3.6378631194931583,3.6328775545202747,3.617934524688675,3.593074987804449,3.55836708213023,3.513905939622956,3.459813425183783,3.3962378026348636,3.323353328338517,3.2413597735726505,3.1504818769715817,3.0509687285330402,2.943093086879826,2.8271506316473656,2.7034591530463907,2.5723576808220585,2.434205554996987,2.289381440945218,2.13828229149677,1.9813222589175095,1.8189315597465783,1.6515552956027635,1.479652233191909,1.303693546859235,1.1241615271332472,0.9415482588008969
2.073902734200182,2.220452579570268,2.3609163187615265,2.494908950428334,2.6220632100810164,2.7420305767322484,2.854482228168859,2.959109942230692,3.0556269416260786,3.143768679968491,3.2232935668797933,3.293983630172666,3.35564511329723,3.408109006414279,3.451231509639499,3.4848944271889573,3.509005491345532,3.5234986153583105,3.528334074581778,3.5234986153583105,3.509005491345533,3.484894427188958,3.4512315096394977,3.40810900641428,3.3556451132972303,3.2939836301726655,3.2232935668797933,3.1437686799684905,3.05562694162608,2.9591099422306932,2.8544822281688624,2.7420305767322475,2.6220632100810177,2.4949089504283357,2.3609163187615283,2.2204525795702725,2.073902734200181,1.921668465590858,1.7641670372908882,1.601830149767451,1.4351027571453556,1.2644418476186885,1.0903151908779738,0.9132000559859423
2.0081641190730104,2.150068624175755,2.286079940629079,2.4158252708686,2.53894899196263,2.6551136303498737,2.764000786831008,2.8653120092787825,2.9587696106745187,3.0441174302289475,3.121121535501129,3.189570863591,3.249277799648118,3.300078691110934,3.3418342962670713,3.374430165905194,3.3977769570123355,3.411810677656887,3.4164928623860344,3.411810677656887,3.3977769570123364,3.3744301659051947,3.3418342962670704,3.3000786911109343,3.2492777996481195,3.189570863590999,3.1211215355011284,3.044117430228947,2.95876961067452,2.8653120092787843,2.764000786831011,2.6551136303498732,2.5389489919626316,2.415825270868601,2.286079940629081,2.150068624175759,2.008164119073009,1.8607553757056572,1.7082464311930163,1.5510553019512288,1.3896128379393302,1.2243615417294387,1.0557543556379942,0.8842534202423316
1.9409892464035947,2.0781469198251252,2.209608536989643,2.3350137707422727,2.454018894054118,2.566297722154126,2.6715425065788714,2.7694647786897315,2.859796140345338,2.9422889995622477,3.0167172491473617,3.082876886442006,3.1405865724790574,3.1896881290204413,3.2300469721126825,3.261552480972175,3.2841183011890562,3.2976825814186426,3.302208142911666,3.2976825814186426,3.284118301189057,3.2615524809721754,3.2300469721126817,3.1896881290204417,3.1405865724790583,3.0828768864420057,3.016717249147361,2.9422889995622477,2.859796140345339,2.7694647786897324,2.6715425065788745,2.566297722154125,2.4540188940541197,2.335013770742273,2.2096085369896445,2.078146919825129,1.9409892464035936,1.7985114563741749,1.6511040714558323,1.4991711250444666,1.3431290547854662,1.18340556114705,1.020438435123041,0.8546743582781662
1.871828856137676,2.004099393662202,2.1308768340519473,2.2518136891549827,2.366578479457699,2.474856642647077,2.57635139580413,2.6707845488652784,2.7578972671219426,2.837450780668514,2.909227038854059,2.9730293079439973,3.028682710353593,3.0760347039752656,3.114955500285892,3.1453384200881365,3.1671001859107126,3.1801811502661415,3.1845454591403732,3.1801811502661415,3.1671001859107126,3.1453384200881365,3.114955500285891,3.0760347039752656,3.0286827103535936,2.973029307943997,2.9092270388540586,2.837450780668514,2.757897267121944,2.6707845488652793,2.576351395804133,2.474856642647076,2.3665784794577003,2.251813689154984,2.1308768340519486,2.0040993936622056,1.871828856137675,1.7344277658276996,1.5922727295701862,1.445753384438441,1.2952713297730412,1.1412390264259344,0.9840786662339464,0.8242210148202803
1.8018720505793209,1.9291991744769221,2.051238497534279,2.1676555184497275,2.2781311462609977,2.3823625749513226,2.480064113419693,2.5709679685403275,2.654824979164984,2.731405299056369,2.8004990268806966,2.8619167815326447,2.9154902212158076,2.961072504855859,2.9985386945817276,3.0277860981716156,3.0487345505252463,3.061326633390828,3.0655278327444915,3.061326633390828,3.0487345505252463,3.0277860981716156,2.9985386945817263,2.96107250485586,2.915490221215808,2.8619167815326443,2.800499026880696,2.731405299056368,2.6548249791649847,2.5709679685403284,2.4800641134196955,2.3823625749513218,2.2781311462609986,2.167655518449729,2.0512384975342797,1.9291991744769255,1.80187205057932,1.6696061206376671,1.532763916372245,1.3917205127531598,1.2468624999459301,1.0985869236946932,0.9473001970474503,0.7934169864061295
1.7310975236706332,1.853423450644402,1.9706692727698452,2.0825136273981624,2.1886499569275317,2.2887873490561583,2.382651334152675,2.469984637558347,2.5505478847589966,2.624120257493931,2.690500099003439,2.749505466755947,2.8009746311398573,2.8447665187531737,2.8807610990758836,2.908859713465276,2.9289853455724195,2.941082832438623,2.945119015693275,2.941082832438623,2.9289853455724195,2.9088597134652763,2.8807610990758823,2.8447665187531737,2.800974631139858,2.749505466755947,2.6905000990034385,2.6241202574939306,2.550547884758998,2.469984637558348,2.382651334152677,2.2887873490561574,2.1886499569275335,2.0825136273981637,1.9706692727698467,1.8534234506444054,1.7310975236706323,1.6040267787115918,1.472559507846637,1.3370560537270306,1.19788782190179,1.0554362628208738,0.9100918263060405,0.7622528913550094
1.6593456240093412,1.776601289187816,1.8889874137226734,1.9961959550584172,2.097933062035229,2.193919880314543,2.2838933166994115,2.367606760254689,2.4448307582504345,2.515353645075917,2.578982122400337,2.635541788990105,2.6848776187305154,2.7268543855415404,2.761357034023121,2.7882909948140173,2.80758244379986,2.8191785044599094,2.82304739279793,2.8191785044599094,2.80758244379986,2.788290994814018,2.7613570340231197,2.726854385541541,2.684877618730516,2.6355417889901047,2.578982122400336,2.5153536450759164,2.444830758250436,2.3676067602546897,2.2838933166994138,2.1939198803145423,2.0979330620352297,1.9961959550584183,1.8889874137226748,1.7766012891878187,1.6593456240093405,1.5375418078151528,1.4115236963989644,1.2816366966447557,1.1482368197905228,1.0116897056262018,0.872369620300449,0.7306584304831214
1.5873250960024603,1.6994915170862972,1.8069997500520132,1.909555122305844,2.006876536700987,2.0986972420053123,2.1847655640479524,2.2648455955407343,2.3387178426836246,2.4061798267820014,2.4670466392266794,2.5211514483155466,2.5683459565276676,2.6085008069964863,2.641505938067996,2.667270884972087,2.6857250277801956,2.6968177849696167,2.700518752063942,2.6968177849696167,2.685725027780196,2.667270884972087,2.641505938067995,2.6085008069964877,2.5683459565276685,2.521151448315546,2.4670466392266786,2.406179826782001,2.3387178426836255,2.264845595540735,2.1847655640479546,2.0986972420053114,2.006876536700988,1.9095551223058456,1.8069997500520145,1.6994915170863003,1.5873250960024594,1.4708079271640906,1.3502593760319703,1.2260098578055252,1.0983999317777393,0.9677793678857897,0.8345061880159842,0.6989456846906407
1.5150422638930487,1.6221009054779443,1.7247134812317817,1.822598737216922,1.9154883767506383,2.0031277957876483,2.0852767807721055,2.1617101670462815,2.2322184560112146,2.2966083893478215,2.35470347872452,2.4063444895394657,2.4513898773715375,2.4897161759437565,2.521218335535763,2.545810010917803,2.563423798017001,2.5740114186672396,2.577543852936251,2.5740114186672396,2.5634237980170016,2.5458100109178035,2.5212183355357625,2.489716175943757,2.4513898773715384,2.4063444895394657,2.3547034787245193,2.2966083893478215,2.2322184560112155,2.1617101670462824,2.0852767807721078,2.003127795787648,1.9154883767506397,1.822598737216923,1.724713481231783,1.622100905477947,1.5150422638930479,1.4038309967721143,1.2887719264681248,1.170180421895124,1.0483815341239568,0.9237091054398586,0.7965048543039824,0.6671174387268327
1.4427387218468928,1.544688120490045,1.6424036363648944,1.7356174380345397,1.8240740329478242,1.9075309677266323,1.9857594927137487,2.0585451889597906,2.1256885559306147,2.1870055583244308,2.242328130499774,2.2915046371317342,2.3344002888338498,2.370897511606448,2.400896269098797,2.4243143368018,2.4410875274196533,2.4511698668027626,2.454533719959694,2.4511698668027626,2.4410875274196533,2.424314336801801,2.400896269098797,2.370897511606448,2.3344002888338506,2.291504637131734,2.2423281304997738,2.1870055583244308,2.125688555930615,2.058545188959792,1.9857594927137512,1.9075309677266314,1.8240740329478256,1.7356174380345406,1.6424036363648955,1.5446881204900478,1.4427387218468917,1.3368348766506923,1.2272668599798464,1.1143349901520692,0.9983488055727643,0.8796262163117553,0.7584926327339043,0.6352800735719062
1.370648788265822,1.4675040383528126,1.5603369618756382,1.6488931102436506,1.732929757209643,1.812216564165596,1.8865362114847957,1.955684994179843,2.01947338024384,2.077726530144461,2.130284776046958,2.177004059452588,2.2177563260529554,2.2524298767179642,2.280929673655371,2.3031776009027647,2.3191126784379965,2.328691229321176,2.3318869994101283,2.328691229321176,2.319112678437997,2.3031776009027656,2.2809296736553706,2.2524298767179642,2.217756326052956,2.177004059452588,2.130284776046957,2.0777265301444605,2.0194733802438405,1.955684994179844,1.8865362114847977,1.8122165641655954,1.7329297572096438,1.648893110243652,1.5603369618756393,1.4675040383528155,1.3706487882658211,1.2700366851228195,1.165943499705064,1.0586545441983555,0.9484638901721785,0.835673562549952,0.7205927117797336,0.6035367664743121
1.2987811723698446,1.3905579837128246,1.4785233722789526,1.5624362310525597,1.6420665607204645,1.7171961000840836,1.787618924298206,1.8531420092966977,1.9135857608580285,1.9687845068605616,2.0185869513783237,2.0628565893726165,2.101472080842842,2.1343275834110114,2.1613330424283417,2.182414437808794,2.1975139869129805,2.2065903029263625,2.2096185082976345,2.2065903029263625,2.1975139869129805,2.1824144378087946,2.1613330424283417,2.134327583411012,2.101472080842842,2.0628565893726165,2.0185869513783237,1.9687845068605612,1.913585760858029,1.8531420092966986,1.7876189242982081,1.7171961000840832,1.6420665607204656,1.5624362310525604,1.4785233722789537,1.390557983712827,1.298781172369844,1.2034444921105676,1.1048092541488168,1.0031458108157942,0.8987328145431391,0.7918564540959698,0.6828096701493906,0.5718913523584503
1.2277788513509327,1.3145383689729266,1.3976948282980115,1.4770203032513036,1.5522973682198091,1.623319694000893,1.6898926133362853,1.7518336544815212,1.8089730413482863,1.8611541588488894,1.9082339821673282,1.950083468780364,1.9865879121541117,2.0176472561466787,2.0431763692550886,2.063105277954818,2.0773793584923634,2.0859594866051503,2.088822144758418,2.0859594866051503,2.077379358492364,2.063105277954818,2.043176369255088,2.017647256146679,1.9865879121541121,1.9500834687803634,1.9082339821673278,1.8611541588488891,1.8089730413482872,1.751833654481522,1.689892613336287,1.6233196940008927,1.5522973682198105,1.4770203032513045,1.3976948282980124,1.3145383689729289,1.2277788513509322,1.1376540772392438,1.0444110723792086,0.9483054093659051,0.8496005071414339,0.7485669089818919,0.6454815409570784,0.5406269528953733
1.1574200699030828,1.2392077687548069,1.317598885248654,1.392378554783206,1.4633418114821466,1.5302941499914582,1.593052058605082,1.6514435222577633,1.7053084940063667,1.7544993337074375,1.7988812126885712,1.8383324833044248,1.872745012364465,1.9020244775185244,1.9260906257878057,1.9448774935327204,1.958333587254639,1.9664220247359914,1.969120636131862,1.9664220247359914,1.9583335872546395,1.9448774935327209,1.9260906257878057,1.9020244775185249,1.8727450123644651,1.8383324833044248,1.7988812126885707,1.7544993337074373,1.7053084940063672,1.6514435222577637,1.5930520586050836,1.5302941499914577,1.4633418114821475,1.3923785547832068,1.3175988852486549,1.239207768754809,1.157420069903082,1.0724599630910336,0.9845603180659304,0.8939620616449573,0.8009135173515596,0.7056697247779138,0.6084917405391531,0.5096459227353168
