hough_viz/data/file_5_1_2.json
{"header": {"discipline": 0, "disciplineName": "Meteorological products", "gribEdition": 2, "gribLength": 133963, "center": 7, "centerName": "US National Weather Service - NCEP(WMC)", "subcenter": 0, "refTime": "2014-11-30T06:00:00.000Z", "significanceOfRT": 1, "significanceOfRTName": "Start of forecast", "productStatus": 0, "productStatusName": "Operational products", "productType": 1, "productTypeName": "Forecast products", "productDefinitionTemplate": 0, "productDefinitionTemplateName": "Analysis/forecast at horizontal level/layer at a point in time", "parameterCategory": 2, "parameterCategoryName": "Momentum", "parameterNumber": 2, "parameterNumberName": "U-component_of_wind", "parameterUnit": "m.s-1", "genProcessType": 2, "genProcessTypeName": "Forecast", "forecastTime": 6, "surface1Type": 100, "surface1TypeName": "Isobaric surface", "surface1Value": 85000, "surface2Type": 255, "surface2TypeName": "Missing", "surface2Value": 0, "gridDefinitionTemplate": 0, "gridDefinitionTemplateName": "Latitude_Longitude", "numberPoints": 65160, "shape": 6, "shapeName": "Earth spherical with radius of 6,371,229.0 m", "gridUnits": "degrees", "resolution": 48, "winds": "true", "scanMode": 0, "nx": 360, "ny": 181, "basicAngle": 0, "subDivisions": 0, "lo1": 0, "la1": 90, "lo2": 359, "la2": -90, "dx": 1, "dy": 1}, "data":
[rows 40 to 59 of 181, columns 135 to 179 of 360]
-7.069391124308532,-7.658627990985813,-8.189578074245668,-8.65820052335809,-9.060928838523331,-9.39469801408899,-9.656967865093682,-9.845742359608385,-9.959584809744689,-9.997628805717103,-9.959584809744687,-9.845742359608384,-9.656967865093685,-9.394698014088998,-9.060928838523328,-8.658200523358094,-8.189578074245683,-7.658627990985807,-7.069391124308537,-6.426351922560185,-5.734404302343778,-4.9988144028585655,-4.225180507400907,-3.4193904370481993,-2.587576740785175,-1.7360700231031874,-0.8713507642776613,-2.3268960159013702e-14,0.8713507642776503,1.7360700231031765,2.587576740785164,3.419390437048189,4.225180507400897,4.998814402858557,5.73440430234377,6.426351922560176,7.06939112430853,7.658627990985803,8.189578074245674,8.658200523358088,9.060928838523324,9.394698014088995,9.656967865093682,9.84574235960838,9.959584809744687
-7.671503904928871,-8.310927137305898,-8.887099195893008,-9.39563506342218,-9.832664474879136,-10.194861372557119,-10.479469219364352,-10.6843219777357,-10.80786059448648,-10.849144866148563,-10.807860594486478,-10.684321977735697,-10.479469219364356,-10.19486137255713,-9.832664474879133,-9.395635063422183,-8.887099195893024,-8.310927137305892,-7.671503904928878,-6.9736958956546236,-6.222813849781739,-5.424572433074298,-4.58504674470474,-3.7106260820810766,-2.8079653144355077,-1.8839342352512347,-0.9455652789861255,-2.5250819424843764e-14,0.9455652789861134,1.8839342352512227,2.807965314435496,3.710626082081065,4.585046744704729,5.424572433074287,6.222813849781729,6.973695895654613,7.671503904928871,8.310927137305885,8.887099195893017,9.395635063422178,9.832664474879127,10.194861372557126,10.479469219364352,10.684321977735696,10.807860594486478
-8.291227000125067,-8.982304425685056,-9.605021090901868,-10.15463774594664,-10.626971476206831,-11.018427536792267,-11.326026710714277,-11.547427982525836,-11.680946354862721,-11.725565672290854,-11.680946354862721,-11.547427982525834,-11.32602671071428,-11.018427536792275,-10.626971476206828,-10.154637745946644,-9.605021090901884,-8.982304425685047,-8.291227000125073,-7.5370483307143745,-6.725508172512743,-5.862782836145444,-4.955438182349978,-4.01037965181146,-3.0347997105892386,-2.036123111107226,-1.0219503853049585,-2.7290643188754037e-14,1.0219503853049456,2.036123111107213,3.0347997105892257,4.010379651811448,4.955438182349965,5.862782836145434,6.725508172512733,7.537048330714365,8.291227000125064,8.98230442568504,9.605021090901879,10.154637745946639,10.626971476206823,11.018427536792274,11.326026710714277,11.547427982525832,11.680946354862721
-8.926996152651835,-9.671065217347023,-10.341531636189352,-10.933292754892776,-11.44184491402879,-11.863317724594188,-12.194503524008343,-12.432881788362245,-12.576638315127433,-12.624679030332656,-12.576638315127433,-12.432881788362241,-12.194503524008349,-11.863317724594198,-11.441844914028785,-10.93329275489278,-10.34153163618937,-9.671065217347016,-8.92699615265184,-8.114987256967304,-7.241218408293983,-6.312339515166347,-5.335419906833447,-4.317894531394941,-3.2675073713565412,-2.1922525072471797,-1.1003132778394336,-2.938328268490616e-14,1.1003132778394193,2.192252507247166,3.267507371356527,4.317894531394929,5.335419906833435,6.312339515166336,7.241218408293972,8.114987256967293,8.926996152651832,9.671065217347007,10.341531636189364,10.933292754892774,11.441844914028781,11.863317724594195,12.194503524008343,12.43288178836224,12.576638315127429
-9.588841917135555,-10.388076118068156,-11.108250787250388,-11.74388496059646,-12.290141078240763,-12.742861801289564,-13.09860165168024,-13.354653234349701,-13.509067842145672,-13.560670286664724,-13.509067842145672,-13.354653234349701,-13.098601651680246,-12.742861801289576,-12.290141078240758,-11.743884960596466,-11.108250787250409,-10.388076118068147,-9.588841917135564,-8.716630839312494,-7.7780809375566715,-6.780335143332382,-5.730986904588999,-4.638022395037209,-3.5097597345447173,-2.3547856832214245,-1.1818902909903688,-3.1561753567954103e-14,1.181890290990354,2.35478568322141,3.5097597345447027,4.638022395037194,5.7309869045889865,6.78033514333237,7.778080937556658,8.716630839312481,9.588841917135552,10.388076118068136,11.108250787250398,11.74388496059646,12.29014107824075,12.742861801289571,13.09860165168024,13.3546532343497,13.50906784214567
-10.262961124177245,-11.118383458195078,-11.889188180632548,-12.569509002127331,-13.15416827043887,-13.638716375508393,-14.019465613678207,-14.293518253343139,-14.458788588437843,-14.514018811919275,-14.458788588437839,-14.293518253343137,-14.01946561367821,-13.638716375508407,-13.154168270438861,-12.56950900212734,-11.88918818063257,-11.118383458195067,-10.26296112417725,-9.329431459059053,-8.324899187272699,-7.257009405959659,-6.133889401165137,-4.964086794284086,-3.7565044895009985,-2.520332917313333,-1.2649800898063144,-3.3780622590088345e-14,1.2649800898062984,2.520332917313317,3.756504489500983,4.96408679428407,6.133889401165123,7.2570094059596455,8.324899187272687,9.329431459059043,10.262961124177242,11.11838345819506,11.889188180632559,12.56950900212733,13.154168270438854,13.638716375508402,14.019465613678207,14.293518253343136,14.458788588437837
-10.94774802977134,-11.860247654251491,-12.682483632669442,-13.408198252749816,-14.031868388035289,-14.54874753221402,-14.954901922898678,-15.247240479933396,-15.42353833038031,-15.48245374114595,-15.423538330380307,-15.247240479933396,-14.954901922898681,-14.548747532214033,-14.031868388035283,-13.408198252749822,-12.682483632669463,-11.860247654251483,-10.947748029771349,-9.95192943235362,-8.880370642816413,-7.741226870572998,-6.5431676875638916,-5.295311047579776,-4.007153893127375,-2.6884998779625477,-1.3493847553658411,-3.6034604431451206e-14,1.349384755365824,2.688499877962531,4.0071538931273585,5.2953110475797605,6.5431676875638765,7.7412268705729845,8.880370642816398,9.951929432353609,10.947748029771336,11.860247654251472,12.682483632669452,13.408198252749813,14.031868388035276,14.54874753221403,14.954901922898678,15.247240479933392,15.423538330380303
-11.646863602878831,-12.617634818575183,-13.492378214565953,-14.264436465423204,-14.927933741676338,-15.477820428422467,-15.909911555944827,-16.22091864985918,-16.408474758389637,-16.4711524663008,-16.408474758389637,-16.22091864985918,-15.90991155594483,-15.477820428422483,-14.927933741676332,-14.264436465423211,-13.49237821456598,-12.617634818575171,-11.646863602878836,-10.587452722596037,-9.447464934215557,-8.235576233150425,-6.96100982417408,-5.633465927263144,-4.263047953066035,-2.8601856098473046,-1.4355555271103757,-3.833574920207322e-14,1.4355555271103573,2.8601856098472873,4.2630479530660175,5.633465927263127,6.961009824174064,8.23557623315041,9.447464934215539,10.587452722596021,11.646863602878826,12.617634818575162,13.492378214565969,14.264436465423204,14.927933741676323,15.477820428422476,15.909911555944827,16.220918649859176,16.408474758389637
-12.350446970833245,-13.37986217041587,-14.307448539899951,-15.126146586921797,-15.829725525000123,-16.412830693583587,-16.871024310250768,-17.200819244913934,-17.399705558984675,-17.466169607522076,-17.39970555898467,-17.20081924491393,-16.871024310250775,-16.412830693583604,-15.82972552500012,-15.126146586921804,-14.307448539899974,-13.379862170415858,-12.350446970833254,-11.227037412398792,-10.018183320185459,-8.733084803761063,-7.3815222387992145,-5.973781832515141,-4.520577339417567,-3.032968523167738,-1.5222769851001674,-4.065159975689413e-14,1.5222769851001483,3.0329685231677193,4.520577339417549,5.973781832515123,7.381522238799197,8.733084803761047,10.018183320185443,11.227037412398776,12.350446970833243,13.379862170415848,14.307448539899966,15.126146586921793,15.82972552500011,16.412830693583597,16.871024310250768,17.20081924491393,17.39970555898467
-13.0573235540685,-14.145657228482836,-15.126333910007038,-15.991890056945984,-16.735738264384327,-17.352217398315652,-17.836635680290474,-18.185306394683195,-18.395575946824152,-18.465844058457325,-18.395575946824152,-18.18530639468319,-17.83663568029048,-17.352217398315663,-16.735738264384324,-15.991890056945993,-15.126333910007064,-14.145657228482825,-13.05732355406851,-11.869615763180168,-10.591573029264088,-9.23292202922869,-7.804002917560059,-6.315690631503026,-4.779312126222019,-3.206560169832834,-1.6094043543772873,-4.297828995742392e-14,1.6094043543772667,3.2065601698328146,4.779312126221997,6.315690631503006,7.80400291756004,9.232922029228673,10.591573029264072,11.869615763180148,13.057323554068496,14.145657228482817,15.12633391000705,15.99189005694598,16.735738264384313,17.35221739831566,17.836635680290474,18.185306394683188,18.39557594682415
-13.763640401869907,-14.910845896920787,-15.94457085128117,-16.856947993868236,-17.64103358371845,-18.290860256049243,-18.80148243750814,-19.169013984972107,-19.390657761443332,-19.46472692395069,-19.39065776144333,-19.169013984972104,-18.80148243750815,-18.290860256049264,-17.641033583718443,-16.85694799386824,-15.9445708512812,-14.910845896920778,-13.763640401869921,-12.511685292647485,-11.164508703585893,-9.732363461975375,-8.226149057857434,-6.657328692324622,-5.037842035638282,-3.3800143591284786,-1.6964627324372707,-4.530313778408009e-14,1.6964627324372492,3.3800143591284573,5.03784203563826,6.657328692324601,8.226149057857414,9.732363461975355,11.164508703585875,12.511685292647467,13.763640401869903,14.910845896920765,15.944570851281188,16.856947993868232,17.64103358371843,18.290860256049257,18.80148243750814,19.169013984972096,19.39065776144333
-14.464211877856615,-15.6698103142705,-16.756152032502605,-17.71496931612619,-18.5389649866631,-19.221867939518372,-19.758480870872745,-20.14471983230282,-20.37764531209468,-20.45548460670283,-20.37764531209467,-20.14471983230282,-19.758480870872752,-19.22186793951839,-18.53896498666309,-17.714969316126197,-16.756152032502637,-15.669810314270485,-14.464211877856629,-13.148532055322306,-11.732783964546284,-10.227742303351445,-8.644861347548385,-6.996187776980515,-5.294268993016178,-3.552057625247899,-1.7828129541604827,-4.760907467123607e-14,1.7828129541604598,3.552057625247876,5.294268993016156,6.996187776980493,8.644861347548364,10.227742303351427,11.732783964546268,13.148532055322288,14.464211877856611,15.669810314270473,16.756152032502623,17.714969316126187,18.538964986663082,19.221867939518386,19.758480870872745,20.14471983230282,20.37764531209467
-15.158907112188624,-16.42240870263311,-17.560925846729052,-18.565793741554486,-19.429364735673907,-20.145066532383662,-20.707452208858243,-21.11224167052191,-21.356354225152845,-21.437932028811105,-21.35635422515284,-21.11224167052191,-20.707452208858253,-20.14506653238368,-19.4293647356739,-18.565793741554497,-17.560925846729084,-16.422408702633096,-15.158907112188636,-13.78003708542199,-12.296292655821421,-10.718966014405582,-9.060061569331417,-7.332204585099922,-5.548545096669677,-3.722657829750575,-1.868438888944852,-4.989566985971621e-14,1.868438888944828,3.7226578297505517,5.5485450966696535,7.332204585099897,9.060061569331396,10.718966014405565,12.296292655821405,13.78003708542197,15.158907112188617,16.422408702633085,17.56092584672907,18.565793741554486,19.429364735673897,20.145066532383673,20.707452208858243,21.112241670521904,21.356354225152838
-15.835653704974114,-17.155562422263838,-18.344906950708303,-19.39463566030025,-20.296759481716094,-21.044412707957616,-21.63190524652779,-22.05476592447037,-22.30977651669597,-22.394996238618134,-22.309776516695962,-22.054765924470367,-21.631905246527797,-21.044412707957633,-20.296759481716087,-19.39463566030026,-18.344906950708335,-17.155562422263824,-15.835653704974126,-14.39522610116038,-12.845242134641666,-11.197498119309094,-9.464534382054296,-7.659539823309987,-5.796251541553733,-3.8888502856938056,-1.9518525310077843,-5.2123186944055515e-14,1.9518525310077592,3.8888502856937817,5.796251541553708,7.659539823309964,9.464534382054275,11.197498119309076,12.845242134641643,14.395226101160361,15.835653704974106,17.155562422263806,18.34490695070832,19.39463566030025,20.296759481716077,21.044412707957626,21.63190524652779,22.05476592447036,22.309776516695962
-16.49435197130059,-17.869163479468774,-19.107979863862273,-20.201372983778132,-21.141021457364904,-21.91977399236335,-22.531703811758522,-22.97215376013147,-23.23777174742413,-23.32653626036867,-23.237771747424127,-22.972153760131466,-22.531703811758526,-21.919773992363368,-21.141021457364896,-20.201372983778143,-19.107979863862308,-17.869163479468764,-16.494351971300595,-14.994008485068761,-13.379551540635719,-11.66326813018437,-9.858220206788406,-7.9781452750627055,-6.037351840457992,-4.0506105128946,-2.033041593502623,-5.4291297810528656e-14,2.0330415935025967,4.050610512894575,6.0373518404579665,7.978145275062682,9.858220206788383,11.663268130184349,13.379551540635697,14.99400848506874,16.494351971300585,17.869163479468742,19.107979863862294,20.201372983778125,21.14102145736489,21.91977399236336,22.531703811758522,22.97215376013146,23.237771747424127
-17.136623438226778,-18.564968556301828,-19.852023053828905,-20.987991668937134,-21.964228994548865,-22.773305275147994,-23.409062951705593,-23.866663524422027,-24.142624376632163,-24.23484527962095,-24.14262437663216,-23.866663524422027,-23.4090629517056,-22.77330527514802,-21.964228994548858,-20.987991668937145,-19.85202305382894,-18.564968556301817,-17.13662343822679,-15.577858268410658,-13.900536191003953,-12.11742263981051,-10.242088185628202,-8.288805256011369,-6.272439513478874,-4.208336718846196,-2.1122059407199525,-5.640533972904516e-14,2.112205940719926,4.208336718846169,6.272439513478848,8.288805256011344,10.242088185628178,12.117422639810489,13.90053619100393,15.577858268410635,17.136623438226767,18.5649685563018,19.852023053828923,20.987991668937127,21.964228994548847,22.773305275148015,23.409062951705593,23.866663524422016,24.14262437663216
-17.74203128376784,-19.220837412656373,-20.553361362975625,-21.72946182286378,-22.740187957672138,-23.57784753122169,-24.236065448365085,-24.709832273309985,-24.99554235445034,-25.0910212655522,-24.995542354450336,-24.709832273309978,-24.236065448365093,-23.577847531221707,-22.740187957672127,-21.72946182286379,-20.553361362975664,-19.22083741265636,-17.74203128376785,-16.128197583878418,-14.39161856190374,-12.545510632776134,-10.603923792546595,-8.581634689431569,-6.494034164597312,-4.357010118565344,-2.186826594696499,-5.839804472868928e-14,2.1868265946964716,4.357010118565317,6.494034164597283,8.58163468943154,10.60392379254657,12.545510632776113,14.39161856190372,16.128197583878396,17.742031283767833,19.220837412656344,20.553361362975647,21.729461822863772,22.740187957672116,23.5778475312217,24.236065448365085,24.709832273309978,24.995542354450336
-18.315594906166957,-19.84220781583191,-21.217809542965693,-22.431930927813884,-23.475331773531156,-24.340071169658977,-25.019567927248914,-25.50865066568431,-25.80359717000946,-25.902162719232876,-25.80359717000946,-25.508650665684307,-25.019567927248918,-24.340071169659,-23.475331773531153,-22.4319309278139,-21.21780954296574,-19.84220781583189,-18.31559490616697,-16.649589260007488,-14.85687018628251,-12.951081359616476,-10.946726983726949,-8.859061405676826,-6.703973021082017,-4.497863353827099,-2.257522230565454,-6.02859342008636e-14,2.2575222305654252,4.49786335382707,6.703973021081988,8.859061405676798,10.94672698372692,12.951081359616452,14.856870186282485,16.649589260007463,18.315594906166954,19.842207815831873,21.217809542965718,22.43193092781388,23.47533177353114,24.34007116965899,25.019567927248914,25.5086506656843,25.80359717000946
-18.861422264967192,-20.433530125610353,-21.85012648389476,-23.100430186169692,-24.174925666306734,-25.06543536490395,-25.765181965450605,-26.268839973797935,-26.572576248385417,-26.674079172762458,-26.57257624838541,-26.268839973797927,-25.765181965450605,-25.065435364903976,-24.174925666306724,-23.100430186169703,-21.850126483894805,-20.433530125610336,-18.86142226496721,-17.145767592049477,-15.299623274858744,-13.337039586381268,-11.272952973526667,-9.123072381748454,-6.9037597004834685,-4.63190523929363,-2.3247991824119634,-6.208252952884734e-14,2.324799182411934,4.6319052392936015,6.90375970048344,9.123072381748425,11.272952973526639,13.337039586381241,15.299623274858721,17.145767592049452,18.86142226496719,20.43353012561032,21.850126483894783,23.10043018616969,24.174925666306716,25.06543536490397,25.765181965450605,26.268839973797924,26.57257624838541
-19.35120458824325,-20.96413602144681,-22.417517721035708,-23.70028857470029,-24.802685921685875,-25.71631985253618,-26.434237061370247,-26.95097376473853,-27.262597284314268,-27.366735976950046,-27.262597284314268,-26.950973764738528,-26.434237061370258,-25.716319852536202,-24.802685921685864,-23.7002885747003,-22.417517721035747,-20.96413602144679,-19.351204588243263,-17.590998803546338,-15.696914896218967,-13.683367988475062,-11.565682388095293,-9.359974961192195,-7.083032473127067,-4.752183831089407,-2.3851682006501527,-6.369465215249328e-14,2.385168200650122,4.7521838310893765,7.0830324731270355,9.359974961192167,11.565682388095267,13.683367988475037,15.696914896218948,17.590998803546317,19.351204588243238,20.964136021446773,22.417517721035733,23.70028857470029,24.802685921685853,25.7163198525362,26.434237061370247,26.950973764738524,27.262597284314268
