hough_viz/data/file_3_1_0.json
{"header": {"discipline": 0, "disciplineName": "Meteorological products", "gribEdition": 2, "gribLength": 133963, "center": 7, "centerName": "US National Weather Service - NCEP(WMC)", "subcenter": 0, "refTime": "2014-11-30T06:00:00.000Z", "significanceOfRT": 1, "significanceOfRTName": "Start of forecast", "productStatus": 0, "productStatusName": "Operational products", "productType": 1, "productTypeName": "Forecast products", "productDefinitionTemplate": 0, "productDefinitionTemplateName": "Analysis/forecast at horizontal level/layer at a point in time", "parameterCategory": 2, "parameterCategoryName": "Momentum", "parameterNumber": 2, "parameterNumberName": "U-component_of_wind", "parameterUnit": "m.s-1", "genProcessType": 2, "genProcessTypeName": "Forecast", "forecastTime": 6, "surface1Type": 100, "surface1TypeName": "Isobaric surface", "surface1Value": 85000, "surface2Type": 255, "surface2TypeName": "Missing", "surface2Value": 0, "gridDefinitionTemplate": 0, "gridDefinitionTemplateName": "Latitude_Longitude", "numberPoints": 65160, "shape": 6, "shapeName": "Earth spherical with radius of 6,371,229.0 m", "gridUnits": "degrees", "resolution": 48, "winds": "true", "scanMode": 0, "nx": 360, "ny": 181, "basicAngle": 0, "subDivisions": 0, "lo1": 0, "la1": 90, "lo2": 359, "la2": -90, "dx": 1, "dy": 1}, "data":
[rows 160 to 179 of 181, columns 264 to 307 of 360]
-3.180752147197798,-2.6640581211745737,-2.140062097017583,-1.6102003114065604,-1.0759250786656054,-0.5387008100706812,-2.3956724183607334e-14,0.5387008100706699,1.0759250786655938,1.6102003114065493,2.140062097017572,2.664058121174562,3.180752147197788,3.6887279526769676,4.186593211238178,4.672983308813911,5.146565083955272,5.606040481934865,6.050150112624554,6.477676702396333,6.887448430584631,7.278342141365366,7.64928642224798,7.999264540742576,8.327317231153073,8.632545323857702,8.914112209870506,9.171246133928397,9.40324230981869,9.609464852149124,9.789348519265538,9.942400262539916,10.06820057778244,10.166404655073306,10.236743323862733,10.279023790748763,10.293130167910533,10.279023790748765,10.236743323862736,10.166404655073304,10.068200577782443,9.94240026253992,9.789348519265548,9.60946485214912
-2.9057217484973483,-2.433704754008474,-1.9550171439535733,-1.4709709677986709,-0.9828929624669547,-0.4921209158451844,-2.1885255833085622e-14,0.49212091584517437,0.982892962466944,1.4709709677986607,1.9550171439535633,2.4337047540084638,2.905721748497339,3.3697743616478735,3.8245906575032587,4.268924016210465,4.701556550918507,5.121302445921673,5.52701120689792,5.917570814333913,6.291910771493119,6.64900503857302,6.987874845008866,7.307591372215752,7.607278299415859,7.886114205572696,8.14333482084914,8.378235121417893,8.590171261882823,8.778562340014414,8.942891988962417,9.082709792581472,9.19763251999048,9.287345175981791,9.35160186440118,9.390226462132127,9.403113101837004,9.390226462132127,9.351601864401182,9.28734517598179,9.197632519990483,9.082709792581474,8.942891988962424,8.77856234001441
-2.64061483155292,-2.2116628587644307,-1.7766488718108397,-1.336765213792964,-0.8932175752414774,-0.44722168940306095,-1.988852896016677e-14,0.4472216894030518,0.8932175752414678,1.3367652137929547,1.7766488718108302,2.2116628587644214,2.6406148315529108,3.0623290626350443,3.475649662616363,3.8794437484618958,4.272604548649724,4.654054436754803,5.0227478851480845,5.37767433071511,5.717860944739204,6.042375299357412,6.350327923280437,6.640874739771622,6.913219380202646,7.166615366844523,7.400368158911205,7.613837056247595,7.806436955444134,7.977639953564577,8.126976795091256,8.254038158121825,8.358475776292135,8.440003393350157,8.498397547764448,8.533498185216692,8.545209097299438,8.533498185216692,8.49839754776445,8.440003393350157,8.358475776292137,8.254038158121826,8.126976795091265,7.977639953564573
-2.3825401654304303,-1.9955108675573394,-1.6030120131025076,-1.2061194141437608,-0.8059209257071644,-0.4035134640320949,-1.7944767450638326e-14,0.40351346403208654,0.805920925707156,1.2061194141437523,1.6030120131024992,1.9955108675573316,2.382540165430422,2.7630390863184444,3.135964709127346,3.500294870646764,3.855030967228253,4.199200691888485,4.531860699335103,4.852099191610628,5.159038417267228,5.451837077222462,5.729692630701578,5.991843494945982,6.237571132658685,6.4662020214650235,6.677109499990718,6.869715485497128,7.04349205836586,7.197962909089734,7.3327046438040675,7.447347944779785,7.541578582697667,7.615138277929074,7.667825408462451,7.699495562535242,7.710061934456497,7.699495562535242,7.667825408462451,7.615138277929074,7.541578582697669,7.4473479447797875,7.332704643804075,7.197962909089734
-2.1310295401283197,-1.7848566282799792,-1.433791548477363,-1.0787965457019983,-0.7208446365810813,-0.36091694241660377,-1.6050444849954848e-14,0.36091694241659633,0.7208446365810738,1.078796545701991,1.4337915484773551,1.7848566282799712,2.1310295401283117,2.4713614481332438,2.8049195261910578,3.130789514795148,3.4480782269576955,3.7559159963731314,4.053459061113019,4.339891876318888,4.614429349553955,4.876318992686944,5.124842984409758,5.359320137735763,5.579107767086016,5.783603449845715,5.972246677562732,6.144520392262328,6.299952403667106,6.438116683437752,6.558634532887105,6.661175620966908,6.745458889682283,6.811253324452134,6.8583785873040775,6.886705511168271,6.896156453915384,6.886705511168271,6.8583785873040775,6.811253324452134,6.745458889682284,6.661175620966911,6.558634532887109,6.438116683437751
-1.8935035088159524,-1.5859152699394525,-1.2739801475436459,-0.9585531341166965,-0.640498793177334,-0.3206888895664083,-1.4261451129211666e-14,0.3206888895664016,0.6404987931773272,0.9585531341166899,1.2739801475436392,1.5859152699394459,1.8935035088159462,2.1959017861906287,2.492281249404614,2.7818295429503266,3.063753035081412,3.3372789931022027,3.60165770137431,3.8561645162351166,4.100101852195631,4.332801093973862,4.5536244291228245,4.7619665962301045,4.9572565438973655,5.138958995952483,5.306575918604354,5.4596478855188995,5.597755337074709,5.720519730346795,5.827604576666456,5.918716363913302,5.993605361011591,6.0520663024257475,6.0939389507789254,6.119108536052523,6.127506070162819,6.119108536052523,6.0939389507789254,6.0520663024257475,5.993605361011591,5.918716363913303,5.827604576666461,5.720519730346793
-1.6655461042928252,-1.394988172605971,-1.120606675302424,-0.8431536729942878,-0.5633896450753582,-0.2820814053000204,-1.2544526196666157e-14,0.28208140530001446,0.5633896450753522,0.843153672994282,1.1206066753024182,1.394988172605965,1.6655461042928197,1.931538889878526,2.1922374616266875,2.4469272628730883,2.6949102065757824,2.9355065887231637,3.168056951355408,3.3919238900929343,3.6064938012174546,3.8111785635171476,4.005417150286015,4.188677167059073,4.360456310868609,4.520283747021656,4.667721399625188,4.802365152321684,4.923845955943974,5.031830840053354,5.126023825588426,5.206166736123106,5.272039905510287,5.3234627799714636,5.360294412982098,5.382433851596246,5.389820413151559,5.382433851596247,5.360294412982099,5.323462779971463,5.272039905510288,5.206166736123108,5.126023825588431,5.0318308400533525
-1.446283131233744,-1.2113431487189201,-0.9730829588328714,-0.7321556161948292,-0.48922148590430137,-0.24494643352628662,-1.089308580578823e-14,0.24494643352628154,0.48922148590429615,0.732155616194824,0.9730829588328664,1.2113431487189148,1.4462831312337392,1.6772589522157835,1.903637522994636,2.1247983556431826,2.340135263691834,2.5490580236435134,2.7509939927352307,2.945389678512115,3.1317122559117236,3.3094510277005273,3.4781188242595262,3.6372533388822976,3.786418394925578,3.925205141339085,4.053233173297843,4.170151574865377,4.275639880829886,4.369408955077122,4.451201783092387,4.520794176419438,4.5779953871454735,4.6226486307279,4.654631515729869,4.673856379286691,4.680270527383663,4.673856379286692,4.65463151572987,4.6226486307279,4.577995387145474,4.520794176419439,4.451201783092391,4.369408955077121
-1.2444241551153223,-1.0422749473081223,-0.8372689363179799,-0.6299680293712404,-0.4209404238445277,-0.21075904987527447,-9.372728484292826e-15,0.21075904987527005,0.4209404238445233,0.6299680293712359,0.8372689363179755,1.0422749473081176,1.2444241551153183,1.4431624828122307,1.6379452024567416,1.8282384281534942,2.0135205793979734,2.1932838106924213,2.367035403515044,2.5342991168272517,2.6946164924172074,2.847548111501943,2.9926747991436957,3.1295987731792634,3.257944734513296,3.3773608957869903,3.4875199456028083,3.58811994566227,3.678885158357829,3.7595668025504994,3.829943735461666,3.889823058810056,3.939040647532535,3.977461599639484,4.004980605971787,4.021522238845911,4.027041158795941,4.021522238845911,4.004980605971788,3.9774615996394838,3.9390406475325355,3.889823058810058,3.8299437354616686,3.7595668025504985
-1.0544184252022022,-0.8831345036584359,-0.7094299718260565,-0.5337809417527748,-0.35666885522080094,-0.17857916414842104,-7.94164720094172e-15,0.17857916414841732,0.3566688552207973,0.5337809417527711,0.7094299718260529,0.8831345036584322,1.0544184252021989,1.2228122591342299,1.387854449660606,1.5490926276090422,1.7060848503413106,1.858400813087297,2.0056230283804632,2.147347970361991,2.2831871808170843,2.4127683339119517,2.5357362567130375,2.6517539026913353,2.7605032755435137,2.861686300797657,2.955025642814691,3.040265464946083,3.117172130764319,3.185534844444106,3.245166228539087,3.295902837570379,3.3376056060192902,3.3701602294962223,3.39347747804107,3.407493440696336,3.412169700682618,3.4074934406963364,3.39347747804107,3.3701602294962223,3.3376056060192902,3.295902837570381,3.2451662285390896,3.185534844444105
-0.8749105753594457,-0.7327866226990575,-0.5886541528412151,-0.44290822286728326,-0.2959483122406405,-0.14817722786126591,-6.5896336367085125e-15,0.14817722786126286,0.29594831224063733,0.44290822286728027,0.5886541528412119,0.7327866226990544,0.8749105753594427,1.0146364589470738,1.1515812945272415,1.2853697258245445,1.4156350480483164,1.5420202130049736,1.664178807742291,1.7817760040432415,1.894489476166841,2.0020102843206153,2.1040437214430967,2.200310120975384,2.2905456234077626,2.3745028995002553,2.4519518281948898,2.5226801273615247,2.586493935648407,2.643218343842664,2.692697874284305,2.7347969070196663,2.76940005152629,2.796412462990317,2.8157601022695333,2.827389938829515,2.8312700960966297,2.8273899388295156,2.8157601022695338,2.7964124629903164,2.7694000515262904,2.7347969070196676,2.6926978742843075,2.6432183438426637
-0.7155000588203508,-0.5992713843109466,-0.48140014859198144,-0.36220942852743965,-0.2420259175961688,-0.12117903044778609,-5.38898875777385e-15,0.12117903044778357,0.24202591759616623,0.36220942852743715,0.48140014859197894,0.5992713843109441,0.7155000588203485,0.8297675974023372,0.9417608006762805,1.0511727030565612,1.1577034141238824,1.2610609406040676,1.3609619867013247,1.457132730592345,1.5493095749528656,1.6372398694596288,1.720682603287351,1.799409065702641,1.8732034729442337,1.9418635596712632,2.0052011333585145,2.063042590119052,2.1152293905404056,2.161618494230078,2.202082751879327,2.23651125377057,2.2648096337732193,2.286900327994683,2.3027227873776064,2.3122336436606266,2.3154068282477622,2.3122336436606266,2.3027227873776064,2.286900327994683,2.2648096337732198,2.236511253770571,2.2020827518793293,2.1616184942300776
-0.5698982226806256,-0.4773216893723794,-0.383436850491781,-0.28850103785635317,-0.19277446392961922,-0.09651950859684603,-4.292347816385443e-15,0.09651950859684405,0.19277446392961717,0.2885010378563512,0.3834368504917789,0.4773216893723773,0.5698982226806236,0.6609127045736517,0.7501156706829187,0.8372626218787451,0.922114694425413,1.0044393146900672,1.0840108366108743,1.1606111601772031,1.2340303292265784,1.30406710691994,1.370529527317828,1.4332354215456742,1.492012917106039,1.5467009089691626,1.5971495011506633,1.6432204175660108,1.6847873810356608,1.7217364594020255,1.7539663778096044,1.7813887962923154,1.8039285519072064,1.8215238647508554,1.8341265072937936,1.8417019365688105,1.844229388850824,1.8417019365688105,1.8341265072937936,1.8215238647508554,1.8039285519072066,1.7813887962923163,1.7539663778096064,1.7217364594020248
-0.436222657980373,-0.3653609149196947,-0.2934977429871425,-0.22083011414184056,-0.1475572053033863,-0.07387985242177351,-3.285532923111471e-15,0.07387985242177197,0.14755720530338473,0.22083011414183895,0.293497742987141,0.36536091491969314,0.43622265798037146,0.5058887450569981,0.5741682262473164,0.6408739522394351,0.7058230872750676,0.7688376102896404,0.8297448028556544,0.888377722591897,0.9445756607408934,0.9981845826604486,1.0490575500218908,1.0970551235578176,1.142045745255441,1.1839060989479455,1.2225214483155373,1.2577859513697207,1.289602950558829,1.3178852376996566,1.34255529300903,1.3635454975801402,1.3807983187212682,1.3942664676488958,1.4039130291029709,1.409711562529074,1.4116461745501336,1.4097115625290741,1.403913029102971,1.3942664676488956,1.3807983187212685,1.3635454975801407,1.3425552930090314,1.3178852376996564
-0.3245489842800494,-0.2718279568095054,-0.2183618678038725,-0.16429726409673653,-0.10978233300887238,-0.05496649617710911,-2.4444314239689646e-15,0.054966496177107964,0.1097823330088712,0.16429726409673542,0.21836186780387137,0.2718279568095042,0.3245489842800483,0.3763804455438095,0.42718027416821724,0.47680923135406666,0.5251312875793779,0.5720139954468624,0.6173288527130306,0.6609516545039166,0.7027628337519934,0.7426477889212015,0.780497198121792,0.8162073187540239,0.8496802718594275,0.880824310400216,0.9095540707315448,0.9357908065773266,0.9594626048683011,0.9805045828507594,0.998859065925662,1.0144757457307045,1.0273118180320442,1.0373321000477267,1.044509126881248,1.0488232268009277,1.0502625751587547,1.0488232268009279,1.044509126881248,1.0373321000477265,1.0273118180320444,1.014475745730705,0.9988590659256629,0.9805045828507589
-0.22824924721275514,-0.19117153193618822,-0.15356982877875194,-0.11554720139514105,-0.07720786716409224,-0.03865691153580099,-1.7191230273661243e-15,0.038656911535800184,0.07720786716409143,0.11554720139514024,0.15356982877875114,0.19117153193618744,0.22824924721275439,0.26470134716812554,0.30042791913007266,0.3353310390481729,0.3693150398968168,0.40228677389187717,0.43415586780230964,0.46483497065690155,0.4942399931672053,0.5222903382104386,0.5489091217405934,0.5740233835222613,0.5975642871095722,0.6194673085220997,0.6396724131006131,0.6581242200579017,0.6747721542736653,0.6895705849174016,0.7024789505193437,0.7134618701466251,0.7224892403799614,0.7295363178250275,0.7345837869323826,0.7376178129400494,0.7386300797936328,0.7376178129400496,0.7345837869323827,0.7295363178250274,0.7224892403799614,0.7134618701466254,0.7024789505193443,0.6895705849174016
-0.14490244038476743,-0.12136391181096598,-0.09749273319079106,-0.07335433376557703,-0.049014875210307944,-0.024541070289070408,-1.0913732466981829e-15,0.0245410702890699,0.04901487521030742,0.07335433376557653,0.09749273319079058,0.12136391181096542,0.14490244038476696,0.16804380144152137,0.19072456611910515,0.21288256801805855,0.23445707359536025,0.2553889486308485,0.27562082031000706,0.2950972344788649,0.3137648076399734,0.3315723732728651,0.34847112207792896,0.3644147357593074,0.3793595139801279,0.3932644941420853,0.40609156366107907,0.41780556443115624,0.42837438919043636,0.437769069524884,0.445963855268719,0.45293628508383,0.45866724802474135,0.4631410359203864,0.46634538642911233,0.4682715166489064,0.4689141471907201,0.46827151664890654,0.46634538642911244,0.4631410359203864,0.4586672480247415,0.45293628508383016,0.4459638552687195,0.43776906952488387
-0.08459767293974052,-0.07085529057211735,-0.05691869877812593,-0.04282609678715391,-0.02861611144169331,-0.01432769132385302,-6.371710285499193e-16,0.014327691323852722,0.028616111441693008,0.042826096787153614,0.05691869877812563,0.07085529057211706,0.08459767293974024,0.09810817896614914,0.11134977729342725,0.1242861736209722,0.13688191018564808,0.14910246294905,0.16091433622549328,0.17228515449136128,0.18318375112416274,0.19358025382807922,0.20344616651185146,0.212754447394584,0.22147958312538868,0.2295976587137037,0.23708642307862202,0.24392535003755703,0.25009569456708236,0.25558054418173765,0.26036486528997677,0.26443554440019595,0.2677814240639036,0.27039333345751054,0.27226411351892066,0.2733886365700219,0.2737638203712959,0.27338863657002194,0.27226411351892066,0.27039333345751054,0.2677814240639036,0.26443554440019607,0.26036486528997704,0.25558054418173753
-0.040800448648510124,-0.034172661540254945,-0.02745120954203006,-0.020654515686560643,-0.01380120923927192,-0.006910074636768869,-3.072999874262155e-16,0.006910074636768726,0.01380120923927177,0.0206545156865605,0.027451209542029918,0.0341726615402548,0.040800448648509985,0.04731640456302469,0.05370266950155486,0.05994173915580808,0.0660165126695344,0.0719103395107851,0.07760706510986291,0.08309107513787578,0.08834733830452551,0.09336144755783074,0.09811965957285462,0.10260893242120304,0.10681696131804456,0.11073221234866927,0.11434395408214797,0.11764228698543831,0.12061817055731666,0.12326344810776353,0.12557086911488438,0.1275341090980854,0.12914778695303578,0.13040747970090052,0.13130973461141782,0.13185207866659301,0.1320330253390687,0.13185207866659301,0.13130973461141782,0.1304074797009005,0.12914778695303583,0.12753410909808544,0.12557086911488452,0.1232634481077635
-0.00692046199900638,-0.0057962746349083825,-0.004656200084930133,-0.003503363214167592,-0.0023409238683507663,-0.0011720682129264537,-5.2123394612620795e-17,0.0011720682129264292,0.002340923868350741,0.003503363214167567,0.004656200084930109,0.005796274634908357,0.00692046199900636,0.008025680857800612,0.009108901883221828,0.010167156041733147,0.011197542732244424,0.01219723773645827,0.013163500959856054,0.01409368394210663,0.01498523711631186,0.015835716797192333,0.016642791879058882,0.017404250225211186,0.01811800473125081,0.01878209904568915,0.01939471293217094,0.019954167258615627,0.020458928599601606,0.02090761343937875,0.021298991963988972,0.021631991432100664,0.02190569911531827,0.022119364799907257,0.022272402843077892,0.022364393778191386,0.022395085464488824,0.022364393778191393,0.022272402843077896,0.02211936479990725,0.02190569911531828,0.02163199143210067,0.02129899196398899,0.02090761343937875
