hough_viz/data/file_2_2_0.json
{"header": {"discipline": 0, "disciplineName": "Meteorological products", "gribEdition": 2, "gribLength": 133963, "center": 7, "centerName": "US National Weather Service - NCEP(WMC)", "subcenter": 0, "refTime": "2014-11-30T06:00:00.000Z", "significanceOfRT": 1, "significanceOfRTName": "Start of forecast", "productStatus": 0, "productStatusName": "Operational products", "productType": 1, "productTypeName": "Forecast products", "productDefinitionTemplate": 0, "productDefinitionTemplateName": "Analysis/forecast at horizontal level/layer at a point in time", "parameterCategory": 2, "parameterCategoryName": "Momentum", "parameterNumber": 2, "parameterNumberName": "U-component_of_wind", "parameterUnit": "m.s-1", "genProcessType": 2, "genProcessTypeName": "Forecast", "forecastTime": 6, "surface1Type": 100, "surface1TypeName": "Isobaric surface", "surface1Value": 85000, "surface2Type": 255, "surface2TypeName": "Missing", "surface2Value": 0, "gridDefinitionTemplate": 0, "gridDefinitionTemplateName": "Latitude_Longitude", "numberPoints": 65160, "shape": 6, "shapeName": "Earth spherical with radius of 6,371,229.0 m", "gridUnits": "degrees", "resolution": 48, "winds": "true", "scanMode": 0, "nx": 360, "ny": 181, "basicAngle": 0, "subDivisions": 0, "lo1": 0, "la1": 90, "lo2": 359, "la2": -90, "dx": 1, "dy": 1}, "data":
[rows 95 to 113 of 181, columns 129 to 171 of 360]
-1.9761074133628085,-1.650448081369994,-1.3227779326220679,-0.9934961827215705,-0.6630040107587823,-0.3317040705368232,-1.7459578215834983e-15,0.33170407053681983,0.6630040107587789,0.9934961827215671,1.3227779326220725,1.6504480813699909,1.9761074133627965,2.2993591628684404,2.6198094974232555,2.9370679976561695,3.250748132954583,3.5604677323923615,3.8658494503462304,4.166521226233302,4.462116737809603,4.752275847477283,5.036645041056781,5.314877858489445,5.58663531594572,5.851586318824714,6.109408065141991,6.359786438814057,6.602416392360431,6.837002318557002,7.063258410587881,7.280909010257006,7.489688943835189,7.689343845133453,7.879630465409036,8.060316969726545,8.231183219413094,8.392021040263366,8.542634476167823,8.682840027855026,8.812466876457265,8.931357091627003,9.039365823950686
-1.9524007891843036,-1.6306482708300447,-1.3069090587398902,-0.9815775792755769,-0.6550501987313518,-0.32772474042272026,-1.7250122162849659e-15,0.3277247404227169,0.6550501987313484,0.9815775792755735,1.3069090587398948,1.6306482708300414,1.9524007891842916,2.271774607921216,2.5883806192384404,2.9018330874805836,3.2117501190987534,3.517754127928988,3.819472295222825,4.11653702386953,4.408586386256568,4.695264565222634,4.976222287566032,5.251117249580312,5.519614534098588,5.781387018538506,6.03611577345073,6.283490451085361,6.523209663502848,6.754981349768785,6.978523131785135,7.193562658324486,7.399837936848048,7.597097652703218,7.785101475311748,7.963620350975563,8.132436781943394,8.291345091398284,8.440151674043102,8.5786752319788,8.706746995587945,8.824210929154532,8.930923920969434
-1.9250860785642585,-1.6078349807066536,-1.28862498359305,-0.9678449954344085,-0.6458858372339231,-0.32313976663185434,-1.7008787444256601e-15,0.32313976663185096,0.6458858372339198,0.9678449954344054,1.2886249835930546,1.60783498070665,1.9250860785642467,2.239991755571899,2.552168347669666,2.8612355157671856,3.1668167091282884,3.468539624140043,3.7660366579073545,4.058945356120474,4.346908854649762,4.629576314329644,4.906603348402075,5.17765244209878,5.442393363851014,5.7005035676258276,5.951668585898742,6.195582412784003,6.431947876855597,6.660477003204869,6.880891364293563,7.092922419174926,7.296311840669464,7.490811830096833,7.676185419180329,7.852206758756272,8.018661393936405,8.175346525388127,8.322071256414254,8.458656825531245,8.584936824262522,8.70075739988158,8.805977442857818
-1.8924473419343502,-1.5805750555199438,-1.2667770818693094,-0.951435735476476,-0.6349352111974045,-0.31766111616776027,-1.6720413152858055e-15,0.317661116167757,0.634935211197401,0.9514357354764726,1.266777081869314,1.5805750555199405,1.8924473419343393,2.2020139727717645,2.508897788777617,2.8127248992939147,3.1131251377874793,3.4097325128408236,3.7021856540563007,3.9901282523302846,4.273209493960945,4.551084488060682,4.823414686752535,5.089868297638654,5.350120688038215,5.603854780502317,5.8507614391240255,6.090539846172872,6.322897868594899,6.547552413931803,6.764229775225464,6.972665964487728,7.1726070343291175,7.363809387354596,7.546040072949464,7.719077071093803,7.8827095628596915,8.036738187261562,8.18097528414687,8.315245122831076,8.439384116198433,8.553241020007674,8.65667711715981
-1.8535184770527318,-1.548061605127871,-1.240718658597772,-0.9318640875002374,-0.6218741835547429,-0.3111266217089614,-1.6376463448171882e-15,0.3111266217089581,0.6218741835547397,0.9318640875002344,1.2407186585977765,1.548061605127868,1.853518477052721,2.156717122225927,2.4572881398025053,2.754865330296948,3.0490861417408976,3.3395921113968576,3.6260293024898096,3.908048735424666,4.185306812964167,4.457465738849169,4.72419392935134,4.985166417256885,5.240065247789027,5.488579865986913,5.730407495069003,5.965253505319959,6.1928317730515445,6.412865029200276,6.625085197137063,6.829233719277273,7.025061872093354,7.21233106914612,7.3908131517655615,7.560290667027066,7.720557132684304,7.871417288736026,8.012687335320305,8.144195156646358,8.265780530691133,8.377295324405146,8.47860367418979
-1.8103214288039198,-1.5119833611412377,-1.2118031746561873,-0.9101465926667952,-0.6073811372515738,-0.3038756814805033,-1.5994802897994665e-15,0.3038756814805002,0.6073811372515706,0.9101465926667922,1.2118031746561917,1.5119833611412345,1.810321428803909,2.1064538986642325,2.400019978923383,2.690662004532945,2.9780258729546927,3.2617614755799704,3.5415231242830942,3.816969972589088,4.087766430942634,4.353582575572231,4.6140945504514725,4.8689849618677705,5.117943265117676,5.360666142857759,5.596857874650082,5.826230697252009,6.048505155211375,6.263410441339916,6.4706847266501,6.67007547935343,6.86133977253153,7.044244580105177,7.2185670607406545,7.384094829347633,7.540626215837672,7.687970510828136,7.825948197992231,7.954391172771974,8.073142947187725,8.182058840494669,8.281006155454017
-1.7609262284849634,-1.470728410603617,-1.1787387367022941,-0.8853129512210903,-0.5908085482808298,-0.29558433613156937,-1.5558379575242155e-15,0.29558433613156626,0.5908085482808269,0.8853129512210876,1.1787387367022986,1.470728410603614,1.7609262284849525,2.0489786290067817,2.3345346646901284,2.6172464294920403,2.8967694826755235,3.172763268457505,3.4448915309235884,3.7128227237040927,3.9762304139122633,4.234793679852429,4.48819750201365,4.736133146872492,4.978298543037259,5.2143986492754415,5.444145813976014,5.667260125608629,5.883469753752693,6.0925112802808545,6.294130020293413,6.488080332412642,6.674125918058989,6.85204010934447,7.021606145232579,7.18261743562823,7.334877813075976,7.4782017717598,7.612414693513411,7.737353060565562,7.85286465476129,7.95880874301626,8.05505624877837
-1.7039653366034808,-1.4231545823374017,-1.1406099334329025,-0.8566756270220138,-0.5716975933203635,-0.2860230341645154,-1.5055110805375e-15,0.28602303416451236,0.5716975933203605,0.8566756270220112,1.1406099334329065,1.4231545823373986,1.7039653366034704,1.9827000715826368,2.2590191919361127,2.532586045379438,2.8030673328414437,3.0701335145378112,3.333459211464528,3.5927236018220956,3.84761081188749,4.097810300857617,4.343017239195432,4.582932880017807,4.817264923072577,5.045727870861363,5.268043376474292,5.483940582712862,5.6931564520876865,5.895436087289171,6.090533041740605,6.27820961985537,6.4582371666323946,6.630396346237057,6.794477409228087,6.950280448104984,7.097615640864499,7.236303482269498,7.366175002548451,7.487071973259072,7.598847100065304,7.701364202192772,7.794498378344081
-1.641964103773948,-1.371371053226533,-1.0991071982942784,-0.8255042505453939,-0.5508955530264019,-0.27561567413500193,-1.450730891629486e-15,0.27561567413499904,0.5508955530263991,0.8255042505453912,1.099107198294282,1.37137105322653,1.641964103773938,1.9105566739860855,2.1768215251896756,2.440434254678466,2.7010736909480104,2.9584222849936466,3.212166497195037,3.4619971793159063,3.7076099511535636,3.948705571379278,4.1849903021177255,4.41617626682138,4.641981801003725,4.862131795404027,5.076358031165612,5.284399506619233,5.486002755273381,5.6809221546241755,5.868920225408535,6.049767920936088,6.22324490614729,6.389139826057745,6.547250563261688,6.697384484180932,6.8393586737592,6.9730001583159344,7.098146116288093,7.214644076603141,7.322352104441575,7.421138974162624,7.510884329182481
-1.57280781707435,-1.3136116116464873,-1.05281497281619,-0.790735641115237,-0.5276929198390735,-0.26400728602494905,-1.389628970317749e-15,0.26400728602494633,0.5276929198390709,0.7907356411152345,1.052814972816194,1.3136116116464847,1.5728078170743407,1.8300877984495707,2.0851380997458038,2.337647981458392,2.5873097991926413,2.8338193784811025,3.0768763853732963,3.31618469234638,3.551452739090932,3.7823938877322645,4.008726772054503,4.230175640302018,4.4464706911404335,4.657348402367998,4.862551851976797,5.061831031172654,5.254943148972328,5.4416529280069215,5.621732891171113,5.7949636387689765,5.9611341158187185,6.120041869190659,6.271493294265165,6.415303870810095,6.551298387790252,6.679311156835043,6.799186214104241,6.910777510305896,7.013949088634916,7.108575250415466,7.1945407082454595
-1.4947375216040952,-1.2484071756428794,-1.000555837840526,-0.7514854768735817,-0.5014995466105309,-0.2509026164000184,-1.32065122037972e-15,0.2509026164000157,0.5014995466105282,0.7514854768735791,1.0005558378405295,1.2484071756428767,1.4947375216040861,1.7392467601418926,1.9816369944128915,2.22161290925397,2.4588821309783584,2.6931555835879117,2.924147840967678,3.151577474633664,3.3751673966101046,3.5946451970184614,3.8097434759668922,4.020200169335853,4.225758868062845,4.4261691305373585,4.621186787725392,4.810574240651839,4.994100749878207,5.171542716623101,5.342683955182876,5.507315956320633,5.6652381413026,5.816258106272433,5.9601918566656495,6.09686403137869,6.226108116419412,6.347766647778708,6.461691403276181,6.567743583146016,6.665793979143133,6.755723131963513,6.837421476786969
-1.4108715711914765,-1.1783621993350228,-0.944417174651461,-0.709321523116906,-0.47336167256903783,-0.23682510373892013,-1.2465528130273243e-15,0.23682510373891763,0.47336167256903533,0.7093215231169036,0.9444171746514644,1.1783621993350202,1.410871571191468,1.6416620133665303,1.8704523432569538,2.0969638150882077,2.320920459523291,2.5420494198888415,2.760081284608951,2.9747504154416893,3.185795271118386,3.392958725991372,3.595988383301959,3.7946368826870396,3.9886622015495723,4.17782794992583,4.361903658490159,4.540665059346368,4.713894359263599,4.881380505023833,5.0429194405577205,5.198314355555475,5.347375925249926,5.48992254107958,5.6257805319506655,5.754784375828628,5.876776901401223,5.991609479567547,6.099142204519707,6.19924406419649,6.291793099901392,6.376676554890499,6.453791011749194
-1.3189896773227352,-1.101622294194824,-0.8829127539933419,-0.6631275206034083,-0.4425343684765837,-0.22140205638896399,-1.1653720481674638e-15,0.2214020563889617,0.44253436847658145,0.6631275206034062,0.8829127539933449,1.1016222941948215,1.3189896773227274,1.5347500747036054,1.7486406155285832,1.9604007071209717,2.1697723524283132,2.376500464352035,2.5803331765317767,2.7810221502057653,2.978322876773351,3.171994975691062,3.361802487339259,3.5475141605026086,3.7289037341140547,3.905750212919071,4.07783813672434,4.244957842902822,4.406905721835356,4.563484464977624,4.714503305250212,4.859778249458912,4.999132302462097,5.132395682812035,5.259406029607411,5.380008600305104,5.494056459250124,5.601410656694068,5.701940398083997,5.795523203415446,5.8820450564554445,5.961400543653735,6.033492982572944
-1.2169845222319466,-1.0164274250439882,-0.8146319676072558,-0.6118440066024342,-0.4083106079229118,-0.2042797456630629,-1.0752470391885603e-15,0.2042797456630608,0.4083106079229097,0.6118440066024321,0.8146319676072584,1.0164274250439858,1.216984522231939,1.4160589112416528,1.6134080505951724,1.8087915007654942,2.001971217115106,2.1927118399166927,2.380780981102707,2.5659495073944396,2.747991819465634,2.926686126800503,3.1018147179113007,3.2731642255862523,3.4405258868446285,3.6036957972822705,3.762475159497702,3.9166705252961553,4.06609403137638,4.210563628213147,4.349903301856542,4.48394328837786,4.612520280700804,4.735477627565999,4.852665524386411,4.963941195761179,5.069169069425439,5.168220941424241,5.260976132309324,5.347321634168434,5.427152248308064,5.500370713421849,5.566887824088485
-1.108581597377875,-0.925889128324664,-0.742068605990876,-0.5573439873675989,-0.3719403309479744,-0.18608352252810564,-9.794693839600863e-16,0.18608352252810378,0.3719403309479725,0.5573439873675972,0.7420686059908788,0.9258891283246617,1.108581597377868,1.2899234305185787,1.4696936906566747,1.647673355421659,1.8236455840076857,1.9973959813606712,2.168712859385633,2.337387494856036,2.5032143837108993,2.665991491429832,2.825520499180961,2.981607045441905,3.1340609627993397,3.282696509638686,3.4273325964416665,3.5677930064159975,3.7039066101883935,3.835507574299354,3.96243556324568,4.084535934824597,4.201659928541457,4.313664846851491,4.4204142290147646,4.521778017352595,4.617632715702794,4.7078615398807,4.792354559962739,4.871008834219092,4.9437285345323385,5.0104250631492615,5.071017160623552
-0.9915693087025198,-0.828160277132153,-0.6637422598324119,-0.49851557483072634,-0.3326815253915472,-0.16644215475933902,-8.760850642350464e-16,0.16644215475933732,0.33268152539154555,0.49851557483072473,0.6637422598324142,0.8281602771321511,0.9915693087025139,1.15377026580977,1.3145655315728217,1.4737592017289451,1.6311573233129641,1.7865681309590538,1.9398022805372934,2.09067307984033,2.238996716039081,2.3845924796303475,2.527282984603494,2.666894384558,2.8032565845085147,2.93620344811938,3.065573000116177,3.1912076236276525,3.31295425221759,3.430664556372685,3.544195124219202,3.6534076362482635,3.758169033836862,3.858351681359293,3.9538335216915006,4.044498224918891,4.130235330066412,4.210940379678229,4.286515047083049,4.3568672561900215,4.421911293669278,4.481567913380418,4.535764432921719
-0.8635820254866847,-0.7212650928952469,-0.5780694098904866,-0.43416943835454497,-0.2897404982366435,-0.14495855395274293,-7.630039651597486e-16,0.14495855395274143,0.289740498236642,0.43416943835454364,0.5780694098904888,0.7212650928952452,0.8635820254866795,1.004846816404675,1.144887356261668,1.28353302723143,1.4206149109206172,1.5559659941698023,1.689421372533279,1.8208184511897338,1.9499971430389953,2.0768000637434993,2.2010727234768557,2.3226637151459166,2.4414248988569933,2.557211582401489,2.6698826975410728,2.7793009718776047,2.885333096098399,2.987849886393093,3.0867264418442084,3.1818422965996938,3.273081566642005,3.36033309097493,3.4434905670561324,3.522452680310435,3.5971232275660237,3.6674112342631777,3.733231065292777,3.794502529329476,3.8511509765324945,3.9031073894949424,3.9503084673308906
-0.7288754797199307,-0.608757969797936,-0.487898782061719,-0.36644516481460887,-0.24454509058072274,-0.12234707582324739,-6.439861700694881e-16,0.12234707582324614,0.2445450905807215,0.36644516481460765,0.48789878206172077,0.6087579697979346,0.7288754797199264,0.8481049671445432,0.9663011693072496,1.0833200823424367,1.1990191367299563,1.313257370994112,1.425895603443502,1.536796601742473,1.6458252501075903,1.7528487139253988,1.8577366015909327,1.960361123369814,2.060597247090354,2.158322850475988,2.2534188699324624,2.3457694456084925,2.435262062553131,2.521787687797914,2.6052409031967305,2.6855200338615974,2.762527272037852,2.836168796267836,2.9063548856978776,2.973000029389347,3.0360230305005538,3.095347105212593,3.150899976278601,3.2026139610824456,3.2504260540995737,3.2942780036595343,3.3341163829166596
-0.5853772347169756,-0.48890800539642787,-0.39184311698180957,-0.29430082808795643,-0.19639997896864547,-0.09825984672805875,-5.172006109687006e-16,0.09825984672805775,0.19639997896864442,0.29430082808795544,0.3918431169818109,0.4889080053964268,0.5853772347169721,0.6811332720474678,0.776059453406511,0.8700401258643705,0.962960788448272,1.0547082316441898,1.1451706753251976,1.2342379049383387,1.3218014057840874,1.4077544952247887,1.4919924526610133,1.574412647117489,1.6549146622831303,1.733400418852842,1.8097742940220454,1.8839432379883414,1.9558168873183581,2.025307675041675,2.0923309373376857,2.156805016685422,2.2186513613506715,2.2777946210891598,2.334162738949213,2.3876870390620635,2.4383023103128116,2.485946885790122,2.530562717917859,2.572095449177117,2.610494478332483,2.6457130220818503,2.6777081720546594
