hough_viz/data/file_4_1_0.json
{"header": {"discipline": 0, "disciplineName": "Meteorological products", "gribEdition": 2, "gribLength": 133963, "center": 7, "centerName": "US National Weather Service - NCEP(WMC)", "subcenter": 0, "refTime": "2014-11-30T06:00:00.000Z", "significanceOfRT": 1, "significanceOfRTName": "Start of forecast", "productStatus": 0, "productStatusName": "Operational products", "productType": 1, "productTypeName": "Forecast products", "productDefinitionTemplate": 0, "productDefinitionTemplateName": "Analysis/forecast at horizontal level/layer at a point in time", "parameterCategory": 2, "parameterCategoryName": "Momentum", "parameterNumber": 2, "parameterNumberName": "U-component_of_wind", "parameterUnit": "m.s-1", "genProcessType": 2, "genProcessTypeName": "Forecast", "forecastTime": 6, "surface1Type": 100, "surface1TypeName": "Isobaric surface", "surface1Value": 85000, "surface2Type": 255, "surface2TypeName": "Missing", "surface2Value": 0, "gridDefinitionTemplate": 0, "gridDefinitionTemplateName": "Latitude_Longitude", "numberPoints": 65160, "shape": 6, "shapeName": "Earth spherical with radius of 6,371,229.0 m", "gridUnits": "degrees", "resolution": 48, "winds": "true", "scanMode": 0, "nx": 360, "ny": 181, "basicAngle": 0, "subDivisions": 0, "lo1": 0, "la1": 90, "lo2": 359, "la2": -90, "dx": 1, "dy": 1}, "data":
[rows 20 to 39 of 181, columns 0 to 44 of 360]
4.159651641723219,4.149518939387341,4.119170197886955,4.068753273240002,3.9985137916354745,3.908793952767298,3.8000308626718344,3.6727544041912,3.5275846554373276,3.3652288688337335,3.1864780254528062,2.992202981435523,2.783350225267878,2.560937266584113,2.3260476789620657,2.07982582086161,1.823471260425276,1.5582329313028405,1.2854030479721248,1.0063108101999516,0.7223159273144922,0.4348019938380998,0.14516974875387267,-0.14516974875387126,-0.43480199383809925,-0.7223159273144919,-1.0063108101999512,-1.2854030479721243,-1.5582329313028411,-1.8234712604252763,-2.0798258208616085,-2.3260476789620648,-2.5609372665841126,-2.7833502252678777,-2.9922029814355238,-3.1864780254528053,-3.3652288688337335,-3.5275846554373276,-3.672754404191199,-3.8000308626718335,-3.9087939527672964,-3.9985137916354727,-4.068753273240002,-4.1191701978869535,-4.149518939387341
4.741679167134876,4.730128674999697,4.6955334714307915,4.638062100782449,4.557994557795466,4.455720923490914,4.331739464734617,4.18665420673106,4.021171990273318,3.8360990280857603,3.6323369770366964,3.410878545356743,3.172802656264126,2.919269191559196,2.651513340796904,2.3708395835674385,2.0786153342027927,1.7762642798715949,1.4652594445183234,1.1471160124387236,0.8233839464542196,0.4956404366488554,0.16548221645774167,-0.16548221645774003,-0.4956404366488549,-0.823383946454219,-1.1471160124387232,-1.4652594445183227,-1.776264279871595,-2.0786153342027935,-2.3708395835674367,-2.651513340796903,-2.9192691915591955,-3.172802656264125,-3.410878545356745,-3.632336977036695,-3.8360990280857603,-4.021171990273318,-4.186654206731059,-4.331739464734616,-4.455720923490914,-4.557994557795465,-4.638062100782449,-4.6955334714307915,-4.730128674999697
5.357189656213674,5.344139811462547,5.30505385474103,5.240122208901366,5.149661214395175,5.034111588094587,4.894036276163927,4.730117711442605,4.543154488700904,4.334057473966544,4.1038453668769534,3.8536397376770317,3.584659563041659,3.2982152873438655,2.9957024383015765,2.6785948281068377,2.348437373160971,2.0068385673971645,1.6554626458597077,1.296021476718145,0.9302662212176339,0.5599788021973838,0.186963222741702,-0.18696322274170013,-0.5599788021973833,-0.9302662212176331,-1.2960214767181444,-1.6554626458597066,-2.006838567397165,-2.348437373160972,-2.6785948281068355,-2.995702438301575,-3.298215287343865,-3.5846595630416584,-3.853639737677032,-4.103845366876952,-4.334057473966543,-4.543154488700904,-4.730117711442604,-4.894036276163927,-5.034111588094586,-5.149661214395174,-5.240122208901366,-5.30505385474103,-5.344139811462547
6.030382699823763,6.015692990652966,5.971695429927054,5.898604369339262,5.796775901189688,5.666706123539394,5.509028723270522,5.324511888827509,5.11405456768019,4.878682086742102,4.619541157080814,4.337894287256883,4.035113632509044,3.7126743097518244,3.3721472109542114,3.015191349911882,2.6435457796987554,2.25902112017523,1.8634907368302203,1.4588816139328078,1.0471649664585803,0.6303466365284209,0.21045732114731894,-0.2104573211473169,-0.6303466365284203,-1.0471649664585798,-1.4588816139328071,-1.8634907368302196,-2.25902112017523,-2.6435457796987563,-3.0151913499118796,-3.3721472109542105,-3.712674309751823,-4.035113632509043,-4.337894287256883,-4.619541157080813,-4.878682086742101,-5.11405456768019,-5.324511888827507,-5.509028723270522,-5.666706123539393,-5.7967759011896876,-5.898604369339262,-5.9716954299270535,-6.015692990652966
6.732278586238266,6.715879093965328,6.666760513824397,6.585162146600537,6.471481531336624,6.326272508563087,6.150242522042519,5.944249172174777,5.7092960378540365,5.446527787133302,5.157224600516713,4.8427959340488105,4.504773652586369,4.144804566706788,3.764642409612511,3.3661392931191334,2.9512366843528177,2.521955947117609,2.0803884940141693,1.6286855972878134,1.1690479080463734,0.7037147349092164,0.234953134320741,-0.2349531343207387,-0.7037147349092157,-1.1690479080463727,-1.6286855972878127,-2.080388494014169,-2.5219559471176094,-2.951236684352818,-3.366139293119131,-3.76464240961251,-4.144804566706788,-4.504773652586368,-4.842795934048811,-5.157224600516712,-5.446527787133302,-5.7092960378540365,-5.944249172174775,-6.150242522042517,-6.326272508563085,-6.471481531336622,-6.585162146600537,-6.6667605138243955,-6.715879093965328
7.463995416780981,7.4458134990848,7.391356326471635,7.300889208812439,7.174852892810726,7.013861414728931,6.818699108865456,6.590316786356832,6.329827102921401,6.038499138112533,5.717752212490592,5.369148972835839,4.994387779090398,4.59529443011933,4.173813268602105,3.7319977083904914,3.2720002304826967,2.7960618963523034,2.3065014297220423,1.805703919974888,1.2961092022383383,0.7801999707529246,0.260489683435431,-0.26048968343542844,-0.7801999707529236,-1.2961092022383376,-1.8057039199748874,-2.3065014297220414,-2.7960618963523047,-3.2720002304826976,-3.7319977083904896,-4.173813268602103,-4.5952944301193295,-4.994387779090398,-5.3691489728358395,-5.71775221249059,-6.038499138112532,-6.329827102921401,-6.59031678635683,-6.818699108865456,-7.013861414728929,-7.1748528928107245,-7.300889208812439,-7.391356326471633,-7.4458134990848
8.246713931503134,8.226625350844383,8.16645747841381,8.066503446037839,7.927250219714864,7.749376227165842,7.5337480526026415,7.28141621481687,6.9936100491579065,6.671731718334672,6.317349381219836,5.932189552937436,5.518128693454735,5.077184065657878,4.611503907449895,4.123356965751568,3.6151214433944894,3.0892734127559307,2.548374752583104,1.9950606667774275,1.4320268459460064,0.862016334267971,0.28780616565896333,-0.28780616565896044,-0.8620163342679703,-1.4320268459460053,-1.995060666777427,-2.5483747525831038,-3.089273412755932,-3.6151214433944903,-4.123356965751565,-4.611503907449893,-5.077184065657878,-5.5181286934547344,-5.932189552937437,-6.317349381219834,-6.67173171833467,-6.9936100491579065,-7.281416214816867,-7.5337480526026415,-7.749376227165841,-7.927250219714862,-8.066503446037839,-8.16645747841381,-8.226625350844383
9.053240832203521,9.031187592550566,8.965135314758509,8.855405798885197,8.702533636101995,8.507263604219325,8.270547039204047,7.993537200366248,7.677583651795812,7.324225687421841,6.93518483172734,6.512356452655004,6.057800527565117,5.57373160723291,5.062508026779808,4.526620416101761,3.9686795657707585,3.3914037075255967,2.79760527132008,2.1901771834469907,1.5720787724919862,0.946321351782206,0.31595354857043495,-0.3159535485704318,-0.946321351782205,-1.5720787724919851,-2.19017718344699,-2.7976052713200787,-3.391403707525598,-3.9686795657707603,-4.526620416101759,-5.062508026779806,-5.57373160723291,-6.057800527565116,-6.512356452655006,-6.935184831727339,-7.32422568742184,-7.677583651795812,-7.993537200366246,-8.270547039204045,-8.507263604219325,-8.702533636101993,-8.855405798885197,-8.965135314758509,-9.031187592550566
9.883891018553758,9.859814356795185,9.787701670595382,9.66790428571277,9.501005842964503,9.287819454787083,9.029383743834284,8.726957782912008,8.382014960902112,7.996235804559898,7.571499791156683,7.109876191855448,6.61361399042975,6.085130926440831,5.5270017162535146,4.941945509276881,4.332812640541673,3.7025707441545515,3.0542902952830207,2.3911296511090576,1.7163196636304012,1.0331479392743863,0.3449428220098969,-0.3449428220098935,-1.0331479392743854,-1.7163196636303997,-2.3911296511090563,-3.054290295283019,-3.702570744154553,-4.3328126405416745,-4.941945509276877,-5.527001716253512,-6.085130926440829,-6.613613990429749,-7.109876191855449,-7.571499791156683,-7.996235804559898,-8.382014960902112,-8.726957782912006,-9.029383743834284,-9.287819454787083,-9.501005842964501,-9.66790428571277,-9.78770167059538,-9.859814356795185
10.75466619045186,10.728468364139555,10.650002518379027,10.519650930883468,10.338048661484258,10.106080458183314,9.824876446749755,9.49580662486076,9.120474187610586,8.700707716905232,8.2385522727952,7.736259430148486,7.19627630920417,6.621233653448571,6.0139330128974535,5.377333095225934,4.714535351242102,4.028768864930456,3.323374621679301,2.6017892313357738,1.8675281853881147,1.1241687298445218,0.3753324372501746,-0.3753324372501709,-1.1241687298445209,-1.8675281853881136,-2.601789231335773,-3.3233746216793003,-4.028768864930458,-4.7145353512421035,-5.3773330952259295,-6.013933012897453,-6.621233653448571,-7.196276309204168,-7.736259430148488,-8.238552272795198,-8.70070771690523,-9.120474187610586,-9.495806624860759,-9.824876446749753,-10.106080458183314,-10.338048661484258,-10.519650930883468,-10.650002518379027,-10.728468364139555
11.64238031286298,11.614020059564831,11.529077467973702,11.387966369857416,11.191374244301562,10.940258868380475,10.635843650963617,10.279611672390528,9.873298459052503,9.418883528082466,8.918580743346475,8.374827529721498,7.790272998206441,7.16776503971962,6.510336450460511,5.821190156431491,5.103683609104321,4.36131242825408,3.5976933716509776,2.816546714580066,2.021678125034003,1.2169601228811495,0.40631321333802495,-0.406313213338021,-1.2169601228811482,-2.021678125034002,-2.8165467145800647,-3.5976933716509767,-4.361312428254081,-5.103683609104322,-5.821190156431487,-6.510336450460509,-7.167765039719619,-7.790272998206437,-8.3748275297215,-8.918580743346471,-9.418883528082466,-9.873298459052503,-10.279611672390525,-10.635843650963613,-10.940258868380475,-11.191374244301562,-11.387966369857416,-11.5290774679737,-11.614020059564831
12.54694058104559,12.51637686439719,12.424834617807253,12.272759825899366,12.0608933817732,11.790267477447799,11.462200575125813,11.07829098377819,10.640409072343513,10.15068815747856,9.611514110253978,9.025513732430255,8.395541958943602,7.724667948949899,7.016160133189822,6.273470290522796,5.500216731207368,4.700166668857351,3.877217866955765,3.0353796493429477,2.1787533671938237,1.3115124176472541,0.4378819114346776,-0.4378819114346733,-1.3115124176472528,-2.1787533671938224,-3.035379649342946,-3.877217866955763,-4.700166668857353,-5.500216731207369,-6.273470290522792,-7.01616013318982,-7.7246679489498975,-8.3955419589436,-9.025513732430257,-9.611514110253975,-10.150688157478559,-10.640409072343513,-11.078290983778189,-11.462200575125811,-11.790267477447799,-12.060893381773196,-12.272759825899366,-12.42483461780725,-12.51637686439719
13.476788722461292,13.443959942474407,13.34563354102992,13.182288554471922,12.95472078315555,12.664038914387625,12.311659121013543,11.89929816196553,11.42896501838569,10.902951106071823,10.323819111929986,9.694390508821492,9.017731809630748,8.297139627522713,7.536124615174948,6.738394361230648,5.907835327299463,5.048493913507205,4.164556744841176,3.260330274334062,2.340219802457643,1.4087080149417215,0.47033314357984163,-0.47033314357983697,-1.40870801494172,-2.340219802457641,-3.2603302743340614,-4.1645567448411756,-5.048493913507207,-5.9078353272994635,-6.738394361230643,-7.536124615174945,-8.29713962752271,-9.017731809630746,-9.694390508821494,-10.323819111929982,-10.90295110607182,-11.42896501838569,-11.89929816196553,-12.311659121013543,-12.664038914387625,-12.95472078315555,-13.182288554471922,-13.345633541029917,-13.443959942474407
14.415167892858008,14.38005326837481,14.274880469845993,14.100161888574052,13.856748735924294,13.545826896308624,13.168911149675896,12.72783779165627,12.224755687313474,11.66211580209023,11.042659260950987,10.369403993896617,9.645630032912825,8.874863531984023,8.06085958802556,7.207583946429005,6.319193680349254,5.4000169378619685,4.454531855661227,3.48734474202768,2.5031676353576384,1.506795347585666,0.5030821043427975,-0.5030821043427925,-1.506795347585664,-2.503167635357637,-3.487344742027678,-4.454531855661226,-5.40001693786197,-6.319193680349255,-7.207583946429002,-8.060859588025556,-8.87486353198402,-9.645630032912823,-10.369403993896617,-11.042659260950984,-11.66211580209023,-12.224755687313474,-12.727837791656265,-13.168911149675896,-13.54582689630862,-13.856748735924288,-14.100161888574052,-14.274880469845993,-14.38005326837481
15.361876498939958,15.324455739873754,15.212375772851788,15.026182640207155,14.766783456166028,14.435441987478342,14.033772496473217,13.563731876535158,13.027610118316174,12.428019153131546,11.767880127892978,11.050409173574488,10.27910173654559,9.457715549107933,8.590252322201266,7.680938249469981,6.734203417672487,5.754660223743854,4.7470809036615655,3.7163742825915445,2.6675618595853683,1.6057533433416742,0.5361217582189839,-0.5361217582189786,-1.6057533433416726,-2.6675618595853665,-3.7163742825915422,-4.747080903661565,-5.754660223743856,-6.7342034176724885,-7.680938249469974,-8.590252322201263,-9.457715549107931,-10.279101736545588,-11.05040917357449,-11.767880127892973,-12.428019153131542,-13.027610118316174,-13.563731876535151,-14.033772496473217,-14.435441987478338,-14.766783456166026,-15.026182640207155,-15.212375772851786,-15.324455739873754
16.31601577238477,16.276270778003322,16.157229428476466,15.959471681293092,15.683960992318942,15.332039621936461,14.905422095687138,14.406186851275416,13.836766112629123,13.199934040348962,12.498793216276953,11.736759528029543,10.917545527136516,10.045142341863116,9.12380023283434,8.158007886192385,7.152470545168985,6.112087086613347,5.041926154156577,3.9472014642894027,2.833246405659509,1.7054880553381755,0.5694207386462978,-0.5694207386462922,-1.705488055338174,-2.8332464056595072,-3.947201464289401,-5.0419261541565765,-6.112087086613349,-7.152470545168987,-8.15800788619238,-9.123800232834336,-10.045142341863114,-10.917545527136516,-11.736759528029545,-12.498793216276948,-13.199934040348962,-13.836766112629123,-14.406186851275415,-14.905422095687136,-15.332039621936458,-15.683960992318939,-15.959471681293092,-16.157229428476466,-16.276270778003322
17.269074569481685,17.22700797177108,17.101013122874793,16.89170385703169,16.60009990794526,16.22762194074353,15.77608463064135,15.247687822025165,14.645005811032295,13.970974803838914,13.228878611758702,12.422332652844235,11.55526633793362,10.631903926955903,9.656743948761303,8.634537284740842,7.570264023009779,6.46910919591889,5.33643751909807,4.177767255101028,2.9987433289848258,1.8051098268024346,0.6026820109928713,-0.6026820109928652,-1.8051098268024326,-2.9987433289848235,-4.177767255101027,-5.336437519098069,-6.469109195918892,-7.570264023009781,-8.634537284740839,-9.6567439487613,-10.631903926955902,-11.555266337933617,-12.422332652844238,-13.228878611758702,-13.97097480383891,-14.645005811032295,-15.247687822025162,-15.776084630641346,-16.22762194074353,-16.600099907945257,-16.89170385703169,-17.101013122874793,-17.22700797177108
18.220804319315004,18.176419355767575,18.043480704206132,17.822636028378135,17.514961261344986,17.121955363644314,16.645533020504903,16.088015313692722,15.452118413433876,14.740940345506285,13.957945897969532,13.106949741065689,12.192097842529353,11.217847268849601,10.188944470890084,9.110402159657504,7.987474884877493,6.825633435356528,5.630538185848782,4.408011520279302,3.1640094656747855,1.90459267499862,0.6358969002588514,-0.635896900258845,-1.9045926749986177,-3.1640094656747837,-4.408011520279301,-5.63053818584878,-6.82563343535653,-7.987474884877495,-9.110402159657497,-10.18894447089008,-11.217847268849598,-12.192097842529352,-13.106949741065693,-13.957945897969529,-14.740940345506282,-15.452118413433876,-16.08801531369272,-16.645533020504903,-17.12195536364431,-17.514961261344983,-17.822636028378135,-18.043480704206132,-18.176419355767575
19.16089277372422,19.114217801950527,18.97442028240019,18.742181294536056,18.418632283362424,18.005349547138685,17.504346557812696,16.918064151587807,16.249358637414243,15.501487881339017,14.67809543451002,13.783192782161082,12.821139800059154,11.796623513627797,10.714635263230498,9.58044638686211,8.399582538720031,7.177796768772394,5.921041494476908,4.635439501201342,3.3272541126286663,2.002858676473678,0.6687055141735652,-0.6687055141735584,-2.002858676473676,-3.327254112628664,-4.635439501201339,-5.921041494476906,-7.177796768772396,-8.399582538720034,-9.580446386862105,-10.714635263230495,-11.796623513627795,-12.82113980005915,-13.783192782161086,-14.678095434510016,-15.501487881339017,-16.249358637414243,-16.918064151587803,-17.504346557812696,-18.00534954713868,-18.418632283362413,-18.742181294536056,-18.97442028240019,-19.114217801950527
20.089196291161887,20.040260018676086,19.8936896138192,19.65019915287047,19.31097489688006,18.877669512324466,18.352394019481526,17.737707507751875,17.036604668032574,16.25250120288413,15.389217185570947,14.450958449048365,13.442296095567283,12.36814422672347,11.233736002448575,10.044598145580945,8.806524016227518,7.525545387095727,6.207903057303188,4.860016447831701,3.4884523267535186,2.099892816597395,0.7011028397193012,-0.7011028397192942,-2.0998928165973925,-3.488452326753517,-4.8600164478317,-6.207903057303186,-7.525545387095729,-8.80652401622752,-10.04459814558094,-11.233736002448572,-12.36814422672347,-13.442296095567277,-14.450958449048368,-15.389217185570947,-16.25250120288413,-17.036604668032574,-17.73770750775187,-18.352394019481522,-18.877669512324463,-19.310974896880058,-19.65019915287047,-19.8936896138192,-20.040260018676086
