hough_viz/data/file_1_1_0.json
{"header": {"discipline": 0, "disciplineName": "Meteorological products", "gribEdition": 2, "gribLength": 133963, "center": 7, "centerName": "US National Weather Service - NCEP(WMC)", "subcenter": 0, "refTime": "2014-11-30T06:00:00.000Z", "significanceOfRT": 1, "significanceOfRTName": "Start of forecast", "productStatus": 0, "productStatusName": "Operational products", "productType": 1, "productTypeName": "Forecast products", "productDefinitionTemplate": 0, "productDefinitionTemplateName": "Analysis/forecast at horizontal level/layer at a point in time", "parameterCategory": 2, "parameterCategoryName": "Momentum", "parameterNumber": 3, "parameterNumberName": "V-component_of_wind", "parameterUnit": "m.s-1", "genProcessType": 2, "genProcessTypeName": "Forecast", "forecastTime": 6, "surface1Type": 100, "surface1TypeName": "Isobaric surface", "surface1Value": 85000, "surface2Type": 255, "surface2TypeName": "Missing", "surface2Value": 0, "gridDefinitionTemplate": 0, "gridDefinitionTemplateName": "Latitude_Longitude", "numberPoints": 65160, "shape": 6, "shapeName": "Earth spherical with radius of 6,371,229.0 m", "gridUnits": "degrees", "resolution": 48, "winds": "true", "scanMode": 0, "nx": 360, "ny": 181, "basicAngle": 0, "subDivisions": 0, "lo1": 0, "la1": 90, "lo2": 359, "la2": -90, "dx": 1, "dy": 1}, "data":
[rows 152 to 170 of 181, columns 301 to 343 of 360]
21.42844208057595,21.200469844271442,20.9660397394788,20.72522317587893,20.47809350852993,20.224726015522492,19.965197875049416,19.699588141896363,19.427977723361106,19.150449354608266,18.86708757346745,18.57797869468218,18.28321078361758,17.982873629434852,17.677058717740575,17.365859202719374,17.049369878758156,16.727687151570926,16.40090900883259,16.069134990330987,15.73246615764612,15.391005063365817,15.044855719847178,14.6941235675335,14.338915442835987,13.979339545590388,13.615505406098285,13.247523851763155,12.875506973331097,12.499568090747143,12.119821718636693,11.736383531423419,11.349370328093572,10.958899996617946,10.565091478042145,10.168064730255754,9.767940691452312,9.364841243290044,8.95888917376584,8.550208139812575,8.13892262963224,7.725157924775362,7.309040061979314
21.760501009096885,21.52899607469724,21.290933199537168,21.04638489987462,20.795425667490647,20.53813194699856,20.274582112558065,20.00485644400178,19.729037102381273,19.44720810493991,19.159455299520445,18.865866338414936,18.56653065166499,18.261539419820533,17.95098554616527,17.634963628417566,17.313569929914898,16.986902350291274,16.65506039565594,16.318145148282895,15.97625923582026,15.629506800028894,15.277993465059787,14.921826305279996,14.561113812656645,14.19596586370928,13.826493686040397,13.452809824454539,13.075028106675814,12.693263608675172,12.307632619616903,11.91825260643601,11.525242178056486,11.128721049261976,10.728810004229564,10.325630859737506,9.919306428058979,9.509960479551943,9.097717704957807,8.682703677419143,8.265044814229144,7.8448683383233995,7.422302239526856
22.079797549429205,21.844895693028878,21.603339669784194,21.355203059999845,21.100561448490907,20.839492401559045,20.572075443364977,20.29839203170467,20.018525533196584,19.732561197887268,19.440586133283475,19.14268927781829,18.83896137375969,18.529494939569524,18.2143842417215,17.893725265986763,17.56761568819558,17.236154844484474,16.89944370103736,16.55758482333032,16.210682344889168,15.85884193556936,15.502170769367904,15.140777491777222,14.774772186690534,14.404266342869352,14.029372819982848,13.650205814229833,13.266880823553251,12.879514612458673,12.48822517644646,12.09313170606937,11.69435455062581,11.292015181500354,10.886236155162448,10.477141075834304,10.064854557840151,9.649502187647203,9.2312104856111,8.810106867436305,8.386319605364317,7.959977789100386,7.53121128649186
22.386577457482982,22.148411840636175,21.90349960298622,21.651915347173233,21.393735708198673,21.12903933008163,20.857906841903052,20.580420833245327,20.296665829034804,20.00672826379454,19.710696455315592,19.408660577754556,19.100712634165614,18.786946428475545,18.467457536910114,18.142343278880677,17.811702687339654,17.475636478614238,17.13424702172715,16.787638307214067,16.435915915447097,16.079186984473996,15.717560177382818,15.351145649202207,14.980055013346961,14.604401307619597,14.224298959777903,13.839863752679221,13.451212789011661,13.058464455623765,12.661738387462481,12.261155431131384,11.856837608079479,11.448908077432371,11.037491098476853,10.622711992810125,10.204697106165902,9.78357376992798,9.359470262344153,8.93251576945117,8.502840345723632,8.07057487445788,7.635851027903951
22.66992641259339,22.428746311786053,22.18073419757999,21.925965616867757,21.66451817462701,21.39647151028138,21.121907273441458,20.840909099033514,20.5535625818236,20.259955250344426,19.96017654023341,19.654317766989664,19.342472098158435,19.02473452495138,18.701201833311266,18.37197257443013,18.037147034729518,17.696827205312367,17.35111675089547,17.000120978232207,16.643946804035107,16.282702722407958,15.91649877179747,15.545446501474517,15.169658937555102,14.789250548571518,14.404337210604133,14.015036171984487,13.621466017580113,13.2237466326727,12.821999166439642,12.416345995051014,12.006910684392452,11.593817952425843,11.177193631199133,10.75716462851641,10.33385888928089,9.907405356521316,9.477933932114974,9.04557543721808,8.610461572416597,8.172724877608697,7.732498691632116
22.941072400583593,22.69700764035889,22.446029151736077,22.188213385194086,21.9236388739129,21.652386209851674,21.374538019199555,21.09017893720697,20.799395582404976,20.502276530220314,20.19891228599454,19.889395257415185,19.573819726367528,19.25228182021537,18.924879482519714,18.591712443204276,18.252882188176656,17.9084919284149,17.55864656852829,17.203452674802477,16.843018442738327,16.47745366409454,16.106869693443972,15.73137941425405,15.351097204501253,14.966138901830549,14.576621768270078,14.182664454512134,13.784386963770745,13.381910615227858,12.975358007078073,12.564852979184236,12.150520575354475,11.732487005252707,11.310879605954028,10.88582680315638,10.457458072061161,10.025903897933476,9.591295736355395,9.153765973183026,8.71344788422075,8.27047559462383,7.824984038042891
23.20054904253174,22.95372377036169,22.69990657157346,22.439174761344606,22.17160776111026,21.897287074370713,21.616296261864523,21.3287209161152,21.034648635358874,20.734168996861005,20.427373529630284,20.11435568653803,19.79521081585152,19.470036132189982,19.138930686912087,18.801995337943993,18.459332719056928,18.111047208604084,17.757244897725844,17.398033558033465,17.03352260878077,16.663823083534005,16.289047596349896,15.909310307472408,15.52472688855832,15.13541448744257,14.741491692453867,14.343078496291652,13.940296259474902,13.533267673374855,13.122116722841769,12.706968648438131,12.287949908289002,11.865188139561747,11.438812119586567,11.008951726629455,10.575737900330346,10.13930260181728,9.69977877351009,9.2573002986246,8.812001960390717,8.364019400995868,7.913489080267403
23.438556355320152,23.189198978429225,22.932777946890646,22.669371369034643,22.399059481056483,22.12192462257585,21.838051211555285,21.547525718585707,21.250436640546692,20.946874473649373,20.636931685870444,20.32070268878556,19.998283808810598,19.669773257859752,19.335271103429168,18.994879238115523,18.648701348578403,18.296842883956494,17.93941102374664,17.576514645155974,17.208264289936874,16.834772130714857,16.456151936819705,16.072519039630297,15.68399029744343,15.290684059877734,14.892720131823195,14.490219736947527,14.083305480770036,13.672101313315073,13.256732491355436,12.837325540258103,12.414008215443243,11.986909463468738,11.556159382751908,11.121889183940015,10.684231149942576,10.243318595636351,9.799285827256664,9.352268101486157,8.902401584254529,8.44982330926079,7.994671136231771
23.665018800174582,23.413252141741005,23.154353579895783,22.888401977648872,22.615478346434617,22.335665821435,22.049049636255724,21.755717096963284,21.455757555490756,21.149262382420247,20.836324939150536,20.517040549458358,20.19150647046177,19.859821862994774,19.52208776140187,19.178407042762156,18.828884395551793,18.473626287755067,18.112740934433056,17.746338264760354,17.37452988853957,16.997429062203878,16.615150654318033,16.22781111058832,15.835528418391991,15.438422070837209,15.036613030364274,14.630223691899394,14.21937784557176,13.80420063900618,13.38481853920164,12.961359294008437,12.533951893214768,12.102726529255287,11.667814557553294,11.229348456508369,10.787461787142492,10.342289152415722,9.893966156225142,9.442629362098351,8.988416251595105,8.531465182428834,8.071915346321836
23.880712298919335,23.62665092726861,23.365392648868934,23.097017045522765,22.821605867038688,22.539243006329666,22.250014473858368,21.954008371437588,21.65131486539363,21.342026159100673,21.026236464894808,20.704041975376008,20.375540834106946,20.04083310571752,19.700020745424172,19.353207567973396,19.000499216018664,18.642003127940786,18.27782850512099,17.908086278677235,17.532889075673477,17.152351184812353,16.76658852162176,16.375718593145905,15.97986046215144,15.57913471085981,15.173663404216768,14.763570052710268,14.348979574747753,13.930018258605108,13.506813723957746,13.079494883006653,12.64819190121028,12.213036157634992,11.774160204935795,11.331697728979277,10.88578350812194,10.436553372155025,9.984144160929816,9.528693682674588,9.070340672017137,8.609224747724575,8.145486370174426
24.076900519754457,23.820751947024327,23.557347342494335,23.28676694175867,23.009093166228556,22.724410598025926,22.432805954218836,22.134368060406604,21.829187823662743,21.517358204843713,21.198974190272153,20.874132762803164,20.54293287228236,20.205475405404798,19.861863154983897,19.51220078863982,19.156594816916563,18.795153560837996,18.42798711891206,18.055207333593785,17.67692775721697,17.29326361740507,16.904331781971678,16.510250723321573,16.11114048236276,15.707122631940901,15.29832023980701,14.884857831129965,14.46686135056466,14.044458123888358,13.61777681921578,13.186947407805722,12.75210112447042,12.313370427600203,11.870888958815492,11.424791502257992,10.97521394353451,10.522293228324495,10.066167320665416,9.606975160927282,9.144856623490325,8.679952474137584,8.212404327176635
24.26223993839689,24.004119582483256,23.73868733921167,23.466024061814732,23.18621280616807,22.89933880549078,22.60548944438246,22.304754232205067,21.99722477581756,21.682994751671437,21.362159877276067,21.034817882042194,20.70106847751259,20.361013326988978,20.01475601456439,19.66240201357049,19.304058654449268,18.9398350920593,18.569842272425994,18.194192898946405,17.81300139805869,17.426383884386713,17.034458125370357,16.637343505392533,16.235160989413398,15.828033086123357,15.416083810625661,14.99943864666033,14.57822450838036,14.152569701692729,13.722603885174918,13.288458030579854,12.850264382940495,12.40815642028676,11.962268812986945,11.512737382725545,11.059699061131024,10.603291848064723,10.143654769585135,9.680927835598913,9.215251997212764,8.746769103798062,8.275621859782492
24.43770294325238,24.17771587703591,23.910364044348494,23.635728883148275,23.353894049965792,23.064945394421446,22.768970933074826,22.466060822613994,22.156307332392988,21.839804816325568,21.516649684144163,21.1869403720325,20.85077731264101,20.508262904494075,20.159501480798415,19.80459927766224,19.443664401734615,19.07680679727523,18.704138212664223,18.325772166362572,17.941823912333316,17.552410404934008,17.157650263291323,16.757663735168567,16.352572660336943,15.942500433462056,15.527571966516641,15.107913650731305,14.683653318094269,14.254920202412814,13.821844899947171,13.38455932962981,12.943196692881502,12.497891433036962,12.048779194392171,11.595996780885576,11.139682114426627,10.679974192883053,10.217013047741117,9.75093970145039,9.281896124467174,8.810025192008647,8.335470640532009
24.59552306601511,24.33385698803545,24.06477858148987,23.788369810267618,23.504714871158033,23.213900168203423,22.91601428637948,22.611147964611472,22.299394068134347,21.980847560204992,21.65560547317555,21.323766878936418,20.985432858737983,20.640706472400332,20.28969272692016,19.932498544484712,19.569232729902147,19.200005937458663,18.824930637211995,18.44412108073203,18.057693266298667,17.66576490356758,17.268455377714744,16.865885713070586,16.458178536254728,16.045458038822776,15.627849939436329,15.20548144556799,14.778481214752487,14.346979315396627,13.911107187158963,13.470997600912197,13.026784618299704,12.578603550899158,12.126590919005391,11.670884410044719,11.2116228366344,10.748946094298566,10.282995118855053,9.813911843484703,9.341839155497379,8.86692085280681,8.389301600128688
24.74317050217869,24.479933637294398,24.209239947481734,23.93117188866091,23.645814163056304,23.353253693395512,23.053579596431653,22.74688315579767,22.43325779420044,22.112799044963253,21.785604522925475,21.451773894708122,21.111408848354436,20.76461306235474,20.411492174064907,20.05215374752831,19.68670724071061,19.315263972158004,18.937937087088315,18.554841522925976,18.16609397429098,17.7718128574525,17.372118274258206,16.967131975550103,16.556977324077955,16.141779256921847,15.721664247435132,15.296760266719517,14.867196744643568,14.43310453041745,13.994615852734723,13.551864279494392,13.104984677114665,12.654113169451428,12.19938709633368,11.740944971728224,11.278926441547334,10.813472241110894,10.344724152277378,9.872824960255457,9.39791841011049,8.920149162978072,8.439662751999188
24.88177345273142,24.617062023131822,24.34485199796914,24.06522629505401,23.778270091084302,23.4840707956996,23.18271802485522,22.874303573524422,22.558921387736785,22.236667535961267,21.90764017984286,21.571939544301603,21.229667887003075,20.880929467209757,20.525830514022605,20.16447919402271,19.7969855783226,19.42346160903765,19.04402106518729,18.658779528036902,18.267854345890616,17.871364598345888,17.469431060020693,17.06217616376445,16.64972396336372,16.232200095754255,15.80973174275074,15.38244759230612,14.950477799311725,14.513953945951151,14.073009001618786,13.627777282416254,13.178394410238253,12.724997271460898,12.267723975244888,11.806713811465858,11.342107208285697,10.874045689376386,10.402671830810872,9.92812921763272,9.450562400118983,8.970116849748461,8.486938914890038
25.004411092707983,24.738394949637602,24.464843251819335,24.183839325750316,23.895468767948547,23.599819418879473,23.29698133619882,22.987046767320223,22.670110121315787,22.346267940158114,22.015618869312718,21.678263627689635,21.3343049769635,20.98384769027133,20.62699852029759,20.26386616675636,19.894561243280243,19.519196243726494,19.137885507910212,18.750745186775358,18.357893207014065,17.959449235145016,17.555534641061822,17.146272461062694,16.731787360372266,16.312205595167406,15.887654974118346,15.45826481945705,15.024165927584123,14.585490529227316,14.142372249162463,13.694946065510301,13.243348268620664,12.787716419557187,12.32818930819497,11.86490691094358,11.398010348109223,10.927641840907784,10.453944668143185,9.977063122563004,9.497142466905766,9.014328889652171,8.528769460495024
25.11747838420717,24.850259344388675,24.575470674844,24.29319607886384,24.00352154002457,23.706535295996886,23.40232781166768,23.09099175158358,22.77262195172451,22.447315390615596,22.11517115978668,21.77629043358802,21.43077643837162,21.0787344210475,20.72027161702443,20.35549721754505,19.98452233642506,19.607459976207004,19.22442499373846,18.835534065185637,18.44090565049264,18.040659957297446,17.63491890431543,17.223806084201893,16.807446725904352,16.38596765651671,15.959497262646433,15.528165451306876,15.092103610346099,14.651444568425134,14.206322554556877,13.756873157218786,13.303233283051185,12.845541115154226,12.383936070996091,11.918558759944798,11.449550940437604,10.977055476799613,10.501216295726291,10.022178342441697,9.540087536547025,9.055090727571766,8.567335650242258
25.222228363672954,24.95389491306426,24.67796026433123,24.39450846984092,24.10362587175577,23.80540107573303,23.49992492393453,23.187290467355297,22.867592937479394,22.540929717271386,22.20740031151261,21.867106316491032,21.52015138905404,21.166641215033543,20.806683477053078,20.440387821726656,20.067865826259222,19.68923096445936,19.304598572173852,18.914085812155417,18.517811638373733,18.115896759780938,17.708463603542455,17.29563627774462,16.877540533589986,16.45430372709242,16.026054780283136,15.592924141939948,15.155043747851032,14.712546980626335,14.265568629067674,13.814244847110958,13.358713112352214,12.899112184170665,12.43558206146136,11.9682639399899,11.497300169383186,11.022834209767984,10.545010588071921,10.063974853998893,9.579873535693475,9.092854095106713,8.60306488307813
