hough_viz/data/file_4_1_1.json
{"header": {"discipline": 0, "disciplineName": "Meteorological products", "gribEdition": 2, "gribLength": 133963, "center": 7, "centerName": "US National Weather Service - NCEP(WMC)", "subcenter": 0, "refTime": "2014-11-30T06:00:00.000Z", "significanceOfRT": 1, "significanceOfRTName": "Start of forecast", "productStatus": 0, "productStatusName": "Operational products", "productType": 1, "productTypeName": "Forecast products", "productDefinitionTemplate": 0, "productDefinitionTemplateName": "Analysis/forecast at horizontal level/layer at a point in time", "parameterCategory": 2, "parameterCategoryName": "Momentum", "parameterNumber": 3, "parameterNumberName": "V-component_of_wind", "parameterUnit": "m.s-1", "genProcessType": 2, "genProcessTypeName": "Forecast", "forecastTime": 6, "surface1Type": 100, "surface1TypeName": "Isobaric surface", "surface1Value": 85000, "surface2Type": 255, "surface2TypeName": "Missing", "surface2Value": 0, "gridDefinitionTemplate": 0, "gridDefinitionTemplateName": "Latitude_Longitude", "numberPoints": 65160, "shape": 6, "shapeName": "Earth spherical with radius of 6,371,229.0 m", "gridUnits": "degrees", "resolution": 48, "winds": "true", "scanMode": 0, "nx": 360, "ny": 181, "basicAngle": 0, "subDivisions": 0, "lo1": 0, "la1": 90, "lo2": 359, "la2": -90, "dx": 1, "dy": 1}, "data":
[rows 60 to 79 of 181, columns 270 to 314 of 360]
2.1936350115155094e-14,-2.082508513087351,-4.154871254032092,-6.206991879873279,-8.228872665200369,-10.210663210065988,-12.142708430144447,-14.015595595332119,-15.820200187621975,-17.547730354838706,-19.18976974365836,-20.738318503235806,-22.185832259673987,-23.525258871455165,-24.75007278676529,-25.85430683532697,-26.832581299852716,-27.680130125487224,-28.39282413954731,-28.96719116843623,-29.400432953724405,-29.690438784983215,-29.835795782954076,-29.835795782954076,-29.690438784983225,-29.40043295372441,-28.967191168436237,-28.392824139547322,-27.680130125487242,-26.832581299852734,-25.854306835326938,-24.750072786765315,-23.52525887145519,-22.18583225967409,-20.738318503235927,-19.189769743658392,-17.547730354838748,-15.820200187622023,-14.015595595332067,-12.14270843014449,-10.210663210066034,-8.22887266520041,-6.2069918798733275,-4.154871254032138,-2.0825085130875043
2.2033763689728838e-14,-2.0917563869257583,-4.173321946997159,-6.234555502043539,-8.265414929379292,-10.256006086015711,-12.196631011931188,-14.077835177557699,-15.89045354529809,-17.6256552206686,-19.274986475528685,-20.83041193379486,-22.284353718985273,-23.62972837287226,-24.859981365378534,-25.969119027589326,-26.951737752304368,-27.80305031986939,-28.518909221028853,-29.0958268631742,-29.53099256154445,-29.822286232599854,-29.968288722855768,-29.968288722855768,-29.82228623259986,-29.53099256154446,-29.095826863174207,-28.518909221028867,-27.8030503198694,-26.951737752304386,-25.9691190275893,-24.85998136537856,-23.629728372872286,-22.284353718985372,-20.83041193379497,-19.27498647552872,-17.62565522066864,-15.890453545298136,-14.077835177557647,-12.196631011931233,-10.256006086015756,-8.265414929379334,-6.234555502043586,-4.1733219469972065,-2.0917563869259124
2.2056962714561628e-14,-2.093958766376123,-4.177715976126589,-6.241119773583802,-8.27411746285928,-10.266804483567087,-12.209472664846535,-14.092657522594848,-15.90718436948196,-17.644213013105542,-19.295280824519367,-20.852343967310983,-22.30781658636414,-23.654607765382494,-24.88615607312068,-25.996461530018347,-26.98011483949688,-27.832323741509047,-28.548936359947987,-29.12646143017031,-29.56208530808651,-29.853685677952143,-29.999841892076784,-29.999841892076784,-29.853685677952146,-29.56208530808652,-29.126461430170316,-28.548936359948,-27.832323741509065,-26.980114839496903,-25.99646153001832,-24.88615607312071,-23.65460776538252,-22.307816586364247,-20.852343967311093,-19.295280824519406,-17.644213013105585,-15.907184369482001,-14.092657522594795,-12.209472664846578,-10.266804483567133,-8.274117462859325,-6.241119773583848,-4.177715976126636,-2.093958766376277
2.2023662133077377e-14,-2.090797404341524,-4.171408653895445,-6.231697219796011,-8.26162558324975,-10.251304137317593,-12.191039368085912,-14.07138108049201,-15.883168438724129,-17.6175745968933,-19.26614970253881,-20.82086206346015,-22.274137277314054,-23.618895133341404,-24.848584106442075,-25.957213275547158,-26.939381510783672,-27.79030378723682,-28.505834497110108,-29.082487646709946,-29.517453839856458,-29.808613964979276,-29.95454951921612,-29.95454951921612,-29.80861396497928,-29.517453839856465,-29.08248764670996,-28.505834497110126,-27.79030378723683,-26.939381510783694,-25.95721327554713,-24.8485841064421,-23.618895133341425,-22.274137277314153,-20.820862063460268,-19.266149702538847,-17.61757459689334,-15.883168438724171,-14.071381080491957,-12.191039368085956,-10.251304137317636,-8.261625583249792,-6.231697219796059,-4.171408653895491,-2.0907974043416777
2.1944853516298068e-14,-2.083315776154246,-4.156481847261366,-6.209397956616617,-8.232062503293731,-10.214621268938833,-12.147415426531799,-14.02102859722073,-15.826332725972769,-17.554532552541275,-19.197208461089247,-20.746357499711436,-22.194432370011597,-23.534378196781674,-24.759666898644383,-25.864328992209963,-26.8429826747987,-27.69086004404301,-28.403830326628256,-28.97842000300522,-29.41182973002813,-29.701947979073136,-29.84736132319348,-29.84736132319348,-29.701947979073147,-29.41182973002814,-28.978420003005226,-28.403830326628274,-27.690860044043028,-26.842982674798723,-25.864328992209938,-24.759666898644404,-23.5343781967817,-22.1944323700117,-20.746357499711543,-19.197208461089282,-17.554532552541314,-15.82633272597281,-14.021028597220678,-12.147415426531843,-10.214621268938874,-8.232062503293776,-6.209397956616662,-4.1564818472614125,-2.0833157761543992
2.1786890048122708e-14,-2.0683196502944234,-4.126562655159504,-6.16470146156917,-8.172806462131698,-10.14109437113835,-12.05997588774806,-13.920102414097293,-15.712411600728748,-17.42817149744755,-19.059023094504457,-20.59702104685125,-22.034672383063096,-23.364973010342254,-24.58144183775383,-25.678152351449814,-26.649761488048327,-27.49153566550173,-28.19937384463231,-28.769827508983,-29.20011746564287,-29.48814738519567,-29.63251401482602,-29.63251401482602,-29.488147385195674,-29.200117465642872,-28.769827508983003,-28.199373844632326,-27.491535665501743,-26.649761488048348,-25.678152351449782,-24.581441837753847,-23.36497301034228,-22.0346723830632,-20.59702104685136,-19.059023094504496,-17.42817149744759,-15.712411600728792,-13.920102414097242,-12.0599758877481,-10.141094371138394,-8.172806462131739,-6.164701461569216,-4.1265626551595505,-2.0683196502945758
2.156786379653357e-14,-2.0475265816604185,-4.085077819631765,-6.102726969096349,-8.090644246211465,-10.039144717827755,-11.938735485510087,-13.780161933984605,-15.554452818693683,-17.252963972798224,-18.867420420689168,-20.389956692836982,-21.81315514556858,-23.13008209908172,-24.334321617635783,-25.420006767346248,-26.381848199296282,-27.215159918713457,-27.91588211466497,-28.4806009390485,-28.90656513851698,-29.19169945830837,-29.33461475267827,-29.33461475267827,-29.191699458308378,-28.90656513851699,-28.480600939048504,-27.915882114664985,-27.21515991871347,-26.3818481992963,-25.420006767346216,-24.33432161763581,-23.130082099081747,-21.81315514556868,-20.389956692837092,-18.867420420689207,-17.252963972798263,-15.554452818693727,-13.780161933984555,-11.938735485510131,-10.039144717827797,-8.09064424621151,-6.102726969096394,-4.0850778196318105,-2.047526581660569
2.1300863343756092e-14,-2.0221791235377866,-4.034506393654557,-6.027177954168503,-7.990485709539549,-9.914864621734537,-11.79093931013114,-13.609569727429953,-15.361895689045795,-17.039380039036967,-18.633850242270444,-20.13753820019166,-21.543118096219803,-22.84374208638989,-24.033073661359943,-25.105318517248016,-26.0552527848978,-26.878248480044416,-27.570296050388343,-28.128023909731258,-28.54871486400504,-28.830319349168168,-28.97146541647573,-28.97146541647573,-28.83031934916817,-28.54871486400504,-28.12802390973127,-27.57029605038836,-26.878248480044434,-26.05525278489782,-25.10531851724799,-24.033073661359964,-22.843742086389913,-21.543118096219906,-20.137538200191766,-18.633850242270483,-17.039380039037006,-15.36189568904584,-13.6095697274299,-11.790939310131181,-9.914864621734582,-7.990485709539593,-6.027177954168547,-4.034506393654602,-2.022179123537936
2.0952849182037258e-14,-1.9891406987018463,-3.968590503867463,-5.928705735019458,-7.859936907781857,-9.752875258007638,-11.598298580331997,-13.38721615782997,-15.110912563885163,-16.76099012287273,-18.3294098227905,-19.808530480517472,-21.19114596888988,-22.47052032422847,-23.640420563276155,-24.695147049666375,-25.62956126197807,-26.439110828095902,-27.119851703909376,-27.668467388299373,-28.082285080798194,-28.359288703204786,-28.49812872171511,-28.49812872171511,-28.359288703204793,-28.0822850807982,-27.66846738829938,-27.119851703909394,-26.43911082809592,-25.62956126197809,-24.695147049666353,-23.640420563276177,-22.470520324228495,-21.19114596888998,-19.808530480517575,-18.329409822790538,-16.76099012287277,-15.110912563885202,-13.387216157829922,-11.598298580332038,-9.752875258007679,-7.859936907781899,-5.928705735019504,-3.968590503867507,-1.9891406987019924
2.054149749125166e-14,-1.9500893800714945,-3.8906781207056986,-5.812311868625324,-7.705628617372553,-9.56140431806302,-11.370597818024892,-13.124394908385929,-14.814251266012782,-16.431934080594953,-17.969562164068705,-19.419644346973193,-20.77511597467505,-22.02937332565571,-23.17630578417857,-24.210325610595078,-25.126395164250138,-25.92005144636138,-26.587427843300407,-27.12527296434579,-27.530966482131785,-27.802531898619904,-27.938646174398688,-27.938646174398688,-27.80253189861991,-27.53096648213179,-27.125272964345807,-26.587427843300425,-25.920051446361402,-25.12639516425016,-24.210325610595056,-23.176305784178595,-22.029373325655733,-20.775115974675145,-19.419644346973296,-17.96956216406874,-16.431934080594992,-14.814251266012821,-13.12439490838588,-11.37059781802493,-9.561404318063063,-7.705628617372593,-5.812311868625367,-3.8906781207057426,-1.9500893800716381
2.008164046752161e-14,-1.906433249416503,-3.803578547675966,-5.682193193585432,-7.533124765427815,-9.347355710640088,-11.11604727842303,-12.830582581246754,-14.4826085754602,-16.064076756480734,-17.567282370299043,-18.98490195026631,-20.310028996287546,-21.53620762259591,-22.657464010178945,-23.66833551062475,-24.563897259595514,-25.339786170271843,-25.99222218987301,-26.518026715694166,-26.914638080939184,-27.180124034903823,-27.31319115670693,-27.31319115670693,-27.18012403490383,-26.914638080939188,-26.51802671569418,-25.99222218987303,-25.339786170271864,-24.56389725959553,-23.66833551062473,-22.65746401017896,-21.536207622595935,-20.310028996287635,-18.98490195026641,-17.567282370299075,-16.06407675648077,-14.48260857546024,-12.830582581246704,-11.11604727842307,-9.347355710640128,-7.533124765427855,-5.6821931935854755,-3.8035785476760084,-1.9064332494166434
1.9542223130815663e-14,-1.8552241289429487,-3.7014097924162788,-5.529562559445273,-7.330775853514337,-9.09627434451209,-10.81745670125768,-12.485937496321775,-14.09358805898575,-15.632576077308869,-17.095403756364394,-18.474944346742888,-19.76447686535896,-20.957718839405345,-22.04885691392861,-23.032575173910605,-23.904081042871617,-24.659128631821588,-25.294039424804275,-25.805720200257266,-26.191678100876533,-26.4500327785666,-26.579525555307505,-26.579525555307505,-26.45003277856661,-26.19167810087654,-25.805720200257277,-25.29403942480429,-24.659128631821606,-23.904081042871635,-23.032575173910576,-22.048856913928624,-20.957718839405363,-19.764476865359057,-18.474944346742987,-17.095403756364426,-15.632576077308903,-14.093588058985786,-12.485937496321727,-10.817456701257717,-9.096274344512128,-7.330775853514375,-5.5295625594453135,-3.7014097924163196,-1.855224128943085
1.8939845440422547e-14,-1.7980379214949331,-3.5873159829745935,-5.359117001580852,-7.104808940851966,-8.815886965136148,-10.484014874296044,-12.101065716837946,-13.659161383602198,-15.150710989119649,-16.568447853642247,-17.905464905676464,-19.15524833254126,-20.311709315008805,-21.369213691419446,-22.32260940675139,-23.16725161291445,-23.89902529798337,-24.514365334122147,-25.01027384652847,-25.384334818778445,-25.63472586341575,-25.760227100440126,-25.760227100440126,-25.634725863415753,-25.384334818778452,-25.01027384652848,-24.51436533412216,-23.89902529798339,-23.16725161291446,-22.322609406751365,-21.369213691419468,-20.311709315008827,-19.155248332541348,-17.90546490567656,-16.568447853642283,-15.150710989119682,-13.659161383602235,-12.1010657168379,-10.484014874296081,-8.815886965136187,-7.1048089408520045,-5.359117001580891,-3.587315982974634,-1.7980379214950657
1.82905253117601e-14,-1.7363952740827582,-3.464331004932134,-5.175388863358728,-6.861232747471307,-8.513649395326912,-10.124588399117528,-11.686201425947791,-13.190880454123615,-14.631294838669618,-16.00042702549424,-17.291606740207953,-18.498543485029607,-19.615357185459345,-20.636606837410273,-21.557317015233856,-22.373002111493097,-23.07968819039145,-23.67393234838837,-24.1528394876793,-24.514076420821198,-24.755883237787195,-24.877081880071387,-24.877081880071387,-24.7558832377872,-24.5140764208212,-24.15283948767931,-23.673932348388387,-23.07968819039147,-22.373002111493115,-21.557317015233828,-20.636606837410294,-19.615357185459363,-18.498543485029693,-17.291606740208046,-16.00042702549427,-14.63129483866965,-13.190880454123647,-11.686201425947749,-10.124588399117561,-8.513649395326947,-6.861232747471344,-5.1753888633587675,-3.464331004932173,-1.7363952740828859
1.7566456955019405e-14,-1.6676564679890356,-3.327188281298373,-4.970510367748935,-6.589616627321783,-8.176618937072265,-9.723785581272193,-11.223578919551748,-12.668692109525374,-14.052084704993879,-15.367016956290268,-16.607082645662754,-17.766240297723684,-18.838842612910394,-19.81966398056078,-20.70392593756357,-21.487320448549873,-22.16603089420874,-22.736750665472655,-23.196699272984578,-23.543635893362577,-23.775870286266123,-23.892271029077108,-23.892271029077108,-23.775870286266123,-23.54363589336258,-23.19669927298459,-22.736750665472663,-22.166030894208756,-21.487320448549884,-20.703925937563547,-19.819663980560797,-18.838842612910412,-17.76624029772377,-16.607082645662842,-15.367016956290298,-14.052084704993911,-12.66869210952541,-11.223578919551706,-9.723785581272226,-8.1766189370723,-6.589616627321816,-4.9705103677489735,-3.32718828129841,-1.6676564679891583
1.678269000780765e-14,-1.5932502276037068,-3.1787383002515788,-4.748739879426201,-6.295606075249922,-7.811800711107136,-9.289937039139298,-10.722813727738053,-12.103449945708661,-13.425119372178314,-14.681382966554995,-15.866120338886073,-16.973559567782946,-17.998305320641872,-18.9353651391619,-19.78017376210022,-20.528615366765663,-21.177043620893425,-21.722299447209178,-22.161726414136037,-22.49318367766217,-22.71505641131766,-22.826263673446697,-22.826263673446697,-22.715056411317665,-22.493183677662177,-22.161726414136048,-21.722299447209192,-21.177043620893436,-20.528615366765674,-19.780173762100198,-18.935365139161917,-17.99830532064189,-16.97355956778302,-15.86612033888616,-14.681382966555022,-13.425119372178346,-12.103449945708693,-10.722813727738014,-9.289937039139332,-7.811800711107171,-6.295606075249956,-4.748739879426235,-3.1787383002516147,-1.5932502276038236
1.5955679562735502e-14,-1.5147387029775086,-3.022097751255205,-4.514733443068914,-5.985373807367409,-7.4268540321240835,-8.832151370581006,-10.194419355365278,-11.50702115378959,-12.763561901834363,-13.95791985928216,-15.084276234220727,-16.137143531612324,-17.111392287817946,-18.002276060828414,-18.805454554453018,-19.517014763805975,-20.13349003907313,-20.65187697468127,-21.06965004158818,-21.384773891406283,-21.595713272415413,-21.701440509154853,-21.701440509154853,-21.595713272415416,-21.38477389140629,-21.069650041588186,-20.651876974681283,-20.133490039073145,-19.51701476380599,-18.805454554453,-18.002276060828425,-17.111392287817967,-16.1371435316124,-15.08427623422081,-13.957919859282185,-12.763561901834393,-11.50702115378962,-10.194419355365243,-8.832151370581037,-7.426854032124115,-5.9853738073674405,-4.514733443068948,-3.02209775125524,-1.5147387029776198
1.5061940825179218e-14,-1.4298923853509924,-2.852818478732923,-4.261845927250705,-5.650110090810175,-7.010847485954299,-8.337428736874783,-9.62339087306468,-10.862468816260808,-12.048625903275664,-13.176083296013402,-14.239348135388227,-15.233240301981711,-16.152917653063948,-16.993899613026013,-17.75208900229427,-18.423791998377055,-19.005736131796848,-19.49508622923244,-19.88945822619844,-20.186930781967742,-20.386054640150487,-20.485859689325476,-20.485859689325476,-20.386054640150494,-20.18693078196775,-19.889458226198443,-19.495086229232452,-19.005736131796862,-18.42379199837707,-17.75208900229425,-16.993899613026027,-16.152917653063966,-15.23324030198178,-14.239348135388306,-13.176083296013427,-12.048625903275692,-10.862468816260836,-9.623390873064645,-8.33742873687481,-7.01084748595433,-5.650110090810205,-4.261845927250737,-2.8528184787329547,-1.429892385351098
1.4114721717747238e-14,-1.3399689548518003,-2.673409715648853,-3.993825893041402,-5.294784552141027,-6.569947553132504,-7.813102430053941,-9.018192657306527,-10.179347156438203,-11.290908899448118,-12.347462469258115,-13.343860443080475,-14.275248470144309,-15.137088921604608,-15.925182997413653,-16.635691182453137,-17.26515195226551,-17.810498637253442,-18.269074363185737,-18.638644995221537,-18.91741002239066,-19.104011329502097,-19.197539813744715,-19.197539813744715,-19.104011329502104,-18.917410022390666,-18.63864499522154,-18.26907436318575,-17.810498637253453,-17.265151952265516,-16.635691182453122,-15.925182997413671,-15.13708892160462,-14.275248470144376,-13.343860443080548,-12.347462469258138,-11.290908899448143,-10.179347156438231,-9.018192657306493,-7.813102430053969,-6.569947553132534,-5.2947845521410555,-3.993825893041432,-2.6734097156488836,-1.339968954851899
1.3130007974371348e-14,-1.2464860033685603,-2.4868992522251205,-3.7151965779070153,-4.925393839311603,-6.1115950770299206,-7.268021237868337,-8.389038329814857,-9.469184870281646,-10.503198493899557,-11.486041590233018,-12.41292584651172,-13.279335575809167,-14.081049717015453,-14.81416239942257,-15.475101971734128,-16.060648402791177,-16.567948969240554,-16.994532153716207,-17.338319685823357,-17.59763666726297,-17.771219731767932,-17.85822320009649,-17.85822320009649,-17.77121973176794,-17.597636667262975,-17.338319685823357,-16.994532153716218,-16.567948969240568,-16.060648402791184,-15.47510197173411,-14.814162399422582,-14.08104971701547,-13.27933557580923,-12.412925846511788,-11.486041590233038,-10.503198493899584,-9.469184870281673,-8.389038329814827,-7.268021237868364,-6.111595077029946,-4.925393839311627,-3.7151965779070433,-2.4868992522251485,-1.2464860033686525
