hough_viz/data/file_4_3_0.json
{"header": {"discipline": 0, "disciplineName": "Meteorological products", "gribEdition": 2, "gribLength": 133963, "center": 7, "centerName": "US National Weather Service - NCEP(WMC)", "subcenter": 0, "refTime": "2014-11-30T06:00:00.000Z", "significanceOfRT": 1, "significanceOfRTName": "Start of forecast", "productStatus": 0, "productStatusName": "Operational products", "productType": 1, "productTypeName": "Forecast products", "productDefinitionTemplate": 0, "productDefinitionTemplateName": "Analysis/forecast at horizontal level/layer at a point in time", "parameterCategory": 2, "parameterCategoryName": "Momentum", "parameterNumber": 2, "parameterNumberName": "U-component_of_wind", "parameterUnit": "m.s-1", "genProcessType": 2, "genProcessTypeName": "Forecast", "forecastTime": 6, "surface1Type": 100, "surface1TypeName": "Isobaric surface", "surface1Value": 85000, "surface2Type": 255, "surface2TypeName": "Missing", "surface2Value": 0, "gridDefinitionTemplate": 0, "gridDefinitionTemplateName": "Latitude_Longitude", "numberPoints": 65160, "shape": 6, "shapeName": "Earth spherical with radius of 6,371,229.0 m", "gridUnits": "degrees", "resolution": 48, "winds": "true", "scanMode": 0, "nx": 360, "ny": 181, "basicAngle": 0, "subDivisions": 0, "lo1": 0, "la1": 90, "lo2": 359, "la2": -90, "dx": 1, "dy": 1}, "data":
[rows 160 to 179 of 181, columns 180 to 224 of 360]
11.405475063785634,11.377691899767425,11.29447776449514,11.15623806887117,10.96364630279679,10.71764075399705,10.41941993677733,10.070436752982037,9.672391413602998,9.22722315552227,8.737100793745052,8.204412155151026,7.631752445241728,7.021911604560271,6.377860716381499,5.702737531892834,4.9998311833859415,4.272566159934884,3.5244856236294355,2.759234147645757,1.9805399602519953,1.1921967812550474,0.3980453393790455,-0.398045339379033,-1.1921967812550345,-1.9805399602519833,-2.7592341476457447,-3.5244856236294235,-4.272566159934873,-4.999831183385931,-5.702737531892825,-6.377860716381488,-7.021911604560262,-7.63175244524172,-8.204412155151017,-8.737100793745046,-9.227223155522262,-9.67239141360299,-10.07043675298203,-10.419419936777324,-10.717640753997047,-10.963646302796787,-11.15623806887117,-11.29447776449514,-11.377691899767425
10.091085670524434,10.066504293007227,9.992879918455966,9.870571237422764,9.700174125507187,9.482518740310233,9.218665476989942,8.909899802122753,8.557725991039637,8.16385979914778,7.730220102942785,7.258919551435271,6.752254273537208,6.212692691552682,5.642863495272615,5.045542835262231,4.423640797734628,3.780187226903297,3.1183169638855492,2.4412545740719107,1.7522986373674452,1.054805677842151,0.3521738110831238,-0.3521738110831127,-1.05480567784214,-1.752298637367434,-2.4412545740718996,-3.118316963885539,-3.780187226903287,-4.423640797734619,-5.045542835262222,-5.642863495272604,-6.212692691552675,-6.7522542735372,-7.258919551435264,-7.730220102942778,-8.163859799147772,-8.557725991039629,-8.909899802122748,-9.218665476989937,-9.48251874031023,-9.700174125507187,-9.870571237422762,-9.992879918455964,-10.066504293007227
8.859612649049705,8.838031077919194,8.773391507772839,8.666008856098845,8.516406280382103,8.325312629333503,8.093658892012293,7.822573662140933,7.51337763970999,7.167577196660461,6.7868570379911315,6.373071994045203,5.928237983963246,5.454522194327805,4.954232520848265,4.429806324524864,3.88379855707094,3.318869313445046,2.7377708721355947,2.143334286336894,1.5384555913423696,0.9260816953518246,0.30919602243094735,-0.3091960224309377,-0.9260816953518147,-1.5384555913423599,-2.1433342863368847,-2.7377708721355853,-3.3188693134450378,-3.8837985570709317,-4.429806324524857,-4.954232520848257,-5.454522194327797,-5.928237983963239,-6.373071994045198,-6.786857037991125,-7.167577196660454,-7.513377639709983,-7.822573662140928,-8.093658892012291,-8.3253126293335,-8.516406280382101,-8.666008856098845,-8.773391507772837,-8.838031077919194
7.687430058047663,7.668703864795142,7.612616517168756,7.519441267088264,7.389632055006109,7.223821298355178,7.022816810474644,6.787597865024541,6.5193104250630025,6.2192615600293495,5.888913077833212,5.529874403073352,5.143894736082752,4.732854531000436,4.29875633438797,3.8437150290238424,3.369947530407182,2.8797619861683326,2.375546531005507,1.8597576519327508,1.3349082205219638,0.8035552504452855,0.2682874399615424,-0.268287439961534,-0.8035552504452771,-1.3349082205219553,-1.8597576519327426,-2.375546531005499,-2.879761986168324,-3.369947530407175,-3.8437150290238358,-4.298756334387964,-4.732854531000429,-5.1438947360827445,-5.5298744030733475,-5.888913077833207,-6.219261560029345,-6.519310425062998,-6.787597865024536,-7.02281681047464,-7.223821298355176,-7.389632055006106,-7.519441267088262,-7.612616517168756,-7.668703864795142
6.570423276433924,6.55441805556085,6.506480368768882,6.426843763649394,6.315896221737483,6.1741782683049315,6.002380338975431,5.801339415991594,5.572034950521655,5.315584090871769,5.033236239851793,4.726366967810406,4.396471310994593,4.0451564878833555,3.674134068980868,3.285211638216971,2.880283986579991,2.4613238808855367,2.0303724526547975,1.5895292539270713,1.1409420284531349,0.6867962481036547,0.22930446546994238,-0.22930446546993513,-0.6867962481036474,-1.1409420284531278,-1.5895292539270645,-2.030372452654791,-2.46132388088553,-2.8802839865799843,-3.285211638216966,-3.6741340689808624,-4.04515648788335,-4.396471310994587,-4.7263669678104,-5.03323623985179,-5.315584090871764,-5.57203495052165,-5.801339415991589,-6.002380338975426,-6.174178268304929,-6.315896221737482,-6.4268437636493925,-6.506480368768882,-6.55441805556085
5.5686975289842415,5.555132461685394,5.51450334743318,5.44700812718821,5.3529756308789205,5.232863975375216,5.087258332589133,4.916868078576088,4.72252333752608,4.5051709374820295,4.265869797488761,4.0057857686458656,3.7261859541983053,3.4284325363367865,3.113976139783076,2.784348764492129,2.4411563219023273,2.0860708110964015,1.7208221729899003,1.347189862233051,0.9669941778864536,0.5820873951070985,0.1943447410500117,-0.1943447410500056,-0.5820873951070923,-0.9669941778864476,-1.347189862233045,-1.7208221729898945,-2.086070811096396,-2.441156321902322,-2.7843487644921234,-3.113976139783071,-3.4284325363367816,-3.726185954198301,-4.005785768645861,-4.265869797488756,-4.505170937482026,-4.722523337526075,-4.916868078576085,-5.087258332589132,-5.2328639753752135,-5.352975630878919,-5.447008127188208,-5.51450334743318,-5.555132461685394
4.642328813255681,4.631020333589221,4.5971499883660485,4.54088279050346,4.462492868133481,4.362362129078168,4.240978400233097,4.0989330509237405,3.936918111813599,3.7557229034003288,3.5562301905256324,3.3394118816337093,3.106324293730976,2.858103006115805,2.595957327950354,2.321164406627847,2.035063005638872,1.7390469822502506,1.4345584967724816,1.123080986499768,0.806131938552534,0.48525549683276287,0.16201493911014256,-0.1620149391101375,-0.48525549683275765,-0.806131938552529,-1.123080986499763,-1.4345584967724767,-1.739046982250246,-2.0350630056388677,-2.321164406627843,-2.59595732795035,-2.8581030061158015,-3.1063242937309727,-3.3394118816337066,-3.556230190525629,-3.755722903400325,-3.936918111813597,-4.098933050923737,-4.240978400233094,-4.362362129078167,-4.46249286813348,-4.54088279050346,-4.5971499883660485,-4.631020333589221
3.7837458995025206,3.7745288846617364,3.746922744509197,3.701061973384767,3.6371700003554546,3.5555581006914587,3.456623879364347,3.340849333955584,3.208798506412795,3.0611147350940624,2.898517520488124,2.721799019880334,2.531820188041968,2.329506582745132,2.11584385553835,1.8918729497512656,1.6586850291233919,1.4174161617640701,1.1692417853427963,0.9153709804751178,0.6570405802033342,0.3955091442702813,0.13205082754279035,-0.1320508275427862,-0.3955091442702771,-0.6570405802033301,-0.915370980475114,-1.1692417853427923,-1.4174161617640666,-1.6586850291233879,-1.8918729497512623,-2.1158438555383468,-2.329506582745129,-2.531820188041965,-2.7217990198803315,-2.8985175204881206,-3.0611147350940593,-3.208798506412793,-3.340849333955582,-3.4566238793643453,-3.5555581006914583,-3.637170000355454,-3.701061973384766,-3.746922744509197,-3.7745288846617364
3.0534647093243708,3.0460266227590562,3.023748600673185,2.9867391793509817,2.9351786649729514,2.8693182551823004,2.789478815275265,2.6960493149776346,2.5894849334233667,2.4703048415675752,2.3390896728378388,2.1964786943465104,2.0431666924455936,1.8799005877974744,1.7074757964525573,1.5267323546621896,1.3385508263065031,1.143848012875715,0.9435724869053858,0.7386999706264388,0.5302285823444612,0.3191739737076868,0.10656438155426942,-0.10656438155426608,-0.31917397370768336,-0.5302285823444579,-0.7386999706264356,-0.9435724869053826,-1.1438480128757116,-1.3385508263065002,-1.526732354662187,-1.7074757964525542,-1.879900587797472,-2.0431666924455913,-2.1964786943465087,-2.3390896728378365,-2.4703048415675735,-2.5894849334233645,-2.6960493149776332,-2.7894788152752645,-2.8693182551823,-2.935178664972951,-2.986739179350981,-3.023748600673185,-3.0460266227590562
2.4033205070452897,2.397466139080594,2.3799315570787503,2.350802187760704,2.310219946485697,2.258382545853907,2.195542532470539,2.1220060565641328,2.0381313804534544,1.9443271331294556,1.841050319455928,1.7288040936877453,1.6081353081538954,1.4796318490479126,1.3439197723054448,1.2016602535226482,1.0535463667751521,0.9002997080308418,0.7426668796068072,0.58141585279795,0.41733222639797846,0.2512153993410804,0.08387467611068042,-0.08387467611067778,-0.2512153993410777,-0.4173322263979758,-0.5814158527979474,-0.7426668796068047,-0.9002997080308395,-1.05354636677515,-1.2016602535226462,-1.3439197723054424,-1.4796318490479101,-1.6081353081538934,-1.7288040936877433,-1.8410503194559262,-1.9443271331294543,-2.0381313804534527,-2.122006056564132,-2.195542532470537,-2.2583825458539066,-2.3102199464856965,-2.3508021877607037,-2.3799315570787503,-2.397466139080594
1.8228311867777136,1.8183908616218984,1.8050915189722712,1.7829979518893768,1.7522177980112044,1.7129010151534378,1.665239150730053,1.6094644085535623,1.5458485175613985,1.4747014079798249,1.3963697013750387,1.3112350219477473,1.2197121372984103,1.122246937721188,1.0193142638712585,0.9114155933888596,0.7990765977506425,0.682844581251086,0.5632858145909653,0.44098277606345565,0.31653131377839855,0.19053774275022628,0.06361589099216504,-0.06361589099216303,-0.19053774275022428,-0.3165313137783966,-0.4409827760634537,-0.5632858145909634,-0.6828445812510842,-0.7990765977506409,-0.9114155933888579,-1.0193142638712565,-1.1222469377211863,-1.2197121372984085,-1.3112350219477462,-1.3963697013750378,-1.4747014079798235,-1.5458485175613974,-1.6094644085535614,-1.6652391507300521,-1.7129010151534374,-1.752217798011204,-1.7829979518893764,-1.8050915189722712,-1.8183908616218984
1.3641557344999744,1.3608327196929597,1.3508798646660278,1.3343456587284126,1.3113106548694289,1.2818870773124067,1.2462182747695583,1.204478022061453,1.1568696735035742,1.103625172184518,1.0450039199625927,0.9812915136860377,0.9127983537938824,0.8398581320762113,0.7628262059613108,0.682077867249989,0.5980065137316508,0.5110217325898186,0.4215473049345292,0.3300191411833902,0.23688315734981386,0.14259310258503852,0.04760834855787985,-0.047608348557878356,-0.14259310258503705,-0.23688315734981238,-0.3300191411833887,-0.42154730493452774,-0.5110217325898172,-0.5980065137316495,-0.6820778672499878,-0.7628262059613096,-0.83985813207621,-0.9127983537938814,-0.9812915136860366,-1.0450039199625918,-1.1036251721845174,-1.1568696735035728,-1.2044780220614524,-1.2462182747695574,-1.2818870773124065,-1.3113106548694289,-1.3343456587284122,-1.3508798646660278,-1.3608327196929597
0.9785052769675424,0.9761216872923526,0.9689825308760834,0.9571225889711696,0.9405996420224146,0.9194941881664711,0.8939090510530141,0.8639688788982484,0.8298195372113403,0.7916273981523068,0.749578529983582,0.7038777905641485,0.6547478293026349,0.6024280024317791,0.547173206888928,0.48925263848377254,0.4289484804034259,0.3665545284443058,0.3023747596685342,0.23672185145826527,0.169915658182889,0.1022816529007062,0.03414934168690869,-0.034149341686907614,-0.10228165290070514,-0.16991565818288795,-0.23672185145826422,-0.3023747596685332,-0.3665545284443049,-0.42894848040342504,-0.4892526384837717,-0.5471732068889271,-0.6024280024317782,-0.6547478293026341,-0.7038777905641479,-0.7495785299835812,-0.7916273981523061,-0.8298195372113396,-0.863968878898248,-0.8939090510530135,-0.9194941881664708,-0.9405996420224144,-0.9571225889711694,-0.9689825308760834,-0.9761216872923526
0.6539015760704026,0.6523087046960734,0.6475378508823066,0.6396122577493185,0.6285705379901753,0.6144664857536329,0.5973688145644545,0.5773608225580202,0.5545399866601911,0.5290174876895184,0.5009176686954734,0.47037742917161285,0.43754555809500206,0.4025820090412773,0.3656571209069064,0.3269507880352022,0.286651583789168,0.2449558418410303,0.20206669965431606,0.15819310881856183,0.11354881705815928,0.06835132687493538,0.022820835897829305,-0.022820835897828583,-0.06835132687493466,-0.11354881705815856,-0.15819310881856113,-0.20206669965431542,-0.24495584184102964,-0.2866515837891673,-0.32695078803520167,-0.3656571209069059,-0.4025820090412768,-0.4375455580950016,-0.4703774291716124,-0.5009176686954729,-0.5290174876895178,-0.5545399866601908,-0.5773608225580198,-0.597368814564454,-0.6144664857536326,-0.628570537990175,-0.6396122577493184,-0.6475378508823065,-0.6523087046960734
0.4273157358932188,0.42627481623739677,0.4231571285258607,0.41797786181975266,0.41076224898584646,0.401545443764558,0.39037234950445565,0.37729740039765824,0.3623842962819263,0.34570569230145076,0.3273428449382969,0.3073852161389919,0.2859300374649116,0.2630818363898885,0.23895192705286816,0.21365786794661,0.1873228891845291,0.16007529213597285,0.13204782435484078,0.10337703284685427,0.07420259882626089,0.04466665720300437,0.014913104115732228,-0.01491310411573176,-0.04466665720300389,-0.07420259882626043,-0.10337703284685382,-0.13204782435484036,-0.1600752921359724,-0.1873228891845287,-0.2136578679466096,-0.2389519270528678,-0.2630818363898881,-0.2859300374649112,-0.30738521613899156,-0.3273428449382967,-0.34570569230145054,-0.362384296281926,-0.37729740039765797,-0.39037234950445543,-0.40154544376455775,-0.41076224898584635,-0.41797786181975255,-0.4231571285258607,-0.42627481623739677
0.2556562075240314,0.25503344185173893,0.2531681788866167,0.2500695060023353,0.24575251962170935,0.2402382516684432,0.23355356710171324,0.22573103303278566,0.2168087600613269,0.20683021660438974,0.19584401712265642,0.18390368527567355,0.17106739315996145,0.1573976779004079,0.1429611369756831,0.1278281037620161,0.11207230487605616,0.09577050098620923,0.0790021128423737,0.0618488343460356,0.044394234545786705,0.026723350497323148,0.008922272971458875,-0.008922272971458594,-0.026723350497322863,-0.044394234545786435,-0.06184883434603532,-0.07900211284237345,-0.09577050098620896,-0.11207230487605593,-0.12782810376201584,-0.14296113697568286,-0.15739767790040765,-0.17106739315996125,-0.1839036852756734,-0.19584401712265626,-0.2068302166043896,-0.21680876006132674,-0.22573103303278552,-0.23355356710171307,-0.24023825166844312,-0.2457525196217093,-0.25006950600233524,-0.2531681788866167,-0.25503344185173893
0.12752700226987482,0.12721635290183014,0.1262859182501908,0.12474023129905268,0.12258682247986978,0.11983618298394919,0.1165017136504219,0.11259965967870082,0.10814903148350355,0.10317151207802126,0.09769135143645886,0.0917352483505985,0.08533222035596892,0.07851346236132974,0.07131219467021192,0.0637635011349376,0.055904158231618394,0.047772455888861275,0.03940801094308367,0.03085157412927119,0.0221448315474903,0.013330201572400493,0.0044506281951973495,-0.00445062819519721,-0.013330201572400351,-0.022144831547490158,-0.030851574129271052,-0.039408010943083535,-0.04777245588886113,-0.05590415823161827,-0.06376350113493748,-0.07131219467021181,-0.07851346236132961,-0.08533222035596885,-0.0917352483505984,-0.09769135143645878,-0.10317151207802117,-0.10814903148350345,-0.11259965967870075,-0.11650171365042182,-0.11983618298394916,-0.12258682247986975,-0.12474023129905265,-0.1262859182501908,-0.12721635290183014
0.0605202309262174,0.06037280668541731,0.059931252199099165,0.05919771867633544,0.058175779818714475,0.05687041440962563,0.05528798205812722,0.05343619221557002,0.051324066615925916,0.04896189532280616,0.04636118659730614,0.043534610830914304,0.04049593881663803,0.037259974659084545,0.03384248365035165,0.03026011546310879,0.026530323035065754,0.022671277540014717,0.018701779859697374,0.014641168987800126,0.010509227812319473,0.006326086735320985,0.002112125599644131,-0.0021121255996440647,-0.006326086735320917,-0.010509227812319407,-0.014641168987800058,-0.018701779859697308,-0.02267127754001465,-0.026530323035065695,-0.03026011546310874,-0.03384248365035159,-0.03725997465908449,-0.04049593881663798,-0.04353461083091426,-0.04636118659730611,-0.04896189532280612,-0.05132406661592588,-0.05343619221556999,-0.05528798205812718,-0.05687041440962562,-0.058175779818714454,-0.059197718676335415,-0.059931252199099165,-0.06037280668541731
0.02169344514705435,0.021640601004984862,0.0214823260301247,0.021219391322241637,0.020853077872802363,0.020385170324110854,0.019817948274710437,0.019154175173408793,0.018397084856033297,0.017550365790507703,0.01661814310700734,0.015604958500739558,0.014515748105261123,0.013355818444131725,0.01213082057806472,0.010846722573527206,0.009509780426920173,0.00812650758599301,0.0067036432169804965,0.005248119372062791,0.0037670272171035084,0.0022675824842027124,0.0007570903173755121,-0.0007570903173754884,-0.0022675824842026877,-0.0037670272171034854,-0.005248119372062768,-0.006703643216980474,-0.008126507585992985,-0.009509780426920151,-0.010846722573527185,-0.012130820578064696,-0.013355818444131707,-0.014515748105261104,-0.01560495850073954,-0.01661814310700732,-0.01755036579050769,-0.01839708485603328,-0.019154175173408783,-0.019817948274710423,-0.020385170324110843,-0.020853077872802363,-0.021219391322241633,-0.021482326030124694,-0.021640601004984862
-0.00020364909777256666,-0.00020315301880576106,-0.00020166719875220262,-0.00019919887637784026,-0.00019576007710116574,-0.00019136755440658936,-0.0001860427082231423,-0.0001798114806661805,-0.00017270422964999927,-0.00016475558098713174,-0.00015600425969486834,-0.00014649290133086446,-0.00013626784427699185,-0.00012537890398339792,-0.00011387913027263998,-0.00010182454888628363,-8.927388853312137e-05,-7.628829476880543e-05,-6.293103210084811e-05,-4.92671757703014e-05,-3.536329471172079e-05,-2.128712723601038e-05,-7.10725101618104e-06,7.1072510161808e-06,2.128712723601016e-05,3.536329471172063e-05,4.9267175770301107e-05,6.293103210084783e-05,7.62882947688053e-05,8.927388853312106e-05,0.00010182454888628333,0.0001138791302726394,0.0001253789039833973,0.00013626784427699185,0.00014649290133086416,0.00015600425969486807,0.00016475558098713174,0.00017270422964999865,0.00017981148066617935,0.00018604270822314168,0.00019136755440658877,0.0001957600771011663,0.00019919887637784026,0.0002016671987522032,0.00020315301880576106
