hough_viz/data/file_4_0_0.json
{"header": {"discipline": 0, "disciplineName": "Meteorological products", "gribEdition": 2, "gribLength": 133963, "center": 7, "centerName": "US National Weather Service - NCEP(WMC)", "subcenter": 0, "refTime": "2014-11-30T06:00:00.000Z", "significanceOfRT": 1, "significanceOfRTName": "Start of forecast", "productStatus": 0, "productStatusName": "Operational products", "productType": 1, "productTypeName": "Forecast products", "productDefinitionTemplate": 0, "productDefinitionTemplateName": "Analysis/forecast at horizontal level/layer at a point in time", "parameterCategory": 2, "parameterCategoryName": "Momentum", "parameterNumber": 2, "parameterNumberName": "U-component_of_wind", "parameterUnit": "m.s-1", "genProcessType": 2, "genProcessTypeName": "Forecast", "forecastTime": 6, "surface1Type": 100, "surface1TypeName": "Isobaric surface", "surface1Value": 85000, "surface2Type": 255, "surface2TypeName": "Missing", "surface2Value": 0, "gridDefinitionTemplate": 0, "gridDefinitionTemplateName": "Latitude_Longitude", "numberPoints": 65160, "shape": 6, "shapeName": "Earth spherical with radius of 6,371,229.0 m", "gridUnits": "degrees", "resolution": 48, "winds": "true", "scanMode": 0, "nx": 360, "ny": 181, "basicAngle": 0, "subDivisions": 0, "lo1": 0, "la1": 90, "lo2": 359, "la2": -90, "dx": 1, "dy": 1}, "data":
[rows 19 to 37 of 181, columns 215 to 257 of 360]
1.0202917666690654,1.0775267490947795,1.1295121295115127,1.1759946403714276,1.2167478235540237,1.2515731336473255,1.28030090524119,1.3027911795201157,1.3189343861285308,1.328651876986549,1.331896309455508,1.328651876986549,1.3189343861285312,1.302791179520116,1.2803009052411907,1.2515731336473261,1.2167478235540226,1.1759946403714288,1.1295121295115134,1.0775267490947806,1.020291766669068,0.9580860253155136,0.8912125851530891,0.8199972468601779,0.7447869644063989,0.6659481547277563,0.5838649125801498,0.49893713926835304,0.41157859436702693,0.32221487992568004,0.23128136697826188,0.13922107445924264,0.04648251085991608,-0.0464825108599143,-0.1392210744592408,-0.23128136697825546,-0.3222148799256784,-0.4115785943670251,-0.4989371392683515,-0.5838649125801526,-0.6659481547277546,-0.7447869644063977,-0.8199972468601764
1.1848658794869469,1.25133292352736,1.3117035993478916,1.3656837870843859,1.4130105006882612,1.4534531691680996,1.486814759908354,1.5129327385924312,1.531679861053553,1.5429647931955432,1.5467325559633636,1.5429647931955432,1.5316798610535534,1.5129327385924314,1.4868147599083545,1.4534531691681003,1.4130105006882598,1.3656837870843868,1.311703599347893,1.2513329235273614,1.1848658794869498,1.1126262879839797,1.0349660930467512,0.9522636473386311,0.864921868861884,0.7733662779816841,0.6780429243336592,0.5794162137149219,0.47796664554567975,0.37418847192437826,0.26858728968115486,0.16167757716089948,0.05398018773649473,-0.05398018773649265,-0.16167757716089734,-0.2685872896811474,-0.37418847192437626,-0.47796664554567775,-0.57941621371492,-0.6780429243336624,-0.7733662779816826,-0.8649218688618823,-0.9522636473386294
1.3606681779794016,1.4369971475918157,1.506325211547609,1.5683146104880235,1.6226633382925757,1.669106613422513,1.7074181689098662,1.7374113547073644,1.758940047028707,1.7718993602489614,1.7762261578967835,1.7718993602489614,1.7589400470287078,1.7374113547073646,1.7074181689098673,1.6691066134225137,1.6226633382925744,1.5683146104880243,1.5063252115476102,1.436997147591817,1.360668177979405,1.277710169777764,1.1885272860639389,1.0935540168827598,0.993253062454993,0.8881130789483944,0.7786462977939682,0.6653860301459477,0.5488840686434259,0.42970799913210705,0.3084384354431136,0.18566619070075832,0.06198939894041525,-0.06198939894041285,-0.18566619070075588,-0.30843843544310506,-0.4297079991321047,-0.5488840686434237,-0.6653860301459454,-0.778646297793972,-0.8881130789483926,-0.9932530624549911,-1.0935540168827578
1.5484989039486217,1.6353645539999604,1.7142628723304791,1.7848094742641054,1.846660663847541,1.899515108302389,1.94311530608818,1.9772488414239762,2.0017494191567136,2.016497674934467,2.0214217567375776,2.016497674934467,2.001749419156714,1.9772488414239766,1.943115306088181,1.8995151083023902,1.8466606638475394,1.784809474264107,1.7142628723304805,1.6353645539999622,1.5484989039486257,1.4540891228918174,1.3525951657928028,1.244511501008441,1.1303647012890254,1.010710878368792,0.8861329736454415,0.7572379181482721,0.6246536756311736,0.4890261831963681,0.35101620435376973,0.2112961098475784,0.07054660193362736,-0.07054660193362464,-0.21129610984757566,-0.35101620435376,-0.48902618319636526,-0.624653675631171,-0.7572379181482698,-0.8861329736454457,-1.0107108783687897,-1.1303647012890232,-1.244511501008439
1.7583347056281555,1.85697144784524,1.946561211830538,2.0266675252594464,2.0969001182252014,2.1569168245946226,2.2064252490071414,2.245184191395586,2.2730048220886783,2.2897516017702,2.295342941812924,2.2897516017702,2.273004822088679,2.2451841913955866,2.206425249007142,2.1569168245946235,2.096900118225199,2.026667525259448,1.9465612118305393,1.8569714478452422,1.7583347056281597,1.651131533472444,1.535884214456806,1.4131542219348816,1.283539484093456,1.1476714709064653,1.0062121176767438,0.8598506001537968,0.7092999769387809,0.5552937155347034,0.3985821189664701,0.23992867037995863,0.08010631342890963,-0.08010631342890653,-0.23992867037995558,-0.3985821189664591,-0.5552937155347005,-0.7092999769387779,-0.8598506001537942,-1.0062121176767485,-1.1476714709064626,-1.2835394840934535,-1.413154221934879
1.9798676153278043,2.090931618655474,2.1918088133167632,2.282007735759425,2.3610889459000868,2.4286671680321494,2.4844131678503314,2.5280553564470836,2.5593811134664612,2.578237822969121,2.584533616961835,2.578237822969121,2.559381113466462,2.5280553564470845,2.4844131678503323,2.4286671680321503,2.361088945900084,2.282007735759427,2.191808813316765,2.0909316186554765,1.9798676153278092,1.859157895993862,1.7293905462725243,1.5911977796474839,1.4452528573866417,1.2922668084809215,1.1329849655824793,0.9681833338189784,0.7986648101745595,0.6252552718564763,0.44879955270434846,0.2701573272446094,0.09019892244266317,-0.0901989224426597,-0.2701573272446059,-0.44879955270433614,-0.625255271856473,-0.7986648101745562,-0.9681833338189751,-1.1329849655824846,-1.2922668084809186,-1.4452528573866388,-1.591197779647481
2.213613192610358,2.3377895471741184,2.4505764260578258,2.5514243429248613,2.63984197686145,2.7153985660427526,2.7777260063612057,2.8265206447927076,2.8615447587636407,2.882627714311352,2.8896667973956625,2.882627714311352,2.8615447587636416,2.826520644792708,2.777726006361206,2.7153985660427535,2.6398419768614474,2.5514243429248635,2.450576426057828,2.3377895471741206,2.2136131926103637,2.0786523370838297,1.9335644963164182,1.7790565236841842,1.6158811664986972,1.4448333986978357,1.2667465478126547,1.0824882350794571,0.8929561484762896,0.6990736692773837,0.5017853734323979,0.3020524296873289,0.10084791686703726,-0.10084791686703336,-0.302052429687325,-0.5017853734323842,-0.69907366927738,-0.8929561484762858,-1.0824882350794536,-1.2667465478126605,-1.4448333986978326,-1.615881166498694,-1.7790565236841813
2.4700981378376885,2.6086624467220756,2.734517614387862,2.8470504871091,2.9457128160416617,3.03002392823648,3.099573068429873,3.1540214002018687,3.1931036567532045,3.2166294332584955,3.2244841144994103,3.2166294332584955,3.193103656753205,3.1540214002018696,3.0995730684298732,3.0300239282364814,2.945712816041658,2.8470504871091022,2.7345176143878636,2.6086624467220787,2.470098137837695,2.319499759119163,2.157601010729495,1.9851906470968568,1.8031086341822282,1.6122420572497105,1.4135207990762666,1.2079130096563473,0.9964203894723735,0.7800733093107179,0.5599257903987953,0.33705036931958215,0.11253287272123984,-0.1125328727212355,-0.33705036931957777,-0.55992579039878,-0.7800733093107136,-0.9964203894723698,-1.2079130096563435,-1.413520799076273,-1.612242057249707,-1.8031086341822247,-1.985190647096853
2.738304103498267,2.891913877055147,3.031434536897177,3.156186352394178,3.265561545241064,3.359027250492628,3.436128112628032,3.496488503997101,3.5398143548404923,3.565894585967995,3.5746021371151326,3.565894585967995,3.5398143548404932,3.4964885039971025,3.436128112628033,3.3590272504926295,3.2655615452410602,3.1561863523941813,3.0314345368971796,2.89191387705515,2.7383041034982742,2.57135358760252,2.3918756954995177,2.200744825438554,1.998892147806151,1.7873010685575719,1.5670024381618446,1.3390695294019384,1.1046128084975841,0.8647745250255212,0.6207231469943654,0.3736476681859129,0.12475181549700348,-0.12475181549699868,-0.37364766818590817,-0.6207231469943483,-0.8647745250255168,-1.10461280849758,-1.339069529401934,-1.5670024381618517,-1.7873010685575679,-1.9988921478061468,-2.2007448254385507
3.0184423033581673,3.1877669003308027,3.34156101739823,3.479075385081431,3.599640047203958,3.7026676248510535,3.7876561780207245,3.854191651024945,3.9019498897273612,3.930698220789658,3.9402965852326703,3.930698220789658,3.9019498897273626,3.854191651024945,3.787656178020726,3.7026676248510553,3.599640047203955,3.4790753850814347,3.3415610173982326,3.1877669003308062,3.0184423033581758,2.834412158896344,2.6365730433104737,2.4258888088850004,2.203385888032129,1.9701482926163414,1.7273123327575282,1.4760610808423613,1.217618607714471,0.9532440191243909,0.6842253214928905,0.41187314687315163,0.13751436768320452,-0.1375143676831992,-0.41187314687314636,-0.6842253214928715,-0.9532440191243858,-1.2176186077144662,-1.4760610808423564,-1.727312332757536,-1.970148292616337,-2.2033858880321247,-2.425888808884996
3.321193123107077,3.5075010364346695,3.676720757285519,3.828027864189551,3.9606852041312752,4.07404648388515,4.1675594186912575,4.240768422931108,4.293316829694989,4.324948628427297,4.335509712184221,4.324948628427297,4.293316829694992,4.240768422931108,4.167559418691258,4.074046483885152,3.960685204131272,3.8280278641895555,3.676720757285522,3.5075010364346735,3.3211931231070864,3.1187046907288862,2.9010222425885446,2.6692063056920583,2.42438626398192,2.1677548560921176,1.900562364445376,1.6241105240029317,1.3397461803425639,1.0488547279623825,0.7528533607780773,0.45318416769660097,0.15130710690403534,-0.15130710690402951,-0.4531841676965951,-0.7528533607780564,-1.048854727962377,-1.3397461803425585,-1.624110524002926,-1.9005623644453846,-2.167754856092112,-2.424386263981915,-2.6692063056920534
3.6352268321728354,3.839150994505493,4.024371199103023,4.189985071746903,4.335185758297066,4.459265855604146,4.561620857906563,4.641752101921782,4.699269196283726,4.733891923490265,4.745451605094714,4.733891923490265,4.699269196283728,4.6417521019217824,4.561620857906565,4.459265855604148,4.335185758297062,4.189985071746907,4.024371199103027,3.8391509945054976,3.6352268321728447,3.41359221012557,3.1753269099636405,2.921591736279125,2.653622861332833,2.372725802547364,2.080269062157434,1.777677460004602,1.4664251919581412,1.1480286477810056,0.8240390234313171,0.49603476379156763,0.1656138726438822,-0.16561387264387584,-0.4960347637915612,-0.8240390234312943,-1.1480286477809996,-1.4664251919581355,-1.7776774600045961,-2.080269062157443,-2.3727258025473583,-2.653622861332827,-2.9215917362791197
3.960535711180572,4.182708622137088,4.384503797130949,4.564938110353968,4.723132503969324,4.858316270792953,4.969830809101527,5.0571328312738,5.119797010633323,5.1575180535972365,5.170112187035926,5.1575180535972365,5.119797010633324,5.0571328312738,4.969830809101527,4.8583162707929555,4.723132503969319,4.564938110353971,4.384503797130952,4.182708622137093,3.960535711180583,3.7190674683508576,3.459480302654669,3.183038896669705,2.891090045138117,2.585056093517971,2.26642800845912,1.9367581139636179,1.597652528619131,1.2507633407506824,0.8977805596123877,0.5404238818322298,0.18043431322302178,-0.18043431322301484,-0.5404238818322227,-0.8977805596123628,-1.2507633407506757,-1.597652528619124,-1.9367581139636116,-2.2664280084591297,-2.585056093517965,-2.8910900451381107,-3.1830388966696996
4.307279418786555,4.548903501123045,4.768365782856239,4.9645970658098095,5.136641330898315,5.2836603957560575,5.404937998277364,5.49988328617353,5.568033695545792,5.609057204450146,5.622753950474879,5.609057204450146,5.568033695545794,5.49988328617353,5.404937998277367,5.283660395756059,5.13664133089831,4.964597065809813,4.768365782856242,4.54890350112305,4.3072794187865675,4.044670704087968,3.762356760287918,3.4617129925425383,3.144204107067664,2.8113769752374473,2.4648530973824823,2.106320703003255,1.737526525885612,1.3602672941894105,0.9763809769695084,0.5877378297752638,0.1962312829535738,-0.19623128295356626,-0.5877378297752562,-0.9763809769694813,-1.3602672941894032,-1.737526525885605,-2.106320703003248,-2.4648530973824943,-2.811376975237441,-3.144204107067657,-3.4617129925425316
4.664479640469301,4.926141469927105,5.163803633317427,5.376308264469952,5.562620062182606,5.721831334104911,5.853166418923934,5.9559854653081885,6.0297875491990265,6.074213114262293,6.089045723610641,6.074213114262293,6.029787549199028,5.9559854653081885,5.853166418923935,5.7218313341049125,5.5626200621826,5.376308264469956,5.16380363331743,4.92614146992711,4.664479640469313,4.380092935075004,4.074366857186398,3.7487908735235194,3.4049511575519738,3.0445228618053295,2.669261956710319,2.280996675675508,1.881618608121791,1.4730734838489452,1.0573516936356162,0.6364785922554942,0.21250463115252888,-0.2125046311525207,-0.636478592255486,-1.0573516936355873,-1.4730734838489374,-1.881618608121783,-2.280996675675501,-2.6692619567103315,-3.0445228618053233,-3.4049511575519675,-3.7487908735235123
5.032048995913346,5.314330246488064,5.570720614296494,5.799970991238951,6.000964492523147,6.172721898014601,6.314406422898768,6.425327794412482,6.504945614783511,6.552871993994162,6.568873439542463,6.552871993994162,6.504945614783513,6.425327794412483,6.31440642289877,6.172721898014604,6.000964492523141,5.799970991238956,5.570720614296498,5.31433024648807,5.032048995913358,4.725252108450354,4.395434267695644,4.044202313016246,3.673267411189627,3.2844367197712416,2.8796045828045354,2.460743301767266,2.0298935267168394,1.5891543144484315,1.1406729021012638,0.6866342460350756,0.2292503769424602,-0.22925037694245137,-0.6866342460350667,-1.1406729021012323,-1.5891543144484228,-2.0298935267168305,-2.460743301767258,-2.8796045828045482,-3.2844367197712345,-3.6732674111896197,-4.044202313016238
5.418632887554792,5.722600211630227,5.9986876027083555,6.2455499907720595,6.461984687081221,6.646937243551342,6.799506589918682,6.918949423663944,7.0046838313074815,7.056292123433246,7.073522869629647,7.056292123433246,7.004683831307484,6.918949423663946,6.799506589918683,6.646937243551346,6.461984687081215,6.245549990772064,5.99868760270836,5.722600211630233,5.418632887554805,5.088266528730284,4.733110646848534,4.354895525665975,3.955463791234938,3.536761434814835,3.100828332198308,2.649788305641508,2.185838776815411,1.7112400611884155,1.2283043559965596,0.7393844754509858,0.24686238806370706,-0.24686238806369754,-0.7393844754509762,-1.2283043559965257,-1.7112400611884067,-2.185838776815402,-2.6497883056414997,-3.100828332198322,-3.536761434814827,-3.9554637912349295,-4.354895525665967
5.814574496112272,6.1407528305552415,6.437014034474055,6.701914753063301,6.9341644166497485,7.1326315282180355,7.296349175950464,7.424519743924112,7.516518798015477,7.57189812808074,7.590387931590531,7.57189812808074,7.516518798015481,7.4245197439241135,7.296349175950467,7.132631528218039,6.934164416649741,6.7019147530633045,6.4370140344740605,6.1407528305552495,5.814574496112288,5.460068139203251,5.0789608791641285,4.6731094322571,4.244491065935431,3.795193965795278,3.3274070621453076,2.8434093657583785,2.3455588647599845,1.8362810367472326,1.3180570321057732,0.7934115860944972,0.264900718589249,-0.2649007185892388,-0.7934115860944869,-1.3180570321057368,-1.836281036747223,-2.3455588647599748,-2.843409365758369,-3.327407062145323,-3.795193965795269,-4.244491065935423,-4.673109432257092
6.219544360704722,6.568440160719881,6.885335180529301,7.168685539450657,7.41711078301757,7.629400608414978,7.804520760952862,7.941618072851061,8.040024619786989,8.099260974955767,8.119038544789422,8.099260974955767,8.04002461978699,7.941618072851063,7.804520760952865,7.629400608414982,7.417110783017563,7.168685539450663,6.8853351805293075,6.568440160719888,6.219544360704737,5.840347565750647,5.432697184525884,4.998579248710943,4.540108737251711,4.0595192723947235,3.559152237704054,3.0414453710760476,2.508920888325179,1.9641731952022359,1.409856247710267,0.8486706222976796,0.2833503589213589,-0.283350358921348,-0.8486706222976685,-1.4098562477102279,-1.9641731952022252,-2.508920888325169,-3.041445371076038,-3.5591522377040707,-4.059519272394715,-4.5401087372517015,-4.998579248710933
