hough_viz/data/file_2_1_2.json
{"header": {"discipline": 0, "disciplineName": "Meteorological products", "gribEdition": 2, "gribLength": 133963, "center": 7, "centerName": "US National Weather Service - NCEP(WMC)", "subcenter": 0, "refTime": "2014-11-30T06:00:00.000Z", "significanceOfRT": 1, "significanceOfRTName": "Start of forecast", "productStatus": 0, "productStatusName": "Operational products", "productType": 1, "productTypeName": "Forecast products", "productDefinitionTemplate": 0, "productDefinitionTemplateName": "Analysis/forecast at horizontal level/layer at a point in time", "parameterCategory": 2, "parameterCategoryName": "Momentum", "parameterNumber": 3, "parameterNumberName": "V-component_of_wind", "parameterUnit": "m.s-1", "genProcessType": 2, "genProcessTypeName": "Forecast", "forecastTime": 6, "surface1Type": 100, "surface1TypeName": "Isobaric surface", "surface1Value": 85000, "surface2Type": 255, "surface2TypeName": "Missing", "surface2Value": 0, "gridDefinitionTemplate": 0, "gridDefinitionTemplateName": "Latitude_Longitude", "numberPoints": 65160, "shape": 6, "shapeName": "Earth spherical with radius of 6,371,229.0 m", "gridUnits": "degrees", "resolution": 48, "winds": "true", "scanMode": 0, "nx": 360, "ny": 181, "basicAngle": 0, "subDivisions": 0, "lo1": 0, "la1": 90, "lo2": 359, "la2": -90, "dx": 1, "dy": 1}, "data":
[rows 19 to 37 of 181, columns 129 to 171 of 360]
4.5256759488430145,4.556491023131788,4.581754714982512,4.601436244478241,4.615511632706988,4.623963730976349,4.626782241706524,4.623963730976349,4.615511632706989,4.601436244478241,4.581754714982512,4.556491023131789,4.525675948843015,4.489347035537516,4.447548544400109,4.400331400453688,4.347753130514905,4.2898777931066165,4.226775900412445,4.158524332368538,4.085206242997207,4.006910959096562,3.9237338714095795,3.8357763184051525,3.743145462812793,3.6459541610613555,3.5443208257808516,3.438369281534904,3.328228613959591,3.2140330124924823,3.095921606883483,2.9740382976866657,2.8485315809395977,2.7195543672438043,2.5872637954667645,2.451821041292384,2.313391120853264,2.172142689683969,2.028247837240225,1.881881877234437,1.7332231340429192,1.5824527254451235,1.4297543419595327
4.6363378614170845,4.667906426476176,4.693787866590472,4.713950649211921,4.728370209095737,4.7370289782293655,4.7399164072364,4.737028978229366,4.728370209095738,4.713950649211921,4.693787866590472,4.6679064264761765,4.636337861417085,4.5991206328469545,4.556300084225924,4.5079283857964905,4.4540644710221,4.394773964785802,4.330129103436448,4.260208646779814,4.185097782121913,4.104888020481388,4.019677085097436,3.929568792369081,3.8346729253708927,3.7351051000992204,3.630986624611915,3.522444351233134,3.409610522003331,3.292622607562704,3.171623139664392,3.046759537521496,2.9181839281994586,2.7860529612726808,2.650527617971156,2.511773015049613,2.3699582036182023,2.2252559631797575,2.0778425911245817,1.9278976879392402,1.7756039383910176,1.6211468889546814,1.4647147217526921
4.732379087576287,4.764601591970042,4.791019163254593,4.811599615688644,4.826317875161083,4.835156009739914,4.838103251519566,4.835156009739914,4.826317875161084,4.811599615688644,4.791019163254593,4.764601591970042,4.7323790875762874,4.694390908231437,4.650683336680392,4.601309623866452,4.546329924053246,4.485811221536019,4.419827249031597,4.348458397846427,4.271791619932149,4.189920321948038,4.102944251459382,4.010969375410437,3.91410775102002,3.8124773892570634,3.7062021110624235,3.595411396492124,3.480240226965866,3.360828920812959,3.23732296231605,3.109872824460937,2.9786337856084035,2.8437657403114627,2.7054330045084893,2.5638041153295292,2.419051625759785,2.2713518944103903,2.1208848706525942,1.9678338753771818,1.8123853776461933,1.654728767509105,1.4950561252602375
4.812702618212215,4.84547204103134,4.872338002556219,4.893267770751117,4.908235845917473,4.917223991761352,4.920221257611559,4.917223991761352,4.908235845917474,4.893267770751117,4.872338002556219,4.845472041031341,4.8127026182122155,4.774069658592804,4.729620230483455,4.679408488665409,4.623495608411545,4.561949710953732,4.494845780487604,4.42226557281587,4.34429751574145,4.261036601331829,4.17258427018586,4.079048287844003,3.980542613492629,3.8771872611222973,3.7691081533092055,3.6564369677979096,3.5393109770722884,3.4178728811101657,3.2922706335253653,3.162657261309034,3.029190678389801,2.8920334932400005,2.7513528107622998,2.607320028698096,2.460110628805782,2.309903963063259,2.156883035155174,2.0012342775111174,1.843147324166422,1.6828147797223065,1.520431984686849
4.863009800662365,4.896121762271715,4.923268553703478,4.944417100773936,4.95954163723617,4.968623736172256,4.97165233244363,4.9686237361722565,4.95954163723617,4.944417100773936,4.923268553703478,4.896121762271716,4.8630098006623665,4.823973010700144,4.779058952700462,4.728322347524514,4.67182500991033,4.6096357731610444,4.541830405282119,4.468491516669702,4.3897084594625735,4.30557721868034,4.216200295280476,4.1216865812766805,4.022151227070744,3.9177155011595204,3.808506642387949,3.6946577049281033,3.5763073961731933,3.4535999077439667,3.326684739813438,3.19571651896395,3.060854809798498,2.922263920535842,2.7801127028262673,2.63457434603183,2.485826166221817,2.3340493901404304,2.1794289344099034,2.022153180238094,1.862413743904983,1.700405243307765,1.5363250608489285
4.896652738855186,4.929993773348106,4.957328369835524,4.978623225322197,4.993852395306929,5.002997325391973,5.006046873888687,5.002997325391973,4.99385239530693,4.978623225322197,4.957328369835524,4.929993773348107,4.896652738855187,4.857345887271506,4.812121107940958,4.761033500290818,4.704145306701564,4.64152583667413,4.573251382386951,4.499405125745708,4.420077037038974,4.335363765323277,4.24536852067113,4.150200948425434,4.049976995613528,3.944818769683598,3.83485438973556,3.720217830427665,3.601048758749019,3.477492363856874,3.3496991801860028,3.2178249040456826,3.082030203927711,2.9424805247566086,2.799345886320473,2.6528006761280327,2.503023436944346,2.350196649263945,2.194506508986457,2.036142700565588,1.875298165907818,1.7121688693024237,1.5469535586691843
4.912843771791465,4.946295050121633,4.973720029851571,4.995085297867974,5.010364823882829,5.01953999214732,5.0225996241322415,5.019539992147321,5.0103648238828296,4.995085297867974,4.973720029851571,4.946295050121634,4.912843771791466,4.87340695009094,4.828032632712521,4.7767761012725565,4.719699803959145,4.65687327944863,4.588373072183443,4.514282639114493,4.434692248021714,4.349698867536694,4.259406049001329,4.16392380030646,4.063368451864208,3.9578625148772857,3.8475345320779715,3.7325189211185825,3.612955810804274,3.4889908703676755,3.3607751319933787,3.228464806808476,3.092221094563355,2.952209987234651,2.808602066789592,2.6615722973581333,2.511299812066123,2.357967694789191,2.2017627570932374,2.0428753106333235,1.8814989352882205,1.7178302433131583,1.5520686397980867
4.894864241706637,4.928193098422553,4.955517710977992,4.976804788541591,4.99202839608836,5.001169985997521,5.0042184206499245,5.001169985997521,4.99202839608836,4.976804788541591,4.955517710977992,4.928193098422554,4.89486424170664,4.85557174690824,4.810363485879722,4.759294537923353,4.7024271226856476,4.639830524352318,4.571581007236168,4.497761722860773,4.418462608653153,4.333780278368877,4.243817904383087,4.14868509199084,4.048497745869948,3.943377928868987,3.8334537132925033,3.7188590248646523,3.5997334795613205,3.476222213509575,3.348475706161652,3.2166495969589155,3.080904495709171,2.941405786908358,2.798323428245029,2.6518317435330636,2.5021092103249645,2.349338242464462,2.193704967843331,2.0353990016332326,1.874613215268825,1.7115435014636378,1.546388535544987
4.8583296838324905,4.891409778788233,4.91853044439244,4.9396586382916885,4.954768619036261,4.963841977442135,4.966867659019737,4.963841977442135,4.954768619036261,4.9396586382916885,4.91853044439244,4.891409778788233,4.858329683832491,4.819330462525316,4.7744596294105,4.723771852686377,4.667328887601028,4.605199501213036,4.537459388609419,4.464191080682821,4.385483843580332,4.301433569946437,4.212142662092615,4.117719907235868,4.01828034495828,3.913945127048998,3.804841369899437,3.691101999631539,3.572865590147764,3.450276194300147,3.3234831683840795,3.192640990170675,3.057909070699393,2.9194515600602426,2.7774371474022006,2.6320388554114444,2.483433829509871,2.331803122030695,2.1773314716340604,2.020207078231446,1.8606213736930508,1.6987687886175584,1.5348465154484114
4.802862401922513,4.835564823259562,4.862375853721125,4.883262828196513,4.898200299124717,4.907170067498354,4.910161205036347,4.907170067498355,4.898200299124718,4.883262828196513,4.862375853721125,4.8355648232595625,4.802862401922515,4.764308432572965,4.719949887283778,4.669840810109482,4.614042251241899,4.552622192629903,4.485655465153873,4.413223657455813,4.335415016536132,4.252324340238288,4.164052861752217,4.070708126277273,3.972403859994975,3.8692598315111812,3.7614017059364784,3.64896089178261,3.5320743808614394,3.4108845813815374,3.2855391444457123,3.1561907841608927,3.0229970915794926,2.886120342699004,2.7457273007536984,2.6019890130392924,2.4550806025181755,2.3051810544590667,2.152472998371019,1.9971424854975097,1.8393787621416369,1.6793740390986691,1.517323257476803
4.709340518061929,4.741406154125048,4.767695117146994,4.788175378075831,4.8028219848683555,4.811617092890333,4.8145499866574175,4.811617092890334,4.802821984868356,4.788175378075831,4.767695117146994,4.741406154125049,4.709340518061929,4.671537275995849,4.628042485354118,4.5789091378392826,4.524197094866869,4.463973014633499,4.398310270904128,4.3272888636174205,4.250995321418146,4.169522596235353,4.082969950034769,3.9914428338833754,3.8950527594735282,3.7939171632631443,3.6881592633974654,3.57790790958672,3.4632974261226055,3.34446744822483,3.221562751917109,3.0947330776398823,2.964132947814637,2.8299214785821536,2.6922621859440095,2.5513227865434898,2.407274993328711,2.2602943063468475,2.1105597989243474,1.9582538994936762,1.8035621693323616,1.6466730764851656,1.4877777661448195
4.595601946858038,4.62689314335439,4.652547183273817,4.672532811120378,4.686825677485093,4.695408368711943,4.698270428113733,4.695408368711944,4.6868256774850945,4.672532811120378,4.652547183273817,4.6268931433543905,4.5956019468580385,4.558711717287651,4.516267399705457,4.468320705974387,4.4149300517551255,4.356160485335641,4.292083608379858,4.222777488692062,4.148326565103301,4.068821544595683,3.9843592917898882,3.895042710930547,3.8009806205132692,3.702287620706078,3.599083953726748,3.4914953573461847,3.3796529116963248,3.263692879569183,3.143756540401634,3.0199900181481807,2.8925441032514154,2.7615740689270964,2.627239481987669,2.489704008434658,2.3491352140568686,2.20570436027729,2.059586195497425,1.9109587421932817,1.7600030800224054,1.606903125206209,1.4518454064564041
4.461627921184319,4.492006896036753,4.516913052426983,4.536316046039949,4.550192237316733,4.558524720255731,4.561303343010001,4.558524720255732,4.550192237316734,4.536316046039949,4.516913052426983,4.492006896036754,4.46162792118432,4.425813139971021,4.384606187190917,4.338057267168531,4.286223092592595,4.229166815420387,4.166957949936797,4.099672288061877,4.0273918070100585,3.950204569413546,3.8682046160315746,3.781491851176211,3.690171920994352,3.594356084754171,3.49416107929283,3.3897089767906246,3.2811270360448397,3.168547547424506,3.0521076716949693,2.931949272908621,2.8082187455653975,2.6810668362536356,2.550648459988589,2.4171225114723223,2.280651671505003,2.141402208783413,1.999543777328145,1.8552492097863134,1.7086943068615892,1.560057623128132,1.4095202494893515
4.286433859521271,4.315619947811316,4.339548117965244,4.358189217193575,4.371520534188341,4.379525826793316,4.38219534179258,4.379525826793317,4.371520534188342,4.358189217193575,4.339548117965244,4.315619947811317,4.2864338595212725,4.252025411847921,4.212436526184536,4.167715435490101,4.117916625524869,4.063100768467866,4.003334648997176,3.9386910829231145,3.869248828473362,3.795092490338206,3.716312416592757,3.6330045886217333,3.5452705041809294,3.453217053737837,3.3569563902420767,3.2566057924842986,3.1522875222100444,3.0441286751626437,2.9322610262366324,2.8168208689303413,2.6979488492932493,2.575789794570453,2.450492536752977,2.3222097312489063,2.191097670896292,2.0573160955444134,1.9210279974353646,1.7823994226231228,1.6415992686719978,1.4987990788809753,1.3541728332846397
4.0895417485257095,4.117387209449636,4.140216268293728,4.15800111136633,4.170720070575701,4.1783576498292545,4.1809045439131465,4.178357649829255,4.170720070575702,4.15800111136633,4.140216268293728,4.117387209449637,4.08954174852571,4.05671381092682,4.018943392438174,3.9762765104966156,3.9287651481254584,3.8764671906011876,3.8194463549291644,3.7577721122142695,3.6915196030210633,3.620769545826577,3.545608138677295,3.4661269541701,3.3824228278851756,3.294597740406766,3.2027586930755514,3.1070175776239815,3.0074910398534445,2.9043003375193246,2.7975711925971094,2.687433638109524,2.5740218597013187,2.4574740321547366,2.337932151044833,2.2155418597397216,2.090452271956575,1.9628157900895364,1.832787919530869,1.7005270792115927,1.5661944085924122,1.4299535713401132,1.2919705559286014
3.8710772740881674,3.8974352226304414,3.919044746707813,3.935879518443886,3.947919027262498,3.9551486048766975,3.957559443159793,3.9551486048766984,3.947919027262499,3.935879518443886,3.919044746707813,3.8974352226304414,3.871077274088169,3.8400030141811596,3.8042503021084912,3.7638626970425415,3.7188894050588472,3.669385219186086,3.61541045264921,3.557030865387069,3.494317583934056,3.427347014763378,3.356200751197549,3.2809654739994794,3.201732845765327,3.118599399247747,3.031666419745597,2.9410398217033995,2.8468300196709113,2.74915179378,2.648124149902737,2.5438701746610763,2.4365168854647514,2.3261950757601393,2.213039155678599,2.0971869882784135,1.9787797215798983,1.857961616598288,1.7348798715838996,1.6096844426837473,1.4825278612430648,1.3535650479693657,1.2229531241854308
3.6097052841819885,3.634283565470794,3.654434032053542,3.6701321336906414,3.6813587446633536,3.6881001870755385,3.6903482475180542,3.6881001870755385,3.6813587446633544,3.6701321336906414,3.654434032053542,3.6342835654707955,3.6097052841819894,3.5807291330368822,3.547390415012207,3.509729748200446,3.467793016322925,3.4216313128275786,3.3713008786394503,3.316863033639792,3.2583841019572257,3.195935331162018,3.12959280546189,3.059437353005121,2.9855544474039113,2.908034103597947,2.826970768185064,2.7424632043526134,2.654614371549731,2.5635313000471087,2.469324960537105,2.3721101289330404,2.272005246532425,2.169132275714486,2.0636165513478053,1.955586628089068,1.845174123759029,1.7325135589864742,1.6177421933155496,1.5009998579761554,1.38242878552112,1.2621734365377546,1.1403803236448842
3.3251532667695125,3.3477940492946647,3.3663560604588905,3.3808166853108466,3.3911583058066395,3.3973683222746986,3.3994391687665395,3.3973683222746995,3.3911583058066395,3.3808166853108466,3.3663560604588905,3.3477940492946647,3.325153266769514,3.2984612971894,3.2677506606076725,3.2330587732043985,3.1944279017005,3.1519051118622756,3.105542211159011,3.0553956856435556,3.001526631132768,2.9440006787716784,2.8828879150720477,2.8182627965227423,2.750204058875976,2.6787946212199287,2.6041214849546055,2.5262756277940297,2.445351892923915,2.3614488734498535,2.2746687922768074,2.185117377566241,2.0929037339226393,1.998140209466356,1.9009422589547453,1.8014283031183056,1.6997195843832713,1.5959400191563968,1.4902160468518943,1.3826764758444907,1.2734523265362538,1.1626766717284234,1.0504844744927062
3.0181101913526827,3.0386603347587773,3.0555083386167112,3.0686336762290187,3.078020356393623,3.0836569428866505,3.0855365683957094,3.083656942886651,3.0780203563936235,3.0686336762290187,3.0555083386167112,3.0386603347587777,3.0181101913526835,2.9938829455826608,2.96600811461576,2.934519659639726,2.8994559444865233,2.8608596888919116,2.8187779164480378,2.7732618973124263,2.724367085743186,2.672153052536545,2.6166834124490137,2.558025746692593,2.4962515205974865,2.431435996542601,2.3636581422599336,2.293000534624549,2.2195492590473775,2.1433938045934107,2.064626954953051,1.9833446753994857,1.8996459958697725,1.813632890312124,1.7254101524463628,1.635085268088905,1.5427682841978556,1.4485716747977484,1.3526102039472603,1.255000785916895,1.1558623427469406,1.0553156593592918,0.9534832363996321
