hough_viz/data/file_2_3_2.json
{"header": {"discipline": 0, "disciplineName": "Meteorological products", "gribEdition": 2, "gribLength": 133963, "center": 7, "centerName": "US National Weather Service - NCEP(WMC)", "subcenter": 0, "refTime": "2014-11-30T06:00:00.000Z", "significanceOfRT": 1, "significanceOfRTName": "Start of forecast", "productStatus": 0, "productStatusName": "Operational products", "productType": 1, "productTypeName": "Forecast products", "productDefinitionTemplate": 0, "productDefinitionTemplateName": "Analysis/forecast at horizontal level/layer at a point in time", "parameterCategory": 2, "parameterCategoryName": "Momentum", "parameterNumber": 2, "parameterNumberName": "U-component_of_wind", "parameterUnit": "m.s-1", "genProcessType": 2, "genProcessTypeName": "Forecast", "forecastTime": 6, "surface1Type": 100, "surface1TypeName": "Isobaric surface", "surface1Value": 85000, "surface2Type": 255, "surface2TypeName": "Missing", "surface2Value": 0, "gridDefinitionTemplate": 0, "gridDefinitionTemplateName": "Latitude_Longitude", "numberPoints": 65160, "shape": 6, "shapeName": "Earth spherical with radius of 6,371,229.0 m", "gridUnits": "degrees", "resolution": 48, "winds": "true", "scanMode": 0, "nx": 360, "ny": 181, "basicAngle": 0, "subDivisions": 0, "lo1": 0, "la1": 90, "lo2": 359, "la2": -90, "dx": 1, "dy": 1}, "data":
[rows 160 to 179 of 181, columns 44 to 87 of 360]
-0.6282777211306525,-1.1023343785114048e-15,0.6282777211306462,1.255789982636868,1.8817722574888562,2.505461882709893,3.1260989885636663,3.7429274243385042,4.355195679600565,4.962157799793491,5.563074295069186,6.157213041242241,6.743850171770506,7.322270959674949,7.891770688324408,8.451655510024219,9.001243291362805,9.539864444286097,10.066862741887498,10.581596117919235,11.083437449051218,11.57177531892419,12.0460147630664,12.505577993766133,12.949905104017091,13.378454749678754,13.790704809020914,14.18615301884851,14.564317586431994,14.92473777649755,15.266974472562056,15.590610711928889,15.895252193692707,16.180527759134417,16.44608984392085,16.691614901558406,16.91680379758458,17.121382174017263,17.30510078361765,17.467735793559633,17.609089058135584,17.728988360166436,17.827287620821725,17.903867077594185
-0.5975149200275816,-1.0483600100200354e-15,0.5975149200275756,1.194301860165224,1.7896337274543521,2.382785201718524,2.9730336192543243,3.5596598532857815,4.1419491901095835,4.719192199863591,5.290685600857902,5.855733116415209,6.4136463231767005,6.963745489839879,7.505360405306456,8.0378311952313,8.560509125977742,9.072757394999526,9.57395190668664,10.063482032729695,10.54075135607644,11.005178397574081,11.456197324412058,11.89325863950215,12.315829850956069,12.723396120844743,13.115460892449104,13.49154649523789,13.851194726835647,14.193967411271746,14.519446932830277,14.8272367448505,15.116961852857852,15.388269271436968,15.640828454289998,15.874331696956416,16.088494511703427,16.283055974130534,16.457779041065645,16.61245083936575,16.746882925269965,16.860911513989294,16.95439767925314,17.02722752256958
-0.566052172544884,-9.931575620799968e-16,0.5660521725448782,1.131414697711172,1.695398768349371,2.2573172567445,2.8164855517753535,3.372222393007706,3.9238507007052243,4.470698400746792,5.012099243445348,5.547393615270472,6.075929342485866,6.597062485722606,7.110158124520073,7.614591130878701,8.109746930882206,8.595022253461185,9.069825865385999,9.53357929159342,9.98571751996934,10.42568968972905,10.852959762556205,11.267007175682975,11.667327476115599,12.053432935232586,12.424853143007006,12.781135581128583,13.12184617432756,13.446569819228573,13.754910890090155,14.046493720813757,14.320963062635032,14.577984516939747,14.817244942676929,15.038452837873082,15.241338694782364,15.425655328240296,15.591178176820815,15.737705576429779,15.865059006001555,15.973083304999522,16.061646862455206,16.130641777316026
-0.534329533981887,-9.374991265044797e-16,0.5343295339818817,1.0680080697337693,1.600385402166711,2.1308129115075887,2.6586443535423614,3.1832366469651086,3.70395065687355,4.220151973456446,4.731211684924265,5.2365071437412976,5.735422725225769,6.227350577593695,6.7116913625326475,7.187854985403146,7.655261314178119,8.113340886244373,8.561535602205096,8.999299405837991,9.426098949380679,9.841414243332782,10.244739289983034,10.635582699889548,11.013468290562184,11.377935666617493,11.728540780699669,12.064856474483776,12.386472999102388,12.692998514361497,12.98405956613739,13.259301541373002,13.518389100119274,13.761006584095266,13.986858401269098,14.195669385991362,14.387185134242035,14.56117231358261,14.717418947435728,14.855734673346,14.9759509749073,15.07792138707408,15.161521674606448,15.22664998343169
-0.5023826214690393,-8.81447194745969e-16,0.5023826214690343,1.0041531670999269,1.5047003067746387,2.0034142009068634,2.499687243437583,2.992914802109473,3.482495955118183,3.9678342232429524,4.448338296564712,4.9234227548860945,5.392508780975784,5.855024865768152,6.31040750465903,6.758101884049228,7.197562557299513,7.628254109273246,8.049651808657298,8.461242247266307,8.862523965551473,9.25300806355178,9.63221879654328,9.999694154660746,10.354986425785572,10.69766274101395,11.027305602041029,11.343513389818233,11.645900853864228,11.934099581633296,12.207758447369262,12.466544039898142,12.710141068838297,12.938252748733227,13.150601160638868,13.346927590725096,13.526992845478613,13.690577543123428,13.837482380903747,13.967528377903703,14.080557093107993,14.176430818437879,14.255032746527258,14.316267113034458
-0.47020679218745115,-8.249936208226739e-16,0.47020679218744654,0.9398407098284234,1.4083295763358317,1.8751026101910182,2.339591120353102,2.8012291991214173,3.2594544116068893,3.7137084809722753,4.163437968606536,4.608094948404506,5.047137674330458,5.480031240452194,5.906248232641545,6.32526937114721,6.7365841432571925,7.139691425279856,7.534100093085968,7.919329620467809,8.29491066458632,8.660385637793071,9.015309265130314,9.359249126829926,9.691786185150312,10.012515294909297,10.32104569709119,10.617001494926392,10.900022111863734,11.169762730877459,11.425894714573666,11.668106005584319,11.896101506761113,12.109603440705884,12.308351688199567,12.492104105117411,12.660636817444296,12.81374449403072,12.951240596757195,13.072957607802206,13.178747233736853,13.268480586197581,13.34204833891678,13.399360860920003
-0.43799827413772274,-7.684826933569881e-16,0.4379982741377184,0.8754629148468686,1.3118609388489961,1.7466606623738254,2.1793323489340017,2.609348854727413,3.0361862708807226,3.4593245617516013,3.878248198512087,4.292446787241024,4.701415690760448,5.10465664345825,5.5016783583480775,5.891997125626837,6.275137402000605,6.650632390060853,7.018024607005195,7.376866442009722,7.726720701573823,8.067161142173141,8.397772989571632,8.718153444160093,9.02791217170544,9.32667177891282,9.614068273221248,9.889751506272452,10.153385600512692,10.404649358407868,10.643236653773192,10.868856804740819,11.081234927910911,11.280112273254739,11.46524653936169,11.636412168646277,11.793400622155254,11.936020633640238,12.064098442586157,12.177478005911697,12.276021188083721,12.359607929414167,12.428136392334272,12.481523085467972
-0.4057710498059747,-7.119389450907692e-16,0.4057710498059705,0.8110477300919974,1.2153362736512272,1.6181441171692172,2.0189805013364297,2.417357068762867,2.812788458966332,3.204792899709388,3.5928927939646544,3.9766153017931822,4.355492916427104,4.72906403385461,5.096873515213339,5.458473241306952,5.813422658569382,6.1612893158114606,6.501649391096083,6.8340882080999705,7.158200741332876,7.473592109598762,7.779878057097717,8.07668542158244,8.363652588998987,8.640429934057748,8.906680246198066,9.16207914042731,9.40631545253404,9.63909161819368,9.860124035504791,10.069143410514314,10.26589508531076,10.450139348285678,10.621651726185265,10.780223257596525,10.925660747534495,11.05778700282062,11.17644104796531,11.28147832129183,11.372770851062372,11.450207411391947,11.51369365775998,11.563152241954581
-0.3736247040592618,-6.555371010203723e-16,0.3736247040592581,0.7467942039690991,1.1190538501762275,1.48995010164395,1.8590310784220379,2.225847112192852,2.589951294122927,2.950900019352521,3.3082535274598404,3.661576438241339,4.010438282155453,4.354414024783419,4.693084584668251,5.026037343900921,5.3528666508317535,5.673174314294446,5.986570088740683,6.292672149694217,6.591107558945188,6.881512718917871,7.163533815658327,7.436827249902193,7.7010600556974795,7.955910306072257,8.201067505253121,8.436232966956442,8.661120178291597,8.87545514883279,9.07897674443419,9.271437005381655,9.452601448493448,9.622249352801889,9.780174028467826,9.926183068600393,10.060098583675162,10.18175741826511,10.291011349820405,10.38772726925472,10.47178734311817,10.543089157159212,10.60154584110064,10.64708617447764
-0.341589604040472,-5.993304413186514e-16,0.3415896040404687,0.6827630337662639,1.0231046219069935,1.362199714663117,1.699635176897704,2.034999895477968,2.3678852801533,2.6978857613595264,3.024599284342982,3.3476277990022703,3.6665777448510055,3.981060530510642,4.29069300714922,4.595097935289171,4.893904444415552,5.186748484824603,5.473273271162252,5.753129717112103,6.025976860703351,6.29148227972041,6.549322496708181,6.799183373079504,7.040760491844646,7.27375952849648,7.497896609599607,7.712898658646373,7.918503728758537,8.114461321829204,8.300532693716162,8.476491145114881,8.642122297756634,8.797224355595466,8.94160835066553,9.07509837330949,9.197531786497311,9.308759423974452,9.408645771997943,9.497069134439036,9.573921781051167,9.63911007872268,9.692554605554356,9.734190247622747
-0.3096575157754224,-5.433045192011538e-16,0.30965751577541933,0.6189377615669546,0.9274639270360697,1.2348601205749596,1.5407518272725484,1.844766365203229,2.1465333394823873,2.4456850935354963,2.741857157031043,3.034688689931465,3.323822922121163,3.6089075880759256,3.8895953560442202,4.165544251217404,4.436418072373384,4.701886801485995,4.961627005801134,5.215322231889756,5.462663391197623,5.703349136622106,5.937086229657202,6.163589897659482,6.382584180799712,6.593802268277353,6.796986823388479,6.9918902970508645,7.178275229404429,7.355914539119499,7.524591800060422,7.684101504967486,7.834249315835843,7.974852300686455,8.1057391564405,8.226750417625826,8.337738650661029,8.438568633480585,8.529117520282096,8.609274991194981,8.678943386688246,8.738037826553573,8.786486313318786,8.824229819965684
-0.2779618756077025,-4.876934532175825e-16,0.2779618756076998,0.5555850974867202,0.8325314245057733,1.1084634402257025,1.383044963989421,1.6559414605062606,1.9268204474317054,2.1953519004458877,2.461208655337415,2.724066806602544,2.983606102074152,3.239510333099669,3.49146771979262,3.739171290888371,3.982319257741361,4.220615382008052,4.453769336567723,4.681497059241363,4.903521098877656,5.119570953384489,5.329383399294075,5.532702812460197,5.729281479496877,5.918879899578942,6.10126707623693,6.276220798790667,6.443527913078779,6.602984581154191,6.754396529629269,6.897579286368021,7.0323584052369705,7.158569678640911,7.276059337584553,7.384684239016371,7.48431204022635,7.574821360085206,7.65610192692858,7.728054712906087,7.790592054631491,7.843637759987035,7.887127200951808,7.921007392341033
-0.24643782272918852,-4.323834429000736e-16,0.24643782272918605,0.4925753989322168,0.7381128478870692,0.9827510200343406,1.2261918614448903,1.4681387769526444,1.7082969915101271,1.9463739093264298,2.1820794703501374,2.415126503662799,2.6452310773524657,2.8721128444409874,3.09549538444363,3.3151065401448334,3.5306787491798897,3.7419493700184403,3.9486610019527353,4.150561798700751,4.347405775242082,4.538953107512806,4.724970424594153,4.905231093039028,5.079515492989965,5.247611285752067,5.409313672495039,5.56442564376897,5.712758219530029,5.854130679383537,5.9883707827639165,6.115314978783306,6.234808605493103,6.346706078315753,6.450871067417098,6.54717666380331,6.635505533939931,6.715750062704716,6.787812484500089,6.85160500236546,6.90704989494429,6.954079611175605,6.992636852594549,7.022674643141741
-0.21506048528484836,-3.7733084974301555e-16,0.2150604852848462,0.4298589524959042,0.6441337027880388,0.8576236753845182,1.0700687656393415,1.2812101419346893,1.4907905610273855,1.6985546814601484,1.9042493746558453,2.107624033315654,2.308430876745462,2.506425252738471,2.7013659356462347,2.8930154202749323,3.08114021124889,3.2655111074887078,3.4459034814574747,3.6220975528348265,3.7938786562854045,3.9610375029955076,4.123370435659263,4.28067967660369,4.432773568750335,4.579466809119877,4.720580674595293,4.855943239668427,4.985389585904737,5.108762002871019,5.225910180281261,5.3366913911265845,5.440970665566107,5.538620955366922,5.629523288692776,5.713566915052945,5.790649440234637,5.860676951054568,5.923564129777718,5.979234358063841,6.027619810315109,6.068661536311162,6.102309533030867,6.128522805573298
-0.1839431243637153,-3.2273439413388986e-16,0.1839431243637135,0.3676621423646588,0.5509332206791417,0.7335330717289853,0.9152392257230346,1.0958303017023348,1.2750862772587306,1.452788756598268,1.6287212366228447,1.8026693707058703,1.9744212298406205,2.143767560843084,2.31050204129474,2.474421530914631,2.635326319054523,2.7930203680155463,2.947311551889949,3.098011890636915,3.244937779107288,3.3879102107381662,3.5267549956448225,3.6613029728442443,3.7913902163517474,3.9168582348995136,4.037554165033817,4.153330957355568,4.264047555677369,4.369569068878752,4.469766935250221,4.564519079125906,4.653710059613935,4.73723121124341,4.814980776356511,4.8868640290845535,4.952793390756852,5.012688536601852,5.066476493610476,5.1140917294425146,5.1554762322676675,5.190579581444038,5.219359008947909,5.241779451479999
-0.15298360966779218,-2.6841488503220053e-16,0.15298360966779062,0.3057808323725219,0.45820550823493167,0.6100719312667061,0.7611950756246086,0.9113908210359747,1.0604761771209044,1.208269506337842,1.354590745280958,1.499261624059658,1.64210588349299,1.7829494898543055,1.92162084690455,2.057951004955838,2.191773866710641,2.322926389625739,2.4512487845544584,2.5765847104251276,2.6987814647185924,2.8176901695127134,2.9331659528671814,3.045068125327659,3.1532603513342137,3.257610815325186,3.3579923823341646,3.4542827528843434,3.5463646119916,3.6341257720947353,3.7174593097387363,3.7962636958445284,3.8704429194065275,3.939906604467258,4.004570120226531,4.0643546841510485,4.119187457958774,4.169001636361163,4.213736528455116,4.253337631665503,4.287756698148141,4.316951793572373,4.340887348211583,4.359534200279434
-0.12215043183029466,-2.143170381948758e-16,0.12215043183029346,0.2441520421752351,0.3658561908655236,0.4871146001430694,0.6077795353145927,0.7277039847435949,0.8467418389613943,0.9647480686789993,1.081578901482967,1.197091996999936,1.311146620316447,1.4236038134427558,1.5343265646117423,1.6431799752066365,1.750031424114215,1.8547507293031853,1.9572103064309476,2.05728532428546,2.154853856872841,2.2497970319654135,2.3419991759292023,2.431347954654438,2.51773451041737,2.6010535945066278,2.6812036954525724,2.758087162703375,2.8316103255971825,2.9016836074853836,2.9682216348679584,3.0311433414079394,3.090372066698252,3.145835649660619,3.1974665164627067,3.245201762846445,3.2889832307671654,3.3287575792502238,3.364476349378764,3.3960960233334383,3.42357807741217,3.44688902896535,3.466000477189288,3.4808891377282163
-0.09150247953540942,-1.6054417579760494e-16,0.0915024795354085,0.18289347739438097,0.2740616477237277,0.3648959161512841,0.4552856151129172,0.5451206186839074,0.6342914767504267,0.7226895483576362,0.8102071340719638,0.8967376071962662,0.9821755436780393,1.0664168505523843,1.1493588927632554,1.2309006182084583,1.31094268085608,1.3893875617823186,1.4661396879832727,1.5411055488159249,1.6141938099264563,1.6853154245270874,1.754383741885873,1.8213146128972684,1.8860264926048587,1.9484405395513185,2.0084807118345926,2.0660738597532333,2.1211498149280446,2.1736414757914475,2.2234848893404004,2.2706193290532837,2.3149873688758094,2.356534953185829,2.3952114626517726,2.4309697759045172,2.4637663269475105,2.493561158235227,2.5203179693552844,2.5440041612549056,2.564590875957837,2.5820530317233543,2.596369353604495,2.6075223993683094
-0.06094281160744054,-1.0692621128937886e-16,0.06094281160743994,0.1218113737864576,0.18253152757011934,0.24302929480426372,0.30323096827848217,0.3630632015270028,0.4224530981900626,0.48132830082688804,0.5396170790720974,0.5972484170280964,0.6541520997870126,0.7102587989767445,0.7655001572269047,0.8198088714517425,0.8731187748485931,0.9253649175119277,0.9764836455648123,1.0264126787113512,1.0750911861156325,1.122459860514734,1.1684609904754857,1.2130385307069598,1.2561381703430303,1.2977073991117882,1.33769557131123,1.3760539675132357,1.412735853920691,1.4476965393054197,1.4808934294575613,1.5122860790800554,1.541836241065002,1.5695079130918774,1.5952673814908105,1.6190832623174998,1.6409265395897126,1.660770600638792,1.678591268533092,1.6943668315338485,1.7080780695475832,1.719708277542831,1.729243285902645,1.7366714776880956
-0.03043618228361774,-5.3401304794786083e-17,0.030436182283617427,0.0608352827674572,0.09116026483020136,0.12137418215241244,0.15144022372993032,0.18132175872241127,0.2109823810823651,0.24038595391031414,0.2694966534820412,0.29827901289427755,0.3266979652756618,0.35471888651032135,0.3823076374220241,0.4094306053675047,0.4360547451882953,0.4621476194711583,0.487677438068079,0.5126130968276646,0.5369242154907599,0.5605811747041147,0.583555152107003,0.605818157446829,0.6273430666809401,0.6481036550230909,0.6680746288943112,0.6872316567392317,0.7055513986703366,0.7230115349040235,0.7395907929538189,0.7552689735476281,0.7700269752374365,0.7838468176714806,0.796711663500538,0.8086058388916441,0.8195148526242415,0.8294254137455025,0.8383254477633046,0.8462041113571437,0.8530518055890444,0.8588601875983926,0.8636221807664218,0.8673319833379861
