hough_viz/data/file_3_3_0.json
{"header": {"discipline": 0, "disciplineName": "Meteorological products", "gribEdition": 2, "gribLength": 133963, "center": 7, "centerName": "US National Weather Service - NCEP(WMC)", "subcenter": 0, "refTime": "2014-11-30T06:00:00.000Z", "significanceOfRT": 1, "significanceOfRTName": "Start of forecast", "productStatus": 0, "productStatusName": "Operational products", "productType": 1, "productTypeName": "Forecast products", "productDefinitionTemplate": 0, "productDefinitionTemplateName": "Analysis/forecast at horizontal level/layer at a point in time", "parameterCategory": 2, "parameterCategoryName": "Momentum", "parameterNumber": 2, "parameterNumberName": "U-component_of_wind", "parameterUnit": "m.s-1", "genProcessType": 2, "genProcessTypeName": "Forecast", "forecastTime": 6, "surface1Type": 100, "surface1TypeName": "Isobaric surface", "surface1Value": 85000, "surface2Type": 255, "surface2TypeName": "Missing", "surface2Value": 0, "gridDefinitionTemplate": 0, "gridDefinitionTemplateName": "Latitude_Longitude", "numberPoints": 65160, "shape": 6, "shapeName": "Earth spherical with radius of 6,371,229.0 m", "gridUnits": "degrees", "resolution": 48, "winds": "true", "scanMode": 0, "nx": 360, "ny": 181, "basicAngle": 0, "subDivisions": 0, "lo1": 0, "la1": 90, "lo2": 359, "la2": -90, "dx": 1, "dy": 1}, "data":
[rows 140 to 159 of 181, columns 176 to 219 of 360]
-24.820545582190807,-25.06264234594952,-25.23604414912092,-25.34027570941549,-25.375051335371516,-25.34027570941549,-25.23604414912092,-25.06264234594953,-24.820545582190807,-24.510417428246253,-24.133107923829126,-23.689651248064536,-23.181262884876478,-22.609336291430793,-21.97543907876597,-21.281308715080332,-20.52884776345227,-19.72011866704729,-18.857338096104616,-17.94287087219795,-16.979223486424285,-15.969037229285721,-14.915080951095817,-13.820243472753559,-12.687525667685755,-11.52003223666196,-10.320963198025137,-9.093605116663841,-7.841322095766515,-6.567546556048304,-5.275769827724529,-3.9695325810172264,-2.652415121424229,-1.3280275763504756,-1.0876416388621876e-14,1.3280275763504539,2.6524151214242067,3.969532581017207,5.275769827724509,6.567546556048282,7.841322095766492,9.09360511666382,10.320963198025117,11.520032236661978
-25.82675952121862,-26.07867078069343,-26.259102216264562,-26.36755927790871,-26.403744692358696,-26.36755927790871,-26.259102216264562,-26.078670780693443,-25.82675952121862,-25.504058909092166,-25.111453444261315,-24.650019231015456,-24.12102102845924,-23.525908783895606,-22.866313658621163,-22.14404355702645,-21.36107817125551,-20.51956355500749,-19.62180624135261,-18.67026692068514,-17.667553696142445,-16.61641493497526,-15.519731735464115,-14.380510030029424,-13.201872346179343,-11.987049247879318,-10.739370480800478,-9.462255845718209,-8.159205825076167,-6.833791988407032,-5.4896472029087295,-4.130455676007956,-2.7599428572037437,-1.381865226869164,-1.1317341498050346e-14,1.3818652268691414,2.7599428572037206,4.130455676007933,5.489647202908709,6.833791988407008,8.159205825076144,9.462255845718188,10.739370480800458,11.987049247879341
-26.738966180726383,-26.999774999661145,-27.186579312053205,-27.298867100266875,-27.336330591279705,-27.298867100266875,-27.186579312053205,-26.999774999661156,-26.738966180726383,-26.404867714092976,-25.99839534043512,-25.52066317227541,-24.972980640280063,-24.3568489042003,-23.673956738297903,-22.926175902532428,-22.115556012197043,-21.244318920065673,-20.314852626448943,-19.329704733851138,-18.291575464169178,-17.203310257571793,-16.0678919733458,-14.888432714086386,-13.668165295639847,-12.410434386180524,-11.118687338707439,-9.796464742089393,-8.447390716557196,-7.075162980241845,-5.683542713986198,-4.276344252209727,-2.85742462808304,-1.4306730016678813,-1.1717072415665597e-14,1.430673001667858,2.857424628083017,4.276344252209703,5.683542713986175,7.07516298024182,8.447390716557173,9.796464742089372,11.118687338707415,12.410434386180546
-27.551151532518443,-27.819882314513606,-28.01236073282101,-28.128059217475073,-28.166660646971458,-28.128059217475073,-28.01236073282101,-27.819882314513613,-27.551151532518443,-27.206904959229686,-26.78808615057648,-26.295843059801566,-25.7315248910014,-25.09667840105134,-24.393043660052708,-23.62254928192159,-22.78730713819197,-21.889606569522865,-20.931908110774625,-19.91683674685378,-18.847174717812187,-17.725853892920163,-16.555947734616606,-15.34066287436232,-14.083330323485725,-12.787396343112787,-11.456412998204446,-10.094028421593483,-8.703976814706245,-7.290068212375907,-5.856178039801874,-4.40623649027869,-2.9442177528094455,-1.474129119129767,-1.207297378139416e-14,1.4741291191297425,2.944217752809421,4.406236490278667,5.8561780398018515,7.290068212375882,8.703976814706223,10.094028421593459,11.456412998204422,12.78739634311281
-28.16824592198857,-28.44299577210332,-28.63978534785514,-28.758075262695556,-28.797541292190232,-28.758075262695556,-28.63978534785514,-28.44299577210333,-28.16824592198857,-27.816288867752398,-27.388089299216272,-26.884820881633733,-26.307863038755634,-25.65879717192543,-24.939402325568075,-24.151650310952984,-23.297700301596183,-22.379892915116,-21.400743797762797,-20.362936729207313,-19.26931626648749,-18.122879947275013,-16.926770073832955,-15.684265100183927,-14.398770646095109,-13.073810162511663,-11.713015274022222,-10.320115824828349,-8.898929655501075,-7.453352138545091,-5.987345501453506,-4.504927966517724,-3.0101627371594692,-1.5071468609724568,-1.2343385868378072e-14,1.5071468609724321,3.010162737159445,4.504927966517699,5.987345501453484,7.453352138545066,8.89892965550105,10.320115824828324,11.713015274022199,13.073810162511686
-28.678953026597846,-28.958684255419403,-29.159041743590326,-29.27947632516221,-29.319657897318272,-29.27947632516221,-29.159041743590326,-28.958684255419413,-28.678953026597853,-28.32061478097994,-27.8846516987892,-27.37225872453044,-26.784840291730134,-26.124006473481597,-25.391568569346646,-24.589534140709457,-23.720101508190123,-22.785653726200874,-21.788752051159523,-20.732128921263453,-19.618680467066845,-18.451458573387807,-17.233662514304232,-15.968630184166187,-14.659828948659129,-13.31084614099606,-11.925379229286133,-10.507225682031638,-9.060272559530995,-7.588485859716499,-6.0958996476297065,-4.58660499832955,-3.0647387835400286,-1.5344723327721526,-1.256717881861618e-14,1.5344723327721275,3.0647387835400033,4.586604998329525,6.0958996476296825,7.588485859716474,9.060272559530972,10.507225682031613,11.925379229286113,13.310846140996084
-29.079648059341924,-29.363287621699513,-29.566444453703138,-29.688561716597512,-29.729304695453315,-29.688561716597512,-29.566444453703138,-29.363287621699524,-29.07964805934193,-28.71630320295521,-28.274248955534983,-27.754696957046562,-27.159071263404233,-26.489004443232798,-25.746333103110555,-24.933092853558396,-24.05151272957266,-23.104009080995304,-22.093178949466967,-21.0217929501161,-19.892787677495914,-18.709257656582466,-17.474446860896844,-16.19173982099945,-14.864652347726652,-13.496821895598092,-12.091997592806333,-10.654029965117092,-9.186860381846007,-7.694510252839118,-6.181070006068045,-4.65068787605125,-3.1075585338315994,-1.555911589674411,-1.2742764242657146e-14,1.5559115896743851,3.1075585338315745,4.650687876051225,6.181070006068021,7.694510252839093,9.186860381845984,10.654029965117067,12.09199759280631,13.496821895598115
-29.267242042633807,-29.55271137525592,-29.757178780182258,-29.88008382646824,-29.921089639925036,-29.88008382646824,-29.757178780182258,-29.55271137525593,-29.26724204263381,-28.901553233913862,-28.45664727670212,-27.93374362730222,-27.33427552827062,-26.659886079998206,-25.912423737086456,-25.093937241861887,-24.206670008915538,-23.253053976059753,-22.235702938555598,-21.157405384881542,-20.021116853680777,-18.82995183283488,-17.587175222869053,-16.29619338808694,-14.960544819962516,-13.58389043838133,-12.170003557313242,-10.722759542421082,-9.246125188953025,-7.7441478490323306,-6.220944338146551,-4.680689651242454,-3.1276055193551016,-1.5659488381363385,-1.282496832908733e-14,1.5659488381363127,3.127605519355076,4.680689651242428,6.220944338146527,7.744147849032304,9.246125188953002,10.722759542421057,12.170003557313219,13.583890438381356
-29.344428022014167,-29.630650217854118,-29.8356568610482,-29.95888604263721,-29.999999999999996,-29.95888604263721,-29.8356568610482,-29.63065021785413,-29.344428022014174,-28.977774788672033,-28.53169548885461,-28.007412794916053,-27.406363729278045,-26.73019572565105,-25.98076211353315,-25.16011703836273,-24.27050983124843,-23.314378843709125,-22.294344764321856,-21.213203435596412,-20.07391819076573,-18.879611731495142,-17.6335575687742,-16.339171050450854,-14.999999999999993,-13.61971499218639,-12.202099292274035,-10.751038486359029,-9.270509831248434,-7.7645713530756275,-6.237350724532773,-4.693033951206912,-3.135853898029634,-1.5700786872883365,-1.2858791391047208e-14,1.5700786872883106,3.1358538980296085,4.693033951206887,6.2373507245327495,7.764571353075601,9.270509831248411,10.751038486359,12.202099292274008,13.619714992186415
-29.310453824912226,-29.596344640318083,-29.801113932281524,-29.92420044240662,-29.96526679912474,-29.92420044240662,-29.801113932281524,-29.59634464031809,-29.310453824912226,-28.944225092916934,-28.498662251830396,-27.974986558429308,-27.374633371389063,-26.69924821706525,-25.95068227922042,-25.130987325058115,-24.242410081471302,-23.28738607692044,-22.26853296581914,-21.188643353725205,-20.050677143003284,-18.85775341993791,-17.61314190553481,-16.320253993443174,-14.982633399562365,-13.603946448963475,-12.187972026746753,-10.738591220380215,-9.25977668190894,-7.755581739191738,-6.2301292860112865,-4.687600481508855,-3.132223289917776,-1.5682608920071515,-1.2843903824900596e-14,1.568260892007126,3.1322232899177505,4.68760048150883,6.2301292860112625,7.755581739191709,9.259776681908916,10.73859122038019,12.187972026746726,13.6039464489635
-29.061786312211787,-29.345251653130088,-29.548283699030602,-29.67032595318809,-29.711043906266966,-29.67032595318809,-29.548283699030602,-29.345251653130095,-29.061786312211787,-28.698664635071694,-28.256881912986607,-27.737649041689792,-27.142389202390078,-26.47273396093093,-25.730518795782015,-24.91777806712035,-24.036739440790196,-23.08981778242611,-22.079608538473988,-21.008880622252608,-19.880568824555056,-18.69776576959083,-17.46371343831788,-16.181794282398382,-14.855521953133474,-13.48853167078974,-12.084570260712763,-10.647485883539298,-9.181217487656726,-7.689784012819087,-6.177273374512643,-4.647831259263669,-3.105649761599895,-1.554955893810592,-1.2734937186697706e-14,1.5549558938105668,3.10564976159987,4.6478312592636435,6.177273374512618,7.689784012819059,9.181217487656701,10.647485883539273,12.084570260712734,13.488531670789763
-28.707592504204026,-28.987603079215667,-29.18816064909077,-29.308715499470892,-29.34893719789079,-29.308715499470892,-29.18816064909077,-28.987603079215674,-28.707592504204026,-28.348896413578633,-27.91249796839127,-27.399593306446484,-26.811588263771117,-26.15009452131539,-25.416925187447493,-24.614089828349666,-23.74378895993671,-22.8084080163951,-21.81051081187359,-20.752832513246684,-19.6382721432127,-18.46988463427377,-17.2508724553782,-15.984576834175924,-14.674468598945392,-13.324138665295003,-11.937288193712611,-10.517718444941934,-9.069320360991316,-7.59606390033195,-6.1019871565177,-4.591185290051365,-3.0677993038344264,-1.5360046929657407,-1.2579728699220779e-14,1.5360046929657154,3.067799303834401,4.5911852900513415,6.101987156517678,7.5960639003319255,9.069320360991293,10.51771844494191,11.937288193712588,13.324138665295028
-28.247998065750867,-28.52352580915743,-28.720872550967087,-28.839497377477898,-28.879075146285935,-28.839497377477898,-28.720872550967087,-28.52352580915744,-28.247998065750867,-27.89504452314033,-27.465632602452658,-26.960939291914364,-26.382347920808865,-25.73144436786693,-25.010012714483405,-24.220030354674215,-23.363662575176498,-22.4432566205485,-21.461335259535247,-20.420589870334663,-19.323873063717322,-18.174190864218325,-16.974694470832976,-15.728671619799671,-14.439537573142962,-13.110825757678263,-11.746178080134143,-10.349334944939152,-8.924125002033536,-7.47445465280567,-6.004297342917433,-4.517682671365853,-3.0186853456323828,-1.5114140131927283,-1.2378333429082235e-14,1.5114140131927036,3.0186853456323575,4.51768267136583,6.00429734291741,7.474454652805645,8.924125002033513,10.349334944939129,11.746178080134118,13.110825757678288
-27.593031142916658,-27.86217041384336,-28.054941412341442,-28.170815766503363,-28.209475872778693,-28.170815766503363,-28.054941412341442,-27.86217041384337,-27.593031142916665,-27.248261291595288,-26.828805850077096,-26.335814516571258,-25.77063854605554,-25.134827046580185,-24.430122733270537,-23.658457151666056,-22.821945383488025,-21.922880249347823,-20.96372602428492,-19.94711168336011,-18.875823695817974,-17.75279838756806,-16.581113892919667,-15.363981717629922,-14.104737936389345,-12.806834048873476,-11.473827519421814,-10.10937202627534,-8.717207447098682,-7.301149608235184,-5.8650798257922006,-4.412934267223422,-2.9486931625675337,-1.4763698949141457,-1.209132551662802e-14,1.476369894914122,2.9486931625675092,4.412934267223398,5.8650798257921775,7.301149608235159,8.717207447098657,10.109372026275317,11.47382751942179,12.806834048873498
-26.84422796692194,-27.106063497284186,-27.293603191719754,-27.406333016961913,-27.443943988395432,-27.406333016961913,-27.293603191719754,-27.106063497284197,-26.844227966921945,-26.508814273621756,-26.100741763002684,-25.621128933451523,-25.07129037039663,-24.452733143120483,-23.76715267398766,-23.01642809141001,-22.20261707928609,-21.327950237032823,-20.39482496566754,-19.405798896698187,-18.363582881833562,-17.271033562726863,-16.13114554111952,-14.947043170846182,-13.72197199419771,-12.45928984611576,-11.162457650600272,-9.835029934557358,-8.480645085088375,-7.103015376923574,-5.7059167973351705,-4.293178696418686,-2.8686732911105586,-1.4363050517104847,-1.1763198356478699e-14,1.436305051710461,2.8686732911105355,4.293178696418663,5.705916797335148,7.10301537692355,8.480645085088351,9.835029934557337,11.162457650600249,12.459289846115784
-26.003677271298898,-26.257314166280157,-26.43898158825518,-26.548181599447872,-26.58461489021796,-26.548181599447872,-26.43898158825518,-26.257314166280167,-26.0036772712989,-25.67876610441044,-25.283471224538957,-24.818876107473542,-24.286254176136485,-23.687065310219445,-23.022951844754797,-22.29573406858948,-21.507405235099608,-20.66012609882174,-19.756218992974787,-18.798161464105974,-17.788579481308258,-16.730240238621313,-15.626044570345005,-14.479019000054471,-13.292307445108975,-12.069162599393435,-10.81293701791021,-9.527073927658885,-8.215097789990637,-6.88060464030447,-5.5272522315641925,-4.158750008651789,-2.7788489410368884,-1.391331241629979,-1.1394867236154671e-14,1.3913312416299561,2.7788489410368653,4.158750008651768,5.527252231564171,6.880604640304447,8.215097789990615,9.527073927658863,10.812937017910187,12.069162599393458
-25.003491744128976,-25.247372943834144,-25.42205284922365,-25.527052674818663,-25.562084623395666,-25.527052674818663,-25.42205284922365,-25.247372943834154,-25.003491744128976,-24.691077711524535,-24.310987151168597,-23.86426186486729,-23.352126295578906,-22.775984171300713,-22.137414657548213,-21.438168028972242,-20.680160871977627,-19.865470831493276,-18.996330916291786,-18.075123378467445,-17.104373183849173,-16.086741091244413,-15.025016359484178,-13.922109102258716,-12.781042311697828,-11.604943572559973,-10.397036489739508,-9.160631852589772,-7.8991185602798,-6.615954333057099,-5.314656234876835,-3.998791033374,-2.6719654236012893,-1.3378161423284813,-1.0956583789751346e-14,1.3378161423284596,2.671965423601267,3.998791033373979,5.314656234876814,6.6159543330570765,7.899118560279778,9.160631852589749,10.397036489739486,11.604943572559993
-23.92880346958317,-24.16220228273259,-24.329374178919142,-24.42986095159534,-24.463387173502024,-24.42986095159534,-24.329374178919142,-24.1622022827326,-23.92880346958317,-23.629817469394332,-23.26606378201038,-22.838539431004197,-22.348416230905062,-21.797037575336358,-21.18591475486714,-20.516722814669755,-19.791295963337255,-19.011622545445363,-18.179839591638117,-17.29822696117529,-16.369201092996917,-15.39530838243189,-14.37921820170535,-13.323715583375172,-12.231693586751009,-11.106145368220194,-9.950155977213827,-8.766893900300737,-7.559602376586248,-6.331590508219053,-5.086224190372288,-3.826916885558824,-2.5571202675678166,-1.2803147606666132,-1.0485653079416086e-14,1.280314760666592,2.5571202675677958,3.826916885558804,5.08622419037227,6.33159050821903,7.559602376586227,8.766893900300717,9.950155977213807,11.106145368220215
-22.78354552302068,-23.005773621102076,-23.16494449279976,-23.260621861818212,-23.29254348313944,-23.260621861818212,-23.16494449279976,-23.00577362110208,-22.78354552302068,-22.498869310325503,-22.152525260727977,-21.74546267919393,-21.278797295964814,-20.753808208418498,-20.171934375152418,-19.534770671898045,-18.844063520077245,-18.1017060999827,-17.309733161702297,-16.47031544801041,-15.58575374451315,-14.658472573354668,-13.691013547770524,-12.686028405702658,-11.646271741569715,-10.574593456115588,-9.473930945029263,-8.347301047747443,-7.197791778507526,-6.028553862315095,-4.842792099025697,-3.6437565792112223,-2.4347337758875858,-1.219037536520469,-9.983798587219538e-15,1.219037536520449,2.4347337758875653,3.6437565792112028,4.8427920990256785,6.028553862315074,7.197791778507509,8.347301047747422,9.473930945029243,10.574593456115606
-21.5261548597465,-21.73611851306172,-21.886504976391723,-21.97690205089373,-22.00706196446998,-21.97690205089373,-21.886504976391723,-21.73611851306173,-21.5261548597465,-21.257189512225384,-20.9299596858204,-20.54536229474023,-20.104451493700818,-19.608435788560442,-19.058674723889265,-18.45667515655218,-17.804087125518734,-17.102699329221156,-16.354434222856266,-15.561342749069258,-14.72559871646275,-13.849492841338263,-12.935426469002081,-11.985904991844869,-11.003530982234984,-9.99099705904889,-8.951078507389663,-7.886625671723488,-6.800556143283748,-5.695846763156127,-4.5755254629641495,-3.4426629655190633,-2.3003643681820964,-1.15176063200827,-9.432807297698967e-15,1.1517606320082514,2.300364368182077,3.4426629655190446,4.575525462964131,5.6958467631561085,6.800556143283729,7.88662567172347,8.951078507389647,9.990997059048906
