hough_viz/data/file_5_1_0.json
{"header": {"discipline": 0, "disciplineName": "Meteorological products", "gribEdition": 2, "gribLength": 133963, "center": 7, "centerName": "US National Weather Service - NCEP(WMC)", "subcenter": 0, "refTime": "2014-11-30T06:00:00.000Z", "significanceOfRT": 1, "significanceOfRTName": "Start of forecast", "productStatus": 0, "productStatusName": "Operational products", "productType": 1, "productTypeName": "Forecast products", "productDefinitionTemplate": 0, "productDefinitionTemplateName": "Analysis/forecast at horizontal level/layer at a point in time", "parameterCategory": 2, "parameterCategoryName": "Momentum", "parameterNumber": 3, "parameterNumberName": "V-component_of_wind", "parameterUnit": "m.s-1", "genProcessType": 2, "genProcessTypeName": "Forecast", "forecastTime": 6, "surface1Type": 100, "surface1TypeName": "Isobaric surface", "surface1Value": 85000, "surface2Type": 255, "surface2TypeName": "Missing", "surface2Value": 0, "gridDefinitionTemplate": 0, "gridDefinitionTemplateName": "Latitude_Longitude", "numberPoints": 65160, "shape": 6, "shapeName": "Earth spherical with radius of 6,371,229.0 m", "gridUnits": "degrees", "resolution": 48, "winds": "true", "scanMode": 0, "nx": 360, "ny": 181, "basicAngle": 0, "subDivisions": 0, "lo1": 0, "la1": 90, "lo2": 359, "la2": -90, "dx": 1, "dy": 1}, "data":
[rows 19 to 37 of 181, columns 215 to 257 of 360]
0.11105900017953105,9.36310412591998e-16,-0.11105900017953368,-0.22127277430843978,-0.32980252901670465,-0.43582228733894496,-0.5385251748978438,-0.6371295607053787,-0.730885005846595,-0.8190779747728858,-0.9010372657383555,-0.9761391190503769,-1.0438119642575128,-1.103540770145752,-1.154870964437045,-1.1974118933588183,-1.2308397947550633,-1.2549002621118335,-1.2694101807444378,-1.2742591214107528,-1.269410180744438,-1.2549002621118335,-1.2308397947550636,-1.1974118933588203,-1.1548709644370458,-1.1035407701457507,-1.0438119642575137,-0.9761391190503781,-0.9010372657383567,-0.8190779747728874,-0.7308850058465965,-0.6371295607053766,-0.5385251748978414,-0.4358222873389468,-0.32980252901671087,-0.22127277430844178,-0.1110590001795357,-1.092362148023998e-15,0.11105900017953353,0.2212727743084396,0.32980252901670887,0.43582228733894485,0.5385251748978395
0.13442505955731768,1.133303764425691e-15,-0.13442505955732087,-0.26782706324333605,-0.3991907412596673,-0.5275163366970578,-0.6518272142891107,-0.7711772931963904,-0.8846582472528599,-0.991406417876481,-1.0906093870325042,-1.1815121602252532,-1.2634229124621439,-1.335718253459585,-1.3978479720194632,-1.4493392234685913,-1.4898001282921753,-1.5189227545735415,-1.5364854615419694,-1.542354586392775,-1.5364854615419694,-1.518922754573542,-1.4898001282921756,-1.4493392234685938,-1.397847972019464,-1.3357182534595835,-1.2634229124621454,-1.181512160225255,-1.090609387032506,-0.9914064178764828,-0.8846582472528619,-0.7711772931963878,-0.651827214289108,-0.52751633669706,-0.3991907412596748,-0.2678270632433385,-0.13442505955732334,-1.322187725163306e-15,0.13442505955732068,0.26782706324333583,0.39919074125967235,0.5275163366970577,0.6518272142891056
0.1599931668575946,1.3488620267621011e-15,-0.1599931668575984,-0.3187686891088899,-0.47511818915826587,-0.6278517529039473,-0.7758069857027761,-0.9178578588953406,-1.0529232795639782,-1.179975318302675,-1.2980470323805164,-1.40623982475971,-1.503730282961665,-1.589776445733111,-1.6637234498192615,-1.7250085138686022,-1.773165221538787,-1.807827071206626,-1.8287302652667525,-1.8357157177906744,-1.828730265266753,-1.8078270712066262,-1.7731652215387876,-1.7250085138686055,-1.6637234498192623,-1.589776445733109,-1.503730282961666,-1.4062398247597119,-1.2980470323805187,-1.1799753183026773,-1.0529232795639807,-0.9178578588953376,-0.7758069857027726,-0.6278517529039502,-0.47511818915827486,-0.3187686891088927,-0.15999316685760134,-1.5736723645557847e-15,0.15999316685759818,0.31876868910888967,0.47511818915827203,0.6278517529039471,0.7758069857027701
0.18792619720817208,1.5843583587137223e-15,-0.18792619720817658,-0.3744221625826525,-0.5580685492175915,-0.7374676972219888,-0.9112542707553566,-1.0781056490579026,-1.2367519923931227,-1.3859859062949609,-1.5246716305687287,-1.6517536831119621,-1.766264892770576,-1.8673337600953037,-1.9541910899787505,-2.0261758456946177,-2.082740179786326,-2.123453603516954,-2.1480062631484773,-2.156211298115797,-2.1480062631484778,-2.1234536035169542,-2.0827401797863265,-2.0261758456946213,-1.9541910899787518,-1.8673337600953017,-1.7662648927705777,-1.6517536831119644,-1.5246716305687313,-1.3859859062949633,-1.2367519923931256,-1.078105649057899,-0.9112542707553525,-0.7374676972219922,-0.5580685492176022,-0.37442216258265587,-0.18792619720818,-1.848418085166009e-15,0.18792619720817624,0.3744221625826522,0.5580685492175987,0.7374676972219887,0.9112542707553494
0.2202536476830037,1.8569029381103197e-15,-0.22025364768300892,-0.43883103211435454,-0.6540686474178882,-0.864328405377133,-1.0680101022756971,-1.2635635974138115,-1.4495006106150392,-1.6244060489370882,-1.7869487763835432,-1.9358917446525417,-2.070101407821345,-2.188556349315222,-2.2903550555043513,-2.374722776766899,-2.441017423801438,-2.4887344543142262,-2.5175107128907337,-2.5271271948276137,-2.517510712890735,-2.4887344543142262,-2.4410174238014384,-2.3747227767669044,-2.2903550555043526,-2.1885563493152196,-2.070101407821347,-1.935891744652544,-1.7869487763835463,-1.624406048937091,-1.4495006106150425,-1.2635635974138075,-1.0680101022756927,-0.8643284053771367,-0.6540686474179005,-0.43883103211435837,-0.22025364768301292,-2.1663867611287068e-15,0.2202536476830086,0.4388310321143541,0.6540686474178966,0.8643284053771326,1.068010102275689
0.254921352042752,2.1491776076123058e-15,-0.254921352042758,-0.5079025986707418,-0.7570183998428672,-1.000372833891991,-1.2361138266335643,-1.4624472467685206,-1.6776505603057685,-1.880085940085985,-2.0682127306352265,-2.240599173483336,-2.395933303710473,-2.53303293479229,-2.6508546557532284,-2.7485017721540816,-2.8252311304781017,-2.8804587739779817,-2.9137643869393304,-2.9248944935370296,-2.913764386939331,-2.880458773977982,-2.825231130478102,-2.7485017721540874,-2.65085465575323,-2.5330329347922866,-2.3959333037104753,-2.240599173483339,-2.06821273063523,-1.8800859400859888,-1.6776505603057723,-1.462447246768516,-1.2361138266335592,-1.0003728338919955,-0.7570183998428817,-0.5079025986707463,-0.2549213520427627,-2.50737387554769e-15,0.2549213520427577,0.5079025986707413,0.757018399842877,1.000372833891991,1.2361138266335547
0.29203278437395525,2.462054731138879e-15,-0.2920327843739622,-0.5818430229246129,-0.8672250847443845,-1.1460070400244395,-1.4160671897519386,-1.6753502131206777,-1.9218828097634413,-2.153788717759337,-2.3693029931199088,-2.5667854420785674,-2.7447331039555913,-2.9017916895963523,-3.0367658883295503,-3.1486284650031853,-3.2365280778643015,-3.2997957577837838,-3.3379499995153767,-3.3507004262413425,-3.337949999515378,-3.2997957577837846,-3.236528077864303,-3.148628465003191,-3.036765888329553,-2.9017916895963483,-2.7447331039555944,-2.566785442078571,-2.3693029931199128,-2.1537887177593413,-1.9218828097634457,-1.675350213120672,-1.4160671897519324,-1.1460070400244449,-0.867225084744401,-0.5818430229246181,-0.29203278437396757,-2.872397186328693e-15,0.29203278437396174,0.5818430229246123,0.8672250847443959,1.146007040024439,1.4160671897519275
0.33363381090090266,2.8127824906966844e-15,-0.33363381090091065,-0.6647284670472517,-0.9907641381853411,-1.30925949599211,-1.6177905984818806,-1.9140093376685317,-2.1956613100850775,-2.46060297415533,-2.706817963839572,-2.932432434397613,-3.1357293234787815,-3.315161419003143,-3.4693631343796887,-3.5971609014448696,-3.6975821020249238,-3.7698624701474475,-3.8134519085669547,-3.828018675337049,-3.8134519085669556,-3.769862470147448,-3.6975821020249247,-3.5971609014448767,-3.4693631343796913,-3.315161419003139,-3.135729323478785,-2.9324324343976174,-2.7068179638395775,-2.4606029741553344,-2.1956613100850824,-1.9140093376685254,-1.6177905984818735,-1.3092594959921156,-0.9907641381853599,-0.6647284670472576,-0.33363381090091676,-3.2815795724794656e-15,0.33363381090091015,0.6647284670472512,0.9907641381853539,1.3092594959921096,1.6177905984818677
0.3774798576897154,3.1824374497094323e-15,-0.3774798576897244,-0.7520868657338481,-1.1209700386072718,-1.4813219526266934,-1.8304001121399758,-2.1655478215740662,-2.4842144044924397,-2.7839746157829572,-3.0625470992375443,-3.3178117500504256,-3.547825850095925,-3.7508388531863734,-3.925305707785645,-4.06989861578428,-4.183517137844827,-4.265296568409658,-4.314614516632412,-4.3310956431481165,-4.314614516632412,-4.26529656840966,-4.183517137844829,-4.069898615784287,-3.9253057077856477,-3.7508388531863694,-3.5478258500959283,-3.31781175005043,-3.06254709923755,-2.7839746157829626,-2.4842144044924455,-2.165547821574059,-1.8304001121399676,-1.4813219526267,-1.120970038607293,-0.7520868657338549,-0.3774798576897313,-3.712843691327672e-15,0.37747985768972386,0.7520868657338475,1.120970038607286,1.4813219526266932,1.8304001121399611
0.4236081987979068,3.571333856352533e-15,-0.4236081987979168,-0.8439924834213443,-1.2579534756293407,-1.662340682314738,-2.0540764726589726,-2.430179500760987,-2.7877873954796937,-3.1241785448067474,-3.4367928089772524,-3.723251004679193,-3.981373012075112,-4.209194366830386,-4.404981210873023,-4.5672434881005435,-4.694746284606605,-4.786519227121494,-4.841863868138662,-4.860359001521955,-4.841863868138663,-4.786519227121496,-4.694746284606607,-4.5672434881005515,-4.404981210873028,-4.20919436683038,-3.9813730120751165,-3.7232510046791973,-3.436792808977258,-3.1241785448067536,-2.7877873954797,-2.4301795007609783,-2.054076472658964,-1.662340682314745,-1.2579534756293642,-0.8439924834213518,-0.42360819879792466,-4.166556165744621e-15,0.4236081987979162,0.8439924834213436,1.2579534756293569,1.6623406823147375,2.0540764726589567
0.47383039618867023,3.994744532517518e-15,-0.47383039618868145,-0.9440546569557363,-1.4070940917475712,-1.859424690874583,-2.2976039453527135,-2.718297046475516,-3.118302265721991,-3.4945753218439335,-3.8442525496843882,-4.164672694398576,-4.453397165210278,-4.708228594559999,-4.927227561398954,-5.108727351354321,-5.251346641431973,-5.354000012718527,-5.4159062110747,-5.436594092951012,-5.415906211074701,-5.3540000127185285,-5.251346641431975,-5.1087273513543305,-4.927227561398957,-4.708228594559993,-4.453397165210282,-4.164672694398583,-3.844252549684395,-3.4945753218439406,-3.118302265721998,-2.718297046475507,-2.2976039453527037,-1.8594246908745913,-1.4070940917475978,-0.9440546569557449,-0.4738303961886902,-4.660535287937105e-15,0.47383039618868084,0.9440546569557356,1.4070940917475891,1.8594246908745822,2.2976039453526953
0.5259291485804943,4.433975970479876e-15,-0.5259291485805068,-1.0478556587755967,-1.5618073546948588,-2.063872753599849,-2.5502308346495037,-3.0171801191759937,-3.4611668411723717,-3.8788119935977488,-4.266937044661147,-4.622588128367628,-4.94305852522222,-5.225909261999528,-5.4689876738027206,-5.670443787143233,-5.828744399356021,-5.9426847471976085,-6.011397675821868,-6.034360238351966,-6.011397675821871,-5.942684747197609,-5.8287443993560215,-5.670443787143244,-5.468987673802724,-5.225909261999521,-4.943058525222225,-4.622588128367634,-4.266937044661153,-3.8788119935977554,-3.4611668411723793,-3.017180119175984,-2.550230834649492,-2.0638727535998584,-1.5618073546948885,-1.0478556587756063,-0.5259291485805164,-5.172971965559856e-15,0.5259291485805062,1.047855658775596,1.5618073546948792,2.0638727535998482,2.5502308346494837
0.5798985318513441,4.888978225461265e-15,-0.5798985318513579,-1.1553836857230013,-1.7220756721065498,-2.2756616228076694,-2.8119284144771655,-3.3267947330236898,-3.8163421348783038,-4.276844868716109,-4.7047982306734655,-5.096945237260537,-5.450301412972393,-5.762177503949554,-6.030199944823742,-6.2523289229835495,-6.426873902780032,-6.552506491523791,-6.628270549355463,-6.653589466047356,-6.628270549355464,-6.552506491523792,-6.4268739027800335,-6.252328922983559,-6.030199944823748,-5.762177503949547,-5.450301412972399,-5.0969452372605435,-4.704798230673474,-4.276844868716117,-3.8163421348783126,-3.326794733023679,-2.811928414477153,-2.2756616228076796,-1.7220756721065824,-1.1553836857230118,-0.5798985318513685,-5.7038079297048085e-15,0.5798985318513571,1.1553836857230007,1.7220756721065722,2.2756616228076685,2.8119284144771433
0.6369828523265395,5.370241730177337e-15,-0.6369828523265546,-1.269117880526122,-1.8915941553405573,-2.499674256457097,-3.0887303271374154,-3.654279295001853,-4.192016990917137,-4.69785090632248,-5.167931339690793,-5.598680695081783,-5.986820709807383,-6.329397403990169,-6.623803562133931,-6.867798575607914,-7.0595254950313695,-7.1975251627795895,-7.280747318054548,-7.3085585900036785,-7.280747318054548,-7.197525162779591,-7.059525495031372,-6.867798575607926,-6.623803562133936,-6.3293974039901615,-5.9868207098073905,-5.598680695081789,-5.167931339690801,-4.697850906322489,-4.192016990917148,-3.65427929500184,-3.0887303271374025,-2.4996742564571086,-1.8915941553405937,-1.2691178805261332,-0.6369828523265664,-6.2652820185402274e-15,0.6369828523265538,1.269117880526121,1.891594155340582,2.4996742564570966,3.0887303271373905
0.6952971185382374,5.8618745971076264e-15,-0.6952971185382538,-1.3853026061725306,-2.0647651045052515,-2.728513493653457,-3.371496247593468,-3.988819879324196,-4.575786183257948,-5.127927991401871,-5.64104317120367,-6.111226606317595,-6.534899916897943,-6.908838693230244,-7.230197035436189,-7.496529212490134,-7.705808275708941,-7.856441485055345,-7.94728243085141,-7.97763975864836,-7.94728243085141,-7.856441485055345,-7.705808275708944,-7.496529212490148,-7.230197035436194,-6.908838693230237,-6.53489991689795,-6.111226606317602,-5.641043171203679,-5.127927991401881,-4.57578618325796,-3.9888198793241827,-3.371496247593453,-2.728513493653469,-2.0647651045052906,-1.385302606172543,-0.6952971185382666,-6.838853696625564e-15,0.6952971185382528,1.3853026061725295,2.0647651045052786,2.7285134936534567,3.371496247593441
0.7548198813732115,6.363695994189698e-15,-0.7548198813732293,-1.503895127676479,-2.241524823981405,-2.9620951629061674,-3.660122169079254,-4.330293435503455,-4.967508554180784,-5.566917933297126,-6.123959705544147,-6.634394446683987,-7.094337440127687,-7.500288241973948,-7.849157321500905,-8.138289574360476,-8.365484529525574,-8.52901309620331,-8.627630723260033,-8.660586871006878,-8.627630723260035,-8.529013096203311,-8.365484529525576,-8.138289574360494,-7.849157321500911,-7.500288241973937,-7.094337440127694,-6.634394446683994,-6.123959705544156,-5.566917933297137,-4.967508554180796,-4.330293435503441,-3.660122169079239,-2.9620951629061807,-2.2415248239814476,-1.5038951276764925,-0.7548198813732431,-7.424311993221313e-15,0.7548198813732283,1.5038951276764776,2.241524823981434,2.9620951629061665,3.6601221690792256
0.8158863071422455,6.87853162403414e-15,-0.8158863071422648,-1.6255632268415292,-2.4228686288426173,-3.201734537610168,-3.956233313286334,-4.6806227646094,-5.369389850456465,-6.017292637415322,-6.619400194062841,-7.171130118330401,-7.6682834123507355,-8.107076439366962,-8.484169719492991,-8.796693345171944,-9.042268822905482,-9.21902717502551,-9.32562316374279,-9.361245529218767,-9.325623163742794,-9.219027175025511,-9.042268822905484,-8.796693345171962,-8.484169719492998,-8.107076439366951,-7.668283412350744,-7.171130118330411,-6.619400194062852,-6.017292637415333,-5.3693898504564785,-4.680622764609385,-3.9562333132863166,-3.201734537610182,-2.4228686288426635,-1.6255632268415439,-0.8158863071422796,-8.024953561373164e-15,0.8158863071422635,1.625563226841528,2.422868628842649,3.201734537610167,3.9562333132863023
0.8772656797192288,7.396005629466303e-15,-0.8772656797192495,-1.7478548379083074,-2.6051417653972773,-3.4426019910240018,-4.253861936799118,-5.0327474246831265,-5.773330665809285,-6.4699753745362685,-7.117379663985116,-7.71061639659967,-8.24517068263865,-8.716974241212569,-9.12243636235789,-9.458471234507991,-9.72252142938242,-9.912577365560292,-10.027192602608395,-10.065494849366214,-10.027192602608395,-9.912577365560292,-9.722521429382423,-9.458471234508009,-9.122436362357897,-8.71697424121256,-8.245170682638658,-7.710616396599682,-7.11737966398513,-6.469975374536282,-5.773330665809298,-5.03274742468311,-4.253861936799098,-3.4426019910240173,-2.605141765397326,-1.7478548379083227,-0.8772656797192655,-8.62867323437735e-15,0.8772656797192481,1.747854837908306,2.6051417653973106,3.4426019910240004,4.253861936799084
0.9389178125019884,7.915779207381525e-15,-0.9389178125020107,-1.8706898935167753,-2.788224894888437,-3.6845398212338116,-4.552813174753625,-5.386436870949805,-6.179066530138517,-6.924669762010495,-7.617572075763681,-8.252500066404506,-8.824621548544233,-9.32958233224736,-9.76353936104623,-10.123189959921293,-10.405796970652148,-10.60920958324433,-10.731879704892133,-10.772873741899568,-10.731879704892133,-10.60920958324433,-10.405796970652151,-10.123189959921312,-9.763539361046238,-9.329582332247348,-8.82462154854424,-8.252500066404515,-7.617572075763695,-6.924669762010508,-6.179066530138531,-5.386436870949787,-4.552813174753606,-3.6845398212338285,-2.7882248948884896,-1.8706898935167924,-0.9389178125020278,-9.235075741945113e-15,0.938917812502009,1.8706898935167737,2.788224894888473,3.6845398212338107,4.552813174753589
