hough_viz/data/file_2_1_2.json
{"header": {"discipline": 0, "disciplineName": "Meteorological products", "gribEdition": 2, "gribLength": 133963, "center": 7, "centerName": "US National Weather Service - NCEP(WMC)", "subcenter": 0, "refTime": "2014-11-30T06:00:00.000Z", "significanceOfRT": 1, "significanceOfRTName": "Start of forecast", "productStatus": 0, "productStatusName": "Operational products", "productType": 1, "productTypeName": "Forecast products", "productDefinitionTemplate": 0, "productDefinitionTemplateName": "Analysis/forecast at horizontal level/layer at a point in time", "parameterCategory": 2, "parameterCategoryName": "Momentum", "parameterNumber": 2, "parameterNumberName": "U-component_of_wind", "parameterUnit": "m.s-1", "genProcessType": 2, "genProcessTypeName": "Forecast", "forecastTime": 6, "surface1Type": 100, "surface1TypeName": "Isobaric surface", "surface1Value": 85000, "surface2Type": 255, "surface2TypeName": "Missing", "surface2Value": 0, "gridDefinitionTemplate": 0, "gridDefinitionTemplateName": "Latitude_Longitude", "numberPoints": 65160, "shape": 6, "shapeName": "Earth spherical with radius of 6,371,229.0 m", "gridUnits": "degrees", "resolution": 48, "winds": "true", "scanMode": 0, "nx": 360, "ny": 181, "basicAngle": 0, "subDivisions": 0, "lo1": 0, "la1": 90, "lo2": 359, "la2": -90, "dx": 1, "dy": 1}, "data":
[rows 40 to 59 of 181, columns 315 to 359 of 360]
-8.292204829200471e-15,0.6751655726244028,1.3495085599998893,2.0222073790708395,2.6924424499475594,3.3593971944379835,4.022259030922455,4.6802203643592515,5.33247957021479,5.978241971119501,6.61672080505998,7.247138183927203,7.868726041253401,8.480727067982597,9.082395635135379,9.672998702242515,10.251816710442224,10.818144459151535,11.37129196524478,11.910585303691644,12.43536742863093,12.944998973879988,13.438859031903558,13.916345910294341,14.37687786484216,14.81989380829996,15.244853993981945,15.651240673362038,16.038558726870445,16.406336267120707,16.754125213831884,17.08150183974513,17.38806728687031,17.673448052432867,17.93729644392953,18.17929100273794,18.39913689576464,18.59656627465362,18.771338602118373,18.923240944999495,19.052088233690945,19.157723487618863,19.24001800649818,19.29887152713417,19.33421234557761
-8.567714009208362e-15,0.6975980036984967,1.3943460916862656,2.0893953837438293,2.781899069372988,3.471013439504817,4.155898914429241,4.835721066693588,5.509651637723929,6.176869546930444,6.836561892067837,7.487924939631376,8.130165104082423,8.762499914710007,9.384158968951224,9.994384871007616,10.592434154615688,11.177578188845729,11.749104065826593,12.306315469314013,12.8485335230446,13.375097617842279,13.88536621646841,14.378717635236526,14.854550801437744,15.312285985655569,15.751365508076676,16.171254417938083,16.571441145282016,16.951438124225213,17.310782386982947,17.649036127923733,17.965787236968257,18.260649801681904,18.53326457744969,18.783299425160383,19.010449715867015,19.21443870193015,19.395017854192364,19.551967164772726,19.68509541511247,19.794240408945402,19.879269169909016,19.940078103555773,19.976593123566918
-8.839620609174412e-15,0.7197371065122573,1.4385973242272774,2.1557048327016193,2.8701859468981894,3.581170181636716,4.287791312145896,4.989188429424846,5.684506989128138,6.372899852696321,7.053528319463959,7.725563148487078,8.388185568845572,9.040588277189297,9.6819764213132,10.31156856856184,10.92859765788509,11.532311934383594,12.121975865206528,12.696871035684975,13.256297024609434,13.799572257585483,14.32603483742676,14.835043350575187,15.325977648564159,15.798239603574256,16.25125383715961,16.68446842125818,17.09735555063079,17.489412185910638,17.86016066647942,18.20914929242292,18.535952874858037,18.840173253959794,19.12143978405783,19.379409785210967,19.613768960710082,19.824231780000066,20.010541826554924,20.17247211028181,20.309825344073428,20.42243418417206,20.5101614340521,20.572900211572936,20.610574079198294
-9.108063448847214e-15,0.7415941840082655,1.482284849737191,2.2211695797051507,2.957348156685186,3.689923660480862,4.418003560685408,5.140700804092538,5.8571348954341715,6.566432970128152,7.267730857729485,7.960174134788796,8.642919165835727,9.31513413121866,9.97600004054918,10.624711730515266,11.260478845849129,11.882526802253091,12.490097730111444,13.08245139783775,13.658866113732888,14.218639605255538,14.761089874632647,15.28555602976917,15.791399089442796,16.278002761804512,16.744774195235035,17.191144700643438,17.61657044432695,18.02053311054865,18.402540533025523,18.762127294556947,19.098855294064112,19.41231428034858,19.702122351920252,19.96792642228537,20.209402650128236,20.426256833861743,20.618224770066846,20.78507257538369,20.926596971462413,21.042625532626563,21.133016895947172,21.197660933471788,21.236478886398313
-9.367960733685749e-15,0.7627554677386936,1.5245816354334687,2.2845503352492265,3.0417356623894864,3.7952151031685846,4.544070658952542,5.287389964598991,6.024267400033604,6.7538051936084935,7.475114515898906,8.187316562604819,8.88954362523867,9.58094014829432,10.260663771610036,10.927886356654101,11.581794995484465,12.221593001151557,12.846500878338826,13.45575727305763,14.048619900239673,14.624366448097334,15.182295458148886,15.721727179838078,16.24200439870503,16.742493237101172,17.222583926471234,17.68169155026262,18.119256756555792,18.5347464395486,18.927654389063683,19.297501907287323,19.643838391989227,19.966241885511835,20.264319588860747,20.53770834026975,20.78607505765761,21.009117144437106,21.20656285818252,21.378171641705833,21.523734416138616,21.643073835662463,21.736044503577496,21.802533149445914,21.842458767094506
-9.62137186684504e-15,0.7833886378488184,1.5658228373142367,2.346349322848865,3.1240171431610095,3.8978788298021634,4.6669915515114075,5.430418262910074,6.18722884614723,6.936501244104861,7.677322583782654,8.408790288492996,9.130013177511696,9.840112551844241,10.538223264785577,11.223494775967591,11.895092187611956,12.552197261724173,13.194009416990745,13.819746704164093,14.428646758747142,15.019967729817372,15.592989183857423,16.147012982492864,16.681364133065774,17.19539161100974,17.688469153022666,18.159996020072473,18.609397729304774,19.03612675396183,19.439663190459775,19.819515391810686,20.175220566618975,20.50634534292133,20.812486296183703,21.093270440811896,21.348355684577218,21.577431245402973,21.780218030004683,21.956468973922238,22.105969342529836,22.228536992657105,22.324022594502445,22.392309813568456,22.43331545239754
-9.868740767206297e-15,0.8035298389771048,1.6060807006197504,2.406674800326416,3.204336737508718,3.9980946839666016,4.786981567911346,5.570036252193574,6.346304705300853,7.114841163697985,7.874709284094415,8.624983284234153,9.364749070818915,10.09310535318982,10.809164741411635,11.512054827420188,12.200919247917671,12.874918727719068,13.533232102279934,14.1750573181588,14.799612410195625,15.406136454216215,15.993890494100679,16.56215844208811,17.110247951218753,17.63749125885252,18.14324600023458,18.6268959911182,19.087851978490015,19.52555235848419,19.93946386061037,20.329082197461325,20.69393267910973,21.033570791444607,21.347582737743327,21.635585942819116,21.89722951913014,22.13219469428172,22.340195199401556,22.520977617914205,22.67432169429008,22.80004060239297,22.897981173098856,22.968024080908933,23.010083989329313
-1.0102802581064078e-14,0.8225875542455824,1.6441729122662678,2.4637550988587362,3.280335579375626,4.092919476286007,4.900516781280446,5.702143561443638,6.496823158025131,7.283587376347423,8.06147766540226,8.829546285697244,9.586857463930489,10.33248853308604,11.065531056561952,11.785091934959798,12.490294494189175,13.180279553559723,13.854206472560685,14.511254175051771,15.150622149617844,15.771531424869108,16.37322551849728,16.954971358933275,17.516060178481503,18.055808376844514,18.57355835398435,19.068679311307243,19.54056802019419,19.98864955694223,20.412378003220613,20.811237111187843,21.18474093246042,21.53243441016597,21.853893933360006,22.148727853130513,22.41657695976199,22.657114920376955,22.87004867652244,23.055118801216537,23.212099815020146,23.34080046074903,23.441063936491176,23.51276808664581,23.555825550751134
-1.0327153858946137e-14,0.8408546209811809,1.6806847901304742,2.518467303752596,3.3531814529052455,4.183810266975536,5.009341752702084,5.828770127132908,6.641097043017068,7.445332805136854,8.240497576099177,9.025622570116369,9.799751233322489,10.561940409186686,11.311261487604565,12.04680153626602,12.767664412923097,13.472971857200923,14.161864560622968,14.833503213545935,15.487069527729133,16.12176723329305,16.736823048850994,17.331487623633933,17.90503645045845,18.456770748427545,18.986018314287215,19.492134341402902,19.97450220535671,20.432534215209433,20.865672329511593,21.273388836190648,21.65518699548715,22.010601645155486,22.339199767192493,22.640581015403075,22.91437820316057,23.160257750766878,23.377920091868088,23.56710003842991,23.727567103828356,23.859125783662314,23.961615793945462,24.034912266387657,24.078925900527665
-1.0542696442375008e-14,0.8584044686710537,1.7157631037241583,2.5710313457283758,3.4231671820748435,4.271132416508435,5.113893934010023,5.950424959487991,6.779706308745566,7.600727630199592,8.412488635838557,9.214000319919288,10.00428616391818,10.78238332626841,11.547343815434488,12.298235644893376,13.034143968616977,13.754172195670742,14.457443082571896,15.143099802075351,15.810306987085623,16.458251748423287,17.08614466520477,17.693220746630587,18.27874036400833,18.841990151876665,19.38228387713097,19.898963275093,20.391398851504636,20.85899064946987,21.30116898040996,21.717395118140956,22.107161955228758,22.469994620821364,22.80545105920585,23.113122568385094,23.392634298018386,23.643645706118622,23.86585097395037,24.05897937862289,24.22279562292422,24.357100121994655,24.46172924649008,24.536555521939203,24.581487784051472
-1.0740049533947882e-14,0.8744732966637944,1.747881182317944,2.6191595439918514,3.487246863212005,4.351085509298533,5.209623027925324,6.061813423373498,6.90661843291611,7.743008791781184,8.569965487152544,9.386480999679796,10.19156053098553,10.984223215673733,11.763503316363598,12.52845140029121,13.278135496047602,14.011642229041993,14.728077934308333,15.426569745298236,16.10626665733433,16.766340564428717,17.40598726820206,18.02442745767597,18.62090765874287,19.19470115215856,19.745108858937343,20.271460192072425,20.773113873542528,21.249458715610558,21.69991436546186,22.123932012274384,22.520995055860432,22.890619736064263,23.232355722149386,23.545786661457086,23.83053068666823,24.086240881049505,24.312605701118198,24.509349356209913,24.676232144486917,24.813050744978046,24.91963846529386,24.995865444715776,25.0416388124112
-1.0924241914048919e-14,0.8894705569034401,1.7778574309457857,2.664078259566422,3.5470533191975737,4.425706840740961,5.298968320226784,6.165773823057907,7.025067280250325,7.875801775090377,8.716940818641739,9.547459612547387,10.3663462975886,11.172603186479353,11.965247979395052,12.743314960752977,13.505856175788452,14.251942585491351,14.98066519849729,15.691136178553464,16.382489926210248,17.053884133421132,17.704500809764845,18.333547279041206,18.940257145024493,19.523891225199552,20.083738451341546,20.61911673584338,21.129373802734044,21.613887982376546,22.072068968876792,22.503358539280022,22.90723123367979,23.283194995409794,23.630791770539155,23.94959806594051,24.239225465251316,24.499321102099156,24.729568090015196,24.929685908511516,25.099430744852032,25.238595791100874,25.347011496085894,25.424545771970756,25.47110415518351
-1.1096788918326948e-14,0.9035196306235876,1.8059384617538472,2.706157035051908,3.6030785728542956,4.495610314427366,5.382664847327989,6.2631614322481015,7.136027319729121,8.000199057141755,8.854623784339449,9.698260516406165,10.530081411936191,11.349073025300385,12.154237541374018,12.944593991220215,13.719179447249996,14.477050196400857,15.21728288990603,15.938975668252622,16.641249259958364,17.323248052828866,17.984141136388722,18.62312331421853,19.239416084962162,19.83226859081116,20.40095853230898,20.944793048361998,21.463109560383625,21.95527657954445,22.420694476144252,22.85879621016807,23.269048022137437,23.650950083413896,24.004037105163313,24.327878905238517,24.62208093229019,24.886284746466668,25.120168456117874,25.323447109970623,25.49587304429787,25.637236184658803,25.747364301842225,25.826123221701287,25.87341698862402
-1.1246374835725059e-14,0.915699173176733,1.8302827079636528,2.74263632520431,3.6516484625534464,4.556211628744285,5.4552237528960985,6.34758952721781,7.232221741471861,8.108042607572244,8.973985072703513,9.828994119360132,10.672028050722826,11.502059759805533,12.318077980827482,13.119088521284208,13.904115473218456,14.672202402213353,15.422413512660674,16.153834787883536,16.86557510372479,17.55676731424491,18.226569308205246,18.87416503505137,19.498765499144493,20.099609721031516,20.67596566458094,21.22713112885648,21.7524346036404,22.25123608756541,22.722927867857944,23.16693526074218,23.582717311604014,23.969767454060776,24.327614127134417,24.655821349775803,24.953989252040635,25.22175456226922,25.458791049677135,25.66480992181716,25.83956017642835,25.98282890724368,26.094441563383498,26.17426216201893,26.222193454045946
-1.1379276112341374e-14,0.9265202235942513,1.8519116250156114,2.77504675738696,3.694800922747617,4.610053542324358,5.519689521784087,6.422600609804512,7.317686748307719,8.2038574127113,9.080032940564852,9.94514584695218,10.798142125057316,11.63798253030927,12.46364384654191,13.274120132624654,14.06842394804729,14.845587555963775,15.604664102230778,16.34472876900348,17.064879901483543,17.76424010644696,18.441957321212016,19.097205851746995,19.729187378650643,20.337131929781776,20.92029881835144,21.477977545335985,22.009488665110354,22.51418461324807,22.991450495478862,23.44070483684235,23.86140029012593,24.25302430272293,24.61509974109909,24.94718547210613,25.248876900434773,25.519806461551553,25.759644069519766,25.968097519158267,26.144912842048438,26.289874615955675,26.402806227288096,26.4835700862731,26.53206779458921
-1.1497765531741923e-14,0.9361678358213145,1.8711950953403405,2.8039425918711545,3.73327391626802,4.658056821464675,5.577164601943024,6.489477466450253,7.393883902292031,8.289282029539327,9.17458094349964,10.048702043816155,10.910580348576213,11.759165791827508,12.593424502922181,13.412340066128335,14.214914758976558,15.000170767830689,15.767151379203401,16.514922145364064,17.24257202281927,17.94921448227936,18.63398858875725,19.296060050485718,19.934622235372828,20.548897153759317,21.138136406278853,21.70162209566769,22.238667701411583,22.748618916165398,23.230854442926034,23.684786751986746,24.10986279675188,24.505564687538836,24.871410322546907,25.20695397522399,25.511786837315896,25.785537516936017,26.02787249104932,26.238496511818692,26.417152966318955,26.563624189180235,26.677731727779616,26.759336559658248,26.808339261898748
-1.1588887079151239e-14,0.9435871088617467,1.8860246021798568,2.8261642650399814,3.762860682080387,4.694972633003933,5.621364482979256,6.5409075662368865,7.452481561174678,8.354975855296912,9.247290898324836,10.12833954182912,10.997048363752834,11.852358976210668,12.693229314972017,13.51863490905512,14.327570128887649,15.11904941151108,15.892108461337616,16.64580542499569,17.379222038833102,18.091464747680195,18.781665793508687,19.448984272661683,20.09260716036477,20.71175030127185,21.305659364837343,21.873610764352062,22.41491253852186,22.92890519451601,23.41496251145778,23.872492303377793,24.30093714070168,24.699775029392036,25.068520046917765,25.40672293427578,25.713971643344067,25.989891838898615,26.234147354683394,26.446440602977116,26.626512937157983,26.77414496682483,26.88915682509045,26.971408387721805,27.020799443859676
-1.1659911125155307e-14,0.9493700087874186,1.897583356458429,2.8434847911098546,3.785921877548569,4.723746401356047,5.655815767810828,6.580994393964162,7.498155092172972,8.406180443404171,9.303964158637918,10.190412426710179,11.064445246953234,11.924997745009925,12.771021470219493,13.601485672992608,14.415378560621477,15.21170852999303,15.989505375704859,16.747821472110914,17.485732927857264,18.202340711501773,18.896771746844884,19.568179976639076,20.21574739337876,20.838685035916804,21.436233950691882,22.007666116396813,22.552285330959993,23.069428059760597,23.558464244043407,24.01879806854805,24.449868687418387,24.851150907506653,25.222155828240492,25.56243143727285,25.871563161189627,26.149174370603284,26.394926839017888,26.60852115490595,26.789697086495227,26.93823389882111,27.053950622658093,27.136706275003007,27.186400030840975
-1.1713983735903744e-14,0.9537726937127482,1.906383362315688,2.8566713964474437,3.8034790165191237,4.745652683290205,5.682044503278452,6.611513627291314,7.532927640374972,8.445163941487335,9.347111111214776,10.237670265865296,11.115756396289107,11.980299689794972,12.830246833552609,13.664562297891528,14.482229597934975,15.282252532029757,16.063656395464797,16.82548916799858,17.56682267374901,18.28675371203314,18.98440515777755,19.65892703016073,20.30949752818318,20.93532403190584,21.535644068135017,22.109726239378894,22.656871114942327,23.176412083075597,23.667716163138305,24.130184776788383,24.563254477257978,24.966397635826326,25.339123084654183,25.68097671519604,25.991542031461673,26.270440657452085,26.51733279815256,26.73191765352048,26.91393378496383,27.063159433863895,27.17941279175391,27.262552221824777,27.31247643148759
-1.1736908177545262e-14,0.955639241161442,1.9101141831125297,2.86226194516198,3.8109224819289045,4.754939996679206,5.693164349485911,6.624452458497507,7.547669692607148,8.46169125382569,9.365403547675061,10.257705539931418,11.13751009806582,12.003745315747553,12.855355818797358,13.69130405099767,14.510571538195604,15.312160129156396,16.09509321165727,16.858416902338828,17.601201208864858,18.322541162975167,19.021557923049418,19.697399844840888,20.34924351907323,20.976294774638284,21.57778964617089,22.152995304823392,22.701210951104297,23.2217686686947,23.714034238201602,24.17740790985618,24.611325134216784,25.01525724998536,25.38871212809984,25.73123477131748,26.04240786855918,26.321852303338435,26.5692276156566,26.78423241680086,26.966604756539965,27.11612244227026,27.232603309723096,27.315905444904008,27.365927356992966
