hough_viz/data/file_3_0_0.json
{"header": {"discipline": 0, "disciplineName": "Meteorological products", "gribEdition": 2, "gribLength": 133963, "center": 7, "centerName": "US National Weather Service - NCEP(WMC)", "subcenter": 0, "refTime": "2014-11-30T06:00:00.000Z", "significanceOfRT": 1, "significanceOfRTName": "Start of forecast", "productStatus": 0, "productStatusName": "Operational products", "productType": 1, "productTypeName": "Forecast products", "productDefinitionTemplate": 0, "productDefinitionTemplateName": "Analysis/forecast at horizontal level/layer at a point in time", "parameterCategory": 2, "parameterCategoryName": "Momentum", "parameterNumber": 3, "parameterNumberName": "V-component_of_wind", "parameterUnit": "m.s-1", "genProcessType": 2, "genProcessTypeName": "Forecast", "forecastTime": 6, "surface1Type": 100, "surface1TypeName": "Isobaric surface", "surface1Value": 85000, "surface2Type": 255, "surface2TypeName": "Missing", "surface2Value": 0, "gridDefinitionTemplate": 0, "gridDefinitionTemplateName": "Latitude_Longitude", "numberPoints": 65160, "shape": 6, "shapeName": "Earth spherical with radius of 6,371,229.0 m", "gridUnits": "degrees", "resolution": 48, "winds": "true", "scanMode": 0, "nx": 360, "ny": 181, "basicAngle": 0, "subDivisions": 0, "lo1": 0, "la1": 90, "lo2": 359, "la2": -90, "dx": 1, "dy": 1}, "data":
[rows 20 to 39 of 181, columns 225 to 269 of 360]
3.5352777547190595,3.345410637545664,3.1463739823513936,2.9387133347732703,2.722997878211994,2.499818873739799,2.269788039494972,2.033535874004913,1.7917099280335518,1.5449730296896809,1.2940014676611888,1.039483137554777,0.782115656421923,0.5226044506390005,0.2616608223826666,2.4491161457388705e-15,-0.2616608223826617,-0.5226044506389956,-0.7821156564219092,-1.0394831375547722,-1.2940014676611842,-1.5449730296896762,-1.791709928033547,-2.0335358740049,-2.2697880394949594,-2.499818873739796,-2.72299787821199,-2.9387133347732677,-3.14637398235139,-3.345410637545655,-3.535277754719057,-3.7154549213009167,-3.8854482842015954,-4.044791903429483,-4.1930490292000915,-4.329813299036937,-4.4547098515827575,-4.567396354068472,-4.667563940623516,-4.754938058855701,-4.829279222380246,-4.890383667235338,-4.938083910384939,-4.9722492087781776,-4.992785917706959
3.8770510540614787,3.668828516020129,3.450549974033506,3.222813714412844,2.9862439464160118,2.7414890913333236,2.489220005209871,2.23012814007569,1.9649236487238677,1.6943334382310618,1.419099177555738,1.1399752646751078,0.8577267588327221,0.5731272835642222,0.2869569062490618,2.6858846724789935e-15,-0.28695690624905634,-0.5731272835642167,-0.857726758832707,-1.1399752646751025,-1.4190991775557324,-1.6943334382310569,-1.9649236487238628,-2.2301281400756756,-2.4892200052098574,-2.74148909133332,-2.9862439464160073,-3.2228137144128404,-3.4505499740335015,-3.6688285160201186,-3.877051054061475,-4.074646864654163,-4.261074351416064,-4.435822529564387,-4.598412426489402,-4.748398394585148,-4.8853693327384615,-5.008949813128598,-5.118801110248784,-5.214622129329278,-5.296150231617214,-5.363161954251183,-5.415473622757365,-5.452941854488527,-5.475463951625875
4.22912949141789,4.0019980804229105,3.763897470864962,3.515480279964677,3.257427401975047,2.990446141897605,2.715268276808595,2.432648050108827,2.143360104195003,1.8481973572187145,1.5479688297529126,1.2434974273227521,0.9356176848787567,0.6251734793944864,0.31301571685847135,2.9297922365579642e-15,-0.3130157168584655,-0.6251734793944804,-0.9356176848787404,-1.2434974273227466,-1.5479688297529066,-1.8481973572187087,-2.1433601041949975,-2.4326480501088112,-2.71526827680858,-2.9904461418976007,-3.257427401975042,-3.515480279964672,-3.7638974708649573,-4.001998080422899,-4.229129491417886,-4.444669152440082,-4.648026284260606,-4.838643499116322,-5.015998328470928,-5.179604655064978,-5.329014045329398,-5.463816978510795,-5.583643969139359,-5.688166579762842,-5.7770983211708,-5.8501954376416165,-5.907257575059956,-5.948128330073495,-5.972695678783634
4.598171644904177,4.351220300467088,4.092342563636027,3.822248000293283,3.541676920862934,3.2513983511714457,2.952207924601335,2.6449257013153384,2.330393920528568,2.0094746919893236,1.6830476329962099,1.35200745742826,1.0172615233963969,0.6797273462378742,0.34033008367058215,3.1854516668120752e-15,-0.3403300836705759,-0.6797273462378678,-1.0172615233963789,-1.3520074574282537,-1.6830476329962032,-2.009474691989318,-2.3303939205285618,-2.644925701315322,-2.9522079246013186,-3.2513983511714413,-3.5416769208629293,-3.8222480002932775,-4.092342563636022,-4.351220300467076,-4.598171644904173,-4.8325197204775785,-5.053622195401484,-5.260873043160771,-5.453704203587537,-5.631587139874614,-5.794034287258118,-5.940600389398631,-6.0708837187978775,-6.1845271779058475,-6.281219277900385,-6.360694992456402,-6.422736484164585,-6.467173701608612,-6.493884845464262
4.975334105222532,4.708126714721995,4.428014676154274,4.135765757146738,3.8321809916724177,3.5180924844715564,3.194361130310381,2.8618742543283333,2.5215431799416113,2.1743007309689877,1.8210986748265678,1.4629051137994658,1.100701831540739,0.7354816020705932,0.36824546865187147,3.446736560169962e-15,-0.3682454686518646,-0.7354816020705865,-1.1007018315407198,-1.462905113799459,-1.8210986748265607,-2.174300730968981,-2.521543179941605,-2.861874254328315,-3.1943611303103636,-3.518092484471551,-3.832180991672411,-4.135765757146734,-4.428014676154268,-4.708126714721983,-4.975334105222527,-5.228904450771891,-5.4681427326783805,-5.692393215440547,-5.90104124407257,-6.0935149288309525,-6.26928671272444,-6.427874817511124,-6.568844564219115,-6.691809564571365,-6.796432780049097,-6.882427445690971,-6.949557856095875,-6.997640011475061,-7.02654212198279
5.360907477102896,5.072992320577461,4.771172444720688,4.456275116833065,4.129163448602087,3.7907340303731236,3.4419144736576124,3.0836608686143343,2.7169551634728233,2.3428024730814707,1.9622283239576057,1.576275843390591,1.1860029003024464,0.7924792057026105,0.3967833806844979,3.713848237372314e-15,-0.3967833806844905,-0.7924792057026031,-1.1860029003024257,-1.5762758433905837,-1.9622283239575986,-2.342802473081464,-2.716955163472816,-3.083660868614315,-3.4419144736575933,-3.7907340303731187,-4.129163448602081,-4.4562751168330585,-4.7711724447206825,-5.072992320577447,-5.36090747710289,-5.634128758865704,-5.891907285323957,-6.133536503454598,-6.358354124366142,-6.565743938586589,-6.755137505050637,-6.926015709157191,-7.077910185626401,-7.210404602256307,-7.323135801060497,-7.41579479365892,-7.488127608193499,-7.539935985447388,-7.571077922259689
5.7603004699749905,5.450935345034867,5.1266295852038635,4.788272090027467,4.4367902738810185,4.0731475239913735,3.6983405598594934,3.3133967013215258,2.9193710527366172,2.5173436110191507,2.10841630544229,1.6937099773264324,1.2743613078910743,0.8515197026905409,0.4263441411733416,3.990533662168803e-15,-0.4263441411733335,-0.8515197026905328,-1.2743613078910518,-1.6937099773264246,-2.108416305442282,-2.517343611019143,-2.9193710527366092,-3.3133967013215053,-3.698340559859474,-4.073147523991367,-4.436790273881012,-4.788272090027462,-5.126629585203856,-5.450935345034852,-5.760300469974984,-6.053877011720495,-6.33086029737671,-6.590491135010527,-6.832057894542679,-7.0548984582764245,-7.258402035716018,-7.44201083770105,-7.605221605267779,-7.747586989046937,-7.868716775417276,-7.968278956054005,-8.046000637940466,-8.101668791348981,-8.135130833740503
6.16589652122314,5.834748283800664,5.487607406900663,5.125425379537258,4.749194917472493,4.359947242251425,3.95874925469558,3.546700610601886,3.124930706662668,2.694595584867758,2.256874763873768,1.812968006025442,1.3640920288904759,0.9114771703211801,0.45636401618403555,4.271516347739632e-15,-0.45636401618402694,-0.9114771703211716,-1.364092028890452,-1.8129680060254334,-2.2568747638737596,-2.69459558486775,-3.1249307066626595,-3.546700610601863,-3.958749254695558,-4.35994724225142,-4.749194917472487,-5.125425379537253,-5.487607406900656,-5.834748283800648,-6.165896521223135,-6.48014446486716,-6.776630782962304,-7.054542827119187,-7.313118859742171,-7.551650141899276,-7.769482875926203,-7.966019997440349,-8.140722811852775,-8.293112470892613,-8.422771285096905,-8.529343868668407,-8.612538113563318,-8.672125990139133,-8.70794417216806
6.57776506744713,6.224496844283346,5.854167707928844,5.467792704805115,5.066430861939127,4.651182284243854,4.223185139207201,3.7836125372539655,3.3336693163318,2.8745887395340817,2.4076291148115136,1.9340703460374953,1.455210424880586,0.972361873099499,0.4868481450122912,4.55684439732009e-15,-0.48684814501228213,-0.9723618730994896,-1.4552104248805604,-1.9340703460374866,-2.4076291148115048,-2.8745887395340723,-3.333669316331791,-3.783612537253942,-4.223185139207177,-4.651182284243847,-5.0664308619391205,-5.467792704805109,-5.854167707928838,-6.22449684428333,-6.577765067447123,-6.913004093775889,-7.229295056400637,-7.525771023777939,-7.801619375888968,-8.056084031574615,-8.288467520901255,-8.498132896877419,-8.68450548128122,-8.847074439813396,-8.985394182258638,-9.099085583817415,-9.18783702426063,-9.25140524205907,-9.289616001146316
6.9995847696101015,6.623662119729855,6.229584472384529,5.818431967013502,5.391331544055138,4.949453856081381,4.4940100591204395,4.026248492962242,3.547451259545937,3.0589307088075293,2.5620258416199473,2.0580986396847174,1.5485303324348114,1.0347176111807077,0.5180688008766975,4.849066257902071e-15,-0.5180688008766877,-1.0347176111806982,-1.5485303324347839,-2.0580986396847076,-2.562025841619938,-3.05893070880752,-3.5474512595459275,-4.026248492962217,-4.494010059120415,-4.949453856081373,-5.391331544055132,-5.818431967013496,-6.229584472384521,-6.623662119729837,-6.999584769610094,-7.356322044172023,-7.69289615134255,-8.008384564888914,-8.301922552998873,-8.572705548450644,-8.819991353875567,-9.043102176069599,-9.241426483777357,-9.414420683856752,-9.561610611230044,-9.68259282853737,-9.77703573193045,-9.84468045997573,-9.885341603175565
7.425352167497427,7.026563074290238,6.60851466010682,6.172352766592269,5.719272883179469,5.25051687033566,4.767369555709228,4.271155212506377,3.7632339297504043,3.2449978843721676,2.7178675253499054,2.1832876803573136,1.642723595591347,1.0976569196341632,0.5495816423574593,5.144022943300596e-15,-0.5495816423574491,-1.097656919634153,-1.642723595591318,-2.1832876803573034,-2.7178675253498947,-3.244997884372158,-3.763233929750393,-4.2711552125063506,-4.767369555709202,-5.250516870335653,-5.719272883179462,-6.172352766592263,-6.608514660106811,-7.026563074290218,-7.42535216749742,-7.80378888654341,-8.160835962686102,-8.495514754707832,-8.806907931302867,-9.094161985418886,-9.356489573660323,-9.59317167434197,-9.80355955827744,-9.987076566900738,-10.143219692847326,-10.271560958662391,-10.371748589857207,-10.443507979098632,-10.486642438888685
7.855037954743662,7.433171975539066,6.990932188622955,6.529530742511564,6.050232306497066,5.5543506042769515,5.04324481312871,4.518315838499313,3.981002474220871,3.4327774588766804,2.875143439127143,2.3096288510597285,1.7377837308519117,1.1611754662296765,0.5813845003668232,5.4416941510959506e-15,-0.5813845003668124,-1.161175466229666,-1.737783730851881,-2.309628851059718,-2.875143439127132,-3.432777458876669,-3.98100247422086,-4.518315838499284,-5.043244813128682,-5.5543506042769435,-6.050232306497058,-6.529530742511556,-6.990932188622946,-7.433171975539045,-7.855037954743654,-8.255373820911304,-8.633082281259835,-8.987128063153634,-9.316540751713912,-9.620417449658568,-9.897925252080732,-10.148303529383288,-10.37086601211174,-10.565002671971047,-10.730181393870799,-10.865949434415727,-10.97193466284381,-11.047846581010862,-11.093477119625762
8.290010569662398,7.84478376786508,7.378054959044263,6.891103414423016,6.385263834337563,5.861922689916436,5.322514422859518,4.768517513732966,4.201450429556857,3.6228674617925747,3.034354466137947,2.437524515807028,1.834013480208554,1.225475541141522,0.6135786587979818,5.743027887244326e-15,-0.6135786587979701,-1.2254755411415108,-1.8340134802085215,-2.4375245158070165,-3.0343544661379354,-3.6228674617925636,-4.201450429556847,-4.7685175137329345,-5.32251442285949,-5.861922689916427,-6.385263834337552,-6.891103414423009,-7.378054959044253,-7.8447837678650565,-8.29001056966239,-8.712515028719848,-9.11113908968308,-9.484790151709015,-9.832444063208762,-10.15314792897608,-10.446022722006738,-10.71026569285051,-10.945152569891627,-11.150039544526892,-11.32436503580034,-11.467651229657635,-11.579505388601103,-11.659620928155965,-11.707778257197065
8.726355646083755,8.257694311697778,7.766399211188715,7.253816950277574,6.721352481312355,6.170465252391341,5.602665207117324,5.019508645947061,4.422593960480027,3.813557252378054,3.1940678489244267,2.5658237275138314,1.9305468616143628,1.2899785009578542,0.645874398895527,6.045312416472818e-15,-0.6458743988955149,-1.2899785009578422,-1.9305468616143282,-2.5658237275138194,-3.1940678489244143,-3.813557252378043,-4.4225939604800155,-5.01950864594703,-5.602665207117293,-6.170465252391332,-6.721352481312344,-7.253816950277564,-7.7663992111887055,-8.257694311697753,-8.726355646083748,-9.171098646205369,-9.590704302412993,-9.984022504769401,-10.349975195421088,-10.687559323480112,-10.995849594316613,-11.274001005727225,-11.521251164027351,-11.736922373719217,-11.920423495008178,-12.071251564075812,-12.188993171668725,-12.27332559622462,-12.324017688429663
9.164020330114424,8.671853591737321,8.155917905438402,7.61762741507158,7.058457537454835,6.479940918355293,5.883663231613733,5.271258832922714,4.6444062801713635,4.004823732634787,3.3542642416189405,2.694510945468866,2.027372182110444,1.3546765325217462,0.6782678087198182,6.348511123462218e-15,-0.6782678087198054,-1.3546765325217338,-2.027372182110408,-2.694510945468853,-3.3542642416189277,-4.004823732634774,-4.644406280171352,-5.2712588329226815,-5.8836632316137,-6.479940918355285,-7.058457537454824,-7.617627415071571,-8.155917905438393,-8.671853591737296,-9.164020330114415,-9.631069125749933,-10.071719830359179,-10.484764650990085,-10.869071460499642,-11.22358690063589,-11.547339269219457,-11.839441183511802,-12.099092012469617,-12.325580071218816,-12.518284571733357,-12.676677324372086,-12.800324185609746,-12.888886247994277,-12.94212076906855
9.601613721582213,9.085945408082413,8.54537314977537,7.981378617646396,7.395507681505275,6.789366172864585,6.164615483467154,5.522968011526684,4.86618246816342,4.196059056899115,3.51443453942434,2.8231772011623515,2.1241817304286412,1.4193640252218649,0.7106559418807389,6.6516604414703464e-15,-0.7106559418807256,-1.4193640252218516,-2.124181730428604,-2.8231772011623377,-3.514434539424326,-4.196059056899103,-4.866182468163408,-5.52296801152665,-6.164615483467119,-6.789366172864576,-7.395507681505265,-7.981378617646383,-8.545373149775358,-9.085945408082388,-9.6016137215822,-10.090964679271146,-10.552657004188564,-10.985425229763706,-11.388083168371573,-11.759527162590913,-12.098739110252307,-12.404789254985541,-12.6768387346172,-12.914141880433515,-13.116048261006544,-13.282004464981508,-13.41155561793877,-13.504346629173064,-13.560123164972412
10.037648882258186,9.498562680635375,8.933441578941926,8.343834534836505,7.731357620243923,7.097689591814333,6.444567289567957,5.773780876337233,5.087168931055055,4.386613409337634,3.6740344851749764,2.95138528786746,2.2206465486341997,1.4838211715663574,0.742928743806397,6.9537302719655284e-15,-0.7429287438063831,-1.4838211715663436,-2.2206465486341607,-2.951385287867446,-3.674034485174962,-4.3866134093376195,-5.087168931055042,-5.773780876337196,-6.444567289567922,-7.097689591814323,-7.731357620243912,-8.343834534836494,-8.933441578941913,-9.498562680635349,-10.037648882258175,-10.549222586003154,-11.031881603907367,-11.484303001151972,-11.905246722134493,-12.293558989375219,-12.648175465940884,-12.968124172718298,-13.252528152541561,-13.500607873870631,-13.711683367433157,-13.885176089972989,-14.020610509996962,-14.11761541117372,-14.175924909811863
10.472086653559696,9.909668353880901,9.320088342056705,8.704962615918323,8.065977192324244,7.404883485905203,6.7234935085584615,6.02367490284904,5.307345822931418,4.576469677022228,3.833049745834824,3.079123691726108,2.316757973605662,1.5480421829154078,0.7750833162048759,7.254693487258323e-15,-0.7750833162048614,-1.5480421829153936,-2.3167579736056214,-3.079123691726094,-3.83304974583481,-4.576469677022212,-5.3073458229314046,-6.0236749028490015,-6.723493508558425,-7.404883485905192,-8.065977192324233,-8.704962615918314,-9.32008834205669,-9.909668353880875,-10.472086653559689,-11.005801691626914,-11.509350592261285,-11.981353162927437,-12.420515677387602,-12.82563442171554,-13.195598993592476,-13.529395345842808,-13.82610856586694,-14.084925383353042,-14.305136399394515,-14.486138030903104,-14.627434164988097,-14.728637518767341,-14.789470700882687
10.900663908803127,10.315228258413901,9.701519284371068,9.061219120314112,8.396082784485989,7.707933369350151,6.9986570446208285,6.270197887402863,5.5245525536116356,4.7637648052779,3.989919908738127,3.2051389190644364,2.411572866400092,1.6113968601352924,0.8068041270836845,7.551596743052592e-15,-0.8068041270836696,-1.6113968601352775,-2.4115728664000495,-3.2051389190644217,-3.989919908738112,-4.7637648052778845,-5.524552553611621,-6.270197887402822,-6.998657044620791,-7.7079333693501395,-8.396082784485978,-9.0612191203141,-9.701519284371058,-10.315228258413871,-10.90066390880312,-11.456221597114194,-11.98037857833978,-12.471698174628056,-12.92883371311674,-13.350532217070013,-13.735637840200422,-14.083095034763314,-14.391951444739865,-14.66136051617865,-14.89058381754125,-15.078993063691776,-15.226071837982682,-15.331417007716954,-15.3947398291068
11.324321889294076,10.71613308483769,10.078572104465024,9.413386458506977,8.72239937458263,8.007504800259095,7.270662211872916,6.513891243741501,5.739266152486017,4.948910131638069,4.144989492113826,3.3297077245063855,2.5052994594712477,1.6740243427589012,0.8381608416830584,7.845092098235497e-15,-0.8381608416830426,-1.674024342758886,-2.5052994594712037,-3.3297077245063695,-4.14498949211381,-4.948910131638054,-5.739266152486001,-6.51389124374146,-7.270662211872877,-8.007504800259087,-8.722399374582615,-9.413386458506963,-10.07857210446501,-10.71613308483766,-11.324321889294065,-11.901471514595876,-12.446000033737324,-12.956414931897172,-13.431317197318,-13.86940515590042,-14.269478039001052,-14.630439274656036,-14.951299493208564,-15.231179239102282,-15.469311381407893,-15.665043216475734,-15.817838256951015,-15.927277702248455,-15.993061586455525
