hough_viz/data/file_4_0_0.json
{"header": {"discipline": 0, "disciplineName": "Meteorological products", "gribEdition": 2, "gribLength": 133963, "center": 7, "centerName": "US National Weather Service - NCEP(WMC)", "subcenter": 0, "refTime": "2014-11-30T06:00:00.000Z", "significanceOfRT": 1, "significanceOfRTName": "Start of forecast", "productStatus": 0, "productStatusName": "Operational products", "productType": 1, "productTypeName": "Forecast products", "productDefinitionTemplate": 0, "productDefinitionTemplateName": "Analysis/forecast at horizontal level/layer at a point in time", "parameterCategory": 2, "parameterCategoryName": "Momentum", "parameterNumber": 3, "parameterNumberName": "V-component_of_wind", "parameterUnit": "m.s-1", "genProcessType": 2, "genProcessTypeName": "Forecast", "forecastTime": 6, "surface1Type": 100, "surface1TypeName": "Isobaric surface", "surface1Value": 85000, "surface2Type": 255, "surface2TypeName": "Missing", "surface2Value": 0, "gridDefinitionTemplate": 0, "gridDefinitionTemplateName": "Latitude_Longitude", "numberPoints": 65160, "shape": 6, "shapeName": "Earth spherical with radius of 6,371,229.0 m", "gridUnits": "degrees", "resolution": 48, "winds": "true", "scanMode": 0, "nx": 360, "ny": 181, "basicAngle": 0, "subDivisions": 0, "lo1": 0, "la1": 90, "lo2": 359, "la2": -90, "dx": 1, "dy": 1}, "data":
[rows 100 to 119 of 181, columns 176 to 219 of 360]
2.60086817533801,1.9618200817730922,1.3132141979712408,0.6582104666007197,4.622225280736735e-15,-0.6582104666007105,-1.3132141979712482,-1.961820081773083,-2.6008681753379848,-3.2272451005910106,-3.8378992121154845,-4.429855464462841,-5.00022990627482,-5.54624373060478,-6.065236812985717,-6.554680671289247,-7.012190784236456,-7.435538208545826,-7.822660438120838,-8.171671452372406,-8.480870904721565,-8.748752406517074,-8.974010866009557,-9.155548846627251,-9.292481913576733,-9.384142942720283,-9.43008537073765,-9.43008537073765,-9.384142942720286,-9.292481913576733,-9.155548846627255,-8.97401086600956,-8.748752406517076,-8.480870904721568,-8.17167145237241,-7.822660438120844,-7.435538208545832,-7.012190784236463,-6.5546806712892565,-6.0652368129857255,-5.546243730604789,-5.000229906274828,-4.429855464462849,-3.837899212115494
2.8240845874504306,2.1301909527060547,1.4259192417661406,0.7147005956132602,5.018922257894101e-15,-0.7147005956132503,-1.4259192417661481,-2.1301909527060445,-2.8240845874504035,-3.5042195659607107,-4.167282338988559,-4.810042531354646,-5.429368680011723,-6.022243490218016,-6.585778535493779,-7.117228329744745,-7.614003702994485,-8.073684415560228,-8.494030949217265,-8.872995417906724,-9.208731544830531,-9.499603657326373,-9.744194655700554,-9.94131291719517,-10.089998101454494,-10.189525829206595,-10.239411211366356,-10.239411211366356,-10.189525829206598,-10.089998101454496,-9.941312917195173,-9.744194655700555,-9.499603657326377,-9.208731544830536,-8.87299541790673,-8.494030949217272,-8.073684415560233,-7.614003702994495,-7.117228329744754,-6.5857785354937874,-6.022243490218025,-5.429368680011733,-4.8100425313546555,-4.16728233898857
3.03509134651449,2.2893521517421913,1.532459463411479,0.7681007866173314,5.393920416355348e-15,-0.7681007866173206,-1.5324594634114872,-2.2893521517421807,-3.0350913465144607,-3.766043881332855,-4.478648628922786,-5.169433850584824,-5.835034110156453,-6.472206670078978,-7.077847289688832,-7.649005348766028,-8.18289822265937,-8.676924838953976,-9.128678349634624,-9.535957857007391,-9.896779136251961,-10.209384302365462,-10.472250374401572,-10.684096695280513,-10.84389117102169,-10.950855299001784,-11.004467960741264,-11.004467960741264,-10.950855299001786,-10.843891171021694,-10.684096695280514,-10.472250374401577,-10.209384302365466,-9.896779136251968,-9.535957857007398,-9.128678349634633,-8.676924838953985,-8.182898222659375,-7.649005348766039,-7.077847289688842,-6.472206670078988,-5.835034110156464,-5.169433850584834,-4.478648628922795
3.2379052960352173,2.442333561106304,1.6348630225701928,0.8194275957239958,5.7543584322647615e-15,-0.8194275957239843,-1.6348630225702014,-2.442333561106293,-3.2379052960351857,-4.017702281834917,-4.777925425975551,-5.514870997716253,-6.224948672308938,-6.904699022699787,-7.550810373509979,-8.160134935185216,-8.72970413971013,-9.256743103173182,-9.738684144722122,-10.173179296047083,-10.558111740446124,-10.891606125743381,-11.17203770081645,-11.39804023122043,-11.5685126553449,-11.682624448675362,-11.739819670025177,-11.739819670025177,-11.682624448675362,-11.568512655344904,-11.398040231220431,-11.172037700816453,-10.891606125743385,-10.558111740446131,-10.173179296047092,-9.73868414472213,-9.25674310317319,-8.729704139710138,-8.160134935185226,-7.550810373509989,-6.9046990226997975,-6.224948672308948,-5.514870997716264,-4.777925425975562
3.429037465573777,2.5865034702270826,1.7313682899678624,0.8677980574364714,6.094035757851775e-15,-0.8677980574364591,-1.7313682899678715,-2.5865034702270706,-3.429037465573744,-4.254865535073803,-5.05996432738455,-5.840411482118155,-6.592404739186949,-7.312280463032634,-7.996531491490303,-8.641824222329946,-9.245014854231533,-9.803164703068964,-10.313554518883697,-10.773697733797306,-11.181352576320176,-11.534532993036832,-11.831518324458631,-12.070861687903717,-12.25139702656411,-12.372244790417207,-12.432816221305089,-12.432816221305089,-12.372244790417207,-12.251397026564113,-12.070861687903719,-11.831518324458639,-11.534532993036837,-11.181352576320181,-10.773697733797313,-10.313554518883707,-9.80316470306897,-9.245014854231542,-8.641824222329959,-7.996531491490314,-7.3122804630326455,-6.592404739186961,-5.840411482118168,-5.059964327384562
3.605609007301109,2.719690380549939,1.820521695647052,0.9124836120411954,6.407836146418053e-15,-0.9124836120411826,-1.8205216956470616,-2.719690380549926,-3.605609007301074,-4.473961469403222,-5.320517240947451,-6.141151987310348,-6.931867658497465,-7.688811967241286,-8.408297156957403,-9.086817968123876,-9.7210687155534,-10.307959393359177,-10.844630729152945,-11.32846811413275,-11.757114341194146,-12.128481089006234,-12.440759096103356,-12.692426975424976,-12.88225862636063,-13.009329208188761,-13.073019645807797,-13.073019645807797,-13.009329208188763,-12.882258626360633,-12.692426975424981,-12.440759096103362,-12.12848108900624,-11.757114341194152,-11.328468114132757,-10.844630729152954,-10.307959393359184,-9.721068715553411,-9.086817968123887,-8.408297156957412,-7.688811967241297,-6.931867658497478,-6.14115198731036,-5.320517240947464
3.772751366207104,2.845764911864504,1.9049141769265896,0.9547828916000151,6.704879127735958e-15,-0.9547828916000017,-1.9049141769265991,-2.8457649118644905,-3.772751366207067,-4.681357355129147,-5.567156241585411,-6.425832502441302,-7.25320275326768,-8.045236129369531,-8.79807392375342,-9.508048386360061,-10.171700592974041,-10.785797296754836,-11.347346680290375,-11.853612931430844,-12.302129571890397,-12.69071147368143,-13.01746550483856,-13.280799752567157,-13.479431278882574,-13.612392370954968,-13.679035255708966,-13.679035255708966,-13.61239237095497,-13.479431278882576,-13.28079975256716,-13.017465504838565,-12.690711473681436,-12.302129571890402,-11.85361293143085,-11.347346680290384,-10.785797296754842,-10.171700592974052,-9.508048386360073,-8.79807392375343,-8.045236129369544,-7.2532027532676935,-6.425832502441315,-5.567156241585423
3.926881963565201,2.962024745400089,1.9827368404170744,0.9937892408515824,6.9787977947407055e-15,-0.9937892408515686,-1.982736840417085,-2.9620247454000754,-3.9268819635651635,-4.87260780753258,-5.794594796054498,-6.688351101200716,-7.549522432092543,-8.373913248570554,-9.157507201444366,-9.896486699742127,-10.587251509630109,-11.226436294389991,-11.810927010001022,-12.337876076449557,-12.80471625085261,-13.209173134807076,-13.549276255030216,-13.823368663307324,-14.03011500897695,-14.168508044625082,-14.237873533293241,-14.237873533293241,-14.168508044625082,-14.030115008976956,-13.823368663307324,-13.549276255030225,-13.20917313480708,-12.804716250852616,-12.337876076449565,-11.81092701000103,-11.226436294390002,-10.587251509630121,-9.896486699742141,-9.15750720144438,-8.373913248570567,-7.549522432092555,-6.6883511012007295,-5.794594796054512
4.064741360128482,3.0660113046588324,2.0523439503072636,1.0286777825307154,7.223799519174161e-15,-1.0286777825307012,-2.0523439503072747,-3.066011304658818,-4.064741360128443,-5.043668404277919,-5.998023202949506,-6.92315623549555,-7.8145603467754485,-8.667892705562712,-9.478995962382028,-10.243918503697936,-10.958933703778918,-11.62055808044327,-12.225568266234102,-12.771016712341664,-13.254246048764823,-13.672902030750542,-14.024945008437772,-14.30865986382641,-14.522664366659953,-14.665915908512245,-14.73771658227098,-14.73771658227098,-14.665915908512249,-14.522664366659955,-14.308659863826417,-14.024945008437777,-13.67290203075055,-13.254246048764832,-12.771016712341673,-12.225568266234113,-11.620558080443283,-10.95893370377893,-10.243918503697952,-9.478995962382038,-8.667892705562728,-7.81456034677546,-6.923156235495565,-5.99802320294952
4.1923917210761275,3.162297246379092,2.1167963773707057,1.0609826891914231,7.450657893259459e-15,-1.0609826891914083,-2.1167963773707177,-3.1622972463790777,-4.192391721076087,-5.202061284725781,-6.186386928705639,-7.140573117422329,-8.05997115167879,-8.94010181666974,-9.776677204265788,-10.565621603270788,-11.303091355877225,-11.985493583580613,-12.609503691322386,-13.172081564582912,-13.670486380513818,-14.102289960951332,-14.465388602256334,-14.758013324346907,-14.978738488991576,-15.126488745375408,-15.2005442691011,-15.2005442691011,-15.126488745375408,-14.978738488991578,-14.75801332434691,-14.465388602256343,-14.102289960951337,-13.670486380513825,-13.172081564582923,-12.609503691322399,-11.985493583580626,-11.303091355877235,-10.5656216032708,-9.776677204265802,-8.940101816669754,-8.059971151678804,-7.140573117422344,-6.186386928705653
4.306356124917751,3.2482599484428896,2.1743385760131635,1.089824044604878,7.653193782442837e-15,-1.089824044604863,-2.1743385760131755,-3.2482599484428745,-4.306356124917708,-5.343472167225373,-6.354555350258234,-7.334679778382356,-8.279070383905584,-9.18312619072767,-10.042442729833168,-10.852833497421711,-11.610350351133826,-12.31130274500357,-12.952275709427468,-13.530146488553232,-14.042099754032353,-14.485641321016743,-14.858610299576734,-15.159189622339452,-15.385914897058546,-15.537681540985934,-15.613750162287923,-15.613750162287923,-15.537681540985938,-15.385914897058553,-15.159189622339456,-14.85861029957674,-14.48564132101675,-14.042099754032359,-13.53014648855324,-12.952275709427477,-12.311302745003582,-11.610350351133839,-10.852833497421726,-10.04244272983318,-9.183126190727684,-8.2790703839056,-7.334679778382372,-6.35455535025825
4.403052857026177,3.3211977438647935,2.223162089140931,1.114295412190273,7.825041815324438e-15,-1.1142954121902577,-2.2231620891409425,-3.321197743864778,-4.403052857026134,-5.46345673926141,-6.497243209447731,-7.499375763818275,-8.464972113302062,-9.389327969545866,-10.267939963734008,-11.096527586548534,-11.87105404238045,-12.587745916192086,-13.24311155721581,-13.8339580899257,-14.357406969406092,-14.810908005333026,-15.192251786245262,-15.499580443574704,-15.731396702995426,-15.886571178993629,-15.964347877120321,-15.964347877120321,-15.88657117899363,-15.73139670299543,-15.499580443574706,-15.192251786245269,-14.810908005333031,-14.357406969406098,-13.833958089925712,-13.243111557215824,-12.587745916192096,-11.871054042380461,-11.096527586548547,-10.26793996373402,-9.38932796954588,-8.464972113302078,-7.499375763818292,-6.4972432094477455
4.4892340353716875,3.386203716851917,2.266676154203651,1.1361055731776235,7.97820175824255e-15,-1.1361055731776075,-2.266676154203663,-3.3862037168519006,-4.489234035371643,-5.57039325692731,-6.624414082469173,-7.646161428485072,-8.630657444610799,-9.573105765217038,-10.468914876820385,-11.313720487475486,-12.103406789166815,-12.834126509611536,-13.5023196557833,-14.104730857840515,-14.638425228960934,-15.100802663815196,-15.489610506018751,-15.802954522847164,-16.0393081337477,-16.19751984768624,-16.276818873095852,-16.276818873095852,-16.19751984768624,-16.039308133747706,-15.802954522847168,-15.489610506018755,-15.100802663815202,-14.638425228960939,-14.104730857840524,-13.502319655783312,-12.834126509611549,-12.103406789166826,-11.313720487475498,-10.4689148768204,-9.573105765217052,-8.630657444610815,-7.6461614284850885,-6.624414082469189
4.561691731107584,3.4408581449085065,2.3032610437012866,1.1544426862121735,8.106972526476839e-15,-1.1544426862121577,-2.3032610437012995,-3.440858144908491,-4.56169173110754,-5.66030121373231,-6.731334277815236,-7.769572957928054,-8.769959059584538,-9.727618802255932,-10.637886563939576,-11.496327611600304,-12.298759706744127,-13.041273480863714,-13.720251481488742,-14.332385796050815,-14.874694167700929,-15.344534524565013,-15.739617851652655,-16.05801934270788,-16.298187777671895,-16.4589530800712,-16.539532017512574,-16.539532017512574,-16.4589530800712,-16.298187777671895,-16.058019342707883,-15.739617851652659,-15.344534524565015,-14.87469416770093,-14.332385796050824,-13.720251481488754,-13.041273480863728,-12.29875970674414,-11.496327611600318,-10.637886563939588,-9.727618802255945,-8.769959059584554,-7.769572957928073,-6.731334277815251
4.616628379654204,3.4822965466568236,2.330999314923358,1.168345688838845,8.204605143215722e-15,-1.1683456888388288,-2.3309993149233703,-3.482296546656807,-4.616628379654158,-5.728468463247725,-6.812400024311957,-7.863142257237848,-8.875576051486723,-9.844768931382538,-10.765999086637393,-11.63477837653657,-12.446874195709094,-13.198330094955569,-13.885485056670896,-14.504991330954207,-15.053830745509755,-15.529329409878937,-15.929170742365944,-16.251406756190764,-16.494467549885126,-16.657168955694523,-16.738718308724554,-16.738718308724554,-16.65716895569453,-16.494467549885126,-16.251406756190768,-15.929170742365947,-15.529329409878942,-15.05383074550976,-14.504991330954219,-13.885485056670912,-13.19833009495558,-12.446874195709109,-11.634778376536584,-10.765999086637406,-9.844768931382552,-8.875576051486737,-7.863142257237865,-6.812400024311973
4.66120401384188,3.515919694164402,2.353506167155967,1.17962659467479,8.28382431518332e-15,-1.1796265946747737,-2.35350616715598,-3.5159196941643858,-4.661204013841835,-5.783779416106464,-6.878176826439269,-7.939064450665629,-8.961273750920267,-9.939824626244507,-10.869949675137383,-11.747117421856487,-12.567054393312423,-13.325765939000052,-14.01955569253416,-14.645043579975054,-15.19918228720896,-15.679272106156025,-16.082974087476842,-16.408321435698355,-16.653729091243857,-16.818001452683806,-16.900338201585882,-16.900338201585882,-16.81800145268381,-16.653729091243857,-16.40832143569836,-16.082974087476853,-15.679272106156036,-15.199182287208966,-14.645043579975068,-14.01955569253417,-13.32576593900006,-12.567054393312434,-11.747117421856501,-10.869949675137397,-9.939824626244521,-8.961273750920281,-7.939064450665648,-6.878176826439286
4.69260001032278,3.5396015158605363,2.369358438612522,1.1875720852186933,8.339620825757745e-15,-1.1875720852186769,-2.3693584386125344,-3.5396015158605207,-4.692600010322734,-5.822736629233188,-6.924505460585428,-7.992538797382604,-9.021633288566072,-10.006775289219053,-10.943165286540513,-11.826241282589056,-12.651701019878441,-13.415522941543543,-14.11398578396107,-14.743686706372031,-15.30155786917977,-15.784881380156072,-16.191302535739,-16.518841292911826,-16.765901915773707,-16.93128074980451,-17.014172085948655,-17.014172085948655,-16.931280749804515,-16.765901915773714,-16.51884129291183,-16.191302535739005,-15.78488138015608,-15.301557869179781,-14.743686706372046,-14.113985783961082,-13.415522941543554,-12.651701019878455,-11.826241282589072,-10.943165286540529,-10.006775289219068,-9.021633288566086,-7.992538797382622,-6.924505460585444
4.706948935137055,3.5504248282911406,2.3766034085692476,1.1912034159361737,8.36512152727612e-15,-1.191203415936157,-2.3766034085692604,-3.550424828291124,-4.706948935137009,-5.840541259911787,-6.945679054757402,-8.01697819942551,-9.049219432169796,-10.037373777464905,-10.976627046669513,-11.862403292269414,-12.690387101433991,-13.456544620273654,-14.15714320637046,-14.788769613836887,-15.348346622306643,-15.833148028842912,-16.240811929725155,-16.569352227406462,-16.81716830658131,-16.98305283222234,-17.066197631595283,-17.066197631595283,-16.98305283222234,-16.817168306581312,-16.569352227406466,-16.240811929725158,-15.833148028842919,-15.348346622306652,-14.788769613836898,-14.15714320637047,-13.456544620273668,-12.690387101434006,-11.86240329226943,-10.976627046669526,-10.03737377746492,-9.049219432169808,-8.016978199425527,-6.945679054757419
4.711513904046828,3.5538681583932896,2.378908324305637,1.1923586879890258,8.373234323957093e-15,-1.1923586879890091,-2.37890832430565,-3.553868158393273,-4.711513904046782,-5.846205627559526,-6.952415224913306,-8.024753354145698,-9.057995691682024,-10.047108384715019,-10.987272575629508,-11.873907878992286,-12.702694696729658,-13.469595262774995,-14.170873314659051,-14.803112296205292,-15.363232002648083,-15.84850358708064,-16.25656285512297,-16.585421783039106,-16.83347820318904,-16.999523609628355,-17.0827490458277,-17.0827490458277,-16.999523609628362,-16.83347820318905,-16.585421783039106,-16.25656285512298,-15.848503587080646,-15.363232002648093,-14.803112296205304,-14.17087331465906,-13.469595262775007,-12.702694696729672,-11.8739078789923,-10.987272575629524,-10.047108384715035,-9.057995691682038,-8.024753354145716,-6.952415224913323
4.703940122289058,3.5481552978614683,2.37508421748202,1.19044196553766,8.359774308627022e-15,-1.1904419655376433,-2.3750842174820335,-3.5481552978614515,-4.703940122289013,-5.836807823279219,-6.941239183268249,-8.011853523687376,-9.043434919087744,-10.030957608605215,-10.969610480961919,-11.854820513716742,-12.68227505257113,-13.447942822187244,-14.148093566156124,-14.779316220432086,-15.338535531693793,-15.823027039669274,-16.230430350432616,-16.558760636005793,-16.80641830424114,-16.9721967918735,-17.055288442775097,-17.055288442775097,-16.9721967918735,-16.80641830424115,-16.558760636005797,-16.230430350432627,-15.82302703966928,-15.3385355316938,-14.779316220432097,-14.148093566156136,-13.447942822187253,-12.682275052571141,-11.854820513716756,-10.969610480961933,-10.030957608605231,-9.043434919087757,-8.011853523687392,-6.941239183268267
