hough_viz/data/file_1_3_0.json
{"header": {"discipline": 0, "disciplineName": "Meteorological products", "gribEdition": 2, "gribLength": 133963, "center": 7, "centerName": "US National Weather Service - NCEP(WMC)", "subcenter": 0, "refTime": "2014-11-30T06:00:00.000Z", "significanceOfRT": 1, "significanceOfRTName": "Start of forecast", "productStatus": 0, "productStatusName": "Operational products", "productType": 1, "productTypeName": "Forecast products", "productDefinitionTemplate": 0, "productDefinitionTemplateName": "Analysis/forecast at horizontal level/layer at a point in time", "parameterCategory": 2, "parameterCategoryName": "Momentum", "parameterNumber": 2, "parameterNumberName": "U-component_of_wind", "parameterUnit": "m.s-1", "genProcessType": 2, "genProcessTypeName": "Forecast", "forecastTime": 6, "surface1Type": 100, "surface1TypeName": "Isobaric surface", "surface1Value": 85000, "surface2Type": 255, "surface2TypeName": "Missing", "surface2Value": 0, "gridDefinitionTemplate": 0, "gridDefinitionTemplateName": "Latitude_Longitude", "numberPoints": 65160, "shape": 6, "shapeName": "Earth spherical with radius of 6,371,229.0 m", "gridUnits": "degrees", "resolution": 48, "winds": "true", "scanMode": 0, "nx": 360, "ny": 181, "basicAngle": 0, "subDivisions": 0, "lo1": 0, "la1": 90, "lo2": 359, "la2": -90, "dx": 1, "dy": 1}, "data":
[rows 114 to 132 of 181, columns 258 to 300 of 360]
0.8960698149927869,0.8223596302522863,0.7483989468020306,0.6742102937826793,0.5998162697766162,0.5252395359242322,0.4505028090210962,0.37562885459821366,0.3006404799874221,0.22556052737405655,0.150411866838999,0.07521738939222604,7.917080274038203e-16,-0.07521738939222446,-0.15041186683899743,-0.225560527374055,-0.3006404799874205,-0.37562885459821216,-0.4505028090210948,-0.5252395359242346,-0.5998162697766184,-0.6742102937826776,-0.748398946802029,-0.822359630252281,-0.8960698149927815,-0.9695070481872158,-1.0426489601429427,-1.1154732711250468,-1.18795779814293,-1.2600804617074934,-1.3318192925567474,-1.4031524383478653,-1.4740581703136193,-1.5445148898811736,-1.6145011352512222,-1.683995587935446,-1.752977079250357,-1.8214245967654537,-1.88931729070384,-1.9566344802932507,-2.0233556600656195,-2.089460506103246,-2.1549288822296586
0.9449489925925697,0.8672180349719193,0.7892229143368831,0.7109873887567697,0.6325352895305474,0.5538905139276312,0.47507701790851475,0.3961188088275689,0.3170399381201653,0.23786449397637532,0.158616594003475,0.07932037787948384,8.348944361313107e-16,-0.07932037787948217,-0.1586165940034734,-0.23786449397637366,-0.3170399381201636,-0.39611880882756734,-0.4750770179085131,-0.5538905139276334,-0.6325352895305496,-0.7109873887567678,-0.7892229143368814,-0.8672180349719136,-0.9449489925925638,-1.0223921095961481,-1.0995237960590103,-1.176320556922271,-1.2527589991486159,-1.3288158388480713,-1.4044679083704852,-1.4796921633626239,-1.5544656897877023,-1.6287657109052238,-1.7025695942089998,-1.7758548583212135,-1.848599179840495,-1.92078040014181,-1.992376532126225,-2.0633657669183694,-2.133726480509637,-2.203437240345069,-2.272476811851919
0.9919361479740726,0.9103400541266999,0.8284666618801738,0.7463409106629065,0.6639878167742804,0.5814324657644745,0.4987000047931339,0.4158156349693181,0.33280460367499415,0.24969219687444008,0.16650373141189545,0.0832645472998007,8.764091791546608e-16,-0.08326454729979896,-0.16650373141189376,-0.24969219687443836,-0.33280460367499237,-0.41581563496931634,-0.49870000479313226,-0.5814324657644768,-0.6639878167742828,-0.7463409106629046,-0.828466661880172,-0.9103400541266939,-0.9919361479740667,-1.0732300884616695,-1.1541971126677093,-1.2348125572522766,-1.3150518659700023,-1.3948905971501602,-1.4743044311418176,-1.5532691777218417,-1.631760783463475,-1.7097553390632438,-1.787229086623966,-1.8641584268916218,-1.940519926443942,-2.0162903248284247,-2.091446541647722,-2.1659656835901364,-2.2398250514031472,-2.3130021468078286,-2.385474679352041
1.0352837969554896,0.9501219505729617,0.8646706878402466,0.7789560380397672,0.6930041106841794,0.6068410875632003,0.5204932147683478,0.43398679469814583,0.3473481780461544,0.2606037557742928,0.17377995107389693,0.08690321131695546,9.14708295019809e-16,-0.08690321131695364,-0.17377995107389513,-0.2606037557742909,-0.34734817804615264,-0.43398679469814405,-0.520493214768346,-0.6068410875632028,-0.6930041106841819,-0.778956038039765,-0.8646706878402448,-0.950121950572955,-1.0352837969554836,-1.1201302858644437,-1.2046355722373796,-1.2887739149454498,-1.3725196846343897,-1.4558473715314935,-1.5387315932161183,-1.6211471023514221,-1.703068794374945,-1.7844717151457032,-1.865331068545467,-1.9456222240318795,-2.0253207241411904,-2.104402291938201,-2.182842838411285,-2.2606184698101157,-2.337705494923939,-2.4140804322981464,-2.4897200173869583
1.075994585525481,0.9874838932202169,0.8986724037551019,0.8095871699701732,0.7202553280906193,0.6307040894608639,0.5409607322556907,0.45105259317106844,0.3610070590971216,0.2708515587758199,0.18061355444591712,0.09032053347768272,9.50677655412851e-16,-0.09032053347768082,-0.18061355444591523,-0.27085155877581807,-0.36100705909711983,-0.45105259317106655,-0.540960732255689,-0.6307040894608664,-0.720255328090622,-0.809587169970171,-0.8986724037551002,-0.9874838932202104,-1.0759945855254744,-1.1641775194565984,-1.2520058336376505,-1.3394527747133287,-1.4264917054982535,-1.5130961130909488,-1.599239616949905,-1.6848959769293566,-1.7700391012722814,-1.8546430545582042,-1.9386820656033832,-2.0221305353109402,-2.104963044468627,-2.18715436149173,-2.2686794501088814,-2.3495134769883395,-2.429631819302459,-2.5090100722280453,-2.58762405638031
1.113162050941027,1.021593984426435,0.9297147304877792,0.8375522764358723,0.7451346958470073,0.6524901400115103,0.5596468293585517,0.46663304485995016,0.3734771194155084,0.2802074292225385,0.18685238513219707,0.09344042399526,9.835163698025088e-16,-0.09344042399525802,-0.18685238513219513,-0.28020742922253644,-0.3734771194155064,-0.4666330448599482,-0.5596468293585499,-0.6524901400115131,-0.7451346958470101,-0.8375522764358703,-0.9297147304877772,-1.0215939844264283,-1.1131620509410203,-1.2043910375114573,-1.2952531549046655,-1.3857207256394959,-1.4757661924175134,-1.5653621265172524,-1.654481236149251,-1.7430963747693986,-1.8311805493480378,-1.9187069285923015,-2.005648851119189,-2.0919798335768642,-2.1776735787117727,-2.2627039833790037,-2.3470451464935915,-2.4306713769202206,-2.513557201298998,-2.595677371804884,-2.6770068738384305
1.1442823181171757,1.0501543164230394,0.9557064275510428,0.860967421243083,0.7659661559182289,0.6707315698822063,0.5752926725124747,0.47967853542171085,0.3839182836023071,0.2880410865546182,0.1920761494016481,0.09605270399288196,1.0110121797562308e-15,-0.09605270399287993,-0.19207614940164613,-0.2880410865546163,-0.3839182836023052,-0.4796785354217089,-0.5752926725124728,-0.670731569882209,-0.7659661559182317,-0.8609674212430808,-0.9557064275510407,-1.0501543164230327,-1.1442823181171686,-1.2380617603322994,-1.3314640769418542,-1.4244608166953958,-1.5170236518851048,-1.6091243869747118,-1.700734967188108,-1.7918274870551099,-1.8823741989117313,-1.9723475213523964,-2.0617200476315025,-2.150464554011765,-2.2385540080568624,-2.3259615768657405,-2.412660635246211,-2.4986247738252163,-2.5838278070933924,-2.668243781381426,-2.7518469827657976
1.1713871799472864,1.075029547995067,0.978344451628478,0.8813613420644926,0.7841097612977702,0.6866193331019199,0.5889197540057756,0.49104078424756753,0.3930122387096588,0.29486397783664403,0.19662589853956872,0.09832792508903546,1.0349602431029945e-15,-0.09832792508903339,-0.1966258985395667,-0.294863977836642,-0.39301223870965674,-0.49104078424756553,-0.5889197540057737,-0.6866193331019228,-0.7841097612977731,-0.8813613420644905,-0.978344451628476,-1.07502954799506,-1.1713871799472795,-1.2673879960170096,-1.3630027534256848,-1.4582023269919675,-1.5529577180035201,-1.6472400630503299,-1.7410206428167614,-1.8342708908297456,-1.9269624021604022,-2.0190669420764564,-2.110556454642818,-2.2014030712676713,-2.291579119191551,-2.3810571299166945,-2.469809847574247,-2.5578102372266436,-2.645031493102717,-2.731447046762995,-2.8170305751927125
1.1933474817460015,1.0951834080685312,0.9966857309156786,0.8978844536340829,0.7988096720499028,0.6994915653013785,0.5999603866459362,0.5002464542447749,0.40038014192765464,0.30039186994073347,0.2003120956802671,0.10017130441498455,1.0543629134388913e-15,-0.10017130441498244,-0.20031209568026503,-0.30039186994073147,-0.4003801419276526,-0.500246454244773,-0.5999603866459342,-0.6994915653013815,-0.7988096720499057,-0.8978844536340805,-0.9966857309156767,-1.095183408068524,-1.1933474817459944,-1.2911480502203125,-1.388555322490897,-1.4855396273590187,-1.5820714224658958,-1.6781213032916198,-1.7736600121120352,-1.8686584469109309,-1.9630876702447966,-2.0569189180574488,-2.1501236084418442,-2.2426733503463887,-2.334539952223157,-2.425695430615278,-2.5161120186809933,-2.6057621746516952,-2.6946185902214124,-2.7826541988651914,-2.869842184083825
1.2068640083233666,1.1075880729869079,1.0079747555939658,0.9080543993260045,0.8078574408914823,0.7074144012545792,0.6067558763381767,0.5059125277040655,0.404915073213131,0.3037942776683954,0.2025809434437606,0.10130590110130216,1.0663052224140053e-15,-0.1013059011013,-0.20258094344375852,-0.30379427766839323,-0.4049150732131289,-0.5059125277040635,-0.6067558763381747,-0.7074144012545822,-0.8078574408914854,-0.9080543993260022,-1.0079747555939638,-1.1075880729869005,-1.206864008323359,-1.3057723211917336,-1.404282883161767,-1.5023656869620012,-1.5999908556202382,-1.6971286515643937,-1.793749485680828,-1.889823926327483,-1.985322708299043,-2.0802167417414026,-2.17447712101272,-2.2680751334883396,-2.360982268306966,-2.4531702250553122,-2.544610922388714,-2.6352765065849564,-2.725139360028795,-2.814172109624552,-2.9023476351342246
1.215076222388022,1.1151247550721282,1.0148336099533781,0.9142333366861275,0.8133545790881399,0.7122280658062243,0.6108846009559562,0.5093550547384649,0.4076703540370669,0.3058614729966379,0.20395942358858757,0.10199524616430762,1.073560991650913e-15,-0.10199524616430546,-0.20395942358858543,-0.3058614729966359,-0.40767035403706486,-0.5093550547384628,-0.6108846009559542,-0.7122280658062274,-0.8133545790881428,-0.9142333366861252,-1.0148336099533757,-1.1151247550721206,-1.2150762223880147,-1.3146575657158666,-1.4138384516138225,-1.5125886686232617,-1.6108781364714573,-1.7086769152343568,-1.8059552144565507,-1.9026834022257408,-1.9988320141989049,-2.0943717625774227,-2.1892735450284304,-2.2835084535496484,-2.3770477832750765,-2.469863041218735,-2.5619259549539386,-2.6532084812253287,-2.7436828144911294,-2.8333213953929843,-2.9220969191508064
1.2167330200032387,1.116645265473724,1.016217369979155,0.9154799248293771,0.8144636156260374,0.7131992129154973,0.6117175628157869,0.510049577620602,0.40822622638311273,0.3062785254824907,0.20423752917602014,0.10213432013966396,1.0750248284522468e-15,-0.10213432013966181,-0.20423752917601798,-0.3062785254824886,-0.40822622638311057,-0.5100495776206001,-0.6117175628157849,-0.7131992129155003,-0.8144636156260404,-0.9154799248293748,-1.0162173699791528,-1.1166452654737165,-1.2167330200032314,-1.3164501458681008,-1.4157662682657952,-1.5146511345433449,-1.6130746234125524,-1.7110067541252638,-1.8084176956057738,-1.9052777755376673,-2.001557489402291,-2.097227509466121,-2.1922586937142725,-2.2866220947274285,-2.3802889684995283,-2.473230783193441,-2.565419227832069,-2.656826220922125,-2.7474239190080354,-2.8371847251533215,-2.9260812973469057
1.2077633234306056,1.1084134109535433,1.0087258650140574,0.9087310514043468,0.8084594295132977,0.7079415430483016,0.6072080107313094,0.5062895169720923,0.4052168025214689,0.30402065510737414,0.20273190005661942,0.10138139090519434,1.0670997977670122e-15,-0.10138139090519219,-0.20273190005661734,-0.30402065510737203,-0.4052168025214668,-0.5062895169720903,-0.6072080107313073,-0.7079415430483046,-0.8084594295133005,-0.9087310514043446,-1.0087258650140556,-1.1084134109535357,-1.2077633234305982,-1.3067453394994826,-1.405329308279224,-1.5034852001379382,-1.6011831158400969,-1.6983932956541619,-1.7950861284176647,-1.8912321605570623,-1.9868021050595763,-2.081766850394305,-2.176097469379881,-2.2697652279959493,-2.362741594135865,-2.45499824629781,-2.546507082211831,-2.637240227400043,-2.7271700436674684,-2.816269137520903,-2.9045103685132414
1.1924024055915765,1.0943160733319859,0.9958964017955756,0.8971733705677183,0.7981770516400672,0.6989376002503772,0.5994852456968901,0.49985028213022,0.4000630593254545,0.30015397343732053,0.2001534577412208,0.10009197336295793,1.0535279066509748e-15,-0.10009197336295582,-0.2001534577412187,-0.3001539734373185,-0.40006305932545244,-0.49985028213021787,-0.5994852456968881,-0.6989376002503802,-0.7981770516400702,-0.8971733705677162,-0.9958964017955735,-1.0943160733319788,-1.1924024055915692,-1.2901255205273603,-1.387455650731867,-1.4843631485045814,-1.5808184948829072,-1.6767923086339593,-1.7722553552043494,-1.8671785556253213,-1.961532995370485,-2.0552899331634618,-2.148420809732761,-2.2408972565111918,-2.3326911042772345,-2.4237743917356234,-2.5141193740346597,-2.6036985312175442,-2.6924845766052257,-2.7804504651081894,-2.867569401464657
1.169384210349375,1.0731913415178647,0.9766715682074852,0.879854291276205,0.7827690022044568,0.6854452741117887,0.5879127527485686,0.49020114746562254,0.39234022216447345,0.29435978623096787,0.1962896854550491,0.09815979293943489,1.0331905516316608e-15,-0.09815979293943283,-0.19628968545504707,-0.29435978623096587,-0.39234022216447145,-0.49020114746562055,-0.5879127527485666,-0.6854452741117917,-0.7827690022044596,-0.8798542912762026,-0.9766715682074834,-1.0731913415178576,-1.1693842103493681,-1.2652208734223311,-1.3606721379607758,-1.4557089285848752,-1.5503022961675537,-1.644423426652704,-1.7380436498322083,-1.8311344480791671,-1.9236674650346433,-2.0156145142452844,-2.1069475877491954,-2.1976388646074136,-2.2876607193784713,-2.3769857305333337,-2.4655866888082993,-2.5534366054931783,-2.640508720652329,-2.7267765112759856,-2.8122136993594355
1.1339600979935742,1.040681196156963,0.9470852927466927,0.8532008979816355,0.759056609957905,0.6646811059376398,0.5701031336135957,0.47535150235233986,0.3804550744186341,0.28544275618370923,0.19034348932010475,0.09518624198574982,1.0018921487098217e-15,-0.09518624198574782,-0.19034348932010278,-0.28544275618370724,-0.380455074418632,-0.4753515023523379,-0.5701031336135939,-0.6646811059376427,-0.7590566099579078,-0.8532008979816331,-0.9470852927466908,-1.0406811961569564,-1.1339600979935676,-1.2268935845994162,-1.3194533475342065,-1.4116111921975112,-1.5033390464170826,-1.594608968999943,-1.6853931582435226,-1.7756639604043307,-1.8653938781215573,-1.9545555787930304,-2.043121902901004,-2.1310658722851823,-2.218360698360569,-2.3049797902774873,-2.390896763021447,-2.4760854454502526,-2.560519888265997,-2.6441743719194615,-2.7270234144445515
1.0913545223457912,1.0015803305210875,0.9115010476251764,0.8211441126802542,0.7305370492840032,0.6397074572256737,0.5486830040788879,0.45749141677384825,0.3661604731514403,0.2747179935018342,0.1831918320901546,0.09160986867179655,9.642486797656275e-16,-0.0916098686717946,-0.18319183209015272,-0.27471799350183235,-0.36616047315143835,-0.45749141677384636,-0.5486830040788861,-0.6397074572256765,-0.7305370492840059,-0.8211441126802522,-0.9115010476251745,-1.0015803305210813,-1.0913545223457846,-1.1807962770107974,-1.269878349691198,-1.3585736051246993,-1.4468550258772768,-1.5346957205729732,-1.6220689320852513,-1.7089480456874817,-1.7953065971600446,-1.8811182808515867,-1.966356957691984,-2.0509966631545367,-2.135011615165045,-2.2183762219552485,-2.301065089858352,-2.3830530310441653,-2.4643150711915704,-2.5448264570959336,-2.624562664209183
1.0403861767363565,0.9548046115440091,0.868932203617581,0.7827951105244003,0.6964195704574426,0.6098318942429605,0.5230584573259174,0.43612569173579185,0.34906007803511935,0.2618881372532563,0.1746364228078186,0.08733151241624824,9.19216420350878e-16,-0.0873315124162464,-0.17463642280781683,-0.2618881372532545,-0.34906007803511757,-0.4361256917357902,-0.5230584573259156,-0.6098318942429628,-0.6964195704574452,-0.7827951105243983,-0.8689322036175793,-0.954804611544003,-1.0403861767363503,-1.1256508302208208,-1.2105725995579775,-1.2951256167542333,-1.3792841261414575,-1.4630224922224337,-1.5463152074796618,-1.6291369001452,-1.7114623419291506,-1.793266455704441,-1.874524323145566,-1.9552111923189326,-2.035302485222566,-2.1147738052727783,-2.193600944735631,-2.2717598921008286,-2.349226839395859,-2.4259781894381383,-2.50199056302294
0.9757956818272975,0.895527293390341,0.814986118664646,0.734196691272262,0.6531836204553894,0.5719715835801982,0.49058531861983545,0.4090496166190145,0.3273893141424187,0.24562928570924358,0.16379443621617717,0.08190969335112283,8.621485307089319e-16,-0.08190969335112111,-0.1637944362161755,-0.24562928570924192,-0.327389314142417,-0.40904961661901273,-0.49058531861983384,-0.5719715835802006,-0.6531836204553916,-0.7341966912722603,-0.8149861186646442,-0.8955272933903349,-0.9757956818272915,-1.0557668334468224,-1.1354163882614385,-1.2147200842451689,-1.293653764723976,-1.3721933857341435,-1.4503150233462796,-1.527994880952788,-1.6052092965165392,-1.6819347497785597,-1.7581478694225339,-1.8338254401939174,-1.9089444099715553,-1.9834818967895527,-2.057415195807367,-2.13072178622591,-2.2033793381476037,-2.275365719378282,-2.346659002168879
