hough_viz/data/file_1_2_1.json
{"header": {"discipline": 0, "disciplineName": "Meteorological products", "gribEdition": 2, "gribLength": 133963, "center": 7, "centerName": "US National Weather Service - NCEP(WMC)", "subcenter": 0, "refTime": "2014-11-30T06:00:00.000Z", "significanceOfRT": 1, "significanceOfRTName": "Start of forecast", "productStatus": 0, "productStatusName": "Operational products", "productType": 1, "productTypeName": "Forecast products", "productDefinitionTemplate": 0, "productDefinitionTemplateName": "Analysis/forecast at horizontal level/layer at a point in time", "parameterCategory": 2, "parameterCategoryName": "Momentum", "parameterNumber": 2, "parameterNumberName": "U-component_of_wind", "parameterUnit": "m.s-1", "genProcessType": 2, "genProcessTypeName": "Forecast", "forecastTime": 6, "surface1Type": 100, "surface1TypeName": "Isobaric surface", "surface1Value": 85000, "surface2Type": 255, "surface2TypeName": "Missing", "surface2Value": 0, "gridDefinitionTemplate": 0, "gridDefinitionTemplateName": "Latitude_Longitude", "numberPoints": 65160, "shape": 6, "shapeName": "Earth spherical with radius of 6,371,229.0 m", "gridUnits": "degrees", "resolution": 48, "winds": "true", "scanMode": 0, "nx": 360, "ny": 181, "basicAngle": 0, "subDivisions": 0, "lo1": 0, "la1": 90, "lo2": 359, "la2": -90, "dx": 1, "dy": 1}, "data":
[rows 100 to 119 of 181, columns 45 to 89 of 360]
-12.497343035508267,-12.277330919589874,-12.053579009740199,-11.826155462958516,-11.595129554660277,-11.360571657575141,-11.122553220310785,-10.881146745588923,-10.636425768160324,-10.388464832405374,-10.13733946962715,-9.883126175043868,-9.625902384487677,-9.365746450816955,-9.102737620049297,-8.83695600722237,-8.56848257199013,-8.297399093961703,-8.023788147790547,-7.747733078021392,-7.469317973702697,-7.188627642772304,-6.905747586224128,-6.620763972063701,-6.333763609060609,-6.044833920305649,-5.754062916580943,-5.461539169550985,-5.167351784782865,-4.87159037460384,-4.5743450308045555,-4.275706297196216,-3.975765142030045,-3.6746129302875183,-3.3723413958496478,-3.069042613553995,-2.764808971147773,-2.459733141145635,-2.1539080526007273,-1.8474268627976254,-1.5403829288756894,-1.2328697793915977,-0.9249810858296215,-0.6168106340684083,-0.30845229581287525
-13.545752980129535,-13.30728390983207,-13.064761311945114,-12.818259061201356,-12.567852244574294,-12.31361713840601,-12.055631185172686,-11.793972969894833,-11.52872219619957,-11.259959662042107,-10.987767235093905,-10.712227827805002,-10.433425372148069,-10.151444794051917,-9.866371987532249,-9.578293788527482,-9.287297948447714,-8.993473107444773,-8.696908767411575,-8.397695264718974,-8.095923742698444,-7.79168612387891,-7.485075081986289,-7.176184013714137,-6.8651070102741585,-6.5519388287350635,-6.236774863158678,-5.91971111554198,-5.6008441665739594,-5.280271146216202,-4.958089704116175,-4.634397979862184,-4.3092945730890975,-3.982878513443982,-3.6552492304206567,-3.326506523072551,-2.9967505296129255,-2.66608169691181,-2.3346007498988928,-2.0024086608817755,-1.6696066187887855,-1.336295998345874,-1.0025783291968722,-0.6685552649766026,-0.3343285523461767
-14.527559878785775,-14.271806381503877,-14.011705553744079,-13.747336624738175,-13.478780123822933,-13.206117855910096,-12.92943287656782,-12.648809466721106,-12.364333106979062,-12.076090451596649,-11.784169302078965,-11.488658580436054,-11.189648302096412,-10.887229548487387,-10.581494439290939,-10.272536104383041,-9.960448655465456,-9.645327157398384,-9.327267599242784,-9.006366865021187,-8.682722704205872,-8.356433701943429,-8.027599249024789,-7.6963195116097864,-7.3626954007156336,-7.02682854147839,-6.688821242196994,-6.348776463169156,-6.0067977853286605,-5.662989378693596,-5.317455970635173,-4.970302813976745,-4.621635654932767,-4.271560700897515,-3.920184588093228,-3.567614349087726,-3.213957380191237,-2.8593214087424412,-2.5038144602936647,-2.147544825705292,-1.7906210281592763,-1.4331517901019526,-1.0752460001261057,-0.7170126798024783,-0.35856095047072084
-15.464689846240972,-15.192438446449355,-14.91555928273449,-14.634136695171842,-14.348256407807776,-14.05800550254721,-13.763472392627614,-13.46474679568747,-13.161919706437427,-12.855083368942429,-12.544331248523257,-12.229758003286122,-11.91145945528886,-11.589532561352613,-11.264075383527869,-10.93518705922374,-10.602967771009844,-10.26751871609964,-9.928942075524821,-9.587340983009979,-9.242819493557056,-8.89548255174919,-8.545435959783592,-8.192786345243139,-7.837641128616631,-7.480108490577405,-7.120297339030513,-6.758317275938281,-6.394278563934511,-6.028292092737397,-5.660469345371459,-5.290922364208729,-4.919763716839535,-4.547106461783381,-4.173064114050153,-3.797750610562404,-3.421280275449043,-3.0437677852210987,-2.6653281338401253,-2.2860765976899757,-1.9061287004624488,-1.5256001779676822,-1.1446069428798815,-0.7632650494292227,-0.38169065805058855
-16.33812949073353,-16.05050143817933,-15.757984247402367,-15.460667021972629,-15.15864032759714,-14.851996164532832,-14.540827939562286,-14.225230437541182,-13.905299792525906,-13.581133458490164,-13.252830179639565,-12.920489960333207,-12.58421403462133,-12.244104835408486,-11.900265963251478,-11.552802154801592,-11.201819250900847,-10.84742416434182,-10.489724847300973,-10.128830258455395,-9.76485032979291,-9.397895933125739,-9.028078846317879,-8.655511719236463,-8.280308039437548,-7.90258209759667,-7.522448952694835,-7.140024396970408,-6.755424920647695,-6.368767676452881,-5.980170443928184,-5.589751593555057,-5.197630050697385,-4.803925259375707,-4.408757145883349,-4.012246082255766,-3.614512849604028,-3.215678601323732,-2.8158648261904853,-2.415193311353291,-2.0137861052369557,-1.6117654803649861,-1.2092538961141692,-0.806373961412291,-0.4032483973902411
-17.13222622912301,-16.830618332760373,-16.52388366701171,-16.21211566622762,-15.895409297961312,-15.573861034040554,-15.24756882118145,-14.916632051152893,-14.5811515305009,-14.24122944984193,-13.896969352734647,-13.54847610413956,-13.195855858476119,-12.839216027287051,-12.478665246519805,-12.114313343434915,-11.746271303151632,-11.37465123484072,-10.99956633757495,-10.621130865847569,-10.239460094769248,-9.854670284954178,-9.466878647105982,-9.076203306314158,-8.682763266072085,-8.286678372027344,-7.888069275475625,-7.487057396609155,-7.083764887530924,-6.678314595045978,-6.270830023241098,-5.86143529586425,-5.45025511851527,-5.037414740659395,-4.623039917474976,-4.207256871547303,-3.7901922544199436,-3.3719731080154762,-2.952726825937259,-2.532581114664161,-2.111663954649871,-1.6901035613388522,-1.2680283461106434,-0.8455668771645432,-0.4228478403564628
-17.874960007072964,-17.560276496990948,-17.24024395657773,-16.914959870845347,-16.58452332447741,-16.249034971646946,-15.90859700535619,-15.563313126307554,-15.21328851131545,-14.858629781268368,-14.499444968651128,-14.135843484637158,-13.76793608576078,-13.395834840179687,-13.019653093537913,-12.639505434439632,-12.255507659544385,-11.867776738294266,-11.476430777283928,-11.08158898428415,-10.68337163193,-10.281900021084613,-9.877296443889811,-9.46968414651467,-9.059187291613622,-8.645930920505222,-8.230040915083428,-7.811643959472697,-7.390867501438819,-6.96783971356706,-6.5426894542195715,-6.115546228283877,-5.6865401477244095,-5.255801891949204,-4.82346266800361,-4.38965417060341,-3.954508542019309,-3.518158331825131,-3.0807364565219015,-2.6423761590502575,-2.203210968203294,-1.7633746579524376,-1.3230012066985697,-0.8822247564609407,-0.4411795720161848
-18.54682988175435,-18.220318296510236,-17.888256625808822,-17.550746018851758,-17.20788928463945,-16.859790860654478,-16.50655678104889,-16.14829464434518,-15.785113580660774,-15.417124218465862,-15.044438650884967,-14.667170401552266,-14.28543439003118,-13.899346896808774,-13.50902552787562,-13.114589178901793,-12.716157999020204,-12.313853354227916,-11.907797790416957,-11.498114996045606,-11.084929764461723,-10.668367955889458,-10.248556459091034,-9.825623152715163,-9.39969686634404,-8.970907341250513,-8.539385190877711,-8.105261861052885,-7.668669589947748,-7.229741367797441,-6.788610896390427,-6.345412548341629,-5.9002813261612,-5.453352821131526,-5.004763172004716,-4.554649023533483,-4.103147484847807,-3.650396087690168,-3.1965327445220266,-2.7416957065144025,-2.2860235214351707,-1.8296549914461093,-1.3727291308223812,-0.915385123607479,-0.45776228121638507
-19.13013193644347,-18.79335148693701,-18.450846400512336,-18.10272100753671,-17.749081350377196,-17.390035151099134,-17.025691778653005,-16.65616221555951,-16.2815590241033,-15.901996312045332,-15.517589697864622,-15.128456275539676,-14.734714578880558,-14.336484545422318,-13.933887479890911,-13.52704601725252,-13.116084085357842,-12.701126867192402,-12.282300762744637,-11.859733350503214,-11.433553348595419,-11.003890575578321,-10.570875910894829,-10.134641255006489,-9.695319489215413,-9.253044435187249,-8.807950814187869,-8.360174206045953,-7.9098510078540505,-7.457118392420707,-7.002114266486306,-6.544977228715335,-6.085846527477866,-5.6248620184332205,-5.162164121928492,-4.697893780225218,-4.232192414566968,-3.7652018821010786,-3.297064432667559,-2.827922665468475,-2.357919485630788,-1.8871980606761039,-1.4159017769104345,-0.9441741957473693,-0.47215900997785254
-19.657881930745663,-19.311810594961017,-18.959856694591437,-18.60212743820443,-18.238731793596887,-17.86978045460245,-17.4953858073731,-17.115661896145202,-16.73072438850061,-16.340690540133114,-15.945679159131263,-15.54581056978828,-15.141206575950097,-14.731990423912707,-14.31828676488021,-13.900221616994763,-13.477922326950313,-13.051517531201506,-12.621137116779808,-12.186912181728633,-11.748974995169641,-11.30745895701224,-10.862498557318725,-10.414229335337254,-9.962787838215345,-9.508311579406216,-9.05093899678092,-8.590809410458787,-8.12806298036919,-7.662840663557459,-7.1952841712480025,-6.725535925677708,-6.253739016712709,-5.780037158261903,-5.304574644500207,-4.827496305915226,-4.348947465190458,-3.869073892938599,-3.3880217632983776,-2.905937609408558,-2.4229682787724642,-1.93926088852684,-1.4549627806285232,-0.9702214769726859,-0.4851846344562098
-20.11117310632763,-19.757121710270685,-19.397052103549257,-19.03107396685363,-18.659298780669538,-18.281839791320174,-17.898811976470213,-17.510332010102527,-17.116518226978183,-16.717490586590458,-16.31337063662409,-15.904281475930638,-15.490347717031383,-15.071695448159145,-14.64845219485062,-14.22074688110079,-13.788709790091515,-13.35247252450594,-12.912167966441098,-12.467930236930696,-12.019894655090576,-11.56819769689918,-11.112976953625665,-10.654371089918241,-10.19251980156563,-9.727563772944299,-9.259644634164703,-8.788904917929347,-8.315488016115959,-7.83953813609892,-7.361200256822313,-6.880620084637935,-6.3979440089217015,-5.913319057482088,-5.426892851773951,-4.938813561931672,-4.449229861635068,-3.958290882821958,-3.4661461702611036,-2.9729456359994817,-2.478839513697564,-1.9839783128667225,-1.4885127730225454,-0.9925938177681588,-0.49637250882140177
-20.470559074912533,-20.110180792640246,-19.74367675448683,-19.371158601132702,-18.992739805216043,-18.608535636767915,-18.218663128099898,-17.8232410381549,-17.422389816332075,-17.016231565796712,-16.604890006286467,-16.188490436425134,-15.767159695555435,-15.341026125102557,-14.910219529480129,-14.474871136550473,-14.035113557651398,-13.591080747201463,-13.142907961896178,-12.69073171950749,-12.234689757299162,-11.77492099007066,-11.311565467842367,-10.844764333194963,-10.374659778276087,-9.901395001487156,-9.425114163863805,-8.94596234516301,-8.464085499670396,-7.9796304117411445,-7.492744651088063,-7.003576527830417,-6.512275047317212,-6.018989864738784,-5.523871239540283,-5.027069989651278,-4.528737445545104,-4.029025404142159,-3.5280860825710527,-3.0260720718018654,-2.5231362901653887,-2.0194319367727642,-1.5151124448495161,-1.010331434998342,-0.5052426684047615
-20.772771587968315,-20.40707294165821,-20.035158103242324,-19.657140361583252,-19.273134864547053,-18.883258583928054,-18.487630279818166,-18.086370464431344,-17.679601365394454,-17.26744688851552,-16.85003258004083,-16.42748558841233,-15.99993462553697,-15.567509927579822,-15.13034321529289,-14.688567653891646,-14.242317812491676,-13.791729623117591,-13.336940339296817,-12.878088494250854,-12.415313858696697,-11.948757398271335,-11.478561230592256,-11.004868581967004,-10.527823743765142,-10.047572028465606,-9.564259725393182,-9.078034056157337,-8.589043129807099,-8.09743589771559,-7.603362108208016,-7.106972260946865,-6.60841756108823,-6.107849873223323,-5.605421675118955,-5.101286011271406,-4.595596446287558,-4.0885070181076335,-3.5801721910837236,-3.0707468089285097,-2.5603860475483042,-2.0492453677750055,-1.5374804680111902,-1.0252472368029106,-0.5127017053545017
-21.000376808957153,-20.630671238445515,-20.25468136562085,-19.87252172064071,-19.484308713035027,-19.09016059624661,-18.69019743161004,-18.284541051779794,-17.87331502361885,-17.456644610559024,-17.034656734444503,-16.60747993687025,-16.17524434002695,-15.738081607064569,-15.296124901986461,-14.849508849086316,-14.398369491940315,-13.942844251966932,-13.483071886567036,-13.019192446857039,-12.551347235007984,-12.079678761203509,-11.604330700229905,-11.125447847711325,-10.64317607600371,-10.157662289760575,-9.669054381184498,-9.177501184977675,-8.683152433005459,-8.186158708686563,-7.686671401123902,-7.184842658990007,-6.680825344181035,-6.174772985253632,-5.666839730658545,-5.157180301785591,-4.645949945833984,-4.133304388522556,-3.6193997866541516,-3.104392680548827,-2.588439946360079,-2.0716987482888958,-1.5543264907099812,-1.0364807702248968,-0.5183193276565808
-21.132745523825566,-20.76070964030605,-20.382349843516582,-19.997781385516525,-19.607121409583584,-19.21048891453083,-18.808004718458527,-18.39979142195175,-17.985973370735064,-17.56667661779561,-17.142028884986164,-16.712159524119787,-16.27719947756804,-15.837281238374647,-15.392538809896873,-14.94310766498672,-14.489124704724679,-14.030728216718275,-13.568057832978342,-13.101254487385757,-12.630460372761615,-12.155818897553909,-11.677474642153953,-11.19557331485575,-10.7102617074719,-10.221687650619314,-9.729999968688636,-9.235348434510867,-8.73788372373512,-8.237757368931343,-7.73512171343204,-7.230129864927027,-6.722935648825302,-6.2136935613984186,-5.702558722719325,-5.189686829411365,-4.675234107221542,-4.159357263432655,-3.6422134391287146,-3.1239601613283092,-2.604755295000281,-2.084756994976571,-1.5641236577766908,-1.043013873358645,-0.5215863768108655
-21.20879504251613,-20.835420329177012,-20.455698944968383,-20.06974655670231,-19.677680729215062,-19.279620889555716,-18.875688290607545,-18.466005974153145,-18.050698733394807,-17.62989307494123,-17.203717180272413,-16.772300866694344,-16.335775547795347,-15.894274193416276,-15.44793128914661,-14.99688279535879,-14.541266105793442,-14.081220005707856,-13.616884629600694,-13.14840141852563,-12.675913077007062,-12.19956352957091,-11.71949787690383,-11.235862351654106,-10.748804273887838,-10.258472006213738,-9.76501490859049,-9.268583292830263,-8.769328376812261,-8.267402238420285,-7.7629577692183656,-7.2561486278784875,-6.747129193374654,-6.2360545179576246,-5.723080279924401,-5.208362736197189,-4.692058674725989,-4.17432536672948,-3.6553205187886557,-3.1352022248079296,-2.6141289178581406,-2.0922593219163437,-1.569752403516913,-1.0467673233288384,-0.523463387673808
-21.21320343559643,-20.83975111376992,-20.45995080187495,-20.07391819076575,-19.68177086971522,-19.283628290596177,-18.879611731495128,-18.469844259769744,-18.054450694561453,-17.633557568774197,-17.20729309053138,-16.775787104122408,-16.339171050450815,-15.897577926996147,-15.45114224730163,-15.000000000000004,-14.544288607390117,-14.084146883576723,-13.619714992186404,-13.151134403672323,-12.678547852220984,-12.202099292274005,-11.721933854678214,-11.238197802477357,-10.75103848635901,-10.260604299770065,-9.767044633714702,-9.270509831248424,-8.771151141682104,-8.269120674509974,-7.764571353075622,-7.257656867990037,-6.748531630315948,-6.237350724532783,-5.724269861296348,-5.209445330007911,-4.693033951206928,-4.175193028801971,-3.656080302154425,-3.1358538980296027,-2.6146722824297433,-2.0926942123237637,-1.5700786872883188,-1.0469849010750325,-0.5235721931185012
-21.124919733172167,-20.753021620437647,-20.37480193627851,-19.99037589007444,-19.59986058172313,-19.20337496597052,-18.801039816176008,-18.392977687523718,-17.979312879691044,-17.560171398985695,-17.13568091996301,-16.70597074653504,-16.271171772583312,-15.831416442087257,-15.386838708780584,-14.937573995347552,-14.483759152172016,-14.025532415651396,-13.563033366088588,-13.096402885174413,-12.62578311307371,-12.15131740512806,-11.67315028818836,-11.191427416590518,-10.706295527787804,-10.217902397653106,-9.726396795465039,-9.23192843859135,-8.73464794688357,-8.234706796796733,-7.732257275248196,-7.227452433229568,-6.720446039185859,-6.211392532176208,-5.700446974830136,-5.187765006114062,-4.673502793922117,-4.157816987505913,-3.6408646697576232,-3.122803309361083,-2.6037907128252376,-2.0839849764147846,-1.5635444379924943,-1.0426276287879954,-0.5213932251076006
-20.98341122236861,-20.614004326110578,-20.238318204442464,-19.856467294996293,-19.46856791325814,-19.07473821713736,-18.675098170974508,-18.26976950899903,-17.858875698247882,-17.44254190095624,-17.020894936431855,-16.594063242424735,-16.16217683600367,-15.725367273951825,-15.283767612693294,-14.837512367762749,-14.386737472830777,-13.931580238297121,-13.472179309464632,-13.008674624306547,-12.541207370840043,-12.069919944118972,-11.594955902858992,-11.116459925708128,-10.63457776717634,-10.149456213237196,-9.66124303661551,-9.170086951774307,-8.67613756961497,-8.179545351904292,-7.68046156544239,-7.1790382359853595,-6.67542810193673,-6.1697845678219405,-5.662261657559739,-5.1530139675450854,-4.642196619557551,-4.129965213509736,-3.6164757800500027,-3.1018847330340837,-2.586348821879852,-2.070025083819957,-1.5530707960667423,-1.03564342790411,-0.5179005927208286
-20.77585523578815,-20.410102302748488,-20.038132254830302,-19.66005839771356,-19.2759958963576,-18.886061739920848,-18.49037470612473,-18.089055325072838,-17.682225842536322,-17.270010182716604,-16.85253391049688,-16.42992419319386,-16.00230976182134,-15.569820871877512,-15.13258926366788,-14.690748122175844,-14.244432036493317,-13.793776958823564,-13.338920163068833,-12.880000203015415,-12.417156870128792,-11.95053115097183,-11.480265184258892,-11.006502217558992,-10.529386563661253,-10.04906355661576,-9.565679507463457,-9.07938165966836,-8.590318144265787,-8.098637934740188,-7.604490801646399,-7.1080272669880795,-6.609398558367215,-6.108756562918806,-5.606253781044471,-5.102043279959428,-4.596278647066708,-4.089113943172946,-3.580703655559945,-3.0712026509264114,-2.5607661282139977,-2.0495495713322383,-1.5377087017966118,-1.0253994312942991,-0.5127778141919406
