hough_viz/data/file_4_2_1.json
{"header": {"discipline": 0, "disciplineName": "Meteorological products", "gribEdition": 2, "gribLength": 133963, "center": 7, "centerName": "US National Weather Service - NCEP(WMC)", "subcenter": 0, "refTime": "2014-11-30T06:00:00.000Z", "significanceOfRT": 1, "significanceOfRTName": "Start of forecast", "productStatus": 0, "productStatusName": "Operational products", "productType": 1, "productTypeName": "Forecast products", "productDefinitionTemplate": 0, "productDefinitionTemplateName": "Analysis/forecast at horizontal level/layer at a point in time", "parameterCategory": 2, "parameterCategoryName": "Momentum", "parameterNumber": 2, "parameterNumberName": "U-component_of_wind", "parameterUnit": "m.s-1", "genProcessType": 2, "genProcessTypeName": "Forecast", "forecastTime": 6, "surface1Type": 100, "surface1TypeName": "Isobaric surface", "surface1Value": 85000, "surface2Type": 255, "surface2TypeName": "Missing", "surface2Value": 0, "gridDefinitionTemplate": 0, "gridDefinitionTemplateName": "Latitude_Longitude", "numberPoints": 65160, "shape": 6, "shapeName": "Earth spherical with radius of 6,371,229.0 m", "gridUnits": "degrees", "resolution": 48, "winds": "true", "scanMode": 0, "nx": 360, "ny": 181, "basicAngle": 0, "subDivisions": 0, "lo1": 0, "la1": 90, "lo2": 359, "la2": -90, "dx": 1, "dy": 1}, "data":
[rows 80 to 99 of 181, columns 180 to 224 of 360]
20.430640115478376,20.38087210299745,20.231810530308824,19.984181610411017,19.639191766510205,19.19852175444759,18.664318474225986,18.03918451052865,17.326165453188537,16.528735059380548,15.65077832982588,14.696572581459053,13.670766608769675,12.578358035342998,11.424668965940281,10.215320057739218,8.956203137057198,7.653452494965858,6.313415001641332,4.942619185051134,3.5477434246217103,2.135583414845416,0.7130190573401248,-0.7130190573401022,-2.135583414845393,-3.547743424621688,-4.942619185051112,-6.313415001641311,-7.653452494965837,-8.956203137057178,-10.215320057739198,-11.424668965940263,-12.578358035342978,-13.670766608769657,-14.69657258145904,-15.650778329825865,-16.528735059380534,-17.326165453188523,-18.03918451052864,-18.66431847422598,-19.198521754447583,-19.6391917665102,-19.984181610411014,-20.231810530308824,-20.38087210299745
18.895493676110092,18.849465203199284,18.7116040305601,18.48258180396789,18.163514296689378,17.755955973547458,17.261892417724884,16.683730657202474,16.024287437960954,15.28677550107742,14.474787930573921,13.592280648273283,12.643553140945533,11.633227513640588,10.566225971257154,9.447746838055076,8.283239231942154,7.078376516919538,5.839028663022346,4.57123364841608,3.2811680429735306,1.9751169166474405,0.659443219241535,-0.6594432192415144,-1.97511691664742,-3.281168042973511,-4.571233648416059,-5.839028663022326,-7.078376516919518,-8.283239231942137,-9.447746838055057,-10.566225971257134,-11.633227513640573,-12.643553140945519,-13.59228064827327,-14.47478793057391,-15.286775501077406,-16.024287437960936,-16.683730657202464,-17.261892417724876,-17.75595597354745,-18.163514296689375,-18.482581803967886,-18.711604030560096,-18.849465203199284
17.241051237190813,17.19905290290922,17.07326251172741,16.864292901786808,16.5731621520215,16.201288622179966,15.750484042719023,15.222944688235044,14.62124067743506,13.948303451776583,13.207411493779597,12.402174354589295,11.536515068605643,10.614651040854165,9.641073500212656,8.62052561859543,7.55797940269659,6.4586114708732705,5.327777833181153,4.170987797432191,2.993877128400365,1.8021805909424204,0.6017040107999936,-0.6017040107999747,-1.8021805909424016,-2.9938771284003467,-4.170987797432171,-5.327777833181135,-6.458611470873252,-7.557979402696574,-8.620525618595417,-9.641073500212638,-10.61465104085415,-11.536515068605631,-12.402174354589285,-13.207411493779585,-13.948303451776573,-14.621240677435049,-15.222944688235033,-15.750484042719014,-16.20128862217996,-16.573162152021492,-16.864292901786804,-17.073262511727407,-17.19905290290922
15.414124711966348,15.376576678879198,15.26411550986063,15.077289104421547,14.817007662029528,14.484539247708497,14.081503614153432,13.60986431045798,13.071919115900776,12.47028884539562,11.807904581144731,11.087993392700943,10.314062615009112,9.48988276102289,8.619469152144664,7.7070623559831954,6.757107526734556,5.77423274883776,4.763226489412425,3.7290142693285744,2.676634666563759,1.611214768757794,0.5379451945572106,-0.5379451945571936,-1.6112147687577771,-2.676634666563743,-3.729014269328558,-4.763226489412407,-5.774232748837745,-6.75710752673454,-7.707062355983182,-8.61946915214465,-9.489882761022878,-10.314062615009105,-11.087993392700932,-11.807904581144722,-12.470288845395608,-13.071919115900766,-13.60986431045797,-14.081503614153423,-14.48453924770849,-14.817007662029527,-15.077289104421547,-15.264115509860623,-15.376576678879198
13.451891375567994,13.419123244266807,13.320978493405102,13.157935274343608,12.930787917256541,12.64064306123485,12.288914262851828,11.877315109457513,11.407850870753482,10.882808729320299,10.304746637693963,9.676480856278305,9.001072232807317,8.281811290202691,7.522202195476974,6.725945687784016,5.89692104878985,5.039167203202433,4.156863041536282,3.2543070609782245,2.3358964235408837,1.4061055335315151,0.4694642387040384,-0.46946423870402376,-1.4061055335315005,-2.335896423540869,-3.25430706097821,-4.156863041536267,-5.0391672032024175,-5.896921048789837,-6.725945687784003,-7.5222021954769644,-8.28181129020268,-9.001072232807307,-9.676480856278296,-10.304746637693954,-10.882808729320288,-11.407850870753473,-11.877315109457506,-12.288914262851819,-12.640643061234845,-12.930787917256538,-13.157935274343608,-13.3209784934051,-13.419123244266807
11.40318987052496,11.37541227312268,11.29221481057819,11.154002812566029,10.961449634047487,10.715493374752928,10.417332308854204,10.068419047093307,9.670453459808932,9.225374395338951,8.73535023414626,8.202768324687156,7.6302233524895655,7.0205046991060005,6.376582852527069,5.701594935262496,4.998829420595626,4.271710111472206,3.5237794600764554,2.758681309360323,1.9801431406066627,1.1919579135152392,0.39796558728438,-0.39796558728436754,-1.1919579135152267,-1.9801431406066503,-2.75868130936031,-3.5237794600764434,-4.271710111472194,-4.998829420595613,-5.701594935262487,-6.376582852527061,-7.02050469910599,-7.630223352489556,-8.202768324687149,-8.735350234146253,-9.225374395338944,-9.670453459808927,-10.068419047093299,-10.4173323088542,-10.715493374752922,-10.961449634047483,-11.154002812566025,-11.292214810578189,-11.37541227312268
9.238285766615622,9.215781766802765,9.14837940458919,9.03640705750834,8.88041024357977,8.681148963600192,8.439593998496001,8.156922179776146,7.834510656127387,7.473930184084231,7.076937475461043,6.645466638828687,6.181619756731928,5.687656644554606,5.165983840926271,4.619142883307823,4.049797925876508,3.460722760034599,2.8547873007764055,2.234943604751077,1.6042114881391465,0.9656638144117612,0.32241152364876496,-0.32241152364875486,-0.965663814411751,-1.6042114881391367,-2.234943604751067,-2.854787300776396,-3.4607227600345896,-4.049797925876499,-4.619142883307817,-5.165983840926264,-5.687656644554597,-6.18161975673192,-6.645466638828681,-7.076937475461036,-7.4739301840842245,-7.83451065612738,-8.15692217977614,-8.439593998495997,-8.68114896360019,-8.880410243579767,-9.036407057508338,-9.148379404589189,-9.215781766802765
6.992484802625393,6.975451461087255,6.92443442120063,6.839682232855628,6.721607800194608,6.570786369984692,6.387952729073351,6.173997624580715,5.929963424269205,5.657039038232495,5.356554126645083,5.029972621791605,4.678885595935835,4.305003509776595,3.9101478792551703,3.4962424013127062,3.0653035818320937,2.619430911424044,2.160796636919788,1.6916351784030002,1.214232243339607,0.7309136908408491,0.24403420031151407,-0.24403420031150644,-0.7309136908408415,-1.2142322433395996,-1.6916351784029928,-2.160796636919781,-2.619430911424037,-3.065303581832086,-3.4962424013127,-3.9101478792551645,-4.305003509776588,-4.678885595935831,-5.029972621791599,-5.356554126645079,-5.65703903823249,-5.929963424269201,-6.173997624580711,-6.387952729073348,-6.570786369984691,-6.721607800194607,-6.839682232855627,-6.924434421200627,-6.975451461087255
4.7012684209338484,4.68981636734538,4.655515999833895,4.598534426342053,4.519149255368136,4.417747243485359,4.294822411102724,4.150973635647228,3.9869017338932764,3.8034060476537594,3.601380549467106,3.3818094872529616,3.1457625891552223,2.894389851934062,2.6289159382973355,2.3506342104669313,2.0609004290480497,1.7611261478998401,1.4527718371868277,1.1373397681151711,0.8163666940182516,0.49141636344896017,0.16407190175395353,-0.1640719017539484,-0.49141636344895495,-0.8163666940182467,-1.1373397681151662,-1.4527718371868223,-1.7611261478998348,-2.060900429048045,-2.3506342104669273,-2.628915938297332,-2.894389851934058,-3.145762589155219,-3.3818094872529585,-3.601380549467103,-3.8034060476537555,-3.9869017338932737,-4.150973635647226,-4.294822411102722,-4.4177472434853575,-4.519149255368135,-4.598534426342052,-4.655515999833895,-4.68981636734538
2.3590598655456168,2.353313314279082,2.3361016570996065,2.3075087474708598,2.2676738871744027,2.216791147645414,2.1551084244761642,2.0829262296936046,2.000596227694994,1.908519521974283,1.807144700986222,1.6969656526685093,1.5785191582693867,1.4523822772033637,1.3191695356757644,1.1795299327728117,1.0341437786033203,0.883719379896246,0.728989589201471,0.5707082345058917,0.4096464466591908,0.24658890250187904,0.08233000199861197,-0.0823300019986094,-0.24658890250187643,-0.40964644665918826,-0.5707082345058891,-0.7289895892014686,-0.8837193798962437,-1.0341437786033176,-1.1795299327728093,-1.3191695356757625,-1.4523822772033614,-1.5785191582693852,-1.6969656526685077,-1.8071447009862205,-1.9085195219742814,-2.0005962276949925,-2.0829262296936033,-2.155108424476163,-2.216791147645413,-2.2676738871744027,-2.3075087474708584,-2.336101657099606,-2.353313314279082
0.0,0.0,0.0,0.0,0.0,0.0,0.0,0.0,0.0,0.0,0.0,0.0,0.0,0.0,0.0,0.0,0.0,0.0,0.0,0.0,0.0,0.0,0.0,0.0,0.0,0.0,0.0,0.0,0.0,0.0,0.0,0.0,0.0,0.0,0.0,0.0,0.0,0.0,0.0,0.0,0.0,0.0,0.0,0.0,0.0
-2.3590598655456163,-2.3533133142790814,-2.3361016570996065,-2.3075087474708598,-2.2676738871744027,-2.2167911476454134,-2.1551084244761642,-2.0829262296936046,-2.000596227694994,-1.908519521974283,-1.807144700986222,-1.6969656526685093,-1.5785191582693865,-1.4523822772033634,-1.3191695356757644,-1.1795299327728117,-1.0341437786033203,-0.883719379896246,-0.728989589201471,-0.5707082345058917,-0.4096464466591908,-0.24658890250187898,-0.08233000199861197,0.08233000199860939,0.24658890250187637,0.40964644665918826,0.5707082345058891,0.7289895892014686,0.8837193798962437,1.0341437786033176,1.1795299327728093,1.3191695356757625,1.4523822772033614,1.5785191582693852,1.6969656526685075,1.8071447009862205,1.908519521974281,2.000596227694992,2.0829262296936033,2.155108424476163,2.216791147645413,2.267673887174402,2.3075087474708584,2.336101657099606,2.3533133142790814
-4.7012684209338484,-4.68981636734538,-4.655515999833895,-4.598534426342053,-4.519149255368136,-4.417747243485359,-4.294822411102724,-4.150973635647228,-3.9869017338932764,-3.8034060476537594,-3.601380549467106,-3.3818094872529616,-3.1457625891552223,-2.894389851934062,-2.6289159382973355,-2.3506342104669313,-2.0609004290480497,-1.7611261478998401,-1.4527718371868277,-1.1373397681151711,-0.8163666940182516,-0.49141636344896017,-0.16407190175395353,0.1640719017539484,0.49141636344895495,0.8163666940182467,1.1373397681151662,1.4527718371868223,1.7611261478998348,2.060900429048045,2.3506342104669273,2.628915938297332,2.894389851934058,3.145762589155219,3.3818094872529585,3.601380549467103,3.8034060476537555,3.9869017338932737,4.150973635647226,4.294822411102722,4.4177472434853575,4.519149255368135,4.598534426342052,4.655515999833895,4.68981636734538
-6.992484802625393,-6.975451461087255,-6.92443442120063,-6.839682232855628,-6.721607800194608,-6.570786369984692,-6.387952729073351,-6.173997624580715,-5.929963424269205,-5.657039038232495,-5.356554126645083,-5.029972621791605,-4.678885595935835,-4.305003509776595,-3.9101478792551703,-3.4962424013127062,-3.0653035818320937,-2.619430911424044,-2.160796636919788,-1.6916351784030002,-1.214232243339607,-0.7309136908408491,-0.24403420031151407,0.24403420031150644,0.7309136908408415,1.2142322433395996,1.6916351784029928,2.160796636919781,2.619430911424037,3.065303581832086,3.4962424013127,3.9101478792551645,4.305003509776588,4.678885595935831,5.029972621791599,5.356554126645079,5.65703903823249,5.929963424269201,6.173997624580711,6.387952729073348,6.570786369984691,6.721607800194607,6.839682232855627,6.924434421200627,6.975451461087255
-9.238285766615622,-9.215781766802765,-9.14837940458919,-9.03640705750834,-8.88041024357977,-8.681148963600192,-8.439593998496001,-8.156922179776146,-7.834510656127387,-7.473930184084231,-7.076937475461043,-6.645466638828687,-6.181619756731928,-5.687656644554606,-5.165983840926271,-4.619142883307823,-4.049797925876508,-3.460722760034599,-2.8547873007764055,-2.234943604751077,-1.6042114881391465,-0.9656638144117612,-0.32241152364876496,0.32241152364875486,0.965663814411751,1.6042114881391367,2.234943604751067,2.854787300776396,3.4607227600345896,4.049797925876499,4.619142883307817,5.165983840926264,5.687656644554597,6.18161975673192,6.645466638828681,7.076937475461036,7.4739301840842245,7.83451065612738,8.15692217977614,8.439593998495997,8.68114896360019,8.880410243579767,9.036407057508338,9.148379404589189,9.215781766802765
-11.40318987052496,-11.37541227312268,-11.29221481057819,-11.154002812566029,-10.961449634047487,-10.715493374752928,-10.417332308854204,-10.068419047093307,-9.670453459808932,-9.225374395338951,-8.73535023414626,-8.202768324687156,-7.6302233524895655,-7.0205046991060005,-6.376582852527069,-5.701594935262496,-4.998829420595626,-4.271710111472206,-3.5237794600764554,-2.758681309360323,-1.9801431406066627,-1.1919579135152392,-0.39796558728438,0.39796558728436754,1.1919579135152267,1.9801431406066503,2.758681309360311,3.5237794600764434,4.271710111472194,4.998829420595613,5.701594935262487,6.376582852527061,7.020504699105992,7.630223352489556,8.202768324687149,8.735350234146253,9.225374395338944,9.670453459808927,10.068419047093299,10.4173323088542,10.715493374752922,10.961449634047487,11.154002812566027,11.292214810578189,11.37541227312268
-13.451891375567993,-13.419123244266805,-13.320978493405102,-13.157935274343608,-12.930787917256541,-12.64064306123485,-12.288914262851828,-11.877315109457513,-11.407850870753482,-10.882808729320297,-10.304746637693961,-9.676480856278305,-9.001072232807317,-8.28181129020269,-7.522202195476974,-6.725945687784015,-5.89692104878985,-5.039167203202433,-4.1568630415362815,-3.2543070609782245,-2.3358964235408837,-1.406105533531515,-0.4694642387040384,0.46946423870402365,1.4061055335315003,2.335896423540869,3.25430706097821,4.156863041536267,5.0391672032024175,5.896921048789836,6.725945687784003,7.522202195476963,8.281811290202679,9.001072232807307,9.676480856278296,10.304746637693954,10.882808729320287,11.407850870753471,11.877315109457506,12.288914262851819,12.640643061234844,12.930787917256536,13.157935274343608,13.3209784934051,13.419123244266805
-15.414124711966348,-15.376576678879198,-15.26411550986063,-15.077289104421551,-14.817007662029528,-14.484539247708497,-14.081503614153432,-13.60986431045798,-13.071919115900776,-12.47028884539562,-11.807904581144731,-11.087993392700943,-10.314062615009112,-9.48988276102289,-8.619469152144664,-7.7070623559831954,-6.757107526734556,-5.774232748837761,-4.763226489412425,-3.7290142693285744,-2.676634666563759,-1.6112147687577942,-0.5379451945572106,0.5379451945571937,1.6112147687577771,2.676634666563743,3.729014269328558,4.763226489412407,5.774232748837745,6.757107526734541,7.707062355983182,8.61946915214465,9.489882761022878,10.314062615009105,11.087993392700932,11.807904581144722,12.470288845395611,13.071919115900766,13.60986431045797,14.081503614153423,14.48453924770849,14.817007662029527,15.077289104421547,15.264115509860627,15.376576678879198
-17.241051237190813,-17.19905290290922,-17.07326251172741,-16.864292901786808,-16.5731621520215,-16.201288622179966,-15.750484042719027,-15.222944688235044,-14.62124067743506,-13.948303451776585,-13.207411493779599,-12.402174354589295,-11.536515068605645,-10.614651040854163,-9.641073500212656,-8.620525618595432,-7.55797940269659,-6.4586114708732705,-5.327777833181154,-4.170987797432191,-2.9938771284003654,-1.8021805909424204,-0.6017040107999936,0.6017040107999747,1.8021805909424016,2.993877128400347,4.170987797432172,5.327777833181135,6.458611470873253,7.557979402696574,8.620525618595417,9.64107350021264,10.61465104085415,11.536515068605631,12.402174354589286,13.207411493779587,13.948303451776573,14.621240677435049,15.222944688235033,15.750484042719014,16.201288622179963,16.573162152021496,16.864292901786804,17.073262511727407,17.19905290290922
-18.895493676110092,-18.849465203199284,-18.7116040305601,-18.48258180396789,-18.163514296689378,-17.755955973547458,-17.261892417724884,-16.683730657202474,-16.024287437960954,-15.28677550107742,-14.474787930573921,-13.592280648273283,-12.643553140945533,-11.633227513640588,-10.566225971257154,-9.447746838055076,-8.283239231942154,-7.078376516919538,-5.839028663022346,-4.57123364841608,-3.2811680429735306,-1.9751169166474405,-0.659443219241535,0.6594432192415144,1.97511691664742,3.281168042973511,4.571233648416059,5.839028663022326,7.078376516919518,8.283239231942137,9.447746838055057,10.566225971257134,11.633227513640573,12.643553140945519,13.59228064827327,14.47478793057391,15.286775501077406,16.024287437960936,16.683730657202464,17.261892417724876,17.75595597354745,18.163514296689375,18.482581803967886,18.711604030560096,18.849465203199284
