hough_viz/data/file_5_1_0.json
{"header": {"discipline": 0, "disciplineName": "Meteorological products", "gribEdition": 2, "gribLength": 133963, "center": 7, "centerName": "US National Weather Service - NCEP(WMC)", "subcenter": 0, "refTime": "2014-11-30T06:00:00.000Z", "significanceOfRT": 1, "significanceOfRTName": "Start of forecast", "productStatus": 0, "productStatusName": "Operational products", "productType": 1, "productTypeName": "Forecast products", "productDefinitionTemplate": 0, "productDefinitionTemplateName": "Analysis/forecast at horizontal level/layer at a point in time", "parameterCategory": 2, "parameterCategoryName": "Momentum", "parameterNumber": 2, "parameterNumberName": "U-component_of_wind", "parameterUnit": "m.s-1", "genProcessType": 2, "genProcessTypeName": "Forecast", "forecastTime": 6, "surface1Type": 100, "surface1TypeName": "Isobaric surface", "surface1Value": 85000, "surface2Type": 255, "surface2TypeName": "Missing", "surface2Value": 0, "gridDefinitionTemplate": 0, "gridDefinitionTemplateName": "Latitude_Longitude", "numberPoints": 65160, "shape": 6, "shapeName": "Earth spherical with radius of 6,371,229.0 m", "gridUnits": "degrees", "resolution": 48, "winds": "true", "scanMode": 0, "nx": 360, "ny": 181, "basicAngle": 0, "subDivisions": 0, "lo1": 0, "la1": 90, "lo2": 359, "la2": -90, "dx": 1, "dy": 1}, "data":
[rows 40 to 59 of 181, columns 180 to 224 of 360]
-15.219803355617245,-15.161887408864864,-14.988580343933087,-14.701201132231729,-14.301936903086139,-13.793826298362442,-13.180736346568189,-12.467333032430322,-11.65904578593418,-10.762026161082762,-9.783101018856398,-8.729720570678634,-7.6099016778086455,-6.432166838186227,-5.205479325076734,-3.939174971149002,-2.6428911171519998,-1.32649326593213,1.6784415880367738e-14,1.3264932659321091,2.6428911171519274,3.939174971148982,5.205479325076664,6.43216683818621,7.6099016778086295,8.729720570678616,9.783101018856385,10.762026161082709,11.659045785934168,12.467333032430313,13.18073634656818,13.793826298362431,14.301936903086133,14.701201132231715,14.988580343933084,15.161887408864864,15.219803355617245,15.16188740886486,14.988580343933087,14.701201132231734,14.301936903086139,13.793826298362442,13.180736346568162,12.467333032430323,11.65904578593418
-16.21124889044911,-16.1495601941111,-15.964963593324843,-15.658863979684803,-15.23359095607878,-14.692381107003277,-14.039353366201235,-13.279477669089033,-12.418537128547257,-11.463084021939498,-10.420389924325367,-9.29839036738365,-8.10562444522458,-6.851169826727447,-5.544573668999524,-4.195779957745343,-2.81505382753157,-1.4129034379142509,1.7877783106640726e-14,1.4129034379142287,2.8150538275314925,4.195779957745322,5.5445736689994485,6.851169826727428,8.105624445224562,9.298390367383632,10.420389924325349,11.46308402193944,12.418537128547241,13.279477669089022,14.039353366201222,14.692381107003266,15.233590956078773,15.658863979684789,15.964963593324839,16.149560194111096,16.21124889044911,16.149560194111093,15.964963593324843,15.65886397968481,15.23359095607878,14.692381107003277,14.039353366201206,13.279477669089037,12.418537128547257
-17.204615833718975,-17.139147076256144,-16.943239060643045,-16.618382765170992,-16.16705054240213,-15.592677303073547,-14.899634374352635,-14.093196231397652,-13.179500355417222,-12.165500523732176,-11.05891388733143,-9.868162238693312,-8.602307916859514,-7.27098483756283,-5.884325173311666,-4.452882241438861,-2.9875501869849534,-1.4994810716759075,1.8973269264252448e-14,1.4994810716758844,2.9875501869848713,4.452882241438838,5.884325173311588,7.2709848375628106,8.602307916859496,9.86816223869329,11.058913887331412,12.165500523732113,13.179500355417206,14.09319623139764,14.89963437435262,15.592677303073538,16.16705054240212,16.61838276517098,16.94323906064304,17.13914707625614,17.204615833718975,17.139147076256137,16.943239060643045,16.618382765171003,16.16705054240213,15.592677303073547,14.899634374352605,14.093196231397654,13.179500355417222
-18.199139909287357,-18.12988668746196,-17.922654080820084,-17.57901925462875,-17.101597477407662,-16.494022217156598,-15.760917488470085,-14.90786266099411,-13.941349997054417,-12.868735241619863,-11.698181640641746,-10.43859781382314,-9.099569954643707,-7.691288873638815,-6.224472440178395,-4.710284013008936,-3.160247480353293,-1.5861595561624984,2.007003150863566e-14,1.5861595561624735,3.160247480353206,4.710284013008912,6.224472440178309,7.691288873638793,9.099569954643684,10.43859781382312,11.698181640641724,12.868735241619799,13.941349997054402,14.907862660994095,15.760917488470074,16.494022217156587,17.101597477407655,17.57901925462874,17.92265408082008,18.129886687461955,18.199139909287357,18.12988668746195,17.922654080820084,17.579019254628765,17.101597477407662,16.494022217156598,15.760917488470055,14.90786266099411,13.941349997054417
-19.185989039570767,-19.112980558866745,-18.894510755376544,-18.532242316220405,-18.02893232296398,-17.3884112685628,-16.6155539049981,-15.716242143470582,-14.697320289504823,-13.566542953651311,-12.33251603421786,-11.00463122118723,-9.592994519785414,-8.108349337679511,-6.561994721158741,-4.965699362569143,-3.3316120334592054,-1.67216912509223,2.1158329814917176e-14,1.672169125092204,3.331612033459113,4.965699362569117,6.561994721158653,8.10834933767949,9.592994519785393,11.004631221187209,12.33251603421784,13.566542953651243,14.697320289504809,15.716242143470566,16.615553904998087,17.388411268562788,18.028932322963968,18.53224231622039,18.89451075537654,19.112980558866745,19.185989039570767,19.112980558866738,18.894510755376544,18.53224231622041,18.02893232296398,17.3884112685628,16.615553904998066,15.716242143470582,14.697320289504823
-20.16154208332032,-20.084821328757315,-19.85524295633576,-19.47455419609301,-18.94565231936066,-18.272562588780325,-17.460407623624448,-16.51536841357038,-15.444637277636975,-14.256363126293799,-12.959589443332066,-11.564185459492515,-10.080771041660194,-8.520635869264797,-6.895653513003758,-5.21819106979926,-3.5010150417237442,-1.7571941752099618,2.2234170784544934e-14,1.7571941752099343,3.501015041723648,5.218191069799233,6.895653513003664,8.520635869264773,10.080771041660169,11.564185459492494,12.959589443332044,14.256363126293731,15.444637277636959,16.515368413570357,17.460407623624434,18.272562588780314,18.945652319360654,19.474554196092992,19.855242956335758,20.08482132875731,20.16154208332032,20.084821328757307,19.85524295633576,19.47455419609302,18.94565231936066,18.272562588780325,17.46040762362441,16.515368413570382,15.444637277636975
-21.12606402393742,-21.04567297219323,-20.80511164140586,-20.406210848557514,-19.85200646954465,-19.146716334329305,-18.295708126706323,-17.305458532988457,-16.18350395051304,-14.938383131107363,-13.579572196031553,-12.117412516974067,-10.563032011968744,-8.928260455219162,-7.2255394453743715,-5.467827717450208,-3.6685025190316773,-1.8412578013408583,2.3297846641505448e-14,1.8412578013408294,3.668502519031576,5.46782771745018,7.225539445374274,8.928260455219137,10.563032011968719,12.117412516974044,13.579572196031533,14.938383131107285,16.18350395051302,17.305458532988442,18.29570812670631,19.146716334329295,19.852006469544648,20.4062108485575,20.80511164140586,21.04567297219323,21.12606402393742,21.045672972193223,20.80511164140586,20.406210848557524,19.85200646954465,19.146716334329305,18.295708126706288,17.305458532988457,16.18350395051304
-22.06020969881984,-21.976263940756432,-21.725065544472887,-21.308526281442678,-20.72981626697074,-19.993339833701842,-19.104702011989854,-18.070665872232112,-16.899101053820345,-15.598923872432808,-14.180029461488243,-12.653216464205865,-11.030104849409954,-9.323047476550563,-7.545036082984712,-5.709602409009927,-3.830715213150456,-1.9226739614697488,2.432802351920385e-14,1.9226739614697188,3.8307152131503504,5.709602409009897,7.54503608298461,9.323047476550537,11.030104849409929,12.653216464205842,14.180029461488221,15.598923872432731,16.899101053820324,18.070665872232095,19.10470201198984,19.99333983370183,20.72981626697073,21.30852628144266,21.72506554447288,21.97626394075643,22.06020969881984,21.976263940756425,21.725065544472887,21.30852628144269,20.72981626697074,19.993339833701842,19.10470201198982,18.070665872232112,16.899101053820345
-22.9686579419684,-22.88125526407179,-22.619712417535915,-22.186019901346803,-21.58347837742336,-20.816673550587147,-19.89144126857985,-18.814823107737993,-17.595012782345496,-16.24129378552016,-14.763968736225642,-13.174280970120385,-11.484328970984235,-9.706974293951399,-7.855743681310336,-5.944726115826699,-3.9884655950779297,-2.0018504428491672,2.532986124092233e-14,2.0018504428491357,3.98846559507782,5.944726115826668,7.855743681310229,9.706974293951372,11.48432897098421,13.17428097012036,14.763968736225623,16.241293785520078,17.595012782345478,18.814823107737983,19.891441268579836,20.816673550587137,21.58347837742335,22.186019901346786,22.619712417535904,22.881255264071786,22.9686579419684,22.881255264071783,22.619712417535915,22.18601990134681,21.58347837742336,20.816673550587147,19.891441268579815,18.814823107737997,17.595012782345496
-23.85340904172051,-23.762639618775687,-23.49102216005787,-23.040623838435025,-22.414872457092642,-21.618530361881724,-20.6576581969914,-19.539568779786872,-18.27277144585401,-16.866907287817135,-15.332675780802841,-13.681753352973873,-11.92670452086029,-10.080886265801809,-8.1583463792551,-6.173716550617947,-4.142101011238698,-2.0789615820948706,2.6305565726839447e-14,2.0789615820948377,4.142101011238584,6.173716550617914,8.158346379254988,10.080886265801782,11.926704520860266,13.681753352973844,15.33267578080282,16.86690728781705,18.272771445853987,19.539568779786855,20.657658196991385,21.618530361881714,22.41487245709263,23.040623838435007,23.491022160057863,23.762639618775683,23.85340904172051,23.76263961877568,23.49102216005787,23.040623838435035,22.414872457092642,21.618530361881724,20.65765819699136,19.539568779786876,18.27277144585401
-24.685484036287413,-24.591548316777956,-24.31045606579495,-23.844346565096533,-23.196767189427636,-22.37264640885619,-21.37825628014014,-20.221164712588102,-18.910177871700242,-17.455273158931156,-15.867523277640442,-14.159011963134372,-12.342742018143745,-10.432536353643576,-8.442932788154577,-6.389073406165439,-4.286589317727464,-2.1514816962681027,2.7223178946021494e-14,2.151481696268069,4.286589317727346,6.389073406165406,8.442932788154463,10.432536353643547,12.34274201814372,14.159011963134343,15.86752327764042,17.45527315893107,18.910177871700217,20.221164712588088,21.378256280140125,22.372646408856177,23.196767189427625,23.84434656509651,24.310456065794945,24.591548316777946,24.685484036287413,24.591548316777946,24.31045606579495,23.844346565096544,23.196767189427636,22.37264640885619,21.378256280140096,20.221164712588106,18.910177871700242
-25.477188183412352,-25.380239790601063,-25.09013244797551,-24.609074047584674,-23.94072573432654,-23.090174042424735,-22.063892183831832,-20.869690783177568,-19.51665843419955,-18.015092530056716,-16.376420893949806,-14.613114806486639,-12.738594091706217,-10.767124984114421,-8.713711554025775,-6.59398151752802,-4.424067300127064,-2.220483259247178,2.809627115024189e-14,2.2204832592471444,4.424067300126941,6.593981517527987,8.71371155402566,10.76712498411439,12.738594091706188,14.613114806486614,16.376420893949778,18.015092530056624,19.516658434199528,20.86969078317755,22.06389218383181,23.090174042424724,23.94072573432653,24.609074047584656,25.090132447975506,25.380239790601063,25.477188183412352,25.38023979060106,25.09013244797551,24.609074047584684,23.94072573432654,23.090174042424735,22.06389218383179,20.869690783177568,19.51665843419955
-26.2329044546758,-26.13308033329536,-25.834367690993222,-25.339039911344905,-24.650866737840637,-23.77508558386109,-22.718361672799226,-21.48873731168547,-20.095570684375506,-18.549464630120106,-16.86218594955646,-15.046575852250426,-13.116452227337941,-11.08650448104494,-8.97218174143684,-6.789575281224862,-4.5552960534652085,-2.2863482721756347,2.892967588538026e-14,2.286348272175599,4.555296053465082,6.789575281224828,8.972181741436719,11.086504481044908,13.11645222733791,15.046575852250395,16.86218594955643,18.549464630120013,20.095570684375485,21.48873731168545,22.7183616727992,23.775085583861074,24.65086673784063,25.339039911344884,25.834367690993215,26.13308033329536,26.2329044546758,26.133080333295354,25.834367690993222,25.339039911344916,24.650866737840637,23.77508558386109,22.71836167279918,21.488737311685473,20.095570684375506
-26.915533028307316,-26.813111299113018,-26.506625602733205,-25.99840848037846,-25.29232777121979,-24.39375717579706,-23.30953535891325,-22.047913903265812,-20.618494509920165,-19.032155923566656,-17.300971138704792,-15.438115516865391,-13.4577665141537,-11.374995782247623,-9.20565446402849,-6.966252556811868,-4.673833261299699,-2.345843272531265,2.968247942718325e-14,2.345843272531228,4.6738332612995706,6.966252556811832,9.205654464028367,11.374995782247591,13.457766514153672,15.43811551686536,17.300971138704767,19.032155923566563,20.61849450992014,22.047913903265787,23.309535358913237,24.393757175797045,25.292327771219778,25.998408480378437,26.506625602733198,26.813111299113018,26.915533028307316,26.81311129911301,26.506625602733205,25.998408480378473,25.29232777121979,24.39375717579706,23.309535358913212,22.047913903265815,20.618494509920165
-27.543817120804505,-27.4390045809541,-27.12536464811868,-26.605284311568084,-25.88272169669657,-24.963175941298523,-23.85364534380947,-22.56257410202914,-21.099788047677688,-19.47641986588306,-17.70482436872514,-15.798484467655982,-13.771908560402293,-11.64052011329812,-9.420540279393617,-7.128864445685094,-4.78293364901896,-2.400601839269396,3.0375351815419476e-14,2.400601839269359,4.782933649018828,7.128864445685059,9.42054027939349,11.640520113298088,13.771908560402265,15.798484467655948,17.704824368725113,19.47641986588296,21.099788047677663,22.562574102029117,23.853645343809454,24.963175941298505,25.88272169669656,26.605284311568063,27.12536464811867,27.4390045809541,27.543817120804505,27.439004580954094,27.12536464811868,26.6052843115681,25.88272169669657,24.963175941298523,23.85364534380943,22.562574102029142,21.099788047677688
-28.125025545894328,-28.018001332514835,-27.69774321126315,-27.16668853981914,-26.42887896489208,-25.489929662848727,-24.356986604830798,-23.038672171599448,-21.545019532011672,-19.887396284546824,-18.078417943018305,-16.131851924896203,-14.062512772947205,-11.886149407618626,-9.619325268244925,-7.279292255272381,-4.883859432880474,-2.451257491249296,3.101630910586178e-14,2.4512574912492577,4.883859432880339,7.279292255272344,9.619325268244795,11.886149407618596,14.062512772947173,16.13185192489617,18.078417943018273,19.887396284546725,21.545019532011654,23.038672171599426,24.35698660483078,25.48992966284871,26.42887896489206,27.166688539819113,27.697743211263138,28.018001332514835,28.125025545894328,28.018001332514824,27.69774321126315,27.166688539819148,26.42887896489208,25.489929662848727,24.35698660483075,23.038672171599448,21.545019532011672
-28.615930468545574,-28.50703821372715,-28.181190185081952,-27.640866282860415,-26.890178698214932,-25.93484061694218,-24.782122738689623,-23.440797942540744,-21.92107452010842,-20.234518484271383,-18.39396554483266,-16.41342342101769,-14.307965234272832,-12.093614792709452,-9.787224640249384,-7.406347798589106,-4.969104178106591,-2.494042674401448,3.155767959449279e-14,2.494042674401409,4.969104178106453,7.406347798589067,9.787224640249251,12.093614792709419,14.307965234272801,16.413423421017654,18.393965544832625,20.23451848427128,21.921074520108395,23.440797942540726,24.782122738689605,25.93484061694216,26.890178698214914,27.640866282860397,28.181190185081945,28.507038213727142,28.615930468545574,28.507038213727142,28.181190185081952,27.640866282860433,26.890178698214932,25.93484061694218,24.78212273868957,23.44079794254075,21.92107452010842
-29.040158629334258,-28.92965205828605,-28.598973366872762,-28.050639219605316,-27.28882277043764,-26.319321902545205,-25.149515102933368,-23.788305307695758,-22.246052145295177,-20.53449309353536,-18.666654150267732,-16.656750697682625,-14.520079314667175,-12.272901360603422,-9.932319216605116,-7.516146126070033,-5.04277062514254,-2.5310165948494587,3.202551887680604e-14,2.531016594849419,5.042770625142402,7.516146126069994,9.93231921660498,12.272901360603386,14.520079314667145,16.65675069768259,18.666654150267707,20.534493093535257,22.24605214529515,23.788305307695737,25.149515102933353,26.31932190254518,27.28882277043762,28.050639219605294,28.59897336687275,28.92965205828605,29.040158629334258,28.929652058286038,28.598973366872762,28.050639219605337,27.28882277043764,26.319321902545205,25.14951510293333,23.78830530769576,22.246052145295177
-29.408151732723066,-29.296244836816303,-28.96137582814508,-28.406093262064825,-27.6346231741922,-26.65283691772226,-25.468206478885545,-24.089747610620947,-22.527951217252276,-20.794703512371466,-18.903195557576154,-16.867822870526137,-14.70407586636158,-12.428421966290163,-10.058180270569013,-7.611389749693435,-5.106671956940006,-2.5630893071013263,3.24313420759675e-14,2.5630893071012864,5.106671956939865,7.611389749693397,10.058180270568876,12.428421966290129,14.704075866361544,16.8678228705261,18.90319555757613,20.79470351237136,22.52795121725225,24.08974761062093,25.46820647888553,26.652836917722237,27.634623174192186,28.406093262064804,28.96137582814507,29.296244836816296,29.408151732723066,29.296244836816292,28.96137582814508,28.406093262064843,27.6346231741922,26.65283691772226,25.468206478885506,24.089747610620954,22.527951217252276
-29.672837054009918,-29.55992295054498,-29.222039984656906,-28.66175964973542,-27.883346017435805,-26.89272328551883,-25.69743069112881,-24.306565132646362,-22.730711936799235,-20.98186429793394,-19.073332002565245,-17.01964013386428,-14.836418527005005,-12.54028281668069,-10.148707982091743,-7.679895351801553,-5.152634080636654,-2.5861581528724846,3.272323733940187e-14,2.586158152872444,5.1526340806365125,7.679895351801513,10.148707982091608,12.540282816680657,14.836418527004973,17.01964013386425,19.073332002565216,20.981864297933836,22.73071193679921,24.306565132646345,25.69743069112879,26.89272328551881,27.883346017435795,28.6617596497354,29.222039984656895,29.559922950544973,29.672837054009918,29.55992295054497,29.222039984656906,28.661759649735437,27.883346017435805,26.89272328551883,25.69743069112876,24.30656513264637,22.730711936799235
