hough_viz/data/file_3_3_1.json
{"header": {"discipline": 0, "disciplineName": "Meteorological products", "gribEdition": 2, "gribLength": 133963, "center": 7, "centerName": "US National Weather Service - NCEP(WMC)", "subcenter": 0, "refTime": "2014-11-30T06:00:00.000Z", "significanceOfRT": 1, "significanceOfRTName": "Start of forecast", "productStatus": 0, "productStatusName": "Operational products", "productType": 1, "productTypeName": "Forecast products", "productDefinitionTemplate": 0, "productDefinitionTemplateName": "Analysis/forecast at horizontal level/layer at a point in time", "parameterCategory": 2, "parameterCategoryName": "Momentum", "parameterNumber": 3, "parameterNumberName": "V-component_of_wind", "parameterUnit": "m.s-1", "genProcessType": 2, "genProcessTypeName": "Forecast", "forecastTime": 6, "surface1Type": 100, "surface1TypeName": "Isobaric surface", "surface1Value": 85000, "surface2Type": 255, "surface2TypeName": "Missing", "surface2Value": 0, "gridDefinitionTemplate": 0, "gridDefinitionTemplateName": "Latitude_Longitude", "numberPoints": 65160, "shape": 6, "shapeName": "Earth spherical with radius of 6,371,229.0 m", "gridUnits": "degrees", "resolution": 48, "winds": "true", "scanMode": 0, "nx": 360, "ny": 181, "basicAngle": 0, "subDivisions": 0, "lo1": 0, "la1": 90, "lo2": 359, "la2": -90, "dx": 1, "dy": 1}, "data":
[rows 140 to 159 of 181, columns 225 to 269 of 360]
-20.419146549985935,-19.322507258939623,-18.17290631858754,-16.973494705199432,-15.727559922637525,-14.438516991536954,-13.109899088971638,-11.745347864261317,-10.348603457464176,-8.923494247912732,-7.4739263608922375,-6.003872961222791,-4.517363363090774,-3.018471985978554,-1.511307186964181,-1.4145666894496326e-14,1.5113071869641526,3.0184719859785254,4.517363363090695,6.003872961222762,7.473926360892209,8.923494247912704,10.348603457464147,11.745347864261243,13.109899088971568,14.438516991536929,15.727559922637498,16.97349470519941,18.17290631858751,19.322507258939567,20.419146549985918,21.459818379656223,22.441670338801583,23.362011239449696,24.21831849116388,25.00824501528852,25.72962567812805,26.380483225428183,26.95903370189234,27.463691340879056,27.89307291087816,28.24600150685231,28.521509776051673,28.71884256946071,28.837459011609127
-20.742084606043186,-19.628101467643628,-18.460319067453835,-17.241938215861186,-15.976298410091296,-14.666868680878233,-13.317238084092473,-11.931105863388039,-10.512271310833055,-9.0646233533141,-7.592129893257953,-6.0988269328868645,-4.5888075118170475,-3.066210488321388,-1.5352091950069167,-1.4369387026841677e-14,1.5352091950068878,3.0662104883213583,4.5888075118169676,6.098826932886836,7.592129893257924,9.064623353314072,10.512271310833029,11.931105863387964,13.317238084092402,14.666868680878213,15.976298410091273,17.24193821586117,18.460319067453806,19.62810146764357,20.742084606043157,21.799215132302212,22.796595525128488,23.731492034192343,24.601342173146175,25.403761743221796,26.136551368153082,26.797702522513667,27.38540303694552,27.898042065189113,28.33421449930113,28.692724820957682,28.972590378286842,29.173044079249188,29.293536494183734
-20.99416093338253,-19.866639677499645,-18.6846653431739,-17.451477639897668,-16.170456649447814,-14.845113561316488,-13.479081048784831,-12.076103312017844,-10.640025815472264,-9.1747847477456,-7.6843962327568365,-6.172945321829918,-4.644574796852084,-3.103473815196462,-1.553866427533207,-1.4544016644676165e-14,1.553866427533178,3.103473815196433,4.644574796852003,6.172945321829889,7.684396232756808,9.174784747745575,10.640025815472235,12.076103312017768,13.479081048784757,14.845113561316463,16.170456649447793,17.451477639897647,18.684665343173872,19.86663967749959,20.994160933382506,22.06413865343326,23.073640103094423,24.0198983090621,24.900319643367204,25.712490932329896,26.454186070900402,27.123372124258495,27.7182148999465,28.237083975263218,28.678557166139356,29.041424425245197,29.324691158646118,29.52758095191547,29.649537698232603
-21.171338872610768,-20.034302023645253,-18.842352545400153,-17.598757488543974,-16.30692546068633,-14.970397283621432,-13.592836288181738,-12.178018273302555,-10.729821156819916,-9.252214346367163,-7.749247859504548,-6.225041222902647,-4.68377218100613,-3.129665245126437,-1.5669801143502171,-1.466675929228098e-14,1.5669801143501876,3.1296652451264078,4.683772181006048,6.225041222902616,7.749247859504519,9.252214346367134,10.729821156819888,12.178018273302477,13.592836288181664,14.970397283621411,16.30692546068631,17.598757488543953,18.842352545400132,20.034302023645196,21.17133887261075,22.2503465533282,23.2683675807456,24.22261162998861,25.110463184446814,25.929488704723408,26.67744329879702,27.352276875114978,27.95213976175171,28.475387776230882,28.920586732115304,29.286516370012368,29.572173702220024,29.776775761846487,29.899761748868027
-21.213203435596412,-20.07391819076577,-18.879611731495146,-17.633557568774204,-16.339171050450815,-14.999999999999996,-13.619714992186442,-12.202099292274038,-10.751038486359029,-9.270509831248436,-7.764571353075629,-6.237350724532776,-4.693033951206967,-3.135853898029636,-1.5700786872883385,-1.469576158976824e-14,1.570078687288309,3.135853898029607,4.6930339512068855,6.237350724532748,7.764571353075599,9.270509831248408,10.751038486359,12.202099292273962,13.619714992186367,14.999999999999975,16.339171050450794,17.633557568774183,18.879611731495118,20.07391819076571,21.2132034355964,22.294344764321803,23.31437884370911,24.270509831248443,25.160117038362692,25.980762113533135,26.730195725651015,27.40636372927801,28.00741279491606,28.53169548885462,28.977774788672033,29.344428022014156,29.630650217854125,29.835656861048204,29.958886042637218
-21.1860039272027,-20.04817947063412,-18.85540434766836,-17.61094787200874,-16.318221012353913,-14.980767043169855,-13.602251832820873,-12.186453795679013,-10.737253535753208,-9.258623210223252,-7.754615642033079,-6.229353211384819,-4.687016556581238,-3.131833115186541,-1.5680655369141692,-1.4676918726552105e-14,1.56806553691414,3.131833115186512,4.687016556581155,6.229353211384789,7.75461564203305,9.258623210223224,10.73725353575318,12.186453795678936,13.6022518328208,14.980767043169836,16.318221012353888,17.61094787200872,18.855404347668344,20.04817947063406,21.18600392720268,22.265759019627907,23.28448521425427,24.239390253393122,25.127856808706685,25.947449655123553,26.695922345620843,27.371223368579592,27.971501770835495,28.49511223101276,28.940619569235764,29.306802680857324,29.592657883421534,29.797401667687712,29.920472845174746
-21.087663864710805,-19.95512090098761,-18.767882337938214,-17.52920231394004,-16.242475964839265,-14.91123011811953,-13.539113626112975,-12.129887364749443,-10.68741392525727,-9.215647027068997,-7.7186206809512985,-6.200438132061856,-4.665260613239656,-3.1172959393548036,-1.560786973980764,-1.4608792188403757e-14,1.5607869739807343,3.117295939354775,4.665260613239575,6.200438132061827,7.7186206809512665,9.215647027068968,10.68741392525724,12.129887364749369,13.5391136261129,14.911230118119507,16.242475964839244,17.52920231394002,18.76788233793819,19.95512090098755,21.087663864710787,22.162407007566387,23.17640453330428,24.126877145188534,25.011219663856412,25.827008167934274,26.572006637837163,27.244173084543277,27.841665146543917,28.36284513962828,28.806284545662088,29.170767928056556,29.45529626319544,29.659089678689444,29.781589590952205
-20.860258855505187,-19.739929001054954,-18.565493373318432,-17.34017101871727,-16.06732046065431,-14.750430494034447,-13.393110622720336,-11.99908116613301,-10.572163062115216,-9.116267394006208,-7.635384670634208,-6.133573888609077,-4.614951406894816,-3.083679664155543,-1.543955769800766,-1.4451253992451844e-14,1.5439557698007371,3.083679664155515,4.614951406894734,6.13357388860905,7.635384670634178,9.11626739400618,10.57216306211519,11.999081166132934,13.393110622720265,14.750430494034424,16.067320460654287,17.340171018717253,18.565493373318414,19.739929001054897,20.860258855505165,21.923412190411312,22.926474976381236,23.866697888040665,24.741503839742716,25.548495049180936,26.285459609543476,26.950377552196148,27.541426383276036,28.056986079020422,28.49564352613938,28.856196395061115,29.13765643543361,29.339252184850242,29.460431083374605
-20.569920310050463,-19.465183499896735,-18.307093974778077,-17.098825977585054,-15.843691286912291,-14.545130139703572,-13.206701801801577,-11.832074812247384,-10.425016928070258,-8.989384797127329,-7.5291133872999545,-6.0482052010202425,-4.550719304690174,-3.0407602030625207,-1.5224665890789228,-1.425011765501574e-14,1.5224665890788942,3.0407602030624927,4.5507193046900944,6.048205201020214,7.529113387299926,8.989384797127304,10.42501692807023,11.83207481224731,13.206701801801506,14.54513013970355,15.843691286912264,17.098825977585033,18.30709397477806,19.465183499896682,20.569920310050442,21.618276398431984,22.60737829387339,23.534514936830913,24.39714511021058,25.192904404667967,25.919611699289486,26.57527513989337,27.15809759856355,27.666481599452258,28.099033697350404,28.454568297024025,28.73211090284829,28.9309007898324,29.05039308871383
-20.216346728801298,-19.13059909042929,-17.992415809702027,-16.804916567877857,-15.571356217836561,-14.295115862753875,-12.979693588732747,-11.628694876792297,-10.24582272049523,-8.834867476299687,-7.399696474455718,-5.94424341892186,-4.472497605356081,-2.988492986733469,-1.496297116561821,-1.4005174307809675e-14,1.4962971165617929,2.9884929867334415,4.472497605356003,5.944243418921833,7.3996964744556895,8.83486747629966,10.245822720495203,11.628694876792224,12.979693588732676,14.29511586275385,15.571356217836538,16.80491656787784,17.992415809702003,19.130599090429236,20.21634672880128,21.2466827660107,22.2187831225973,23.12998333905357,23.977785878922838,24.759866974373494,25.47408299548465,26.118476325786975,26.691280727953373,27.190926184932593,27.616043203257,27.965466566728935,28.238238530197208,28.433611444670117,28.55104980656927
-19.747917874806976,-18.687327873904902,-17.57551720624066,-16.415533267573334,-15.210555493249313,-13.963886643591048,-12.678943751260602,-11.359248755410482,-10.00841884829348,-8.63015656078997,-7.228239614028165,-5.806510564913081,-4.36886627394522,-2.9192472241965977,-1.4616267207208402,-1.3680663265384206e-14,1.4616267207208127,2.9192472241965706,4.368866273945143,5.8065105649130535,7.228239614028136,8.630156560789946,10.008418848293456,11.359248755410412,12.678943751260533,13.963886643591026,15.210555493249293,16.415533267573313,17.57551720624064,18.68732787390485,19.74791787480696,20.75438020547515,21.703956222619432,22.59404320438103,23.422201484212025,24.186161137832116,24.883828204932854,25.513290428577562,26.072822496564633,26.560890770388273,26.976157488835128,27.317484434694833,27.583936054534103,27.77478202298378,27.88949924450988
-19.22640553145795,-18.193824092279165,-17.111374645900625,-15.982024111014733,-14.808867958937427,-13.595121729136462,-12.344112215661308,-11.059268348631697,-9.744111795778807,-8.402247309798593,-7.037352847975269,-5.653169491156043,-4.2534911897086,-2.842154364566666,-1.4230273918671834,-1.3319377847684484e-14,1.4230273918671565,2.84215436456664,4.253491189708527,5.653169491156017,7.0373528479752405,8.402247309798566,9.744111795778782,11.059268348631626,12.344112215661237,13.595121729136444,14.808867958937407,15.982024111014717,17.111374645900604,18.193824092279115,19.226405531457928,20.206288729486083,21.13078789462862,21.997369038935066,22.80365692372408,23.54744156994799,24.22668431559126,24.839523403501673,25.38427908433721,25.859458220642157,26.263758379433202,26.59607140207772,26.85548644167939,27.041292459646396,27.152980174598703
-18.651953429658988,-17.6502237571843,-16.60011604824315,-15.504508575073686,-14.36640432160512,-13.188922752487553,-11.975291262856242,-10.728836332265688,-9.452974407040665,-8.151202536034141,-6.827088785459485,-5.484262459069007,-4.126404150484676,-2.757235654946657,-1.380509768131531,-1.2921417626428467e-14,1.3805097681315048,2.7572356549466326,4.126404150484603,5.4842624590689795,6.827088785459457,8.151202536034116,9.45297440704064,10.728836332265624,11.975291262856178,13.188922752487533,14.3664043216051,15.504508575073665,16.60011604824313,17.65022375718425,18.65195342965897,19.60255939426438,20.499436106127312,21.340125288521698,22.1223226708341,22.843884304409592,23.502832438965623,24.097360943468303,24.625840256611973,25.086821853333415,25.479042215118458,25.801426293218395,26.053090455283776,26.233344907339344,26.34169558446133
-17.985438413194355,-17.019504877122248,-16.006922061193194,-14.950465384521916,-13.853030521425772,-12.717625464582747,-11.547362280332653,-10.345448578719433,-9.115178721655253,-7.859924793303325,-6.583127357429626,-5.288286027056783,-3.978949872268076,-2.658707692452853,-1.3311781796571225,-1.2459679454364913e-14,1.3311781796570972,2.658707692452828,3.9789498722680054,5.288286027056757,6.5831273574296,7.859924793303302,9.11517872165523,10.345448578719369,11.547362280332589,12.71762546458273,13.853030521425756,14.9504653845219,16.006922061193173,17.0195048771222,17.985438413194338,18.902075112728408,19.766902538245628,20.577550257886084,21.331796342597585,22.027573456289055,22.6629745222547,23.23625795033888,23.74585241051369,24.190361139785228,24.568565770623973,24.87942967042553,25.12210078284841,25.29591396324132,25.400392801758393
-17.27775058876481,-16.3498244332737,-15.377084545473323,-14.362197137781836,-13.307943946039776,-12.217214604965465,-11.092998727867155,-9.93837771232061,-8.756516294272759,-7.5506538737202895,-6.324095635739471,-5.080203491203587,-3.82238686201897,-2.554093336136371,-1.2787992179522731,-1.1969418208373805e-14,1.2787992179522492,2.5540933361363476,3.822386862018903,5.080203491203562,6.324095635739447,7.550653873720266,8.756516294272734,9.938377712320548,11.092998727867094,12.217214604965447,13.30794394603976,14.362197137781823,15.377084545473304,16.349824433273653,17.277750588764796,18.158319630853853,18.989117981004057,19.767868478685763,20.492436622915008,21.1608364227727,21.771235840867277,22.32196181482208,22.81150484302302,23.238523122057472,23.601846224504275,23.900478306993953,24.133600839746048,24.300574850102418,24.4009426739069
-16.529931875593135,-15.642168387108512,-14.711530802348594,-13.7405699342454,-12.731947119047744,-11.688426921783575,-10.612869558779428,-9.508223058006147,-8.377515178739351,-7.2238451126815715,-6.050374989293249,-4.860321208615682,-3.656945625342125,-2.443546608300638,-1.2234499998546426,-1.1451355693464008e-14,1.2234499998546196,2.443546608300616,3.6569456253420607,4.860321208615658,6.050374989293225,7.223845112681548,8.377515178739328,9.508223058006088,10.61286955877937,11.688426921783558,12.731947119047726,13.740569934245384,14.711530802348575,15.64216838710847,16.52993187559312,17.37238796978825,18.167227556098073,18.912272034465154,19.60547928976161,20.24494928908503,20.828929289616244,21.355818642765744,21.824173181440184,22.23270917840396,22.580306864886374,22.866013499790046,23.089045981087914,23.248792992251516,23.34481667782714
-15.717697492497207,-14.873556206138474,-13.988647536066916,-13.065396955437954,-12.10633502991875,-11.114090481583569,-10.091382983769359,-9.041015706640033,-7.965867633892104,-6.868885671660346,-5.753076571252955,-4.621498687855208,-3.477253597790526,-2.3234775973151947,-1.1633331062485703,-1.0888668266964312e-14,1.1633331062485484,2.323477597315173,3.4772535977904653,4.621498687855187,5.753076571252933,6.868885671660324,7.965867633892082,9.041015706639977,10.091382983769304,11.114090481583553,12.106335029918734,13.065396955437942,13.988647536066898,14.873556206138435,15.71769749249719,16.518757662552765,17.274541066060056,17.982976153243925,18.642121152773033,19.25016939402038,19.805454259021587,20.306453750559072,20.75179466385057,21.140256350408002,21.470774063750152,21.742441877798786,21.954515169958984,22.10641266207796,22.197718013688085
-14.878475393838562,-14.079405723232748,-13.241745380187021,-12.367790333476638,-11.459936033136756,-10.520670844700437,-9.552569228761692,-8.55828468455782,-7.540542476912653,-6.502132166474948,-5.445899963726601,-4.374740927717544,-3.291591030910163,-2.199419111882708,-1.1012187379493308,-1.030728469987622e-14,1.1012187379493104,2.1994191118826873,3.291591030910105,4.374740927717523,5.44589996372658,6.5021321664749285,7.540542476912632,8.558284684557767,9.552569228761639,10.52067084470042,11.45993603313674,12.367790333476622,13.241745380187005,14.079405723232707,14.87847539383855,15.636764197580023,16.35219371755408,17.02280301117539,17.646753984983544,18.22233643272972,18.74797272293286,19.222222123058053,19.64378474846423,20.01150512529759,20.324375357565156,20.58153788970766,20.782287857099647,20.92607501803443,21.012505261898426
-14.013903943884563,-13.261267311976786,-12.472282468146252,-11.649111965008249,-10.794012055694001,-9.909326509617676,-8.997480188367364,-8.060972399327882,-7.102370045253164,-6.124300588564096,-5.129444849656691,-4.120529658959712,-3.100320382882067,-2.071613344135534,-1.0372281572088042,-9.708339993367445e-15,1.0372281572087845,2.071613344135515,3.1003203828820123,4.120529658959693,5.12944484965667,6.124300588564078,7.102370045253147,8.060972399327833,8.997480188367314,9.909326509617662,10.794012055693985,11.649111965008233,12.472282468146235,13.261267311976747,14.01390394388455,14.728129439176678,15.401986155415754,16.033627098181782,16.62132098355539,17.16345698344697,17.658549140764187,18.105240442317275,18.50230653829781,18.848659098136416,19.143348793541243,19.385567900540856,19.57465251339939,19.710084364336105,19.79149224406134
-13.114708617925471,-12.410364549194025,-11.672004533867083,-10.901652365423896,-10.101419525611645,-9.273499397020757,-8.420161251175704,-7.54374402861938,-6.64664992803983,-5.731337822010493,-4.800316517391433,-3.8561378788641134,-2.901389834447717,-1.9386892821682018,-0.9706749173229036,-9.085409082765106e-15,0.970674917322885,1.938689282168184,2.901389834447666,3.856137878864095,4.800316517391414,5.731337822010476,6.646649928039811,7.543744028619332,8.420161251175657,9.27349939702074,10.101419525611632,10.901652365423882,11.672004533867069,12.410364549193991,13.114708617925457,13.78310618192741,14.413725209936665,15.004837219031256,15.554822012281875,16.062172119599282,16.52549692960477,16.943526501199422,17.31511504438437,17.639244060791547,17.915025135316895,18.14170237120449,18.318654461906885,18.445396394043254,18.521580776787324
