hough_viz/data/file_2_2_2.json
{"header": {"discipline": 0, "disciplineName": "Meteorological products", "gribEdition": 2, "gribLength": 133963, "center": 7, "centerName": "US National Weather Service - NCEP(WMC)", "subcenter": 0, "refTime": "2014-11-30T06:00:00.000Z", "significanceOfRT": 1, "significanceOfRTName": "Start of forecast", "productStatus": 0, "productStatusName": "Operational products", "productType": 1, "productTypeName": "Forecast products", "productDefinitionTemplate": 0, "productDefinitionTemplateName": "Analysis/forecast at horizontal level/layer at a point in time", "parameterCategory": 2, "parameterCategoryName": "Momentum", "parameterNumber": 2, "parameterNumberName": "U-component_of_wind", "parameterUnit": "m.s-1", "genProcessType": 2, "genProcessTypeName": "Forecast", "forecastTime": 6, "surface1Type": 100, "surface1TypeName": "Isobaric surface", "surface1Value": 85000, "surface2Type": 255, "surface2TypeName": "Missing", "surface2Value": 0, "gridDefinitionTemplate": 0, "gridDefinitionTemplateName": "Latitude_Longitude", "numberPoints": 65160, "shape": 6, "shapeName": "Earth spherical with radius of 6,371,229.0 m", "gridUnits": "degrees", "resolution": 48, "winds": "true", "scanMode": 0, "nx": 360, "ny": 181, "basicAngle": 0, "subDivisions": 0, "lo1": 0, "la1": 90, "lo2": 359, "la2": -90, "dx": 1, "dy": 1}, "data":
[rows 38 to 56 of 181, columns 215 to 257 of 360]
8.592285303962926,7.763174863401037,6.924606190093533,6.077600950797211,5.22319109092496,4.362417577279369,3.496329129794755,2.6259809438337247,1.7524334045939887,0.8767507951924045,7.691443691402385e-15,-0.8767507951923891,-1.752433404593951,-2.625980943833709,-3.4963291297947405,-4.362417577279353,-5.223191090924988,-6.077600950797196,-6.924606190093514,-7.763174863401022,-8.592285303962889,-9.410927368421966,-10.218103667524895,-11.012830781287112,-11.79414045713887,-12.561080789591667,-13.312717379988554,-14.048134474924794,-14.766436081952568,-15.466747061209592,-16.148214191642275,-16.810007210524184,-17.451319825003146,-18.071370694445097,-18.669404382377113,-19.244692276870495,-19.796533478242125,-20.324255652992708,-20.82721585294171,-21.30480129856058,-21.756430125550196,-22.181552093752977,-22.579649257535692
8.739854280257259,7.8965042079070455,7.043533461542748,6.181981254628714,5.312897255817084,4.43734031008837,3.556377148711667,2.6710810895971857,1.7825307296235309,0.891808630533616,7.823541082447146e-15,-0.8918086305336006,-1.782530729623492,-2.6710810895971706,-3.5563771487116522,-4.437340310088354,-5.312897255817115,-6.181981254628698,-7.043533461542731,-7.8965042079070304,-8.739854280257223,-9.572556186438264,-10.393595407445423,-11.201971633459202,-11.996699982569066,-12.776812200700133,-13.541357841281734,-14.289405423219966,-15.02004356576417,-15.732382098883843,-16.425553147803708,-17.098712190375508,-17.751039085998006,-18.381739074832176,-18.9900437460935,-19.575211974242208,-20.136530821930577,-20.67331640860719,-21.184914743720185,-21.67070252350393,-22.130087890378594,-22.562511154037544,-22.967445473343705
8.874521187110757,8.018176464964766,7.15206282990164,6.277235507971099,5.394760341508058,4.50571249056806,3.611175123010085,2.712238094823631,1.8099966223068862,0.9055499477144422,7.944089096685138e-15,-0.9055499477144263,-1.8099966223068469,-2.7122380948236153,-3.6111751230100704,-4.505712490568045,-5.394760341508087,-6.277235507971083,-7.15206282990162,-8.01817646496475,-8.87452118711072,-9.720053672205387,-10.553743769160006,-11.374575755011461,-12.181549572424517,-12.973682048107436,-13.750008090657296,-14.509581866375033,-15.251477951618336,-15.974792460287674,-16.678644145072298,-17.36217547111436,-18.024553660782942,-18.664971708285513,-19.282649362880022,-19.8768340794903,-20.44680193556632,-20.991858513072213,-21.511339744527845,-22.004612722072668,-22.471076468566377,-22.910162669787105,-23.32133636683473
8.982206307861754,8.115470536681737,7.238847314745202,6.3534046724145945,5.460221385157571,4.560385659225407,3.6549938058410123,2.7451489055128593,1.8319594641011114,0.9165380622740558,8.040484178244659e-15,-0.9165380622740398,-1.8319594641010721,-2.7451489055128433,-3.6549938058409968,-4.560385659225392,-5.4602213851576025,-6.353404672414579,-7.238847314745184,-8.115470536681721,-8.982206307861718,-9.837998644258398,-10.681804894734611,-11.512597011352456,-12.329362801891591,-13.131107163049368,-13.916853292821012,-14.685643880582221,-15.436542273424966,-16.1686336173246,-16.881025971748603,-17.57285139634877,-18.243267008412708,-18.89145600978675,-19.516628682018585,-20.118023348507567,-20.69490730249035,-21.246577699731116,-21.772362414829164,-22.271620860100096,-22.743744766033167,-23.188158922374143,-23.604321878930264
9.07300112301148,8.197504128649685,7.312019738235866,6.417626778101299,5.515414928297194,4.606483394987546,3.6919395712354524,2.772897687815527,1.8504774556951438,0.9258027018391729,8.121759785779864e-15,-0.9258027018391566,-1.8504774556951042,-2.7728976878155116,-3.6919395712354373,-4.60648339498753,-5.515414928297225,-6.417626778101284,-7.312019738235847,-8.19750412864967,-9.073001123011442,-9.937444063093508,-10.789779758330651,-11.628969768970384,-12.4539916712521,-13.263840303072746,-14.057528988622117,-14.834090740495148,-15.592579437817392,-16.3320709789474,-17.051664407352234,-17.75048300928429,-18.427675381921805,-19.082416470672232,-19.713908574374067,-20.32138231717285,-20.904097585887172,-21.46134443172244,-21.992443935234345,-22.496749033487475,-22.973645308401814,-23.422551735326643,-23.842921390929483
9.148032984440079,8.265295809208526,7.3724886442046955,6.470699237432718,5.5610262803746915,4.644578069404506,3.7224711554991323,2.7958289838935326,1.8657805253354989,0.933458900608777,8.188925076133175e-15,-0.9334589006087606,-1.8657805253354582,-2.795828983893517,-3.7224711554991177,-4.64457806940449,-5.561026280374723,-6.470699237432703,-7.3724886442046795,-8.26529580920851,-9.14803298444004,-10.019624690626483,-10.87900902753231,-11.72513896772092,-12.556983632196564,-13.373529546371426,-14.17378187482838,-14.956765633374541,-15.721526876909564,-16.467133861660642,-17.1926781803688,-17.89727586904327,-18.580068483935285,-19.240224147419774,-19.876938561509956,-20.48943598777061,-21.076970192435855,-21.63882535557996,-22.174316943233816,-22.682792541384043,-23.163632650838913,-23.616251441992812,-24.04009746856931
9.191444838183452,8.304518646885809,7.407474678829987,6.501405843912013,5.587416047437984,4.666618845185664,3.7401360867079876,2.80909654853248,1.8746345589207376,0.9378886158642429,8.227785497638565e-15,-0.9378886158642264,-1.8746345589206972,-2.8090965485324637,-3.740136086707972,-4.666618845185648,-5.587416047438017,-6.501405843911997,-7.407474678829968,-8.304518646885791,-9.191444838183415,-10.067172669779254,-10.93063520220608,-11.78078043937425,-12.61657261026716,-13.436993430868489,-14.241043344784508,-15.027742741049428,-15.796133147630693,-16.545278399179352,-17.274265777603375,-17.982207124074083,-18.668239921110732,-19.331528343425433,-19.971264276247325,-20.586668299886043,-21.17699063933453,-21.7415120777543,-22.27954483273053,-22.790433394228888,-23.273555323233506,-23.728322010093123,-24.154179391651258
9.214888231443338,8.325699875724194,7.426367937182256,6.517988113253147,5.6016671248270935,4.678521367880159,3.749675553317408,2.816261336686204,1.879415939428052,0.9402807633495144,8.248771013460605e-15,-0.940280763349498,-1.8794159394280112,-2.816261336686188,-3.7496755533173913,-4.678521367880143,-5.601667124827125,-6.51798811325313,-7.426367937182239,-8.325699875724178,-9.214888231443297,-10.092849665297122,-10.958514516518134,-11.810828105830485,-12.64875202041448,-13.471265379052488,-14.277366075915515,-15.066072001474648,-15.836422239050465,-16.587478235541848,-17.318324944908365,-18.028071943013,-18.71585451246664,-19.380834696153222,-20.022202318151265,-20.639175970808477,-21.23100396676662,-21.796965254776694,-22.33637029818892,-22.84856191504692,-23.33291607876256,-23.788842678396424,-24.215786237616964
9.220139903748937,8.330444789212441,7.430600310906966,6.521702790718881,5.604859580271563,4.681187711788162,3.7518125371596147,2.8178663568769795,1.8804870404975274,0.9408166403260275,8.253472084292785e-15,-0.9408166403260111,-1.880487040497487,-2.817866356876964,-3.7518125371595996,-4.681187711788147,-5.604859580271594,-6.521702790718864,-7.430600310906947,-8.330444789212425,-9.220139903748896,-10.098601698066327,-10.964759901785047,-11.817559234555185,-12.65596069175347,-13.47894281035015,-14.28550291340443,-15.074658331671722,-15.845447600834976,-16.59693163290071,-17.32819486033308,-18.03834635153197,-18.726520896295728,-19.39188005994677,-20.033613204834893,-20.65093847797448,-21.243103763611895,-21.8093875995626,-22.349100056201866,-22.861583577037624,-23.346213779841733,-23.802400217363644,-24.229587096699387
9.19023543391074,8.303425943778606,7.406500008178713,6.500550393202719,5.58668085890559,4.666004814544144,3.7396439620590973,2.808726929454298,1.8743878957371747,0.9377652090963929,8.226702891028727e-15,-0.9377652090963764,-1.8743878957371345,-2.8087269294542816,-3.7396439620590813,-4.666004814544129,-5.58668085890562,-6.500550393202703,-7.406500008178695,-8.30342594377859,-9.190235433910704,-10.065848037813844,-10.929196956407978,-11.77923033202442,-12.614912529932628,-13.435225400101423,-14.239169517658057,-15.025765400533311,-15.794054702809735,-16.54310138231841,-17.27199284106215,-17.97984103707563,-18.665783566367594,-19.328984713627488,-19.968636470415667,-20.583959519597297,-21.174204184820226,-21.73865134388004,-22.27661330485987,-22.787434643976983,-23.270493004115604,-23.72519985307337,-24.151001200597037
9.137890556820448,8.256132072627963,7.364314763264655,6.463525170748036,5.554860768440543,4.639428623947458,3.718344050325264,2.7927292472447656,1.8637119337634616,0.9324239743736588,8.179846011813172e-15,-0.9324239743736424,-1.8637119337634216,-2.7927292472447496,-3.7183440503252494,-4.639428623947442,-5.554860768440573,-6.463525170748019,-7.364314763264637,-8.256132072627947,-9.13789055682041,-10.008515928953523,-10.866947466120944,-11.712139301725784,-12.543061699708232,-13.358702309120124,-14.158067397518737,-14.940183061676532,-15.704096414132447,-16.44887674413836,-17.173616651586762,-17.87743315253809,-18.559468755000488,-19.218892503651922,-19.85490099223109,-20.466719342364275,-21.053602147635246,-21.614834381748096,-22.149732269676782,-22.65764412073959,-23.137951122583782,-23.59006809511324,-24.013444203440233
9.065599754799202,8.19081695362841,7.306054903698275,6.412391551279467,5.510915687508577,4.60272562186399,3.6889278440446684,2.770635675883175,1.8489679149343277,0.9250474713927823,8.115134399770183e-15,-0.9250474713927661,-1.8489679149342877,-2.7706356758831596,-3.6889278440446525,-4.602725621863975,-5.510915687508608,-6.412391551279452,-7.306054903698259,-8.190816953628396,-9.065599754799166,-9.929337519117302,-10.780977915165634,-11.619483350306632,-12.443832234829484,-13.253020226599606,-14.046061454694927,-14.821989720537564,-15.579859675058216,-16.318747970458222,-17.037754385166643,-17.736002920621647,-18.412642868539653,-19.066849847372552,-19.697826806689495,-20.304804998260103,-20.887044912655806,-21.443837180228027,-21.97450343536604,-22.478397142980846,-22.954904386208554,-23.403444614373623,-23.823471350300355
8.95609781866371,8.09188137967712,7.2178062296881915,6.334937294626205,5.444350214292953,4.547130031861493,3.6443698719178736,2.737169608657489,1.8266345258576113,0.9138739702594317,8.01711298333779e-15,-0.9138739702594156,-1.8266345258575722,-2.7371696086574735,-3.6443698719178577,-4.547130031861478,-5.444350214292984,-6.334937294626188,-7.217806229688174,-8.091881379677105,-8.956097818663673,-9.809402632039307,-10.650756199330488,-11.479133460815962,-12.293525166404391,-13.09293910524994,-13.876401314608446,-14.642957266460817,-15.391673030458664,-16.12163641177438,-16.831958062470058,-17.521772565031032,-18.19023948674364,-18.836544403633244,-19.459899892714247,-20.059546491343774,-20.63475362250989,-21.184820484927073,-21.709076906854804,-22.20688416259851,-22.677635750698332,-23.12075813285793,-23.53571143271241
8.822591163055268,7.971257415708165,7.110211919078123,6.240503724468868,5.3631924373472115,4.479346926377154,3.590044021167784,2.6963672003225314,1.7994052713872142,0.9002510443058213,7.897603576036546e-15,-0.9002510443058056,-1.7994052713871755,-2.696367200322516,-3.590044021167769,-4.479346926377139,-5.36319243734724,-6.240503724468852,-7.110211919078106,-7.97125741570815,-8.822591163055227,-9.66317594208611,-10.491987629729753,-11.308016446613323,-12.110268187323097,-12.897765431690429,-13.669548735627744,-14.424677800063225,-15.162232616550611,-15.881314588157624,-16.58104762426794,-17.260579207962707,-17.919081434680944,-18.555752020893923,-19.169815281563917,-19.76052307519701,-20.327155715338236,-20.869022847398604,-21.38546428974595,-21.87585083803451,-22.339585031793398,-22.77610188234032,-23.184869561133155
8.66828435701917,7.831840406671161,6.985854565190178,6.1313575360099115,5.2693903921352,4.401003307755082,3.527254278767033,2.6492078337721976,1.7679337371110952,0.8845056855206155,7.759474770038984e-15,-0.8845056855206,-1.7679337371110577,-2.649207833772183,-3.527254278767018,-4.401003307755067,-5.26939039213523,-6.1313575360098955,-6.98585456519016,-7.831840406671146,-8.668284357019134,-9.494167338124939,-10.308483138793648,-11.110239640657793,-11.898460026921018,-12.672183972458706,-13.43046881382629,-14.172390697749316,-14.897045706696566,-15.603550960164185,-16.291045690329618,-16.958692290764624,-17.6056773369296,-18.231212577206225,-18.83453589326053,-19.414912228566745,-19.97163448396045,-20.504024379129874,-21.01143327899616,-21.493242983975204,-21.948866483158525,-22.377748669495816,-22.77936701610725
8.476504208392292,7.658566035947831,6.83129708050025,5.995705241840726,5.152808559911569,4.303633974481515,3.449216073977527,2.590595834998425,1.7288193540450751,0.8649365730130056,7.587801441918457e-15,-0.8649365730129905,-1.728819354045038,-2.59059583499841,-3.449216073977512,-4.3036339744815,-5.152808559911597,-5.995705241840712,-6.831297080500233,-7.658566035947816,-8.476504208392255,-9.284115066164148,-10.080414659836253,-10.864432821014153,-11.63521434433723,-12.391820151249105,-13.133328434120289,-13.858835779328619,-14.567458267929833,-15.258332552576505,-15.930616909373812,-16.5834922633905,-17.21616318657536,-17.827858866864034,-18.417834047294562,-18.985369933988316,-19.529775071889574,-20.050386187196946,-20.546568995460444,-21.017718974359322,-21.463262100219342,-21.88265554737232,-22.27538834950551
8.260343929167252,7.463264089285095,6.657091411737868,5.842808093751757,5.0214062141189615,4.193886524502636,3.361257230174878,2.5245327616741577,1.6847325388777983,0.8428797289959483,7.394304071060627e-15,-0.8428797289959336,-1.6847325388777623,-2.524532761674143,-3.3612572301748633,-4.193886524502623,-5.021406214118989,-5.842808093751744,-6.657091411737851,-7.46326408928508,-8.260343929167218,-9.047359812380103,-9.823352881300588,-10.58737770790668,-11.338503445636203,-12.075814963479782,-12.798413960927096,-13.505420062407525,-14.195971889892387,-14.869228112351257,-15.52436847078423,-16.16059477758123,-16.777131888990507,-17.373228649512107,-17.948158807064992,-18.501221897813394,-19.031744099574098,-19.539079052764887,-20.02260864789428,-20.481743778632662,-20.91592505954753,-21.324623507628605,-21.707341186772073
8.023615579477399,7.2493787830186625,6.4663097351940335,5.675362485015729,4.8775006798719645,4.0736963914712,3.264928931522233,2.4521836585939734,1.6364507776076542,0.8187241334247167,7.182395049492367e-15,-0.8187241334247024,-1.636450777607619,-2.4521836585939596,-3.264928931522219,-4.073696391471186,-4.877500679871991,-5.6753624850157145,-6.466309735194018,-7.249378783018648,-8.023615579477367,-8.788076836295723,-9.541831175188554,-10.283960262600798,-11.013559928555704,-11.729741268246514,-12.431631725030135,-13.118376153502842,-13.78913786136344,-14.443099628793826,-15.079464704115473,-15.697457774508653,-16.296325910611575,-16.87533948384899,-17.4337930553721,-17.971006235527202,-18.486324512805634,-18.979120051265188,-19.448792455451596,-19.894769501887875,-20.3165078362404,-20.713493635312588,-21.085243233059245
7.751154497925171,7.0032087659935325,6.246730702942164,5.482641960764361,4.7118734638935775,3.9353642750155466,3.1540604509647867,2.368913890100312,1.5808811725639629,0.7909223948349,6.938499625548398e-15,-0.7909223948348862,-1.5808811725639287,-2.3689138901002984,-3.154060450964773,-3.935364275015534,-4.711873463893603,-5.4826419607643455,-6.246730702942149,-7.003208765993519,-7.7511544979251354,-8.489656642074852,-9.217815447337594,-9.93474376437334,-10.639568126462157,-11.331429813688715,-12.00948589916028,-12.672910275983176,-13.32089466374696,-13.952649593289498,-14.567405368543518,-15.164413004292774,-15.742945138695026,-16.302296919460574,-16.841786862606092,-17.360757682737923,-17.85857709385307,-18.334638579682252,-18.78836213263666,-19.219194960457795,-19.626612159709627,-20.01011735529269,-20.36924330520062
