hough_viz/data/file_2_0_2.json
{"header": {"discipline": 0, "disciplineName": "Meteorological products", "gribEdition": 2, "gribLength": 133963, "center": 7, "centerName": "US National Weather Service - NCEP(WMC)", "subcenter": 0, "refTime": "2014-11-30T06:00:00.000Z", "significanceOfRT": 1, "significanceOfRTName": "Start of forecast", "productStatus": 0, "productStatusName": "Operational products", "productType": 1, "productTypeName": "Forecast products", "productDefinitionTemplate": 0, "productDefinitionTemplateName": "Analysis/forecast at horizontal level/layer at a point in time", "parameterCategory": 2, "parameterCategoryName": "Momentum", "parameterNumber": 3, "parameterNumberName": "V-component_of_wind", "parameterUnit": "m.s-1", "genProcessType": 2, "genProcessTypeName": "Forecast", "forecastTime": 6, "surface1Type": 100, "surface1TypeName": "Isobaric surface", "surface1Value": 85000, "surface2Type": 255, "surface2TypeName": "Missing", "surface2Value": 0, "gridDefinitionTemplate": 0, "gridDefinitionTemplateName": "Latitude_Longitude", "numberPoints": 65160, "shape": 6, "shapeName": "Earth spherical with radius of 6,371,229.0 m", "gridUnits": "degrees", "resolution": 48, "winds": "true", "scanMode": 0, "nx": 360, "ny": 181, "basicAngle": 0, "subDivisions": 0, "lo1": 0, "la1": 90, "lo2": 359, "la2": -90, "dx": 1, "dy": 1}, "data":
[rows 0 to 18 of 181, columns 88 to 131 of 360]
5.923315432802113e-07,2.963462977985687e-07,1.039899079724396e-21,-2.963462977974295e-07,-5.923315432802113e-07,-8.875951240163926e-07,-1.1817773068245024e-06,-1.4745196760203845e-06,-1.7654655701215834e-06,-2.0542605163781734e-06,-2.3405526626174075e-06,-2.623993205980679e-06,-2.9042368178237337e-06,-3.180942064465707e-06,-3.453771823171839e-06,-3.7223936929415306e-06,-3.986480399400005e-06,-4.245710193529293e-06,-4.4997672438102e-06,-4.748342020845692e-06,-4.991131674529492e-06,-5.2278404031219485e-06,-5.458179813431186e-06,-5.681869272445862e-06,-5.898636248961368e-06,-6.108216645819193e-06,-6.310355121611159e-06,-6.504805401720938e-06,-6.69133057841122e-06,-6.869703399555539e-06,-7.0397065452492395e-06,-7.201132892919278e-06,-7.353785769401822e-06,-7.497479190753161e-06,-7.63203808851806e-06,-7.757298523530923e-06,-7.873107885244836e-06,-7.979325077718539e-06,-8.075820691714514e-06,-8.162477162179139e-06,-8.239188911578777e-06,-8.305862478435654e-06,-8.362416631245805e-06,-8.408782467560314e-06
0.006997162487420836,0.003500713783961448,1.2284239990063277e-17,-0.0035007137839614673,-0.0069971624874207656,-0.010485086226219442,-0.013960235502555235,-0.017418376382340547,-0.020855295653599133,-0.02426680595961587,-0.02764875090058572,-0.030997010097546834,-0.03430750421242738,-0.037576199918091024,-0.040799114812324316,-0.04397232226978068,-0.04709195622596836,-0.050154215887454424,-0.053155370362546306,-0.05609176320680859,-0.058959816877877116,-0.06175603709414348,-0.06447701709199896,-0.06711944177645092,-0.0696800917600557,-0.07215584728524611,-0.0745436920252757,-0.07684071675914805,-0.0790441229160544,-0.08115122598500124,-0.08315945878547341,-0.0850663745951482,-0.08686965013084923,-0.08856708837910968,-0.09015662127289424,-0.0916363122112207,-0.09300435841860959,-0.09425909314148856,-0.09539898767887489,-0.09642265324486203,-0.09732884266064143,-0.0981164518739977,-0.09878452130442636,-0.09933223701223455
0.01399373264329839,0.0070011312216250975,2.456744008104683e-17,-0.0070011312216251365,-0.013993732643298248,-0.020969284857314863,-0.02791928922780364,-0.03483527824500507,-0.04170882584162813,-0.048531557658715356,-0.0552951612485088,-0.061991396201887684,-0.06861210418803694,-0.07514921889411759,-0.08159477585282544,-0.08794092214586843,-0.09417992597153735,-0.10030418606471532,-0.10630624095784882,-0.11217877807159633,-0.11791464262407969,-0.12350684634788384,-0.12894857600418444,-0.1342332016836294,-0.13935428488386242,-0.14430558635384638,-0.14908107369542983,-0.15367492871289437,-0.15808155450153033,-0.1622955822666029,-0.1663118778644016,-0.17012554805740343,-0.17373194647592902,-0.1771266792790286,-0.18030561050769994,-0.18326486712391787,-0.18600084372933395,-0.1885102069578994,-0.19078989953705805,-0.19283714401256188,-0.19464944613237126,-0.196224597885517,-0.19756068019222142,-0.19865606524200152
0.020989805477882113,0.01050129984707215,3.68497670732369e-17,-0.010501299847072208,-0.0209898054778819,-0.03145273826394861,-0.04187735073336373,-0.052250942101621504,-0.06256087374556894,-0.07279458460162137,-0.08293960646948288,-0.09298357920272846,-0.1029142657677376,-0.11271956715263627,-0.12238753710807761,-0.13190639670190774,-0.1412645486699795,-0.15045059154563237,-0.1594533335506238,-0.16826180623058706,-0.1768652778184026,-0.18525326630920386,-0.19341555223108572,-0.20134219109595575,-0.20902352551536232,-0.21645019696653414,-0.22361315719429928,-0.2305036792349894,-0.2371133680489017,-0.24343417074836063,-0.24945838640892215,-0.2551786754517631,-0.2605880685858277,-0.26567997529883536,-0.27044819188680425,-0.2748869090123095,-0.27899071878226533,-0.28275462133661095,-0.2861740309398683,-0.28924478156815575,-0.29196313198484525,-0.2943257702986841,-0.29632981799882335,-0.2979728334618403
0.027985050506072986,0.014001054317030444,4.913064076597688e-17,-0.014001054317030524,-0.027985050506072705,-0.04193495122183998,-0.055833760659127665,-0.06966454525958354,-0.083410454342641,-0.09705474063547767,-0.1105807806769867,-0.12397209507090447,-0.13721236856341534,-0.150285469920777,-0.16317547158274195,-0.17586666906783802,-0.18834360010685874,-0.2005910634812566,-0.21259413754348713,-0.22433819839673746,-0.23580893771189176,-0.24699238016002623,-0.2578749004391956,-0.2684432398747629,-0.278684522573054,-0.28858627110864954,-0.2981364217262066,-0.30732333903828546,-0.31613583020127767,-0.32456315855216095,-0.3325950566894703,-0.3402217389825448,-0.34743391349381025,-0.35422279329957534,-0.3605801071955433,-0.3664981097740011,-0.3719695908604052,-0.37698788429786895,-0.38154687606884774,-0.38564101174412735,-0.3892653032500407,-0.3924153349456672,-0.395087269002611,-0.3972778500808034
0.034978204266754194,0.017499762515873818,6.140784302304302e-17,-0.017499762515873915,-0.03497820426675385,-0.052414030463714296,-0.06978599823831738,-0.08707294252377581,-0.10425380184132739,-0.12130764396040265,-0.1382136914013222,-0.15495134674945651,-0.17150021775000143,-0.18784014215280156,-0.2039512122769441,-0.21981379926520322,-0.23540857699877799,-0.250716545643191,-0.2657190547966609,-0.28039782621274384,-0.2947349760695606,-0.3087130367584791,-0.32231497816570565,-0.33552422842085344,-0.3483246940872157,-0.36070077976913845,-0.37263740711260845,-0.38412003317590404,-0.39513466814792997,-0.4056678923926473,-0.4157068727988325,-0.4252393784152474,-0.43425379535216807,-0.44273914093112154,-0.4506850770655867,-0.45808192285636185,-0.4649206663862474,-0.4711929756996798,-0.4768912089539361,-0.4820084237295414,-0.48653838548853795,-0.49047557517030976,-0.4938151959157071,-0.496553178911281
0.04196960415765968,0.020997593245298665,7.368196618093499e-17,-0.020997593245298783,-0.041969604157659254,-0.06289048157227584,-0.08373473662263288,-0.10447697379476237,-0.1250919218677668,-0.145554464702909,-0.1658396718437572,-0.1859228288901072,-0.20577946760867036,-0.22538539574384966,-0.24471672649227363,-0.2637499076051889,-0.28246175008324625,-0.30082945642872405,-0.3188306484207687,-0.33644339437980925,-0.35364623588793015,-0.3704182139326478,-0.3867388944422408,-0.4025883931815156,-0.41794739997768676,-0.4327972022468464,-0.44711970779236687,-0.46089746684745336,-0.4741136933349987,-0.48675228531883097,-0.4987978446214439,-0.5102356955843037,-0.5210519029478776,-0.5312332888296026,-0.5407674487791037,-0.5496427668911071,-0.5578484299576314,-0.5653744406422158,-0.572211629660134,-0.5783516669497557,-0.5837870718214441,-0.5885112220716225,-0.5925183620509114,-0.5958036096764979
0.04895871681271867,0.02449427965971447,8.595207386053808e-17,-0.02449427965971461,-0.04895871681271818,-0.07336350531079795,-0.09767891167843852,-0.12187531133848145,-0.1459232247051107,-0.16979335310018676,-0.1934566144491712,-0.21688417871315668,-0.2400475030138262,-0.262918366408557,-0.2854689042732882,-0.30767164225127647,-0.3294995297263652,-0.35092597277999366,-0.3719248665917917,-0.39247062724428167,-0.41253822289294007,-0.432103204263645,-0.45114173444035127,-0.4696306179066986,-0.4875473288061776,-0.5048700383864148,-0.5215776415941462,-0.5376497827884715,-0.5530668805410696,-0.56781015149315,-0.5818616332400849,-0.5952042062158305,-0.6078216145504816,-0.6196984858755454,-0.6308203500528035,-0.6411736568039484,-0.6507457922195079,-0.6595250941269529,-0.6675008662992572,-0.674663391486602,-0.6810039432553489,-0.686514796619855,-0.6911892374541776,-0.6950215706722025
0.05594271243774708,0.027988405999586758,9.821319806647667e-17,-0.02798840599958691,-0.05594271243774652,-0.08382886129811534,-0.11161287760383895,-0.1392609108108477,-0.16673927604953198,-0.19401449516456673,-0.22105333750288544,-0.2478228604001136,-0.27429044931612867,-0.3004238575708572,-0.3261912456318829,-0.3515612199060161,-0.37650287098754864,-0.4009858113166038,-0.4249802122016987,-0.44845684016140924,-0.47138709254086386,-0.4937430323596722,-0.5154974223488347,-0.5366237581351555,-0.5570963005327418,-0.5768901069022353,-0.5959810615395774,-0.6143459050572785,-0.6319622627223995,-0.648808671716717,-0.6648646072858622,-0.6801105077455711,-0.6945277983145848,-0.7080989137451582,-0.7208073197236089,-0.7326375330148327,-0.7435751403262383,-0.7536068158681261,-0.7627203375891096,-0.7709046020668026,-0.7781496380356274,-0.7844466185352689,-0.7897878716649634,-0.7941668899305299
0.0629227906549576,0.03148057244163329,1.1046744485919801e-16,-0.031480572441633464,-0.06292279065495697,-0.09428834714038067,-0.12553902779882073,-0.15663675848969225,-0.18754365141838672,-0.21822205129671315,-0.24863458122006468,-0.2787441882054212,-0.3085141883346992,-0.33790831144845934,-0.3668907453355044,-0.3954261793645454,-0.4234798475047646,-0.4510175706828686,-0.4780057984250262,-0.5044116497329519,-0.5302029531443363,-0.555348285928818,-0.5798170123717418,-0.603579321099054,-0.6266062613978742,-0.6488697784884759,-0.670342747704717,-0.6909990075412644,-0.7108133915273606,-0.7297617588882893,-0.7478210239571942,-0.7649691843014057,-0.7811853475290154,-0.7964497567430393,-0.8107438146121516,-0.8240501060286703,-0.8363524193261809,-0.8476357660309566,-0.8578863991231042,-0.8670918297851896,-0.875240842617939,-0.8823235093044749,-0.8883312007064409,-0.8932565973772779
0.0698979946497298,0.034970300286933424,1.2271313445201087e-16,-0.03497030028693361,-0.06989799464972911,-0.10474052907300503,-0.1394554532956476,-0.17400047252991477,-0.20833349899112197,-0.24241270317512426,-0.2761965648211221,-0.3096439234977051,-0.34271402875049534,-0.3753665897503026,-0.4075618243812894,-0.4392605077093543,-0.4704240197716701,-0.5010143926291588,-0.5309943566245794,-0.5603273857898636,-0.5889777423473802,-0.6169105202509124,-0.6440916877133002,-0.6704881286689279,-0.6960676831205512,-0.7207991863212988,-0.7446525067441174,-0.7675985827923937,-0.7896094582070347,-0.8106583161268633,-0.830719511760832,-0.8497686036322519,-0.8677823833569644,-0.8847389039191857,-0.9006175064105618,-0.9153988451998689,-0.929064911502682,-0.9415990553223081,-0.9529860057352396,-0.9632118894964236,-0.9722642479416734,-0.9801320521666326,-0.9868057164637958,-0.9922771100012155
0.0768626548563828,0.03845475302472099,1.3494031333796313e-16,-0.0384547530247212,-0.07686265485638205,-0.11517691138288522,-0.15335084258451195,-0.19133793940633542,-0.22909192042234197,-0.2665667882222194,-0.30371688545211406,-0.3404969504410855,-0.3768621723454781,-0.41276824574403553,-0.4481714246172276,-0.4830285756450396,-0.5172972307582768,-0.5509356388793645,-0.5839028167896068,-0.6161585990609252,-0.6476636869912441,-0.6783796964839067,-0.7082692048127861,-0.7372957962161083,-0.7654241062634517,-0.7926198649418581,-0.8188499384085638,-0.844082369359482,-0.8682864159642575,-0.8914325893204494,-0.9134926893812182,-0.9344398393127382,-0.954248518239478,-0.9728945923374598,-0.9903553442376011,-1.0066095007033353,-1.0216372585487694,-1.0354203087658171,-1.047941858830906,-1.0591866531640781,-1.069140991715566,-1.0777927466571933,-1.0851313771582642,-1.0911479422279429
0.08381970959205454,0.041935400709082166,1.4715414003566201e-16,-0.0419354007090824,-0.08381970959205369,-0.12560189707032407,-0.16723105798450386,-0.2086564736144987,-0.2498276734724596,-0.29069449679329784,-0.331207153647848,-0.37131628560422975,-0.4109730258634907,-0.45012905879627924,-0.4887366788079902,-0.5267488484606881,-0.5641192557809772,-0.6008023706840065,-0.6367535004448677,-0.6719288441497947,-0.7062855460608293,-0.7397817478289364,-0.7723766394919571,-0.8040305091952573,-0.8347047915745087,-0.8643621147416426,-0.8929663458167411,-0.9204826349503827,-0.9468774577828178,-0.9721186562882357,-0.9961754779543656,-1.0190186132496777,-1.040620231332529,-1.0609540139587603,-1.07999518754642,-1.0977205533585606,-1.1141085157673214,-1.1291391085648812,-1.1427940192892012,-1.1550566115349412,-1.165911945222357,-1.1753467947994867,-1.1833496653554483,-1.1899108066252162
0.09076765844875645,0.04541149267874014,1.5935198042422674e-16,-0.0454114926787404,-0.09076765844875555,-0.13601323780863742,-0.18109310598948317,-0.2259523401159347,-0.27053628612124425,-0.3147906253348359,-0.3586614406612355,-0.4020952822697499,-0.4450392327148474,-0.4874409714079209,-0.5292488383618591,-0.5704118971307878,-0.61087999686828,-0.6506038334284379,-0.6895350094354004,-0.727626093248092,-0.7648306767483685,-0.8011034318821608,-0.8364001658847295,-0.870677875122736,-0.9038947974875509,-0.9360104632759464,-0.9669857444961993,-0.9967829025395195,-1.0253656341587307,-1.0526991156981869,-1.0787500455210328,-1.1034866845821178,-1.1268788950971322,-1.1488981772608584,-1.169517703969789,-1.1887123535068251,-1.2064587401482136,-1.222735242655454,-1.2375220306174446,-1.2508010886107832,-1.2625562381487867,-1.2727731573924854,-1.2814393985995771,-1.2885444032900826
0.09769621331483354,0.048877881742337495,1.7151577266318394e-16,-0.048877881742337766,-0.09769621331483257,-0.1463955171003519,-0.1949164604987857,-0.24319992821468023,-0.29118709428012163,-0.33881949372511666,-0.3860390938081497,-0.432788364720142,-0.4790103496756586,-0.524648734305984,-0.5696479152694991,-0.6139530679957935,-0.6575102134809558,-0.7002662840526751,-0.7421691880250278,-0.7831678731641719,-0.8232123888876283,-0.8622539471213722,-0.9002449817405881,-0.9371392065216617,-0.972891671534817,-1.00745881790868,-1.0407985309000567,-1.0728701912042546,-1.1036347244434546,-1.1330546487728164,-1.1610941205463374,-1.1877189779868118,-1.212896782806692,-1.23659685972915,-1.258790333861171,-1.2794501658731692,-1.29855118494224,-1.3160701194189346,-1.3319856251801794,-1.3462783116337982,-1.3589307653429672,-1.369927571241803,-1.3792553314162466,-1.3869026814273568
0.10461144131778162,0.05233760331271362,1.8365616822023098e-16,-0.052337603312713914,-0.10461144131778058,-0.15675782639575941,-0.20871322620896776,-0.2604143411058477,-0.31179818124184366,-0.362802143322825,-0.41336408687755344,-0.4634224099662787,-0.5129161242332086,-0.5617849292114332,-0.6099692857897476,-0.6574104887518931,-0.7040507382998182,-0.7498332104738265,-0.7947021263838236,-0.8386028201673008,-0.881481805591266,-0.9232868412169809,-0.9639669940481088,-1.0034727015847216,-1.041755832207573,-1.0787697438190635,-1.1144693406694515,-1.1488111282990754,-1.1817532665296555,-1.2132556204401044,-1.2432798092647488,-1.271789253154378,-1.298749217743154,-1.3241268564670918,-1.3478912505825305,-1.370013446835865,-1.3904664927386228,-1.4092254694049227,-1.4262675219112957,-1.4415718871418897,-1.4551199190851267,-1.4668951115509998,-1.476883118281318,-1.4850717704284149
0.11151125762046356,0.055789614335899664,1.9576950694887588e-16,-0.055789614335899976,-0.11151125762046246,-0.16709704161460753,-0.22247924360287208,-0.27759038890310606,-0.3323633330739824,-0.38673134372015555,-0.44062818179540236,-0.4939881823047005,-0.5467463343069052,-0.598838360120574,-0.6502007936364135,-0.7007710576409616,-0.7504875400572815,-0.7992896690097842,-0.8471179866217332,-0.8939142214555065,-0.9396213595073661,-0.9841837136702407,-1.0275469915798885,-1.0696583617617756,-1.110466517998096,-1.1499217418364887,-1.1879759631643199,-1.2245828187747043,-1.2596977088529346,-1.293277851314484,-1.3252823339283877,-1.3556721641624943,-1.3844103166898567,-1.4114617784983947,-1.4367935915488512,-1.4603748929290925,-1.4821769524558066,-1.50217320767781,-1.5203392962383029,-1.5366530855566456,-1.5510946997934985,-1.5636465440664755,-1.5742933258867937,-1.5830220737908158
0.11837840817981225,0.059225282531810274,2.0782549759802703e-16,-0.0592252825318106,-0.11837840817981107,-0.17738730797224112,-0.2361800886543278,-0.2946851202791422,-0.35283112347765866,-0.4105472563016865,-0.46776320053386755,-0.5244092473595963,-0.580416382296468,-0.6357163692778021,-0.6902418337877702,-0.7439263449468722,-0.7967044964477259,-0.8485119862425773,-0.8992856948854433,-0.9489637624334339,-0.9974856638135611,-1.0447922825632185,-1.0908259828544875,-1.1355306797145095,-1.1788519073563917,-1.220736885537375,-1.2611345838634336,-1.2999957839619458,-1.3372731394466995,-1.372921233602173,-1.4068966347168055,-1.4391579489978497,-1.4696658710033275,-1.4983832315296608,-1.5252750428966177,-1.5503085415744149,-1.573453228101027,-1.5946809042410874,-1.6139657073410931,-1.6312841418390627,-1.6466151078902596,-1.6599399270741053,-1.671242365150956,-1.6805086518410215
0.12522401723763305,0.06265017341170721,2.1984366992082212e-16,-0.06265017341170755,-0.12522401723763182,-0.18764529488783394,-0.2498379556507579,-0.3117262273493074,-0.37323470865757535,-0.4342884609657443,-0.49481309968123566,-0.5547348848548811,-0.6139808110216878,-0.6724786961467591,-0.7301572695679768,-0.7869462588283319,-0.8427764752920842,-0.8975798984404562,-0.9512897587441623,-1.003840619011793,-1.0551684541149515,-1.1052107289930106,-1.1539064748424548,-1.2011963633979694,-1.2470227792147992,-1.2913298898642882,-1.3340637139570992,-1.375172186911216,-1.4146052243846174,-1.4523147832953363,-1.4882549203545523,-1.5223818480414135,-1.5546539879513823,-1.5850320214531217,-1.6134789375921856,-1.6399600781831714,-1.664443180035375,-1.6868984142605226,-1.7072984226146757,-1.7256183508300338,-1.7418358788960349,-1.7559312482528497,-1.7678872858641426,-1.7776894251397706
