hough_viz/data/file_3_2_0.json
{"header": {"discipline": 0, "disciplineName": "Meteorological products", "gribEdition": 2, "gribLength": 133963, "center": 7, "centerName": "US National Weather Service - NCEP(WMC)", "subcenter": 0, "refTime": "2014-11-30T06:00:00.000Z", "significanceOfRT": 1, "significanceOfRTName": "Start of forecast", "productStatus": 0, "productStatusName": "Operational products", "productType": 1, "productTypeName": "Forecast products", "productDefinitionTemplate": 0, "productDefinitionTemplateName": "Analysis/forecast at horizontal level/layer at a point in time", "parameterCategory": 2, "parameterCategoryName": "Momentum", "parameterNumber": 3, "parameterNumberName": "V-component_of_wind", "parameterUnit": "m.s-1", "genProcessType": 2, "genProcessTypeName": "Forecast", "forecastTime": 6, "surface1Type": 100, "surface1TypeName": "Isobaric surface", "surface1Value": 85000, "surface2Type": 255, "surface2TypeName": "Missing", "surface2Value": 0, "gridDefinitionTemplate": 0, "gridDefinitionTemplateName": "Latitude_Longitude", "numberPoints": 65160, "shape": 6, "shapeName": "Earth spherical with radius of 6,371,229.0 m", "gridUnits": "degrees", "resolution": 48, "winds": "true", "scanMode": 0, "nx": 360, "ny": 181, "basicAngle": 0, "subDivisions": 0, "lo1": 0, "la1": 90, "lo2": 359, "la2": -90, "dx": 1, "dy": 1}, "data":
[rows 120 to 139 of 181, columns 45 to 89 of 360]
-8.451411632384719,-7.997516557084152,-7.521700844801181,-7.02526867332962,-6.509580728744899,-5.976050475858102,-5.426140284007155,-4.86135741880413,-4.283249910824968,-3.6934023125652917,-3.093431355292121,-2.4849815176958665,-1.8697205184885606,-1.249334745302757,-0.6255246324202663,-1.4637102173605286e-15,0.6255246324202636,1.2493347453027486,1.8697205184885577,2.484981517695864,3.0934313552921133,3.693402312565294,4.283249910824971,4.861357418804122,5.426140284007148,5.976050475858105,6.509580728744902,7.0252686733296175,7.521700844801179,7.997516557084152,8.451411632384719,8.882141975851335,9.288526985552272,9.669452788423392,10.023875293316875,10.350823052782397,10.64939992573714,10.91878753372615,11.158247504040826,11.367123493547206,11.544842987676837,11.69091886964944,11.804950755626145,11.886626092133746,11.935721012752055
-7.205513245418517,-6.818530914020037,-6.412859463336504,-5.989610810616357,-5.549945050997052,-5.09506727776492,-4.626224279278219,-4.144701121606921,-3.651817626255938,-3.1489247526261233,-2.637400895128436,-2.118648105100685,-1.5940882478822824,-1.0651591055801501,-0.5333104362079194,-1.2479315666310457e-15,0.5333104362079168,1.065159105580143,1.5940882478822802,2.118648105100683,2.637400895128429,3.1489247526261255,3.6518176262559408,4.144701121606915,4.626224279278212,5.0950672777649215,5.549945050997056,5.989610810616355,6.412859463336503,6.818530914020037,7.2055132454185165,7.572745765860386,7.919221916533145,8.243992030391043,8.546165935126504,8.824915393070489,9.079476371334422,9.30915113597119,9.51331016441542,9.691393870961074,9.842914140546949,9.967455666646158,10.06467708959244,10.134311932223277,10.176169330275272
-5.912934795182705,-5.595372226839375,-5.2624731321518325,-4.915149964399083,-4.5543547122418,-4.181076290387579,-3.7963378290444565,-3.4011938695921295,-2.9967274741573338,-2.5840472570158504,-2.164284345957809,-1.7385892819450528,-1.308128865558349,-0.8740829588780723,-0.4376412515642683,-1.0240683392028077e-15,0.4376412515642663,0.8740829588780664,1.3081288655583472,1.7385892819450508,2.164284345957803,2.584047257015852,2.9967274741573364,3.4011938695921247,3.796337829044451,4.18107629038758,4.5543547122418016,4.915149964399082,5.262473132151832,5.595372226839374,5.912934795182704,6.214290420255496,6.4986131072364035,6.765123547403428,7.013091254164996,7.241836565272892,7.450732505729263,7.6392065062815,7.806741972794749,7.9528797022005495,8.07721914114051,8.179419483855222,8.259200606309166,8.316343833991212,8.350692541286257
-4.573218822674025,-4.327607605024948,-4.0701347157388135,-3.801505870108432,-3.5224573611275165,-3.233754041362762,-2.9361872265461195,-2.630572526633386,-2.3177476102740022,-1.998569908819521,-1.6739142661638569,-1.3446705408569886,-1.0117411670645373,-0.6760386810584287,-0.33848322001840847,-7.920413071969449e-16,0.33848322001840686,0.6760386810584242,1.0117411670645358,1.3446705408569868,1.6739142661638526,1.9985699088195226,2.317747610274003,2.630572526633382,2.936187226546116,3.2337540413627632,3.522457361127518,3.801505870108431,4.070134715738813,4.327607605024947,4.573218822674024,4.806295165410695,5.026197787180459,5.232323950182282,5.424108676931036,5.60102629882149,5.762591896949444,5.90836263124071,6.037938954244995,6.150965706267684,6.247133088837881,6.326177513844468,6.387882326012814,6.432078396741816,6.458644587673636
-3.215126160220873,-3.0424532395217674,-2.861441165971464,-2.672586081081568,-2.476405623512608,-2.2734375102624456,-2.0642380628213584,-1.8493806823335055,-1.6294542779442507,-1.40506165264113,-1.1768178510127585,-0.9453484734543642,-0.7112879614406008,-0.4752778585655486,-0.23796505211632496,-5.568315940008865e-16,0.23796505211632388,0.4752778585655454,0.7112879614405998,0.9453484734543632,1.1768178510127552,1.405061652641131,1.6294542779442511,1.849380682333503,2.0642380628213557,2.273437510262446,2.4764056235126084,2.672586081081567,2.8614411659714634,3.0424532395217674,3.215126160220873,3.378986643595493,3.533585559450502,3.678499162903575,3.813330255840473,3.937709275607446,4.0512953079567975,4.153777021469123,4.244873520891101,4.324335117049858,4.3919440112336305,4.447514892162896,4.490895443915713,4.521966763415072,4.540643686333967
-1.837982784188607,-1.739271306092606,-1.635792606241872,-1.5278303125599777,-1.4156803421895392,-1.2996500904038946,-1.1800575880580229,-1.0572306298880814,-0.9315058760488156,-0.8032279293514807,-0.6727483907314823,-0.5404248955346549,-0.40662013326364216,-0.2717008534711727,-0.1360368605250324,-3.1832246464493954e-16,0.13603686052503172,0.27170085347117096,0.40662013326364166,0.5404248955346544,0.6727483907314806,0.8032279293514812,0.9315058760488161,1.0572306298880796,1.1800575880580215,1.2996500904038948,1.4156803421895399,1.5278303125599773,1.6357926062418717,1.7392713060926057,1.8379827841886065,1.9316564792297632,2.0200356381291487,2.1028780197553747,2.1799565588987124,2.2510599886410296,2.3159934194237444,2.3745788732265476,2.42665577139279,2.4720813747644184,2.510731174920089,2.5424992354440863,2.5672984822906866,2.5850609424480586,2.5957379302475623
-0.4525477717269344,-0.42824305035494514,-0.4027645445487424,-0.37618208912175155,-0.3485685447365744,-0.319999598198977,-0.2905535550056155,-0.2603111247141138,-0.22935519972377472,-0.19777062807327747,-0.16564398087809928,-0.1330633150451058,-0.10011793191469166,-0.06689813249201144,-0.033494969938202515,-7.837729673256327e-17,0.033494969938202356,0.06689813249201101,0.10011793191469154,0.1330633150451057,0.16564398087809884,0.1977706280732776,0.2293551997237748,0.2603111247141134,0.29055355500561525,0.3199995981989771,0.3485685447365745,0.37618208912175144,0.4027645445487422,0.428243050354945,0.4525477717269344,0.47561209111283004,0.4973727908163771,0.5177702262722543,0.5367484895276871,0.5542555624822542,0.5702434594658897,0.5846683587642658,0.5974907227310683,0.6086754061579359,0.6181917526050336,0.6260136784282224,0.6321197442725169,0.636493213835865,0.6391220997421901
0.9288899242405484,0.8790025704529856,0.8267059317185307,0.7721433494888598,0.7154643760092657,0.65682436440635,0.5963840428758982,0.5343090741380702,0.47076960136739754,0.4059397818421711,0.3399973095914437,0.27312292834804863,0.20549993614259424,0.13731368289629836,0.06875106238974023,1.6087557109444627e-16,-0.0687510623897399,-0.13731368289629745,-0.2054999361425939,-0.2731229283480484,-0.3399973095914428,-0.4059397818421714,-0.4707696013673978,-0.5343090741380695,-0.5963840428758975,-0.6568243644063502,-0.715464376009266,-0.7721433494888594,-0.8267059317185306,-0.8790025704529856,-0.9288899242405482,-0.9762312553121145,-1.0208968043698738,-1.0627641462485211,-1.1017185254741317,-1.137653170800933,-1.1704695878638718,-1.200077829144819,-1.2263967405124672,-1.2493541836601636,-1.2688872338319919,-1.2849423522951564,-1.2974755330859278,-1.3064524236269297,-1.311848418885164
2.302985278877538,2.17930018080863,2.049641772425424,1.914365438412852,1.7738419617994994,1.628456507667099,1.4786075674398074,1.3247058666469151,1.1671732391527179,1.0064414709392215,0.8429511166107697,0.6771502918645,0.509493445236371,0.34044011248930417,0.1704536570576048,3.988568099330381e-16,-0.170453657057604,-0.34044011248930195,-0.5094934452363702,-0.6771502918644994,-0.8429511166107677,-1.0064414709392224,-1.1671732391527185,-1.324705866646913,-1.4786075674398054,-1.6284565076670996,-1.7738419617995,-1.914365438412851,-2.049641772425424,-2.1793001808086294,-2.3029852788775376,-2.420358054375586,-2.5310967966836193,-2.6348979786063205,-2.731477088319176,-2.820569409195593,-2.901930745376781,-2.975338091095624,-3.040590241919988,-3.097508346240087,-3.1459363954883064,-3.185741651747851,-3.2168150115781415,-3.2390713050597664,-3.252449529239307
3.6470714958788952,3.4512003369230033,3.2458696777336002,3.031642315375163,2.8091054321571556,2.5788689862081315,2.341564039622897,2.0978410287651768,1.8483679814667509,1.5938286860096098,1.3349208169097901,1.072354022640027,0.8068479805326239,0.5391304241938963,0.26993514883694736,6.316407298760338e-16,-0.269935148836946,-0.5391304241938928,-0.8068479805326227,-1.0723540226400257,-1.3349208169097868,-1.5938286860096111,-1.848367981466752,-2.0978410287651736,-2.341564039622894,-2.5788689862081324,-2.809105432157157,-3.0316423153751626,-3.2458696777336,-3.451200336923003,-3.6470714958788943,-3.8329462853694123,-4.008315235516567,-4.172697672217741,-4.325643034640028,-4.466732110176126,-4.5955781834769756,-4.711828096411637,-4.815163216049188,-4.905300308009441,-4.981992312788684,-5.045029022932612,-5.09423765920035,-5.129483344140339,-5.150669471780053
4.966329638924418,4.69960584608616,4.420000760289377,4.128280759639125,3.8252454283799766,3.5117253652911935,3.1885799070731835,2.856694772965359,2.5169796370512514,2.1703656349050986,1.8178028114139377,1.4602575167706109,1.0987097577750753,0.7341505117038569,0.36757901011023153,8.601246456176862e-16,-0.36757901011022986,-0.7341505117038521,-1.098709757775074,-1.4602575167706096,-1.8178028114139324,-2.1703656349051004,-2.5169796370512523,-2.8566947729653545,-3.18857990707318,-3.511725365291195,-3.8252454283799793,-4.128280759639123,-4.420000760289376,-4.699605846086159,-4.966329638924417,-5.2194410674277245,-5.458246370764116,-5.682091000196292,-5.890361413154235,-6.082486754912722,-6.257940423264465,-6.4162415119001475,-6.556956128539189,-6.679698584198337,-6.784132450338355,-6.869971480991258,-6.936980397340626,-6.984975532604482,-7.013825335453163
6.254862653735355,5.918936363701982,5.566786680515923,5.199378821981165,4.817719827499746,4.422855797846754,4.0158690278808,3.5978750400490602,3.1700195268177693,2.7334752104088293,2.2894386284496915,1.8391268543468968,1.3837741613724819,0.9246286396067076,0.46294877500991616,1.083287239184668e-15,-0.4629487750099138,-0.9246286396067016,-1.38377416137248,-1.8391268543468953,-2.2894386284496857,-2.7334752104088307,-3.1700195268177707,-3.5978750400490545,-4.015869027880796,-4.422855797846756,-4.817719827499748,-5.199378821981163,-5.566786680515922,-5.918936363701982,-6.254862653735355,-6.573644800005013,-6.8744090428063105,-7.156331008255582,-7.418637967841698,-7.66061095642116,-7.881586742851613,-8.080959647862288,-8.258183204178788,-8.412771654351912,-8.544301282185046,-8.65241157411081,-8.73680620733369,-8.797253862030223,-8.833588855380547
7.478314551976632,7.076681038625565,6.655650834441693,6.216377953949232,5.760066413580128,5.287966931548713,4.801373499719997,4.30161983686793,3.790075733044931,3.2681432950825946,2.7372531035142926,2.198860291453383,1.6544405561745092,1.1054861143299148,0.5535016118873345,1.2951783553436365e-15,-0.5535016118873319,-1.1054861143299075,-1.6544405561745072,-2.198860291453381,-2.7372531035142855,-3.268143295082597,-3.7900757330449335,-4.301619836867923,-4.8013734997199915,-5.287966931548714,-5.760066413580129,-6.21637795394923,-6.655650834441691,-7.076681038625565,-7.47831455197663,-7.859450524951999,-8.219044290342188,-8.556110226631306,-8.869724459517162,-9.159027394186463,-9.423226071404494,-9.661596340961221,-9.873484846516693,-10.058310816405385,-10.21556765549092,-10.344824333708157,-10.44572656748662,-10.517997790817159,-10.561439913300125
8.659033328182815,8.193987634577585,7.7064827904230775,7.197855012611068,6.669498414526257,6.122861184878386,5.559441618317626,4.980784008713106,4.388474416350749,3.7841363206522978,3.1694261703310294,2.546028843180989,1.9156530279440906,1.2800265409130065,0.6408915901068286,1.4996684703369774e-15,-0.6408915901068256,-1.280026540912998,-1.9156530279440878,-2.546028843180986,-3.169426170331021,-3.7841363206523,-4.3884744163507525,-4.9807840087130995,-5.55944161831762,-6.1228611848783885,-6.6694984145262595,-7.197855012611066,-7.7064827904230775,-8.193987634577585,-8.659033328182812,-9.100345213317517,-9.516713684779766,-9.906997505530683,-10.270126934745898,-10.60510665990074,-10.911018524852723,-11.187024046443689,-11.432366712723852,-11.64637405649851,-11.82845949851384,-11.978123955229881,-12.094957206773824,-12.178639021324173,-12.228940032843884
9.790008752764296,9.264222416313507,8.713043490167808,8.137982717451782,7.540616299771462,6.922581576955285,6.285572539219423,5.631335184058349,4.961662730587075,4.278390704452215,3.5833919067837434,2.8785712809772885,2.165860691376718,1.4472136281682144,0.7245998529994817,1.6955434740109458e-15,-0.7245998529994782,-1.4472136281682053,-2.165860691376715,-2.8785712809772854,-3.5833919067837345,-4.278390704452217,-4.9616627305870775,-5.631335184058342,-6.285572539219416,-6.922581576955289,-7.540616299771465,-8.137982717451779,-8.713043490167806,-9.264222416313505,-9.790008752764294,-10.288961355718923,-10.759712630774466,-11.200972281407498,-11.611530845587241,-11.990263010826837,-12.336130698586722,-12.648185909575714,-12.925573322151175,-13.167532636696212,-13.37340065954804,-13.54261312076572,-13.674706220754876,-13.769317901510126,-13.826188838990888
10.826368378094337,10.244922874792042,9.635396750005803,8.99946067247601,8.338857698787796,7.655398495774108,6.950956377603727,6.227462171157388,5.486898923765486,4.731296467813219,3.962725857111061,3.183293690280252,2.395136336712424,1.6004140809295515,0.8013052013942633,1.875031852809445e-15,-0.8013052013942595,-1.6004140809295408,-2.3951363367124197,-3.183293690280249,-3.962725857111051,-4.731296467813222,-5.48689892376549,-6.227462171157378,-6.950956377603718,-7.65539849577411,-8.338857698787802,-8.999460672476008,-9.635396750005802,-10.244922874792042,-10.826368378094333,-11.37813955820391,-11.898724048669242,-12.386694963587328,-12.840714808598834,-13.259539146867109,-13.642020009993095,-13.987109044516876,-14.293860385381656,-14.561433248484168,-14.789094235205395,-14.976219342605258,-15.122295673771287,-15.226922843633393,-15.289814076391526
11.806074523953967,11.17201250944739,10.507328785209486,9.81384520312679,9.093462553494334,8.348155355081591,7.579966443113731,6.7910013700023075,5.983422634172415,5.159443752804871,4.3213231947394295,3.471358190168691,2.6118784340898564,1.7452397007726261,0.8738173867456944,2.044708346877101e-15,-0.8738173867456902,-1.7452397007726144,-2.611878434089853,-3.471358190168687,-4.321323194739418,-5.159443752804876,-5.983422634172419,-6.791001370002297,-7.579966443113723,-8.348155355081593,-9.093462553494337,-9.813845203126785,-10.507328785209486,-11.17201250944739,-11.806074523953967,-12.407776908820566,-12.97547043963409,-13.507599107886461,-14.002704385885822,-14.459429224479512,-14.876521772631516,-15.252838808659087,-15.587348873723938,-15.87913509898926,-16.127397718693395,-16.331456262252257,-16.4907514193819,-16.60484657312909,-16.673428996608067
12.7222604479637,12.038993366060543,11.322728240161187,10.575428303188732,9.79914185232624,8.995996634776533,8.168194015754963,7.31800294470041,6.447753736242575,5.559831682971574,4.6566705175167105,3.740745741854523,2.8145678421299705,1.8806754075883512,0.9416281724786689,2.203383696783889e-15,-0.9416281724786645,-1.880675407588339,-2.814567842129967,-3.74074574185452,-4.656670517516698,-5.559831682971578,-6.4477537362425785,-7.3180029447004005,-8.16819401575495,-8.995996634776537,-9.799141852326246,-10.575428303188728,-11.322728240161185,-12.038993366060543,-12.722260447963697,-13.370656698292464,-13.982404907994173,-14.555828317748105,-15.089355213846318,-15.581523236151595,-16.030983386324987,-16.436503725336458,-16.796972750124137,-17.111402440146993,-17.378930965480404,-17.598825049032115,-17.770481976403754,-17.893431247889136,-17.967335868081204
13.521617495564545,12.795419807143242,12.034150762429281,11.239896946959064,10.414835355232883,9.561227423724349,8.681412832440156,7.777803092019852,6.852874933952778,5.909163522029243,4.949255503632746,3.975781919919317,2.9914109943166096,1.9988408191089089,1.000791960153744,2.341825312076784e-15,-1.0007919601537392,-1.9988408191088956,-2.991410994316605,-3.9757819199193127,-4.949255503632734,-5.909163522029248,-6.852874933952782,-7.77780309201984,-8.681412832440147,-9.561227423724354,-10.414835355232889,-11.239896946959057,-12.034150762429277,-12.795419807143238,-13.521617495564543,-14.21075337030661,-14.860938557838036,-15.470390945753591,-16.03744006742053,-16.56053168061145,-17.038232027574274,-17.469231764862496,-17.852349552154642,-18.186535290225933,-18.470872999197287,-18.704583329172475,-18.887025696382054,-19.01770003897891,-19.09624818767304
14.255071086560443,13.489482230438956,12.686919641166247,11.849583087014066,10.979767649274802,10.079857431603173,9.15231902535382,8.199694748825868,7.224595678945173,6.229694494483982,5.217718150434168,4.191440403613145,3.1536742099892785,2.107264014565038,1.0550779549509914,2.468853027894898e-15,-1.0550779549509863,-2.107264014565024,-3.153674209989274,-4.191440403613141,-5.217718150434154,-6.2296944944839865,-7.224595678945177,-8.199694748825857,-9.152319025353808,-10.079857431603177,-10.979767649274807,-11.84958308701406,-12.686919641166243,-13.489482230438954,-14.25507108656044,-14.98158778369151,-15.667040990064889,-16.309551926087153,-16.907359513943078,-17.45882520458742,-17.962437468894066,-18.41681594065219,-18.82071520005416,-19.17302818730466,-19.472789236994604,-19.719176724922928,-19.911515320111416,-20.049277835839927,-20.132086674628624
