hough_viz/data/file_2_3_0.json
{"header": {"discipline": 0, "disciplineName": "Meteorological products", "gribEdition": 2, "gribLength": 133963, "center": 7, "centerName": "US National Weather Service - NCEP(WMC)", "subcenter": 0, "refTime": "2014-11-30T06:00:00.000Z", "significanceOfRT": 1, "significanceOfRTName": "Start of forecast", "productStatus": 0, "productStatusName": "Operational products", "productType": 1, "productTypeName": "Forecast products", "productDefinitionTemplate": 0, "productDefinitionTemplateName": "Analysis/forecast at horizontal level/layer at a point in time", "parameterCategory": 2, "parameterCategoryName": "Momentum", "parameterNumber": 2, "parameterNumberName": "U-component_of_wind", "parameterUnit": "m.s-1", "genProcessType": 2, "genProcessTypeName": "Forecast", "forecastTime": 6, "surface1Type": 100, "surface1TypeName": "Isobaric surface", "surface1Value": 85000, "surface2Type": 255, "surface2TypeName": "Missing", "surface2Value": 0, "gridDefinitionTemplate": 0, "gridDefinitionTemplateName": "Latitude_Longitude", "numberPoints": 65160, "shape": 6, "shapeName": "Earth spherical with radius of 6,371,229.0 m", "gridUnits": "degrees", "resolution": 48, "winds": "true", "scanMode": 0, "nx": 360, "ny": 181, "basicAngle": 0, "subDivisions": 0, "lo1": 0, "la1": 90, "lo2": 359, "la2": -90, "dx": 1, "dy": 1}, "data":
[rows 80 to 99 of 181, columns 220 to 263 of 360]
0.9252527919018809,0.7415586040179076,0.5569609412032893,0.3716847072750711,0.18595563278467334,1.6313270390003345e-15,-0.18595563278467006,-0.37168470727506303,-0.5569609412032861,-0.7415586040179045,-0.9252527919018777,-1.1078197017831901,-1.2890369040044134,-1.468683613319021,-1.646540957884167,-1.8223922459223225,-1.996023229726827,-2.167222366689727,-2.335781077033821,-2.5014939979350412,-2.664159233725389,-2.823578601871722,-2.9795578744306064,-3.1319070146852033,-3.2804404086757,-3.4249770913413324,-3.565340966998449,-3.7013610238859456,-3.8328715425167963,-3.9597122975816887,-4.0817287531589015,-4.198772250992509,-4.310700191609562,-4.417376208055599,-4.518670332036768,-4.614459152266151,-4.70462596482144,-4.789060915330668,-4.8676611328128505,-4.940330855010416,-5.0069815450607855,-5.067531999364877,-5.12190844652121,-5.170044637204967
0.8375373112737861,0.6712576333700636,0.5041601314393959,0.33644838804848404,0.1683267341226319,1.4766745628987599e-15,-0.16832673412262897,-0.33644838804847677,-0.504160131439393,-0.6712576333700608,-0.8375373112737834,-1.0027965789764557,-1.1668340935166082,-1.3294500004508243,-1.4904461773455642,-1.6496264751588432,-1.8067969572176195,-1.9617661354997697,-2.1143452039327135,-2.264348268424576,-2.4115925733474755,-2.5558987241971174,-2.6970909061573343,-2.834997098303403,-2.9694492831830175,-3.100283651519669,-3.227340801789037,-3.350465934425159,-3.469509040419898,-3.5843250840857825,-3.694774179759662,-3.800721762231843,-3.902038750693045,-3.99860170599952,-4.090292981064613,-4.17700086419361,-4.258619715187244,-4.335050094048002,-4.40619888213244,-4.471979395601906,-4.532311491033452,-4.587121663062236,-4.636343133936506,-4.679915934875984
0.7484154555355971,0.599829500964379,0.4505127465428913,0.3006471117359098,0.15041518473441157,1.3195424858014851e-15,-0.15041518473440893,-0.30064711173590336,-0.45051274654288875,-0.5998295009643765,-0.7484154555355945,-0.8960895811588092,-1.042671959659393,-1.1879840029884345,-1.3318486708047423,-1.4740906861712348,-1.6145367491028912,-1.7530157477060944,-1.889358966652085,-2.023400292730649,-2.1549764172334416,-2.2839270349205125,-2.410095039327516,-2.5333267141757796,-2.6534719206518855,-2.7703842803286935,-2.8839213535049097,-2.9939448127459065,-3.1003206114144155,-3.202919146985695,-3.3016154189482467,-3.396289181097682,-3.4868250880381884,-3.5731128357131503,-3.6550472957936395,-3.732528643761076,-3.8054624805280497,-3.8737599474490594,-3.9373378345810788,-3.9961186820620602,-4.050030874483847,-4.0990087281445025,-4.142992571073808,-4.1819288157343415
0.6574757743952627,0.5269444434033623,0.39577111177674745,0.26411559401429896,0.13213829208442904,1.1592053735433808e-15,-0.13213829208442668,-0.2641155940142933,-0.3957711117767452,-0.5269444434033601,-0.6574757743952604,-0.7872060724324426,-0.915977281130159,-1.0436325126063017,-1.170016238625099,-1.2949744800843168,-1.4183549946150789,-1.540007462065747,-1.6597836676438458,-1.7775376824929952,-1.8931260414847164,-2.0064079180086063,-2.117245295547844,-2.2255031358310924,-2.3310495433558094,-2.4337559260826036,-2.533497152104831,-2.630151702102534,-2.723601817395037,-2.8137336434117417,-2.9004373684063918,-2.983607357245769,-3.0631422801098194,-3.1389452359464523,-3.210923870530536,-3.2789904889832813,-3.343062162614964,-3.4030608299607503,-3.458913391886566,-3.5105518006491305,-3.5579131428016577,-3.600939715844183,-3.6395790985251963,-3.673784214708837
0.5653348681428042,0.4530966448216708,0.3403063930330126,0.22710153032462504,0.11361997938384312,9.967503633200012e-16,-0.11361997938384112,-0.22710153032462022,-0.3403063930330105,-0.4530966448216688,-0.5653348681428023,-0.6768843180102673,-0.7876090886022671,-0.8973742788416849,-1.006046156752245,-1.113492322390333,-1.2195818691539317,-1.3241855432721577,-1.4271759012810472,-1.5284274652938208,-1.6278168758763358,-1.7252230423415686,-1.8205272902799405,-1.9136135061458373,-2.0043682787240593,-2.092681037303921,-2.178444186392634,-2.261553236803826,-2.3419069329615434,-2.4194073762645556,-2.4939601443607264,-2.565474406186107,-2.6338630326285837,-2.699042702681301,-2.760934004956461,-2.8194615344358605,-2.8745539843403036,-2.9261442330059255,-2.974169425661596,-3.0185710510077777,-3.0592950125035325,-3.096291694274822,-3.1295160215638114,-3.1589275156455114
0.4724705366988862,0.37866904558464953,0.28440620456786536,0.18979685840023264,0.0949562739966016,8.330198713192622e-16,-0.09495627399659994,-0.1897968584002286,-0.2844062045678637,-0.37866904558464803,-0.47247053669888467,-0.5656963952426631,-0.658233039867683,-0.7499677289266515,-0.8407886978315954,-0.9305852952218021,-1.0192481177754567,-1.106669143500743,-1.1927418633439828,-1.2773614109545375,-1.3604246904482855,-1.4418305020140856,-1.5214796652101403,-1.5992751398001124,-1.6751221439816883,-1.748928269863608,-1.82060359605045,-1.8900607971979864,-1.9572152504056843,-2.0219851383166603,-2.0842915487995306,-2.1440585710906936,-2.2012133882798834,-2.2556863660263837,-2.307411137397732,-2.356324683727597,-2.402367411394333,-2.4454832244266154,-2.4856195928477485,-2.5227276166753434,-2.5567620854984194,-2.587681533559322,-2.615448290273368,-2.640028526124638
0.3787241684202246,0.30353452386159047,0.22797506924154198,0.15213786211649008,0.07611529844148841,6.677342469800907e-16,-0.0761152984414871,-0.15213786211648683,-0.2279750692415407,-0.3035345238615892,-0.37872416842022333,-0.4534523959176252,-0.5276281615195846,-0.6011610934816204,-0.6739616032530164,-0.7459409946266748,-0.8170115718017826,-0.8870867462276384,-0.9560811420984504,-1.0239107003706256,-1.0904927811757512,-1.1557462645045538,-1.2195916490391185,-1.281951149013021,-1.3427487889812877,-1.4019104963847755,-1.4593641917961793,-1.515039876737697,-1.5688697189634129,-1.6207881351024256,-1.670731870562089,-1.7186400765939909,-1.7644543844287701,-1.8081189763894845,-1.8495806538968478,-1.8887889022834947,-1.9256959523383357,-1.9602568385059742,-1.9924294536703115,-2.022174600455581,-2.0494560389823153,-2.07424053102005,-2.096497880482998,-2.116200970219318
0.28443997502046536,0.22796895361914554,0.17122018716376752,0.11426281528477845,0.05716623176620083,5.015003751241549e-16,-0.057166231766199824,-0.11426281528477601,-0.17122018716376652,-0.22796895361914457,-0.28443997502046436,-0.34056445012684256,-0.39627399991067025,-0.45150075086693703,-0.5061774177066317,-0.5602373853335046,-0.6136147900043025,-0.6662445995735953,-0.7180626927254182,-0.7690059370952336,-0.8190122661869824,-0.8680207549915531,-0.9159716942145113,-0.9628066630226921,-1.0084686002209773,-1.0529018737725724,-1.0960523485780782,-1.1378674524307613,-1.1782962400677017,-1.2172894552387414,-1.2547995907176392,-1.2907809461823083,-1.3251896838936155,-1.3579838821049208,-1.3891235861372635,-1.4185708570579816,-1.446289817903464,-1.4722466973896986,-1.4964098710573828,-1.5187498998014537,-1.5392395657381055,-1.5578539053655833,-1.574570239978372,-1.5893682032976986
0.1898638252718171,0.15216939030538948,0.11428956037677336,0.07627048622379533,0.038158488231920376,3.3475175066188373e-16,-0.03815848823191971,-0.07627048622379368,-0.11428956037677268,-0.1521693903053888,-0.18986382527181647,-0.22732694041343163,-0.26451309269518186,-0.3013769765186014,-0.33787367891969755,-0.3739587342884805,-0.4095881785434599,-0.4447186026951082,-0.47930720573302016,-0.5133118467723613,-0.5466910963960392,-0.5794042871300678,-0.6114115629906153,-0.64267392804239,-0.6731532939091747,-0.7028125261786472,-0.7316154896449426,-0.7595270923338314,-0.7865133282568912,-0.8125413188425603,-0.8375793529936152,-0.8615969257222573,-0.8845647753157377,-0.9064549189872543,-0.9272406869686621,-0.9468967550034761,-0.9653991752005823,-0.9827254052110491,-0.9988543356925108,-1.0137663160276467,-1.027443178265433,-1.0398682592559916,-1.051026420952073,-1.060904068852433
0.0949801512772308,0.0761233567809889,0.05717381770041404,0.03815462112992271,0.01908893903085292,1.6746092560109766e-16,-0.019088939030852587,-0.0381546211299219,-0.057173817700413715,-0.07612335678098857,-0.0949801512772305,-0.11372122708971227,-0.13232375110439645,-0.1507650590112712,-0.16902268291731784,-0.18707437872017807,-0.2048981532091667,-0.22247229086061188,-0.23977538029487178,-0.2567863403628084,-0.2734844458299163,-0.28984935262683076,-0.30586112263543874,-0.32150024798040955,-0.33674767479653295,-0.3515848264429196,-0.365993626135777,-0.3799565189721837,-0.3934564933180378,-0.4064771015341104,-0.4190024800149614,-0.4310173685162989,-0.44250712874723475,-0.45345776220478984,-0.4638559272289124,-0.47368895525723426,-0.4829448662597652,-0.49161238333471224,-0.4996809464476486,-0.5071407252972877,-0.5139826312921925,-0.5201983286238225,-0.5257802444224344,-0.5307215779834551
0.0,0.0,0.0,0.0,0.0,0.0,0.0,0.0,0.0,0.0,0.0,0.0,0.0,0.0,0.0,0.0,0.0,0.0,0.0,0.0,0.0,0.0,0.0,0.0,0.0,0.0,0.0,0.0,0.0,0.0,0.0,0.0,0.0,0.0,0.0,0.0,0.0,0.0,0.0,0.0,0.0,0.0,0.0,0.0
-0.0949801512772308,-0.07612335678098889,-0.057173817700414034,-0.03815462112992271,-0.01908893903085292,-1.6746092560109763e-16,0.019088939030852584,0.0381546211299219,0.057173817700413715,0.07612335678098855,0.09498015127723047,0.11372122708971227,0.13232375110439645,0.1507650590112712,0.16902268291731784,0.18707437872017801,0.2048981532091667,0.22247229086061185,0.23977538029487178,0.2567863403628084,0.27348444582991627,0.28984935262683076,0.3058611226354387,0.32150024798040944,0.33674767479653295,0.3515848264429196,0.365993626135777,0.3799565189721837,0.3934564933180378,0.4064771015341104,0.4190024800149614,0.4310173685162989,0.44250712874723463,0.45345776220478984,0.4638559272289124,0.47368895525723426,0.48294486625976507,0.49161238333471224,0.4996809464476485,0.5071407252972877,0.5139826312921925,0.5201983286238224,0.5257802444224343,0.5307215779834551
-0.1898638252718171,-0.15216939030538948,-0.11428956037677336,-0.07627048622379533,-0.038158488231920376,-3.347517506618838e-16,0.03815848823191971,0.07627048622379368,0.11428956037677268,0.1521693903053888,0.18986382527181647,0.22732694041343163,0.26451309269518186,0.3013769765186014,0.33787367891969755,0.3739587342884805,0.4095881785434599,0.44471860269510827,0.47930720573302016,0.5133118467723614,0.5466910963960392,0.5794042871300678,0.6114115629906153,0.64267392804239,0.6731532939091747,0.7028125261786472,0.7316154896449426,0.7595270923338314,0.7865133282568912,0.8125413188425603,0.8375793529936152,0.8615969257222573,0.8845647753157377,0.9064549189872543,0.9272406869686621,0.9468967550034761,0.9653991752005823,0.9827254052110491,0.998854335692511,1.0137663160276467,1.027443178265433,1.0398682592559916,1.051026420952073,1.060904068852433
-0.28443997502046536,-0.22796895361914554,-0.17122018716376752,-0.11426281528477845,-0.05716623176620083,-5.015003751241549e-16,0.057166231766199824,0.11426281528477601,0.17122018716376652,0.22796895361914457,0.28443997502046436,0.34056445012684256,0.39627399991067025,0.45150075086693703,0.5061774177066317,0.5602373853335046,0.6136147900043025,0.6662445995735953,0.7180626927254182,0.7690059370952336,0.8190122661869824,0.8680207549915531,0.9159716942145113,0.9628066630226921,1.0084686002209773,1.0529018737725724,1.0960523485780782,1.1378674524307613,1.1782962400677017,1.2172894552387414,1.2547995907176392,1.2907809461823083,1.3251896838936155,1.3579838821049208,1.3891235861372635,1.4185708570579816,1.446289817903464,1.4722466973896986,1.4964098710573828,1.5187498998014537,1.5392395657381055,1.5578539053655833,1.574570239978372,1.5893682032976986
-0.3787241684202246,-0.30353452386159047,-0.22797506924154198,-0.15213786211649008,-0.07611529844148841,-6.677342469800907e-16,0.0761152984414871,0.15213786211648683,0.2279750692415407,0.3035345238615892,0.37872416842022333,0.4534523959176252,0.5276281615195846,0.6011610934816204,0.6739616032530164,0.7459409946266748,0.8170115718017826,0.8870867462276384,0.9560811420984504,1.0239107003706256,1.0904927811757512,1.1557462645045538,1.2195916490391185,1.281951149013021,1.3427487889812877,1.4019104963847755,1.4593641917961793,1.515039876737697,1.5688697189634129,1.6207881351024256,1.670731870562089,1.7186400765939909,1.7644543844287701,1.8081189763894845,1.8495806538968478,1.8887889022834947,1.9256959523383357,1.9602568385059742,1.9924294536703115,2.022174600455581,2.0494560389823153,2.07424053102005,2.096497880482998,2.116200970219318
-0.4724705366988862,-0.37866904558464964,-0.28440620456786536,-0.18979685840023264,-0.0949562739966016,-8.330198713192622e-16,0.09495627399659994,0.1897968584002286,0.2844062045678637,0.37866904558464803,0.47247053669888467,0.5656963952426631,0.6582330398676831,0.7499677289266515,0.8407886978315955,0.9305852952218021,1.0192481177754567,1.106669143500743,1.1927418633439828,1.2773614109545375,1.3604246904482855,1.4418305020140856,1.5214796652101406,1.5992751398001124,1.6751221439816883,1.748928269863608,1.82060359605045,1.8900607971979864,1.9572152504056843,2.0219851383166603,2.084291548799531,2.1440585710906936,2.2012133882798834,2.2556863660263837,2.3074111373977324,2.356324683727597,2.402367411394333,2.4454832244266154,2.4856195928477485,2.5227276166753434,2.5567620854984194,2.587681533559322,2.6154482902733682,2.640028526124639
-0.5653348681428042,-0.45309664482167067,-0.3403063930330126,-0.22710153032462504,-0.11361997938384312,-9.967503633200012e-16,0.11361997938384112,0.22710153032462022,0.3403063930330105,0.4530966448216688,0.5653348681428022,0.6768843180102673,0.7876090886022671,0.8973742788416847,1.0060461567522447,1.113492322390333,1.2195818691539317,1.3241855432721577,1.4271759012810472,1.5284274652938208,1.6278168758763358,1.7252230423415686,1.8205272902799403,1.9136135061458373,2.0043682787240593,2.0926810373039206,2.178444186392634,2.2615532368038256,2.3419069329615434,2.419407376264555,2.4939601443607264,2.565474406186107,2.6338630326285837,2.699042702681301,2.760934004956461,2.8194615344358596,2.8745539843403027,2.9261442330059255,2.974169425661596,3.0185710510077772,3.0592950125035325,3.096291694274822,3.129516021563811,3.1589275156455114
-0.6574757743952627,-0.5269444434033624,-0.39577111177674745,-0.26411559401429896,-0.13213829208442904,-1.1592053735433808e-15,0.1321382920844267,0.2641155940142933,0.39577111177674523,0.5269444434033601,0.6574757743952606,0.7872060724324426,0.915977281130159,1.0436325126063017,1.1700162386250992,1.2949744800843168,1.4183549946150789,1.540007462065747,1.6597836676438458,1.7775376824929952,1.8931260414847169,2.0064079180086063,2.117245295547844,2.2255031358310924,2.33104954335581,2.4337559260826036,2.5334971521048315,2.630151702102534,2.7236018173950374,2.8137336434117417,2.9004373684063918,2.983607357245769,3.0631422801098194,3.1389452359464523,3.210923870530536,3.2789904889832813,3.343062162614964,3.4030608299607503,3.458913391886566,3.5105518006491305,3.5579131428016577,3.600939715844183,3.6395790985251963,3.673784214708837
-0.7484154555355971,-0.599829500964379,-0.45051274654289136,-0.3006471117359098,-0.15041518473441157,-1.3195424858014851e-15,0.15041518473440896,0.30064711173590336,0.45051274654288875,0.5998295009643765,0.7484154555355945,0.8960895811588094,1.042671959659393,1.1879840029884348,1.3318486708047423,1.474090686171235,1.6145367491028912,1.753015747706094,1.8893589666520854,2.023400292730649,2.154976417233442,2.283927034920513,2.410095039327516,2.5333267141757796,2.6534719206518864,2.7703842803286935,2.8839213535049106,2.9939448127459065,3.1003206114144155,3.2029191469856952,3.3016154189482467,3.3962891810976825,3.486825088038189,3.5731128357131503,3.6550472957936395,3.732528643761076,3.8054624805280497,3.8737599474490594,3.9373378345810788,3.996118682062061,4.050030874483848,4.099008728144503,4.142992571073808,4.181928815734342
-0.8375373112737861,-0.6712576333700636,-0.5041601314393959,-0.33644838804848404,-0.1683267341226319,-1.4766745628987599e-15,0.16832673412262897,0.33644838804847677,0.504160131439393,0.6712576333700608,0.8375373112737834,1.0027965789764557,1.1668340935166082,1.3294500004508243,1.4904461773455642,1.6496264751588432,1.8067969572176195,1.9617661354997697,2.1143452039327135,2.264348268424576,2.4115925733474755,2.5558987241971174,2.6970909061573343,2.834997098303403,2.9694492831830175,3.100283651519669,3.227340801789037,3.350465934425159,3.469509040419898,3.5843250840857825,3.694774179759662,3.800721762231843,3.902038750693045,3.99860170599952,4.090292981064613,4.17700086419361,4.258619715187244,4.335050094048002,4.40619888213244,4.471979395601906,4.532311491033452,4.587121663062236,4.636343133936506,4.679915934875984
