hough_viz/data/file_4_0_1.json
{"header": {"discipline": 0, "disciplineName": "Meteorological products", "gribEdition": 2, "gribLength": 133963, "center": 7, "centerName": "US National Weather Service - NCEP(WMC)", "subcenter": 0, "refTime": "2014-11-30T06:00:00.000Z", "significanceOfRT": 1, "significanceOfRTName": "Start of forecast", "productStatus": 0, "productStatusName": "Operational products", "productType": 1, "productTypeName": "Forecast products", "productDefinitionTemplate": 0, "productDefinitionTemplateName": "Analysis/forecast at horizontal level/layer at a point in time", "parameterCategory": 2, "parameterCategoryName": "Momentum", "parameterNumber": 3, "parameterNumberName": "V-component_of_wind", "parameterUnit": "m.s-1", "genProcessType": 2, "genProcessTypeName": "Forecast", "forecastTime": 6, "surface1Type": 100, "surface1TypeName": "Isobaric surface", "surface1Value": 85000, "surface2Type": 255, "surface2TypeName": "Missing", "surface2Value": 0, "gridDefinitionTemplate": 0, "gridDefinitionTemplateName": "Latitude_Longitude", "numberPoints": 65160, "shape": 6, "shapeName": "Earth spherical with radius of 6,371,229.0 m", "gridUnits": "degrees", "resolution": 48, "winds": "true", "scanMode": 0, "nx": 360, "ny": 181, "basicAngle": 0, "subDivisions": 0, "lo1": 0, "la1": 90, "lo2": 359, "la2": -90, "dx": 1, "dy": 1}, "data":
[rows 152 to 170 of 181, columns 215 to 257 of 360]
1.4425162429697995,1.3190823236674922,1.1892219678779714,1.0535678422011234,0.9127808399013333,0.7675468611019604,0.6185734711488359,0.46658645342306565,0.3123262733973248,0.1565444711625154,1.374149775952053e-15,-0.15654447116251266,-0.31232627339731817,-0.4665864534230631,-0.6185734711488331,-0.7675468611019579,-0.9127808399013382,-1.0535678422011208,-1.1892219678779687,-1.3190823236674896,-1.4425162429697942,-1.5589223681375761,-1.6677335802301256,-1.7684197619597812,-1.860490380370102,-1.9434968766630991,-2.01703485153262,-2.0807460353571052,-2.13432003365319,-2.1774958392864163,-2.2100631040717555,-2.2318631635688253,-2.2427898100790875,-2.2427898100790875,-2.2318631635688257,-2.2100631040717578,-2.177495839286417,-2.1343200336531907,-2.080746035357106,-2.017034851532618,-1.9434968766631004,-1.860490380370104,-1.768419761959783
1.298850251265262,1.1877096122036228,1.0707825712994832,0.9486387853426603,0.8218733265804787,0.6911037835856216,0.5569672524266414,0.4201172327999942,0.28122044424518217,0.14095357795418423,1.2372926755382082e-15,-0.14095357795418179,-0.28122044424517617,-0.4201172327999918,-0.5569672524266388,-0.6911037835856193,-0.8218733265804832,-0.948638785342658,-1.0707825712994807,-1.1877096122036206,-1.2988502512652569,-1.4036630224627,-1.5016372885104234,-1.5922957286325714,-1.6751966640218283,-1.749936209654151,-1.8161502419760152,-1.8735161728777523,-1.9217545213104164,-1.9606302748893454,-1.98995403485088,-2.0095829387841015,-2.0194213566421375,-2.0194213566421375,-2.009582938784102,-1.9899540348508817,-1.9606302748893458,-1.9217545213104172,-1.8735161728777532,-1.8161502419760132,-1.7499362096541524,-1.67519666402183,-1.5922957286325732
1.1626310845203982,1.0631465122222064,0.9584823969835841,0.8491486518531716,0.7356779398470488,0.6186230788680848,0.49855434843264684,0.376056711326156,0.2517269637231727,0.12617082765643273,1.107529466024907e-15,-0.12617082765643053,-0.25172696372316733,-0.3760567113261539,-0.4985543484326448,-0.6186230788680827,-0.7356779398470527,-0.8491486518531697,-0.958482396983582,-1.0631465122222044,-1.162631084520394,-1.256451435042068,-1.3441504804702784,-1.4253009598711668,-1.4995075162663145,-1.5664086227721814,-1.6256783439227493,-1.6770279235943382,-1.7202071917964334,-1.7550057834747184,-1.7812541633884797,-1.798824452069255,-1.8076310488367504,-1.8076310488367504,-1.7988244520692553,-1.7812541633884809,-1.7550057834747192,-1.720207191796434,-1.6770279235943395,-1.6256783439227478,-1.5664086227721825,-1.4995075162663158,-1.4253009598711683
1.0337128424920745,0.9452596079418436,0.8522011635988856,0.7549908808498356,0.654102358420698,0.5500271150514788,0.4432721948662586,0.3343576971052179,0.22381424225339877,0.11218038691104723,9.847211619501901e-16,-0.1121803869110453,-0.22381424225339402,-0.33435769710521596,-0.44327219486625674,-0.550027115051477,-0.6541023584207014,-0.7549908808498339,-0.8522011635988838,-0.9452596079418417,-1.0337128424920705,-1.11712993198213,-1.1951044767370844,-1.2672565926128534,-1.3332347617535998,-1.3927175451513727,-1.4454151486646492,-1.4910708348662511,-1.529462173842301,-1.5604021268483919,-1.5837399575435502,-1.5993619663625416,-1.6071920444487164,-1.6071920444487164,-1.5993619663625416,-1.5837399575435516,-1.5604021268483925,-1.5294621738423018,-1.4910708348662522,-1.4454151486646478,-1.3927175451513742,-1.3332347617536013,-1.267256592612855
0.9183542484047952,0.8397720731669238,0.7570986128021786,0.6707366440991479,0.5811069138882731,0.48864608920560204,0.39380462989485204,0.2970445940123596,0.1988373867266573,0.09966146367988436,8.748298612513338e-16,-0.09966146367988261,-0.19883738672665305,-0.29704459401235794,-0.3938046298948504,-0.4886460892056004,-0.5811069138882761,-0.6707366440991464,-0.757098612802177,-0.8397720731669222,-0.9183542484047917,-0.9924622940570795,-1.0617351631746859,-1.1258353653025466,-1.184450610699229,-1.2372953317811437,-1.2841120743791148,-1.3246727520292032,-1.3587797571870446,-1.3862669239519345,-1.4070003376103948,-1.420878987055197,-1.427835256901322,-1.427835256901322,-1.420878987055197,-1.4070003376103957,-1.386266923951935,-1.358779757187045,-1.3246727520292039,-1.284112074379114,-1.2372953317811448,-1.18445061069923,-1.125835365302548
0.8099798989815035,0.7406711518705935,0.6677539293597752,0.5915834768275067,0.5125308890618936,0.4309813023241998,0.34733201800366936,0.26199056700511963,0.17537272429932071,0.08790048330913784,7.715917946404726e-16,-0.08790048330913632,-0.17537272429931697,-0.26199056700511814,-0.347332018003668,-0.4309813023241984,-0.5125308890618961,-0.5915834768275053,-0.6677539293597737,-0.7406711518705921,-0.8099798989815005,-0.8753425054434661,-0.9364405312080352,-0.9929763128352286,-1.0446744136799184,-1.091282965791465,-1.1325748969890577,-1.1683490371345482,-1.198431098213154,-1.222674523447138,-1.240961201305701,-1.253202040932487,-1.2593374061872782,-1.2593374061872782,-1.253202040932487,-1.240961201305702,-1.2226745234471383,-1.1984310982131545,-1.1683490371345493,-1.1325748969890568,-1.091282965791466,-1.0446744136799195,-0.9929763128352295
0.7082780578291519,0.6476717824684738,0.5839101152873505,0.5173036967189871,0.44817702653939095,0.3768668829370956,0.3037206817636554,0.22909478395856075,0.15335275939454723,0.07686361560172697,6.747100001272296e-16,-0.07686361560172564,-0.15335275939454396,-0.22909478395855942,-0.30372068176365413,-0.3768668829370943,-0.44817702653939334,-0.5173036967189859,-0.5839101152873494,-0.6476717824684727,-0.7082780578291493,-0.7654336736879439,-0.8188601736296576,-0.8682972691169814,-0.9135041075901036,-0.9542604458761589,-0.9903677231918316,-1.021650028511528,-1.0479549575882179,-1.0691543554516014,-1.0851449407662452,-1.0958488090078649,-1.1012138120063342,-1.1012138120063342,-1.0958488090078649,-1.0851449407662461,-1.0691543554516019,-1.047954957588218,-1.0216500285115286,-0.9903677231918306,-0.9542604458761597,-0.9135041075901046,-0.8682972691169824
0.618686534644993,0.5657464695587426,0.5100501445414398,0.45186890648999245,0.39148620854782645,0.3291962291496744,0.26530243881379295,0.20011612166412016,0.133954858885302,0.0671409814990883,5.893645684132293e-16,-0.06714098149908711,-0.13395485888529915,-0.200116121664119,-0.26530243881379184,-0.3291962291496734,-0.39148620854782856,-0.4518689064899915,-0.5100501445414387,-0.5657464695587417,-0.6186865346449907,-0.6686124211246024,-0.715280895097183,-0.7584645924486315,-0.7979531265462649,-0.8335541132213329,-0.8650941080453544,-0.8924194513339332,-0.9153970167613025,-0.9339148599383972,-0.9478827637946659,-0.9572326781065692,-0.9619190510314295,-0.9619190510314295,-0.9572326781065692,-0.9478827637946664,-0.9339148599383975,-0.9153970167613027,-0.8924194513339336,-0.8650941080453535,-0.8335541132213333,-0.7979531265462658,-0.7584645924486325
0.5354856516333015,0.48966495946891364,0.4414586688429441,0.3911016359576419,0.33883919521535044,0.2849259639739692,0.22962460207676313,0.1732045322000248,0.11594062725286666,0.05811187122404219,5.101068995261538e-16,-0.058111871224041156,-0.11594062725286419,-0.1732045322000238,-0.2296246020767622,-0.28492596397396824,-0.3388391952153522,-0.391101635957641,-0.44145866884294316,-0.4896649594689128,-0.5354856516332995,-0.5786975115297586,-0.6190900153205169,-0.6564663747873424,-0.6906444960639733,-0.7214578667791224,-0.7487563672880164,-0.7724070020402085,-0.7922945475205412,-0.8083221136065232,-0.8204116156072693,-0.8285041546842642,-0.8325603048005834,-0.8325603048005834,-0.8285041546842644,-0.8204116156072699,-0.8083221136065234,-0.7922945475205414,-0.772407002040209,-0.7487563672880155,-0.7214578667791228,-0.6906444960639739,-0.656466374787343
0.4582331850042401,0.4190228688257506,0.37777111535037444,0.33467889897443104,0.2899561606444872,0.24382078504617707,0.1964975390919004,0.14821697687903276,0.09921431645352885,0.04972829385125036,4.365157283851502e-16,-0.04972829385124949,-0.09921431645352674,-0.14821697687903188,-0.1964975390918996,-0.24382078504617624,-0.28995616064448876,-0.33467889897443026,-0.37777111535037367,-0.4190228688257498,-0.4582331850042384,-0.4952110351668253,-0.5297762669445203,-0.5617604820025838,-0.5910078564602969,-0.6173759000492376,-0.6407361503115482,-0.6609747984561122,-0.6779932438235526,-0.6917085742587271,-0.7020539700504159,-0.7089790294702378,-0.7124500143248034,-0.7124500143248034,-0.7089790294702379,-0.7020539700504166,-0.6917085742587273,-0.6779932438235527,-0.6609747984561125,-0.6407361503115474,-0.6173759000492381,-0.5910078564602974,-0.5617604820025843
0.39152044789040985,0.3580186390853911,0.32277259945865694,0.2859540441723486,0.24774234952683047,0.2083236790573936,0.16789007656421104,0.12663853049426013,0.0847700142334018,0.04248850698424928,3.729647678986432e-16,-0.042488506984248546,-0.0847700142334,-0.1266385304942594,-0.16789007656421034,-0.20832367905739288,-0.24774234952683183,-0.28595404417234793,-0.32277259945865633,-0.3580186390853905,-0.3915204478904083,-0.4231148084288021,-0.452647796151884,-0.47997552931210985,-0.5049648699404985,-0.5274940724814283,-0.5474533769247484,-0.5647455435455112,-0.5792863266461438,-0.5910048849930144,-0.5998441269478024,-0.6057609886122217,-0.6087266436310037,-0.6087266436310037,-0.6057609886122218,-0.5998441269478028,-0.5910048849930146,-0.5792863266461441,-0.5647455435455115,-0.5474533769247479,-0.5274940724814287,-0.5049648699404988,-0.47997552931211024
0.33049300125851,0.30221321817382524,0.2724610826685647,0.24138154415623536,0.2091260190243631,0.17585165294907973,0.14172055529717392,0.10689900934556153,0.07155666216586848,0.03586569812095289,3.148296498194863e-16,-0.035865698120952264,-0.07155666216586695,-0.10689900934556092,-0.1417205552971733,-0.17585165294907912,-0.2091260190243642,-0.24138154415623478,-0.27246108266856417,-0.3022132181738247,-0.33049300125850867,-0.35716265566210176,-0.38209224950917486,-0.4051603283244165,-0.42625450674663545,-0.4452720160589381,-0.462120204867589,-0.4767169904902847,-0.4889912588547361,-0.4988832109592767,-0.5063446542075887,-0.5113392371981884,-0.5138426268247985,-0.5138426268247985,-0.5113392371981885,-0.5063446542075891,-0.4988832109592769,-0.4889912588547363,-0.47671699049028493,-0.46212020486758854,-0.44527201605893846,-0.4262545067466359,-0.40516032832441695
0.274618957384442,0.25112023118993587,0.22639807247159027,0.20057292510161784,0.17377060660206886,0.14612169517451623,0.11776089353617412,0.08882637266180815,0.059459098628629574,0.02980214584373928,2.616036946558791e-16,-0.029802145843738765,-0.05945909862862831,-0.08882637266180764,-0.11776089353617365,-0.1461216951745158,-0.17377060660206978,-0.20057292510161734,-0.22639807247158977,-0.2511202311899354,-0.2746189573844409,-0.2967797676231707,-0.31749469666623925,-0.33666282346160425,-0.3541907628222929,-0.3699931203896424,-0.38399290866603264,-0.3961219220902335,-0.40632106932804724,-0.41454066115934574,-0.42074065255895743,-0.4248908377920047,-0.4269709975732067,-0.4269709975732067,-0.42489083779200476,-0.4207406525589578,-0.4145406611593459,-0.40632106932804735,-0.39612192209023384,-0.38399290866603225,-0.3699931203896426,-0.35419076282229317,-0.33666282346160453
0.2276398873054453,0.20816108863223343,0.18766815005948526,0.16626091112398378,0.1440436657419735,0.12112465409968808,0.09761553531803602,0.07363084346059441,0.049287429535159286,0.02470389220738334,2.1685114581068687e-16,-0.02470389220738291,-0.04928742953515824,-0.073630843460594,-0.09761553531803559,-0.12112465409968766,-0.14404366574197422,-0.1662609111239834,-0.18766815005948487,-0.20816108863223304,-0.22763988730544443,-0.2460096473299852,-0.26318087308153854,-0.2790699080742864,-0.2935993425269055,-0.3066983904952363,-0.3183032347342893,-0.3283573376094455,-0.33681171654213266,-0.34362518264802194,-0.34876454140513274,-0.3522047543742069,-0.35392906118346795,-0.35392906118346795,-0.35220475437420695,-0.34876454140513297,-0.34362518264802205,-0.33681171654213277,-0.3283573376094457,-0.31830323473428895,-0.3066983904952365,-0.2935993425269058,-0.27906990807428667
0.18554616436871757,0.16966926149766934,0.15296574703969934,0.13551699883821508,0.1174080254405112,0.09872705194467551,0.07956509017577348,0.060015495285390436,0.04017351093471348,0.020135805276989282,1.767524084658602e-16,-0.02013580527698893,-0.04017351093471262,-0.0600154952853901,-0.07956509017577314,-0.0987270519446752,-0.11740802544051185,-0.13551699883821477,-0.15296574703969898,-0.169669261497669,-0.18554616436871688,-0.20051910497799563,-0.2145151366639323,-0.22746607216702758,-0.2393088158313348,-0.2499856710001499,-0.2594446211083245,-0.2676395831017409,-0.27453063194932253,-0.2800841951537697,-0.28427321631339264,-0.2870772869381806,-0.2884827458779135,-0.2884827458779135,-0.2870772869381806,-0.28427321631339286,-0.2800841951537698,-0.27453063194932265,-0.2676395831017411,-0.2594446211083242,-0.24998567100015012,-0.23930881583133504,-0.22746607216702786
0.14776042357109076,0.13511678902760746,0.12181487906987401,0.10791949926610102,0.09349834650993298,0.07862167920799021,0.0633619749879693,0.047793577594930824,0.03199233469604349,0.01603522835837485,1.4075748119603376e-16,-0.016035228358374575,-0.0319923346960428,-0.04779357759493056,-0.06336197498796901,-0.07862167920798996,-0.09349834650993347,-0.10791949926610078,-0.12181487906987377,-0.13511678902760718,-0.1477604235710902,-0.1596841841837608,-0.17082997950248674,-0.18114350833284543,-0.19057452419908835,-0.19907708013991748,-0.20660975255746347,-0.21313584302888877,-0.21862355709741743,-0.22304615917173054,-0.22638210277908058,-0.22861513553754045,-0.2297343783359743,-0.2297343783359743,-0.22861513553754045,-0.22638210277908077,-0.22304615917173062,-0.21862355709741751,-0.2131358430288889,-0.20660975255746328,-0.19907708013991765,-0.19057452419908852,-0.18114350833284568
0.1171881116604059,0.10716050331396512,0.09661081976711508,0.08559045801764534,0.07415310816023578,0.06235449181371451,0.05025209065092813,0.03790486635381321,0.025372973358006357,0.012717465786481348,1.1163411030357616e-16,-0.012717465786481126,-0.02537297335800582,-0.03790486635381299,-0.050252090650927915,-0.0623544918137143,-0.07415310816023617,-0.08559045801764514,-0.09661081976711489,-0.10716050331396491,-0.11718811166040542,-0.12664479130654432,-0.13548447025972804,-0.14366408249265722,-0.15114377775674523,-0.15788711572852188,-0.16386124354322681,-0.16903705585066345,-0.17338933661354114,-0.1768968819574728,-0.17954260347412007,-0.18131361147420091,-0.18220127778475986,-0.18220127778475986,-0.18131361147420094,-0.1795426034741202,-0.17689688195747286,-0.17338933661354117,-0.16903705585066353,-0.16386124354322665,-0.157887115728522,-0.1511437777567454,-0.14366408249265739
0.09062106255557384,0.08286675616416343,0.0747087312664586,0.066186732939719,0.05734227950316378,0.048218460244895366,0.03885972549521626,0.02931167006909065,0.019620811132787214,0.009834361576921621,8.632617720193384e-17,-0.00983436157692145,-0.019620811132786794,-0.02931167006909049,-0.0388597254952161,-0.048218460244895206,-0.057342279503164076,-0.06618673293971886,-0.07470873126645844,-0.08286675616416327,-0.0906210625555735,-0.09793387223941036,-0.10476955794197557,-0.11109481688964624,-0.11687883305664251,-0.12209342729760608,-0.1267131946335643,-0.13071562802243336,-0.13408122801106614,-0.1367935977346269,-0.13883952280046893,-0.14020903566732718,-0.14089546420617718,-0.14089546420617718,-0.1402090356673272,-0.13883952280046905,-0.13679359773462693,-0.13408122801106617,-0.13071562802243344,-0.12671319463356417,-0.12209342729760617,-0.11687883305664262,-0.11109481688964637
0.06748239629248685,0.06170803035457242,0.05563302909564013,0.04928698931116643,0.04270082826907923,0.03590663308393766,0.028937504391733114,0.021827395086919988,0.014610944907325476,0.007323311672829331,6.428414251691021e-17,-0.007323311672829203,-0.014610944907325164,-0.021827395086919867,-0.028937504391732993,-0.035906633083937545,-0.042700828269079456,-0.04928698931116631,-0.05563302909564,-0.061708030354572285,-0.06748239629248662,-0.07292799477897073,-0.07801829540558834,-0.08272849873936129,-0.0870356571431157,-0.09091878657406252,-0.09435896881594515,-0.0973394436466867,-0.09984569049250827,-0.10186549917070405,-0.10338902937642433,-0.10440885862365165,-0.10492001840680625,-0.10492001840680625,-0.10440885862365167,-0.10338902937642443,-0.10186549917070409,-0.0998456904925083,-0.09733944364668676,-0.09435896881594506,-0.09091878657406259,-0.08703565714311577,-0.08272849873936138
