hough_viz/data/file_4_3_0.json
{"header": {"discipline": 0, "disciplineName": "Meteorological products", "gribEdition": 2, "gribLength": 133963, "center": 7, "centerName": "US National Weather Service - NCEP(WMC)", "subcenter": 0, "refTime": "2014-11-30T06:00:00.000Z", "significanceOfRT": 1, "significanceOfRTName": "Start of forecast", "productStatus": 0, "productStatusName": "Operational products", "productType": 1, "productTypeName": "Forecast products", "productDefinitionTemplate": 0, "productDefinitionTemplateName": "Analysis/forecast at horizontal level/layer at a point in time", "parameterCategory": 2, "parameterCategoryName": "Momentum", "parameterNumber": 3, "parameterNumberName": "V-component_of_wind", "parameterUnit": "m.s-1", "genProcessType": 2, "genProcessTypeName": "Forecast", "forecastTime": 6, "surface1Type": 100, "surface1TypeName": "Isobaric surface", "surface1Value": 85000, "surface2Type": 255, "surface2TypeName": "Missing", "surface2Value": 0, "gridDefinitionTemplate": 0, "gridDefinitionTemplateName": "Latitude_Longitude", "numberPoints": 65160, "shape": 6, "shapeName": "Earth spherical with radius of 6,371,229.0 m", "gridUnits": "degrees", "resolution": 48, "winds": "true", "scanMode": 0, "nx": 360, "ny": 181, "basicAngle": 0, "subDivisions": 0, "lo1": 0, "la1": 90, "lo2": 359, "la2": -90, "dx": 1, "dy": 1}, "data":
[rows 95 to 113 of 181, columns 0 to 42 of 360]
0.0,1.2913702302414993,2.5764490345293436,3.8489756381047115,5.102750419268912,6.331665113317113,7.529732571389985,8.691115929261116,9.810157043952806,10.881404059639895,11.899637968543328,12.859898037411444,13.757505975713723,14.58808872780199,15.347599777997956,16.032338864810853,16.638970008239458,17.164537762331335,17.60648161381844,17.96264845668036,18.231303081860442,18.41113663102988,18.501272973213922,18.501272973213922,18.41113663102988,18.231303081860442,17.96264845668036,17.60648161381844,17.164537762331335,16.638970008239454,16.032338864810853,15.347599777997962,14.588088727801994,13.757505975713727,12.859898037411444,11.899637968543331,10.881404059639898,9.810157043952806,8.691115929261123,7.52973257138999,6.331665113317117,5.102750419268922,3.8489756381047115
0.0,1.1795225130243903,2.353298510930514,3.5156094750441236,4.660792743183147,5.78326909757863,6.877569946262887,7.938363965499864,8.96048307345848,9.938947608587819,10.868990590027636,11.746080941859953,12.565945568055454,13.32459017056782,14.0183187091523,14.643751408102263,15.197841222176695,15.677888681498338,16.08155504309958,16.406873685043102,16.652259687606268,16.81651755485071,16.89884703895835,16.89884703895835,16.81651755485071,16.652259687606268,16.406873685043102,16.081555043099584,15.677888681498338,15.197841222176688,14.643751408102265,14.018318709152306,13.324590170567822,12.565945568055454,11.746080941859953,10.868990590027641,9.93894760858782,8.96048307345848,7.938363965499871,6.877569946262892,5.783269097578633,4.660792743183155,3.5156094750441227
0.0,1.05546663138253,2.105791135432099,3.1458564367432276,4.1705954417149265,5.175015724921378,6.154223851706774,7.103449218507074,8.018067294751024,8.893622153108257,9.725848178319314,10.510690848844442,11.244326490084951,11.92318090294151,12.543946776952893,13.103599803180082,13.599413408335423,14.028972038373611,14.390182926828178,14.68128629055937,14.900863903240696,15.047846004815032,15.1215165132581,15.1215165132581,15.047846004815032,14.900863903240696,14.68128629055937,14.39018292682818,14.028972038373611,13.599413408335423,13.103599803180085,12.543946776952895,11.92318090294151,11.244326490084951,10.51069084884444,9.725848178319318,8.893622153108257,8.018067294751024,7.1034492185070786,6.154223851706779,5.175015724921381,4.1705954417149345,3.145856436743227
0.0,0.9151814431054277,1.825904214213763,2.727731363529698,3.616269279833115,4.487189095711301,5.336247777365853,6.15930879624683,6.952362281804047,7.711544557173326,8.433156962621805,9.113683875046366,9.749809835736002,10.338435702953387,10.876693750641905,11.36196163969873,11.791875193747332,12.164339917167151,12.477541199265701,12.729953154879482,12.920346058333108,13.047792334539178,13.111671078050875,13.111671078050875,13.047792334539182,12.920346058333108,12.729953154879482,12.477541199265701,12.164339917167151,11.791875193747332,11.361961639698732,10.876693750641909,10.338435702953388,9.749809835736002,9.113683875046366,8.433156962621808,7.711544557173328,6.952362281804047,6.159308796246834,5.336247777365856,4.487189095711303,3.6162692798331215,2.727731363529698
0.0,0.7606393623302539,1.5175729661464359,2.2671131070174537,3.0056081007204956,3.7294600738794954,4.435142492442571,5.1192173426014325,5.7783518804490654,6.409334868773052,7.009092221880462,7.574701982234358,8.103408555937188,8.592636137707276,9.040001259943214,9.44332440473846,9.80064062227347,10.11020910385371,10.370521662954644,10.580310082954854,10.738552295759959,10.844477361215622,10.897569223050498,10.897569223050498,10.844477361215624,10.738552295759959,10.580310082954854,10.370521662954644,10.11020910385371,9.80064062227347,9.44332440473846,9.040001259943217,8.592636137707276,8.103408555937191,7.574701982234358,7.009092221880465,6.409334868773052,5.7783518804490654,5.119217342601436,4.435142492442575,3.729460073879498,3.0056081007205004,2.267113107017453
0.0,0.5982997642105397,1.1936846721107275,1.7832540682771554,2.3641356298750096,2.933499360326195,3.488571376768195,4.026647424132551,4.545106050003715,5.041421376071724,5.5131754039574155,5.958069795457481,6.373937069817158,6.758751163478601,7.110637300858867,7.427881128068111,7.708937065069408,7.952435835589329,8.157191138094314,8.322205425332491,8.44667476428361,8.52999275283992,8.571753474136266,8.571753474136266,8.52999275283992,8.44667476428361,8.322205425332491,8.157191138094316,7.952435835589329,7.7089370650694065,7.427881128068114,7.110637300858869,6.758751163478602,6.37393706981716,5.9580697954574795,5.513175403957417,5.041421376071725,4.545106050003715,4.026647424132553,3.488571376768198,2.9334993603261963,2.3641356298750136,1.7832540682771552
0.0,0.4264939731570216,0.8509101105478464,1.271180699413267,1.6852582236897835,2.0911253393020477,2.4868047024604163,2.8703686030811335,3.2399483563960807,3.5937434069971363,3.9300301009611265,4.247170083318479,4.543618279953947,4.817930425052392,5.068770097416654,5.29491523137729,5.4952640705736755,5.668840535600238,5.814798979367214,5.932428307008264,6.021155440263175,6.0805481094575535,6.110316959477214,6.110316959477214,6.080548109457554,6.021155440263175,5.932428307008264,5.814798979367215,5.668840535600238,5.4952640705736755,5.294915231377292,5.068770097416655,4.817930425052392,4.543618279953947,4.247170083318479,3.930030100961128,3.5937434069971377,3.2399483563960807,2.870368603081135,2.486804702460418,2.091125339302049,1.6852582236897868,1.271180699413267
0.0,0.24820701626163935,0.495204792889734,0.7397899815446815,0.9807709877729722,1.2169737763355881,1.4472475909896731,1.670470560857276,1.8855551660674954,2.0914535360439763,2.2871625546250254,2.471728747144718,2.6442529256656253,2.803894569732065,2.949875921301267,3.081485773902379,3.1980829375629063,3.2990993626217997,3.3840429072103073,3.4524997349176902,3.5041363309606135,3.5387011270336495,3.556025726924772,3.556025726924772,3.5387011270336504,3.5041363309606135,3.4524997349176902,3.3840429072103078,3.2990993626217997,3.1980829375629063,3.0814857739023798,2.9498759213012673,2.8038945697320656,2.6442529256656258,2.4717287471447174,2.2871625546250263,2.091453536043977,1.8855551660674954,1.670470560857277,1.447247590989674,1.2169737763355888,0.9807709877729741,0.7397899815446813
0.0,0.0674423825376634,0.13455619256688786,0.20101445835146764,0.2664934019008618,0.33067401638401805,0.39324362029858717,0.4538973808237722,0.5123397989351888,0.5682861490464097,0.6214638661634007,0.6716138737937727,0.7184918461414118,0.7618693984371981,0.8015351996066425,0.8372960018536398,0.8689775821443058,0.896425591004086,0.9195063044928797,0.9381072756946345,0.9521378825474187,0.9615297693449971,0.966237179758961,0.966237179758961,0.9615297693449973,0.9521378825474187,0.9381072756946345,0.9195063044928796,0.896425591004086,0.868977582144306,0.8372960018536398,0.8015351996066429,0.7618693984371984,0.7184918461414121,0.6716138737937726,0.6214638661634008,0.5682861490464101,0.5123397989351888,0.45389738082377246,0.3932436202985874,0.33067401638401817,0.26649340190086224,0.20101445835146764
0.0,-0.11521902387380406,-0.2298767122450707,-0.34341446438140566,-0.4552791357671758,-0.5649257329679868,-0.6718200687839138,-0.775441364755843,-0.8752847883457751,-0.9708639124302055,-1.0617130851241752,-1.1473896983904466,-1.227476344381368,-1.301582849007955,-1.3693481728288255,-1.4304421699980705,-1.48456719670263,-1.531459561253026,-1.570890808762774,-1.6026688341576225,-1.626638818092162,-1.6426839812141194,-1.650726153101618,-1.650726153101618,-1.6426839812141196,-1.626638818092162,-1.6026688341576225,-1.5708908087627744,-1.531459561253026,-1.4845671967026295,-1.4304421699980712,-1.3693481728288255,-1.3015828490079553,-1.2274763443813685,-1.1473896983904461,-1.0617130851241756,-0.9708639124302056,-0.8752847883457751,-0.7754413647558434,-0.6718200687839141,-0.564925732967987,-0.45527913576717655,-0.34341446438140566
0.0,-0.29567809866128225,-0.5899156833473453,-0.881279258122257,-1.1683493289374784,-1.4497273192641806,-1.7240423838175076,-1.9899580871770108,-2.2461789147656748,-2.491456584466716,-2.7245961281285744,-2.944461713329636,-3.149982177039611,-3.340156244218152,-3.5140574059261924,-3.6708384331843766,-3.8097355045874757,-3.930071927565497,-4.031261435161869,-4.112811042267114,-4.174323447392754,-4.215498968284224,-4.236137001942686,-4.236137001942686,-4.2154989682842245,-4.174323447392754,-4.112811042267114,-4.031261435161869,-3.930071927565497,-3.809735504587475,-3.6708384331843775,-3.5140574059261938,-3.340156244218152,-3.149982177039612,-2.9444617133296354,-2.724596128128575,-2.491456584466716,-2.2461789147656748,-1.9899580871770122,-1.7240423838175087,-1.449727319264181,-1.1683493289374807,-0.8812792581222569
0.0,-0.4730873511416401,-0.9438698682630922,-1.4100539462638337,-1.8693683831765056,-2.3195754452345936,-2.758481768886407,-3.1839490466418243,-3.593904444691441,-3.986350701544534,-4.3593758584862705,-4.711162574448394,-5.039996979912208,-5.344277026708617,-5.622520293035748,-5.873371205668974,-6.095607644177389,-6.2881468949717085,-6.4500509261760435,-6.580530957624898,-6.678951303720865,-6.744832470430941,-6.777853491333265,-6.777853491333265,-6.744832470430942,-6.678951303720865,-6.580530957624898,-6.4500509261760435,-6.2881468949717085,-6.095607644177388,-5.873371205668975,-5.62252029303575,-5.3442770267086175,-5.039996979912209,-4.711162574448393,-4.359375858486273,-3.9863507015445347,-3.593904444691441,-3.1839490466418265,-2.758481768886409,-2.319575445234595,-1.8693683831765089,-1.4100539462638337
0.0,-0.6450058057590582,-1.286869208068215,-1.9224631129513043,-2.5486909707934107,-3.162501862419332,-3.7609053628651226,-4.34098611042792,-4.899918010015108,-5.434978001595541,-5.943559326674277,-6.423184228157953,-6.871516021738262,-7.286370479983037,-7.665726473672735,-8.007735818538828,-8.310732279431795,-8.573239688051252,-8.793979134689566,-8.971875198951365,-9.10606118909361,-9.195883364460663,-9.240904120443028,-9.240904120443028,-9.195883364460665,-9.10606118909361,-8.971875198951365,-8.793979134689566,-8.573239688051252,-8.310732279431793,-8.007735818538832,-7.665726473672737,-7.286370479983039,-6.8715160217382625,-6.423184228157952,-5.943559326674279,-5.4349780015955425,-4.899918010015108,-4.340986110427922,-3.7609053628651243,-3.162501862419334,-2.548690970793415,-1.922463112951304
0.0,-0.80623073590464,-1.6085335967059826,-2.4029998435134057,-3.1857589166319302,-3.952997292539992,-4.7009770629926955,-5.426054145735063,-6.124696038104462,-6.793499027028511,-7.429204771573009,-8.028716177251457,-8.589112484758063,-9.107663499613498,-9.58184289339795,-10.009340511769244,-10.388073629302589,-10.716197096319481,-10.99211232827147,-11.21447509388339,-11.382202064113002,-11.494476090021205,-11.550750183839526,-11.550750183839526,-11.494476090021205,-11.382202064113002,-11.21447509388339,-10.992112328271473,-10.716197096319481,-10.388073629302589,-10.009340511769246,-9.58184289339795,-9.1076634996135,-8.589112484758067,-8.028716177251455,-7.429204771573012,-6.793499027028512,-6.124696038104462,-5.4260541457350655,-4.700977062992699,-3.952997292539993,-3.1857589166319364,-2.4029998435134052
0.0,-0.9593816277230814,-1.9140892445925997,-2.8594716110660414,-3.79092291928345,-4.703905232100349,-5.593970591461355,-6.45678268840472,-7.288137989123703,-8.083986214160745,-8.840450070961845,-9.553844143656157,-10.220692848031629,-10.837747364231943,-11.402001464680279,-11.910706160117867,-12.36138309240336,-12.751836608824545,-13.080164459097668,-13.344767062939606,-13.544355303062195,-13.677956805622099,-13.744920677528425,-13.744920677528425,-13.677956805622099,-13.544355303062195,-13.344767062939606,-13.080164459097674,-12.751836608824545,-12.361383092403358,-11.910706160117869,-11.40200146468028,-10.837747364231946,-10.22069284803163,-9.553844143656157,-8.840450070961849,-8.083986214160745,-7.288137989123703,-6.456782688404725,-5.593970591461359,-4.703905232100351,-3.7909229192834566,-2.8594716110660405
0.0,-1.1007418478939401,-2.196120992151125,-3.2808008556878594,-4.34949698724063,-5.397002806681476,-6.418214970952992,-7.4081582370427395,-8.362009700867075,-9.275122293975063,-10.143047423598835,-10.9615566457504,-11.726662265775687,-12.434636766002082,-13.082030965829835,-13.665690825793217,-14.182772813723776,-14.63075775815321,-15.007463121463545,-15.311053632991031,-15.540050230280315,-15.693337264928056,-15.770167937909815,-15.770167937909815,-15.693337264928056,-15.540050230280315,-15.311053632991031,-15.007463121463548,-14.63075775815321,-14.182772813723775,-13.665690825793222,-13.08203096582984,-12.434636766002084,-11.726662265775689,-10.961556645750397,-10.14304742359884,-9.275122293975064,-8.362009700867075,-7.408158237042743,-6.418214970952994,-5.397002806681478,-4.34949698724064,-3.2808008556878585
0.0,-1.2241823599611747,-2.442400626518999,-3.6487197627336747,-4.837262703032341,-6.002238985681778,-7.137972963335929,-8.238931454219241,-9.299750699232085,-10.315262493645951,-11.280519366077325,-12.190818682071018,-13.041725554862467,-13.829094451700293,-14.549089390465152,-15.198202628189016,-15.77327175042633,-16.271495078219292,-16.690445317596144,-17.02808138510336,-17.282758351759103,-17.45323545698188,-17.53868215345133,-17.53868215345133,-17.453235456981883,-17.282758351759103,-17.02808138510336,-16.690445317596144,-16.271495078219292,-15.773271750426327,-15.19820262818902,-14.549089390465152,-13.829094451700296,-13.041725554862468,-12.190818682071015,-11.28051936607733,-10.315262493645951,-9.299750699232085,-8.238931454219246,-7.137972963335933,-6.002238985681782,-4.837262703032349,-3.6487197627336734
0.0,-1.3356489138812901,-2.66479068051311,-3.9809498548132916,-5.277714241584504,-6.548766135084697,-7.787913098254426,-8.989118131647752,-10.146529085086677,-11.254507168748603,-12.307654424783486,-13.300840025621921,-14.229225270851291,-15.088287160877798,-15.87384043252583,-16.582057949219454,-17.209489346407118,-17.75307784139091,-18.210175125664588,-18.578554267206428,-18.856420559868184,-19.04242026700303,-19.13564721673443,-19.13564721673443,-19.04242026700303,-18.856420559868184,-18.578554267206428,-18.21017512566459,-17.75307784139091,-17.209489346407118,-16.58205794921946,-15.873840432525833,-15.088287160877798,-14.229225270851297,-13.30084002562192,-12.307654424783491,-11.254507168748605,-10.146529085086677,-8.989118131647757,-7.78791309825443,-6.5487661350847,-5.277714241584514,-3.9809498548132916
0.0,-1.4308176261759742,-2.854664452702503,-4.264603640965334,-5.65376610896584,-7.015383996798046,-8.342823638981786,-9.62961788301411,-10.869497596686186,-12.056422210665291,-13.184609147541353,-14.248561993962875,-15.24309727861025,-16.163369725547017,-17.004895859917163,-17.763575850983948,-18.435713486093142,-19.018034178249525,-19.507700919575583,-19.902328102928717,-20.199993144339405,-20.399245849647077,-20.499115479700297,-20.499115479700297,-20.39924584964708,-20.199993144339405,-19.902328102928717,-19.507700919575587,-19.018034178249525,-18.43571348609314,-17.76357585098395,-17.00489585991717,-16.16336972554702,-15.24309727861025,-14.248561993962872,-13.184609147541359,-12.056422210665295,-10.869497596686186,-9.629617883014115,-8.342823638981793,-7.01538399679805,-5.653766108965851,-4.264603640965333
