hough_viz/data/file_1_0_1.json
{"header": {"discipline": 0, "disciplineName": "Meteorological products", "gribEdition": 2, "gribLength": 133963, "center": 7, "centerName": "US National Weather Service - NCEP(WMC)", "subcenter": 0, "refTime": "2014-11-30T06:00:00.000Z", "significanceOfRT": 1, "significanceOfRTName": "Start of forecast", "productStatus": 0, "productStatusName": "Operational products", "productType": 1, "productTypeName": "Forecast products", "productDefinitionTemplate": 0, "productDefinitionTemplateName": "Analysis/forecast at horizontal level/layer at a point in time", "parameterCategory": 2, "parameterCategoryName": "Momentum", "parameterNumber": 2, "parameterNumberName": "U-component_of_wind", "parameterUnit": "m.s-1", "genProcessType": 2, "genProcessTypeName": "Forecast", "forecastTime": 6, "surface1Type": 100, "surface1TypeName": "Isobaric surface", "surface1Value": 85000, "surface2Type": 255, "surface2TypeName": "Missing", "surface2Value": 0, "gridDefinitionTemplate": 0, "gridDefinitionTemplateName": "Latitude_Longitude", "numberPoints": 65160, "shape": 6, "shapeName": "Earth spherical with radius of 6,371,229.0 m", "gridUnits": "degrees", "resolution": 48, "winds": "true", "scanMode": 0, "nx": 360, "ny": 181, "basicAngle": 0, "subDivisions": 0, "lo1": 0, "la1": 90, "lo2": 359, "la2": -90, "dx": 1, "dy": 1}, "data":
[rows 120 to 139 of 181, columns 44 to 87 of 360]
-11.023626043039672,-10.836159384797423,-10.645391927434334,-10.451381780565919,-10.254188041562339,-10.053870777546745,-9.850491007098277,-9.644110681665202,-9.434792666693887,-9.222600722479415,-9.007599484743535,-8.789854444946023,-8.569431930335352,-8.34639908374475,-8.120823843139851,-7.89277492092415,-7.662321783008506,-7.42953462765118,-7.194484364074753,-6.9572425908664925,-6.717881574168732,-6.476474225665902,-6.233094080374918,-5.987815274245717,-5.740712521578705,-5.491861092266095,-5.241336788863926,-4.989215923501899,-4.735575294637952,-4.480492163664713,-4.224044231374917,-3.9663096142930105,-3.707366820880089,-3.447294727619452,-3.186172554990095,-2.924079843335338,-2.6610964286341035,-2.3973024181820874,-2.132778166190306,-1.867604249308411,-1.6018614420802906,-1.3356306923393328,-1.0689930965509464,-0.8020298751097787
-11.141545728457665,-10.952073740092645,-10.759265643971272,-10.5631801713074,-10.363877051635521,-10.161416994616587,-9.955861671545229,-9.747273696564129,-9.535716607591086,-9.321254846964816,-9.103953741815138,-8.883879484163717,-8.661099110761352,-8.435680482667896,-8.207692264581144,-7.977203903920909,-7.744285609674623,-7.509008331011055,-7.271443735668461,-7.0316641881239255,-6.789742727550427,-6.545753045568403,-6.299769463798564,-6.051866911222819,-5.8021209013601585,-5.550607509264541,-5.297403348351658,-5.042585547061768,-4.786231725365618,-4.528419971120655,-4.269228816284701,-4.008737212994357,-3.747024509515429,-3.4841704260726543,-3.2202550305661872,-2.9553587141820965,-2.6895621669044623,-2.4229463529364166,-2.1555924860376603,-1.887582004785957,-1.6189965477701818,-1.3499179287223841,-1.0804281115965526,-0.8106091856015833
-11.243362743703177,-11.052159265579181,-10.857589192678223,-10.659711792929343,-10.458587341705394,-10.25427710346255,-10.046843313078574,-9.836349156895484,-9.622858753472343,-9.406437134054174,-9.187150222762769,-8.965064816515586,-8.740248564678758,-8.512769948460443,-8.282698260050768,-8.05010358151479,-7.815056763444773,-7.577629403378458,-7.3378938239897264,-7.095923051058433,-6.8517907912260405,-6.6055714095438525,-6.357339906820708,-6.107171896777015,-5.855143583012057,-5.601331735791668,-5.3458136686632365,-5.0886672149052705,-4.829970703818616,-4.569802936866603,-4.308243163671344,-4.045371057873544,-3.781266692863129,-3.5160105173881075,-3.2496833310491384,-2.982366259687139,-2.714140730671607,-2.4450884480970427,-2.175291367895087,-1.9048316728699421,-1.6337917476647268,-1.3622541536662764,-1.0903016038561706,-0.8180169376155376
-11.3230703269761,-11.130511349834416,-10.934561911111885,-10.73528169890575,-10.532731415899125,-10.326972760870351,-10.118068409898983,-9.906081997274038,-9.691078096110346,-9.473122198678999,-9.252280696457737,-9.028620859907479,-8.80221081798108,-8.573119537370593,-8.341416801499347,-8.10717318926525,-7.870460053541749,-7.63134949944308,-7.38991436236034,-7.146228185775116,-6.900365198857439,-6.652400293854851,-6.402409003279505,-6.150467476900237,-5.89665245854658,-5.641041262731903,-5.383711751102599,-5.124742308720722,-4.8642118201871165,-4.602199645612406,-4.33878559644313,-4.074049911150419,-3.8080732307885667,-3.540936574430975,-3.2727213144909966,-3.003509151935057,-2.733382091395792,-2.4624224161926214,-2.190712663267459,-1.9183355980431496,-1.6453741892123444,-1.3719115834644082,-1.098031080158146,-0.8238161059479988
-11.390517882194002,-11.196811898819165,-10.999695258073992,-10.799228003596768,-10.595471199655186,-10.388486912545549,-10.178338191686818,-9.965089050415127,-9.748804446484687,-9.529550262281067,-9.307393284752726,-9.082401185067106,-8.854642497997318,-8.624186601045793,-8.391103693311214,-8.155464774105214,-7.917341621325254,-7.6768067695904305,-7.43393348814669,-7.18879575854833,-6.941468252122488,-6.692026307223538,-6.440545906284292,-6.187103652671027,-5.931776747349332,-5.674642965367989,-5.415780632167892,-5.1552685997233905,-4.893186222523206,-4.629613333398281,-4.3646302192039315,-4.098317596363691,-3.8307565862823054,-3.5620286906353607,-3.292215766543108,-3.0214000016359535,-2.749663889019341,-2.4770902021455408,-2.203761969600059,-1.9297624498103088,-1.655175105684321,-1.3800835791871005,-1.1045716658624933,-0.8287232893082348
-11.443344420305952,-11.248740074221084,-11.05070925294062,-10.849312278571084,-10.64461049858185,-10.436666267118088,-10.225542926007105,-10.011304785463805,-9.794017104501162,-9.573746071051715,-9.350558781806066,-9.124523221774583,-8.895708243578504,-8.664183546476771,-8.430019655134949,-8.193287898142744,-7.9540603862865975,-7.712409990584076,-7.46841032008663,-7.222135699457569,-6.973661146332055,-6.723062348465996,-6.470415640680824,-6.215797981611183,-5.959286930262549,-5.700960622386054,-5.440897746677534,-5.179177520808214,-4.915879667294234,-4.651084389212404,-4.384872345769553,-4.117324627732968,-3.84852273272936,-3.5785485404198782,-3.307484287558814,-3.0354125429434364,-2.7624161822627764,-2.488578362852872,-2.213982498366247,-1.938712233363282,-1.6628514178333116,-1.3864840816530655,-1.1096944089903786,-0.8325667126608586
-11.475700883204398,-11.280546286417227,-11.081955525954111,-10.879989094484474,-10.674708512939837,-10.466176311773937,-10.254456011915341,-10.039612105418371,-9.821710035818182,-9.600816178196045,-9.376997818960835,-9.150323135352947,-8.920861174676865,-8.688681833268651,-8.453855835204871,-8.216454710759352,-7.976550774614349,-7.734217103832817,-7.489527515598411,-7.242556544730073,-6.99337942097799,-6.74207204610789,-6.488710970780625,-6.23337337123411,-5.976137025774669,-5.717080291085042,-5.456282078356147,-5.193821829249994,-4.929779491700969,-4.664235495562926,-4.39727072810947,-4.128966509394915,-3.859404567483404,-3.5886670135537395,-3.3168363168875556,-3.0439952797483296,-2.770227012159047,-2.4956149065860695,-2.2202426125369854,-1.9441940110801421,-1.6675531892936966,-1.3904044146518424,-1.1128321093561384,-0.8349208246196747
-11.497008781815117,-11.301491825081126,-11.102532324457211,-10.900190884934617,-10.694529141675952,-10.485609741240506,-10.27349632250149,-10.058253497261052,-9.839946830568852,-9.618642820750363,-9.394408879150784,-9.167313309600935,-8.937425287611221,-8.704814839300122,-8.469552820063532,-8.231710892991556,-7.991361507039196,-7.7485778749577365,-7.503433950993406,-7.256004408360204,-7.006364616493724,-6.754590618092882,-6.500759105956579,-6.244947399622338,-5.987233421814003,-5.727695674705756,-5.466413216009557,-5.203465634893428,-4.9389330277378045,-4.6728959737374165,-4.405435510356066,-4.136633108641851,-3.8665706484102818,-3.5953303933028886,-3.322994965728954,-3.049647321697881,-2.775370725550022,-2.50024872459354,-2.224365123655097,-1.947803959552073,-1.6706494754941723,-1.3929860954220916,-1.1148983982911889,-0.8364710923079002
-11.505438398124658,-11.309778088196936,-11.110672710303268,-10.908182913870533,-10.702370379252299,-10.493297798940356,-10.281028858467991,-10.065628217010778,-9.84716148769073,-9.625695217589943,-9.401296867479667,-9.174034791271152,-8.943978215194347,-8.71119721671093,-8.475762703168039,-8.23774639019921,-7.997220779879081,-7.754259138638584,-7.508935474947265,-7.261324516769583,-7.011501688802063,-6.7595430894981945,-6.5055254678880985,-6.249526200200046,-5.99162326629089,-5.731895225892667,-5.470421194682521,-5.207280820183312,-4.942554257502212,-4.676322144914682,-4.408665579301259,-4.139666091444679,-3.8694056211948027,-3.597966492508929,-3.325431388375161,-3.0518833256263123,-2.777405629652221,-2.5020819090180035,-2.2259960299960926,-1.9492320910197294,-1.6718743970658103,-1.394007433974734,-1.115715842715219,-0.8370843936018275
-11.495495371785454,-11.300004151947808,-11.101070841379887,-10.898756037095188,-10.693121366142973,-10.484229466836036,-10.272143969670486,-10.056929477943287,-9.83865154807344,-9.617376669632895,-9.393172245093156,-9.16610656929386,-8.936248808639492,-8.703668980030624,-8.468437929536101,-8.230627310812649,-7.990309563278441,-7.747557890047392,-7.502446235630755,-7.255049263412916,-7.005442332908204,-6.7537014768056425,-6.4999033778086694,-6.244125345276844,-5.986445291676638,-5.726941708848597,-5.465693644097907,-5.202780676115862,-4.938282890739404,-4.672280856556207,-4.4048556003627,-4.13608858248253,-3.8660616719529486,-3.594857121586703,-3.3225575429170666,-3.0492458810335163,-2.7750053893158952,-2.4999196040746074,-2.2240723191046565,-1.947547560161228,-1.6704295593646603,-1.392802729542496,-1.1147516385165337,-0.8363609833426341
-11.475915772960096,-11.280757521779698,-11.082163042579012,-10.88019282916023,-10.6749084036069,-10.466372297543666,-10.25464803308857,-10.0398001035036,-9.821893953549365,-9.600995959550062,-9.37717340917454,-9.150494480939868,-8.92102822344347,-8.68884453433027,-8.454014139001183,-8.21660856906949,-7.9767001405715785,-7.73436193193882,-7.489667761737147,-7.242692166181206,-6.993510376429914,-6.742198295670304,-6.488832475996693,-6.233490095092164,-5.976248932719488,-5.71718734702869,-5.4563842506883455,-5.193919086848061,-4.929871804939298,-4.664322836322012,-4.39735306978447,-4.129043826903757,-3.859476837274426,-3.5887342136128626,-3.316898426744992,-3.0440522804848142,-2.770278886411604,-2.4956616385532984,-2.2202841879838764,-1.944230417342411,-1.667584415281644,-1.3904304508537295,-1.112852947841086,-0.8349364590400781
-11.445357310565157,-11.250718733474194,-11.05265307846886,-10.851220678266362,-10.646482891127134,-10.438502082164467,-10.227341604347535,-10.01306577920344,-9.79573987722425,-9.575430097984995,-9.35220354997862,-9.12612823017409,-8.897273003303859,-8.665707580887005,-8.431502499994416,-8.194729101762537,-7.955459509662132,-7.713766607528817,-7.469724017361913,-7.2234060768984785,-6.974887816969318,-6.724244938643852,-6.4715537901708515,-6.216891343722019,-5.960335171945503,-5.701963424336555,-5.441854803432391,-5.180088540838672,-4.916744373094769,-4.651902517385248,-4.38564364710494,-4.11804886728504,-3.8491996898877328,-3.579178008976845,-3.308066075772153,-3.0359464735948234,-2.7629020927117613,-2.4890161050864257,-2.214371939043844,-1.93905325385752,-1.6631439142660442,-1.386727964927046,-1.1098896048163989,-0.8327131615803793
-11.39886426451761,-11.205016343417698,-11.00775526579415,-10.80714111928212,-10.603235012894036,-10.396099058405174,-10.18579635143385,-9.972390952221858,-9.755947866121092,-9.536533023792323,-9.314213261122033,-9.089056298863596,-8.86113072200886,-8.630505958896501,-8.397252260063471,-8.161440676846022,-7.923143039736749,-7.682431936504363,-7.439380690082728,-7.194063336235995,-6.946554601006588,-6.696929877952931,-6.445265205183831,-6.191637242196551,-5.936123246525552,-5.678801050209152,-5.419749036081074,-5.159046113894319,-4.896771696284468,-4.633005674579838,-4.367828394465796,-4.1013206315106965,-3.8335635665608567,-3.564638761012072,-3.294628131965258,-3.023613927273666,-2.7516787004894194,-2.478905285716894,-2.205376772380648,-1.931176479915563,-1.656387932386973,-1.3810948330483876,-1.1053810388446934,-0.8293305348684967
-11.344271682975947,-11.151352157740199,-10.955035822611627,-10.755382477447673,-10.55245293859136,-10.346309020346043,-10.137013516146183,-9.924630179429851,-9.709223704218813,-9.490859705412108,-9.269604698799114,-9.045526080798187,-8.818692107927067,-8.589171876011289,-8.357035299136898,-8.122353088353975,-7.885196730137335,-7.645638464611079,-7.4037512635435405,-7.159608808119375,-6.913285466495572,-6.664856271148173,-6.41439689601667,-6.161983633452984,-5.907693370982068,-5.651603567881246,-5.393792231585331,-5.134337893924837,-4.873319587204404,-4.610816820128804,-4.346909553583805,-4.0816781762793255,-3.8152034802622525,-3.547566636306378,-3.2788491691870414,-3.009132932847842,-2.7385000854671726,-2.4670330644320235,-2.1948145612267655,-1.921927496244505,-1.6484549935287622,-1.3744803554530487,-1.1000870373461775,-0.8253586220709445
-11.280660382957318,-11.088822624990737,-10.893607104232752,-10.69507328522207,-10.493281643283213,-10.288293646105108,-10.080171735017458,-9.868979305970516,-9.654780690224015,-9.437641134751315,-9.217626782364489,-8.994804651566596,-8.769242616137207,-8.541009384457382,-8.310174478580436,-8.07680821305485,-7.840981673505765,-7.602766694981636,-7.36223584007256,-7.119462376807019,-6.874520256333721,-6.627484090395372,-6.3784291286012085,-6.127431235505244,-5.874566867497181,-5.619913049513077,-5.363547351572768,-5.10554786515132,-4.845993179391593,-4.584962357165235,-4.322534910989354,-4.058790778806253,-3.7938102996335408,-3.527674189092088,-3.2604635148192966,-2.992259671775069,-2.7231443574481484,-2.4531995469702577,-2.182507468145685,-1.9111505764038836,-1.639211529682782,-1.3667731632503404,-1.0939184644721476,-0.8207305475326464
-11.20377431772745,-11.013244076330986,-10.819359094101184,-10.62217843028183,-10.421762148013261,-10.218171296036529,-10.011467890097379,-9.801714894055637,-9.58897620070582,-9.37331661231477,-9.154801820882255,-8.93349838813054,-8.709473725229058,-8.482796072260305,-8.253534477433249,-8.021758776050591,-7.787539569236218,-7.550948202429467,-7.312056743652578,-7.07093796155809,-6.827665303262795,-6.5823128719750486,-6.334955404422202,-6.085668248085081,-5.834527338246394,-5.581609174860148,-5.326990799248976,-5.070749770636633,-4.812964142522695,-4.553712438906719,-4.293073630369046,-4.031127110015626,-3.767952669294093,-3.5036304736885087,-3.238241038300215,-2.971865203322107,-2.704584109413962,-2.4364791729861954,-2.1676320613996367,-1.898124668088845,-1.6280390876166106,-1.3574575906671198,-1.0864625989855283,-0.8151366602714825
-11.120380239872471,-10.931268189643927,-10.738826369231244,-10.543113398277143,-10.344188892848498,-10.142113447276683,-9.936948615699965,-9.728756893313527,-9.517601697332799,-9.303547347675988,-9.086659047371585,-8.867002862696909,-8.644645703053673,-8.419655300586722,-8.192100189552177,-7.9620496854412455,-7.729573863866015,-7.494743539213791,-7.257630243076309,-7.018306202460542,-6.776844317787649,-6.533318140686792,-6.287801851590608,-6.040370237139129,-5.79109866739903,-5.540063072905217,-5.287339921531595,-5.033006195198265,-4.77713936642205,-4.519817374717635,-4.261118602856427,-4.001121852990407,-3.7399063226482303,-3.4775515806108834,-3.2141375426742895,-2.949744447306145,-2.684452831204535,-2.4183435047656614,-2.1514975274682198,-1.88399618318188,-1.6159209554074656,-1.3473535024562562,-1.078375632576096,-0.8090692790317902
-11.029905110957104,-10.842331671527365,-10.651455552838451,-10.457334897605175,-10.260028836859611,-10.059597471939211,-9.856101856179349,-9.649603976315891,-9.440166733603432,-9.227853924654971,-9.012730222008834,-8.794861154428792,-8.574313086943379,-8.351153200630446,-8.125449472153162,-7.8972706530536705,-7.666686248810674,-7.433766497667436,-7.198582349236491,-6.961205442887737,-6.721708085926368,-6.4801632315673805,-6.236644456713303,-5.991225939541984,-5.743982436911166,-5.494989261586863,-5.244322259302321,-4.992057785654706,-4.7382726828464286,-4.483044256278281,-4.226450251001444,-3.96856882803561,-3.70947854056037,-3.449258309987143,-3.1879874019189853,-2.925745402005472,-2.6626121917001764,-2.3986679239279853,-2.13399299866975,-1.8686680384716596,-1.6027738638868603,-1.3363914688567018,-1.0696019960392187,-0.8024867120922712
-10.928923552077128,-10.743067394720766,-10.553938794965541,-10.361595363215065,-10.166095689141928,-9.967499323840698,-9.765866761688091,-9.561259421915802,-9.353739629901593,-9.143370598184406,-8.930216407209194,-8.714341985807396,-8.495813091418995,-8.27469629006216,-8.051058936056585,-7.8249691515067346,-7.596495805551153,-7.365708493384292,-7.132677515057126,-6.897473854063075,-6.660169155715748,-6.420835705325082,-6.179546406178542,-5.936374757334072,-5.691394831231561,-5.44468125112968,-5.196309168374892,-4.94635423950964,-4.694892603226623,-4.442000857176218,-4.187756034634088,-3.9322355810361054,-3.67551733038772,-3.4176794815549574,-3.1588005744443137,-2.898959466078704,-2.6382353065768758,-2.3767075150435044,-2.1144557553773713,-1.8515599120049508,-1.5881000655468738,-1.3241564684245595,-1.0598095204145759,-0.7951397441580648
-10.82301770345533,-10.638962570140597,-10.45166670576505,-10.26118716246336,-10.067581962149635,-9.87091007884338,-9.671231420705453,-9.468606811789464,-9.263097973514142,-9.054767505862449,-8.843678868312965,-8.629896360509552,-8.413485102675043,-8.194511015775003,-7.973040801437541,-7.749141921635388,-7.5228825781362785,-7.294331691728067,-7.063558881224777,-6.830634442260036,-6.59562932587434,-6.358615116902689,-6.119664012169139,-5.878848798494969,-5.636242830527086,-5.3919200083935195,-5.145954755192692,-4.898421994323449,-4.649397126662656,-4.39895600759736,-4.147174923918506,-3.89413057058324,-3.6399000273528888,-3.3845607353136957,-3.128190473287557,-2.8708673341397897,-2.612669700991327,-2.353676223342443,-2.093965793115358,-1.8336175206229821,-1.5727107104711755,-1.3113248374017688,-1.0495395220838037,-0.7874345068602912
