hough_viz/data/file_3_1_1.json
{"header": {"discipline": 0, "disciplineName": "Meteorological products", "gribEdition": 2, "gribLength": 133963, "center": 7, "centerName": "US National Weather Service - NCEP(WMC)", "subcenter": 0, "refTime": "2014-11-30T06:00:00.000Z", "significanceOfRT": 1, "significanceOfRTName": "Start of forecast", "productStatus": 0, "productStatusName": "Operational products", "productType": 1, "productTypeName": "Forecast products", "productDefinitionTemplate": 0, "productDefinitionTemplateName": "Analysis/forecast at horizontal level/layer at a point in time", "parameterCategory": 2, "parameterCategoryName": "Momentum", "parameterNumber": 2, "parameterNumberName": "U-component_of_wind", "parameterUnit": "m.s-1", "genProcessType": 2, "genProcessTypeName": "Forecast", "forecastTime": 6, "surface1Type": 100, "surface1TypeName": "Isobaric surface", "surface1Value": 85000, "surface2Type": 255, "surface2TypeName": "Missing", "surface2Value": 0, "gridDefinitionTemplate": 0, "gridDefinitionTemplateName": "Latitude_Longitude", "numberPoints": 65160, "shape": 6, "shapeName": "Earth spherical with radius of 6,371,229.0 m", "gridUnits": "degrees", "resolution": 48, "winds": "true", "scanMode": 0, "nx": 360, "ny": 181, "basicAngle": 0, "subDivisions": 0, "lo1": 0, "la1": 90, "lo2": 359, "la2": -90, "dx": 1, "dy": 1}, "data":
[rows 114 to 132 of 181, columns 215 to 257 of 360]
-1.681486892218097,-2.0076112455645854,-2.3282328760343276,-2.6424729820243424,-2.949470253246674,-3.24838323152001,-3.5383926171481086,-3.8187035145632606,-4.088547611079821,-4.347185282785871,-4.59390762180095,-4.828038379343267,-5.048935819280647,-5.255994477084603,-5.448646819366567,-5.626364799447442,-5.78866130469685,-5.935091491675004,-6.065254005417628,-6.178792079522038,-6.275394514019049,-6.35479652835046,-6.416780487114149,-6.461176496587604,-6.487862870394784,-6.496766463040031,-6.487862870394784,-6.461176496587604,-6.416780487114152,-6.35479652835046,-6.275394514019051,-6.17879207952204,-6.065254005417629,-5.935091491675012,-5.788661304696859,-5.626364799447446,-5.4486468193665685,-5.255994477084605,-5.04893581928065,-4.828038379343279,-4.593907621800954,-4.347185282785875,-4.088547611079825
-1.3118309514571886,-1.566260541556184,-1.8163971203802087,-2.0615550809534877,-2.30106246234681,-2.534262791475722,-2.760516882447654,-2.979204588525972,-3.1897265019091128,-3.3915055966656915,-3.583988810322473,-3.7666485597701613,-3.9389841873320584,-4.100523333031911,-4.250823229299805,-4.389471914567289,-4.516089362425392,-4.630328523250613,-4.731876275443794,-4.82045428367467,-4.895819761779663,-4.957766138221877,-5.006123622289323,-5.040759669479461,-5.061579344794464,-5.068525582951453,-5.061579344794464,-5.040759669479461,-5.006123622289325,-4.957766138221878,-4.895819761779665,-4.820454283674673,-4.731876275443796,-4.630328523250619,-4.516089362425398,-4.389471914567291,-4.250823229299808,-4.100523333031914,-3.9389841873320606,-3.7666485597701707,-3.583988810322476,-3.391505596665695,-3.1897265019091163
-0.9467418794957972,-1.1303624504711185,-1.310884776540229,-1.4878140585553261,-1.660665345652611,-1.8289648644688887,-1.992251317721452,-2.150077148591832,-2.302009767447952,-2.4476327375422335,-2.586546916435778,-2.7183715500200387,-2.842745316137389,-2.959327314940011,-3.067798003272702,-3.1678600705184468,-3.259239253506151,-3.3416850882469413,-3.4149715964385288,-3.4788979048560438,-3.533288795931576,-3.5779951880133534,-3.6128945439881814,-3.6378912071471583,-3.652916663374063,-3.657929728937784,-3.652916663374063,-3.6378912071471583,-3.6128945439881823,-3.5779951880133543,-3.5332887959315777,-3.4788979048560456,-3.4149715964385305,-3.3416850882469458,-3.259239253506156,-3.1678600705184485,-3.0677980032727037,-2.9593273149400137,-2.8427453161373917,-2.718371550020046,-2.58654691643578,-2.447632737542236,-2.302009767447954
-0.5906970350034637,-0.7052627146146052,-0.8178953181471981,-0.9282861274639562,-1.0361325690297132,-1.141139043244448,-1.2430177346612554,-1.3414894008684601,-1.4362841378736688,-1.5271421198918527,-1.6138143115097598,-1.696063150274673,-1.7736631978365909,-1.8464017578590555,-1.914079459005041,-1.9765108013999257,-2.0335246650737524,-2.08496477898918,-2.1306901493695234,-2.1705754461529017,-2.2045113465132236,-2.2324048345064584,-2.254179456020867,-2.2697755283324166,-2.279150303690969,-2.2822780864889,-2.279150303690969,-2.2697755283324166,-2.2541794560208683,-2.232404834506459,-2.2045113465132253,-2.170575446152903,-2.1306901493695247,-2.084964778989183,-2.033524665073755,-1.976510801399927,-1.9140794590050423,-1.8464017578590564,-1.773663197836592,-1.6960631502746772,-1.613814311509761,-1.527142119891854,-1.4362841378736706
-0.24115380994599614,-0.28792558716867533,-0.33390818037038733,-0.37897555445937703,-0.4230041828958614,-0.46587338626968705,-0.5074656630742109,-0.5476670117697542,-0.5863672432539038,-0.6234602828821819,-0.6588444612112726,-0.6924227926678992,-0.7241032413795424,-0.7537989734383634,-0.781428594906914,-0.8069163749132605,-0.8301924532240383,-0.8511930317264998,-0.8698605492947015,-0.8861438395605515,-0.8999982711572689,-0.9113858700508574,-0.9202754236242913,-0.9266425662291313,-0.9304698459700725,-0.9317467725393758,-0.9304698459700725,-0.9266425662291313,-0.9202754236242916,-0.9113858700508577,-0.8999982711572694,-0.8861438395605519,-0.8698605492947018,-0.851193031726501,-0.8301924532240396,-0.8069163749132608,-0.7814285949069146,-0.753798973438364,-0.7241032413795429,-0.6924227926679009,-0.6588444612112733,-0.6234602828821825,-0.5863672432539045
0.09967280720173148,0.11900434641582229,0.13800970298827805,0.15663678455777977,0.174834535588498,0.19255307730976712,0.20974384443033103,0.22635971825242743,0.24235515582086478,0.25768631475309767,0.27231117340814837,0.28618964606500447,0.2992836927947952,0.31155742372558987,0.3229771974140437,0.3335117130542552,0.3431320962710997,0.35181197826288507,0.35952756807640257,0.3662577178162776,0.3719839806098799,0.37669066116892014,0.38036485880914295,0.38299650281020714,0.38457838001882916,0.3851061546195349,0.38457838001882916,0.3829965028102072,0.38036485880914306,0.37669066116892014,0.37198398060988,0.3662577178162777,0.35952756807640274,0.35181197826288546,0.34313209627110014,0.3335117130542554,0.32297719741404374,0.31155742372559003,0.29928369279479544,0.286189646065005,0.2723111734081486,0.2576863147530979,0.24235515582086514
0.4259868206636954,0.5086069570834415,0.5898330371866579,0.6694424259337375,0.7472169195237053,0.822943343475667,0.8964141369252552,0.9674279215345138,1.0357900534559366,1.1013131568377206,1.1638176374079514,1.223132174730017,1.2790941917800245,1.3315503005591105,1.3803567225192903,1.4253796826504639,1.4664957761484183,1.5035923066588226,1.536567595170095,1.5653312587085102,1.589804458071647,1.6099201139211627,1.6256230906425948,1.6368703474682516,1.6436310564489605,1.6458866869513373,1.6436310564489605,1.6368703474682518,1.6256230906425957,1.6099201139211632,1.589804458071648,1.565331258708511,1.536567595170096,1.5035923066588248,1.4664957761484203,1.4253796826504646,1.3803567225192908,1.3315503005591112,1.2790941917800258,1.22313217473002,1.1638176374079523,1.1013131568377217,1.0357900534559379
0.7428929938534558,0.8869770770225506,1.028630017676547,1.167463554951288,1.303097155771304,1.4351590578645195,1.5632872887368157,1.6871306578134513,1.8063497190280342,1.9206177012205912,2.0296214037946014,2.1330620551780624,2.230656131735608,2.3221361348870735,2.407251324302517,2.485768405164035,2.557472167610639,2.622166076613536,2.6796728106649645,2.7298347478041336,2.772514397648058,2.8075947782431427,2.834979736704582,2.8545942127647397,2.866384444508121,2.870318115729044,2.866384444508121,2.8545942127647397,2.834979736704583,2.8075947782431436,2.772514397648059,2.729834747804135,2.6796728106649654,2.6221660766135395,2.5574721676106433,2.485768405164036,2.407251324302518,2.3221361348870744,2.2306561317356093,2.133062055178067,2.029621403794603,1.920617701220593,1.8063497190280364
1.0478292822484807,1.2510557532202675,1.4508531673322964,1.6466738937602345,1.8379812015042751,2.0242507305314925,2.204971929010273,2.3796494526973557,2.5478045226420005,2.7089762374858037,2.8627228367612885,3.008622911726631,3.1462765604177494,3.2753064837517654,3.3953590196775787,3.5061051125389686,3.607241214993264,3.698490120013528,3.779601720693732,3.8503536957744084,3.910552119009771,3.9600319907060726,3.998657689974298,4.02632334645759,4.042953130514549,4.048501461062993,4.042953130514549,4.026323346457591,3.998657689974299,3.9600319907060735,3.9105521190097727,3.8503536957744102,3.779601720693733,3.698490120013534,3.6072412149932687,3.50610511253897,3.395359019677581,3.2753064837517667,3.1462765604177507,3.008622911726638,2.8627228367612916,2.708976237485807,2.547804522642003
1.3337683826200655,1.5924527371095456,1.8467722893366405,2.0960299670862317,2.3395425723892966,2.5766426541210445,2.8066803374380895,3.0290251050401755,3.243067525374298,3.4482209230442313,3.6439229868469973,3.829637311028791,4.0048548655358855,4.169095391230596,4.32190871624821,4.462875989886778,4.59161083064777,4.707760385280916,4.8110062959304205,4.901065572731726,4.977691369467064,5.040673660153779,5.089839814710941,5.125055072126408,5.1462229098273875,5.153285308242098,5.1462229098273875,5.1250550721264085,5.089839814710942,5.04067366015378,4.977691369467066,4.901065572731728,4.811006295930422,4.707760385280924,4.591610830647777,4.462875989886782,4.321908716248212,4.169095391230599,4.004854865535887,3.829637311028799,3.6439229868470004,3.448220923044235,3.2430675253743027
1.6080933577492655,1.9199830363687411,2.2266101749419134,2.527134329795346,2.8207317851097633,3.106597810667847,3.383948867563866,3.6520247558292946,3.9100906980881223,4.157439353530564,4.393392756685044,4.617304175674429,4.828559884863176,5.026580847036595,5.210824300501637,5.380785246758961,5.535997834668709,5.676036637316129,5.8005178180771315,5.909100182687838,6.001486114434311,6.077422389899307,6.136700873030037,6.179159085624642,6.20468065267363,6.213195621335705,6.20468065267363,6.179159085624643,6.13670087303004,6.077422389899309,6.001486114434313,5.909100182687839,5.800517818077134,5.676036637316136,5.535997834668717,5.380785246758963,5.210824300501639,5.026580847036597,4.8285598848631786,4.617304175674439,4.3933927566850475,4.157439353530568,3.910090698088127
1.868169017615722,2.2305003659191187,2.5867180677597106,2.935845755177141,3.276926493447768,3.6090254039762106,3.9312322267326456,4.242663815212208,4.54246655707822,4.82981871385426,5.103932673252207,5.364057107962772,5.609479034991457,5.839525769895338,6.053566770564394,6.251015365493601,6.431330361808734,6.594017528638448,6.7386309517667025,6.86477425585266,6.972101690867931,7.060319079773381,7.129184624837932,7.178509570389351,7.208158720180414,7.218050807952435,7.208158720180414,7.178509570389352,7.129184624837936,7.060319079773383,6.972101690867934,6.864774255852661,6.738630951766706,6.5940175286384575,6.431330361808742,6.251015365493602,6.053566770564397,5.839525769895341,5.609479034991461,5.3640571079627835,5.103932673252211,4.829818713854263,4.5424665570782246
2.1059257759328878,2.5143700433549467,2.9159225972598874,3.3094828100090345,3.6939719604152756,4.0683361904428486,4.431549393759012,4.782616028220104,5.120573844583406,5.444496523965432,5.75349621681758,6.04672597646004,6.323382080503804,6.582706233797804,6.823987646863265,7.046564984118238,7.249828176552465,7.4332200938841435,7.596238071615281,7.738435288800157,7.859421992750472,7.958866567320382,8.036496441843296,8.092098838229138,8.125521354174289,8.136672380885713,8.125521354174289,8.09209883822914,8.0364964418433,7.958866567320382,7.859421992750474,7.73843528880016,7.596238071615286,7.433220093884155,7.249828176552475,7.046564984118242,6.8239876468632685,6.582706233797809,6.323382080503808,6.0467259764600545,5.753496216817585,5.444496523965437,5.120573844583413
2.3306180902562734,2.78264142811282,3.227037739233942,3.6625889642204674,4.088101287439502,4.502408409190087,4.904374742449668,5.292898525439103,5.666914841475174,6.025398537833183,6.367367035619308,6.691883022951046,6.998057024063972,7.285049837302918,7.552074835315422,7.798400121142609,8.023350534297885,8.226309501334915,8.406720725832551,8.564089713164671,8.697985125875585,8.808039965946007,8.893952580709117,8.955487489659571,8.992476029889172,9.004816818380192,8.992476029889172,8.955487489659573,8.893952580709122,8.808039965946007,8.697985125875588,8.564089713164675,8.406720725832555,8.226309501334928,8.023350534297895,7.798400121142612,7.552074835315425,7.285049837302922,6.998057024063976,6.691883022951061,6.3673670356193135,6.02539853783319,5.666914841475181
2.5397600317269244,3.0323464454750537,3.516621408391952,3.9912575564658064,4.454953945006298,4.906439614443565,5.344477073940092,5.767865693266998,6.175444993648085,6.566097828551502,6.9387534457107245,7.2923904219820805,7.626039462994639,7.9387860599186295,8.22977299607064,8.498202696484926,8.743339414010963,8.964511245945276,9.161111975669991,9.332602734250482,9.478513477437653,9.59844427402656,9.692066402040039,9.759123249732806,9.799431018946393,9.812879228887146,9.799431018946393,9.759123249732806,9.692066402040043,9.598444274026562,9.478513477437657,9.332602734250484,9.161111975669998,8.96451124594529,8.743339414010975,8.498202696484928,8.229772996070642,7.938786059918634,7.626039462994641,7.292390421982097,6.938753445710731,6.56609782855151,6.175444993648092
2.724516457219007,3.252936376461034,3.772440223204017,4.281604073514301,4.7790323446697345,5.263361620354876,5.73326438769042,6.187452675853629,6.624681586316882,7.043752705028013,7.44351738717991,7.822879905566084,8.180800453892829,8.516297996815922,8.828452958890356,9.116409745062713,9.379379085797716,9.616640200411204,9.827542772679829,10.01150873331266,10.168033844398924,10.29668908148905,10.3971218095209,10.469056749367931,10.512296732360156,10.526723240709767,10.512296732360156,10.469056749367931,10.397121809520904,10.296689081489054,10.168033844398924,10.011508733312665,9.827542772679832,9.616640200411215,9.379379085797728,9.116409745062718,8.828452958890361,8.516297996815926,8.180800453892836,7.822879905566103,7.4435173871799165,7.04375270502802,6.624681586316889
2.895516687457746,3.457102098364799,4.009211832720454,4.550332596119519,5.078981214162362,5.593708697732825,6.0931042145767425,6.575798956294988,7.040469890152207,7.485843385417582,7.910698704298122,8.313871347896091,8.694256248019606,9.050810796097636,9.38255770089771,9.68858766721321,9.968061888178342,10.220214344379473,10.444353903461051,10.639866214471379,10.806215391755874,10.942945483782383,11.049681722872663,11.126131552414506,11.172085428739107,11.187417395465669,11.172085428739107,11.126131552414506,11.049681722872668,10.942945483782388,10.806215391755876,10.639866214471384,10.444353903461055,10.220214344379485,9.968061888178354,9.688587667213215,9.382557700897713,9.05081079609764,8.694256248019608,8.313871347896113,7.910698704298128,7.485843385417589,7.040469890152216
3.050585430122065,3.642246420957633,4.223924267522799,4.794024631272061,5.350984906735572,5.893278504512104,6.419419035544553,6.92796438520892,7.417520666050329,7.886746038331634,8.334354387922867,8.75911885145066,9.15987517904553,9.535524925469751,9.885038460879466,10.207457792968512,10.501899192758714,10.767555616839639,11.003698919418419,11.209681848116805,11.384939818044936,11.528992459289272,11.641444933573124,11.72198901648098,11.770403942280128,11.78655700902423,11.770403942280128,11.72198901648098,11.641444933573135,11.528992459289274,11.384939818044941,11.20968184811681,11.003698919418424,10.767555616839651,10.501899192758732,10.207457792968519,9.885038460879473,9.535524925469755,9.159875179045535,8.759118851450681,8.334354387922874,7.886746038331641,7.417520666050337
3.1804649867386154,3.7973161153091404,4.4037590643558095,4.998131615908619,5.578804636118093,6.144186540597903,6.692727656847122,7.22292447179472,7.73332375282445,8.222526530984435,8.689191935463802,9.132040868826373,9.549859512927885,9.941502655907055,10.305896831131761,10.642043259496441,10.94902058700619,11.225987410144054,11.472184582099528,11.686937293537241,11.86965692220242,12.019842646293581,12.137082817180262,12.221056087703339,12.271532292965215,12.288373081195827,12.271532292965215,12.221056087703339,12.137082817180268,12.019842646293583,11.869656922202424,11.686937293537248,11.472184582099533,11.225987410144068,10.949020587006203,10.642043259496448,10.305896831131767,9.941502655907062,9.549859512927892,9.132040868826396,8.689191935463809,8.222526530984444,7.73332375282446
