hough_viz/data/file_4_3_1.json
{"header": {"discipline": 0, "disciplineName": "Meteorological products", "gribEdition": 2, "gribLength": 133963, "center": 7, "centerName": "US National Weather Service - NCEP(WMC)", "subcenter": 0, "refTime": "2014-11-30T06:00:00.000Z", "significanceOfRT": 1, "significanceOfRTName": "Start of forecast", "productStatus": 0, "productStatusName": "Operational products", "productType": 1, "productTypeName": "Forecast products", "productDefinitionTemplate": 0, "productDefinitionTemplateName": "Analysis/forecast at horizontal level/layer at a point in time", "parameterCategory": 2, "parameterCategoryName": "Momentum", "parameterNumber": 3, "parameterNumberName": "V-component_of_wind", "parameterUnit": "m.s-1", "genProcessType": 2, "genProcessTypeName": "Forecast", "forecastTime": 6, "surface1Type": 100, "surface1TypeName": "Isobaric surface", "surface1Value": 85000, "surface2Type": 255, "surface2TypeName": "Missing", "surface2Value": 0, "gridDefinitionTemplate": 0, "gridDefinitionTemplateName": "Latitude_Longitude", "numberPoints": 65160, "shape": 6, "shapeName": "Earth spherical with radius of 6,371,229.0 m", "gridUnits": "degrees", "resolution": 48, "winds": "true", "scanMode": 0, "nx": 360, "ny": 181, "basicAngle": 0, "subDivisions": 0, "lo1": 0, "la1": 90, "lo2": 359, "la2": -90, "dx": 1, "dy": 1}, "data":
[rows 80 to 99 of 181, columns 270 to 314 of 360]
-1.0473965725011222e-14,0.994336919023358,1.9838295285276926,2.963657119982837,3.929046071855198,4.875293106211808,5.797788202617706,6.692037057692129,7.553682980902641,8.378528119923756,9.162553912151305,9.901940662735552,10.593086153750548,11.2326231938378,11.817436022823976,12.344675491391493,12.811772941847368,13.216452722365476,13.556743273733403,13.830986734590773,14.03784701836314,14.176316322541492,14.245720038594762,14.245720038594762,14.176316322541494,14.037847018363145,13.830986734590777,13.556743273733412,13.216452722365485,12.811772941847378,12.34467549139148,11.817436022823987,11.232623193837814,10.593086153750594,9.901940662735607,9.162553912151322,8.378528119923775,7.553682980902662,6.6920370576921036,5.797788202617728,4.8752931062118305,3.929046071855218,2.9636571199828583,1.983829528527715,0.9943369190234312
-9.811137374509146e-15,0.9314118802001224,1.8582860153451621,2.776106767817649,3.680402607170606,4.566767894974204,5.430884348643392,6.268542079676617,7.075660103809263,7.848306223159015,8.582716183498523,9.275312013323639,9.922719455370949,10.521784405659991,11.069588279970697,11.563462232892533,12.001000160170852,12.38007042100514,12.698826223188615,12.955714620494268,13.149484078472751,13.279190571802435,13.344202183485871,13.344202183485871,13.279190571802438,13.149484078472756,12.955714620494271,12.698826223188624,12.380070421005147,12.001000160170864,11.563462232892524,11.069588279970707,10.521784405660005,9.922719455370995,9.27531201332369,8.58271618349854,7.8483062231590335,7.075660103809281,6.268542079676595,5.430884348643412,4.566767894974224,3.6804026071706257,2.77610676781767,1.8582860153451823,0.931411880200191
-9.0583357742621e-15,0.8599453083706924,1.715701049640456,2.5630980678579944,3.3980079299306447,4.216363038935237,5.014176451041466,5.787561299501516,6.532749731073982,7.246111262626363,7.924170468483789,8.56362391235359,9.161356241334873,9.714455363604708,10.220226635836669,10.67620599123245,11.080171944207397,11.43015641324515,11.724454309192879,11.961631842284255,12.14053350741905,12.260287713667855,12.32031103057549,12.32031103057549,12.260287713667857,12.14053350741905,11.96163184228426,11.72445430919289,11.430156413245157,11.080171944207402,10.676205991232438,10.22022663583668,9.714455363604717,9.161356241334914,8.563623912353636,7.924170468483802,7.246111262626381,6.532749731074,5.787561299501494,5.014176451041485,4.216363038935254,3.398007929930663,2.563098067858013,1.715701049640475,0.8599453083707557
-8.175167077270439e-15,0.7761024484453876,1.5484238037755418,2.3132013939806795,3.0667092995165337,3.8052765056096853,4.525304787072562,5.223286238494904,5.89582036440616,6.539630646147821,7.151580504742825,7.728688581993081,8.268143265356926,8.767316385842832,9.22377602218445,9.635298348916727,9.999878470629865,10.315740189618362,10.58134465933762,10.795397881509633,10.956857010352529,11.064935433220407,11.119106602901057,11.119106602901057,11.064935433220409,10.956857010352534,10.795397881509638,10.581344659337628,10.31574018961837,9.999878470629872,9.635298348916717,9.223776022184458,8.767316385842843,8.268143265356963,7.728688581993123,7.151580504742839,6.5396306461478355,5.895820364406176,5.223286238494886,4.525304787072579,3.805276505609701,3.06670929951655,2.313201393980697,1.5484238037755593,0.7761024484454446
-7.189446800855752e-15,0.6825239426146381,1.3617226971879666,2.0342872756604473,2.696941011011752,3.346455520852971,3.9796664357811267,4.59348881586886,5.184932180181529,5.751115076099915,6.289279117467608,6.796802423171126,7.271212390681146,7.710197742323504,8.111619785591605,8.473522832641493,8.794143728206267,9.07192043951146,9.305499666341607,9.493743434182896,9.635734638320598,9.73078151188106,9.778420996050382,9.778420996050382,9.730781511881062,9.635734638320601,9.493743434182898,9.305499666341614,9.071920439511466,8.794143728206276,8.473522832641482,8.111619785591614,7.710197742323512,7.271212390681179,6.796802423171164,6.28927911746762,5.751115076099927,5.184932180181542,4.593488815868842,3.979666435781141,3.3464555208529854,2.6969410110117664,2.0342872756604624,1.361722697187982,0.6825239426146883
-6.1381360261445495e-15,0.5827186592952414,1.1625983718571067,1.7368140220152342,2.302568088842039,2.85710427539334,3.3977209371100425,3.921784243958887,4.426741012187508,4.910131143179206,5.36959960880599,5.802907924888937,6.207945056868091,6.5827377045506585,6.925459915831115,7.234441982546455,7.508178575126377,7.745336076407757,7.944759078883336,8.105476013730991,8.226703884199345,8.307852080289265,8.34852525614639,8.34852525614639,8.307852080289267,8.226703884199349,8.105476013730993,7.944759078883343,7.745336076407761,7.508178575126382,7.234441982546447,6.925459915831122,6.582737704550666,6.20794505686812,5.802907924888968,5.369599608806,4.910131143179217,4.426741012187521,3.921784243958872,3.3977209371100545,2.8571042753933527,2.302568088842051,1.7368140220152473,1.1625983718571198,0.5827186592952841
-4.998568265781646e-15,0.47453477502380553,0.9467576643237929,1.4143680454509184,1.875087767632386,2.3266722506931123,2.7669214204247385,3.1936904271260453,3.6049000950950107,3.998547052163966,4.372713489927322,4.725576507111376,5.055416990566074,5.360627990611487,5.639722549935066,5.891340947898305,6.1142573249588885,6.307385654935273,6.469785036017002,6.600664274743773,6.699385740620447,6.765468472588718,6.798590522221051,6.798590522221051,6.76546847258872,6.69938574062045,6.600664274743775,6.469785036017005,6.307385654935278,6.114257324958894,5.891340947898298,5.6397225499350725,5.360627990611492,5.055416990566096,4.725576507111402,4.372713489927331,3.998547052163975,3.6049000950950214,3.193690427126034,2.766921420424748,2.326672250693122,1.875087767632396,1.414368045450929,0.9467576643238038,0.4745347750238405
-3.7974659831145464e-15,0.36050916385274684,0.7192619632974796,1.0745105907569683,1.4245243106277166,1.767597891249769,2.102059912623972,2.426280909402211,2.7386813094787286,3.0377391295067513,3.3219973898482853,3.590071212832489,3.8406545697404697,4.072526643645935,4.28455777711249,4.475714975771206,4.6450669409652505,4.791788606943409,4.915165160497446,5.014595523460214,5.089595281098065,5.139799042130734,5.1649622188809365,5.1649622188809365,5.1397990421307345,5.089595281098066,5.0145955234602155,4.915165160497448,4.7917886069434115,4.645066940965254,4.475714975771201,4.284557777112495,4.072526643645939,3.840654569740487,3.590071212832509,3.321997389848292,3.037739129506758,2.738681309478737,2.4262809094022018,2.1020599126239796,1.767597891249777,1.4245243106277239,1.0745105907569765,0.7192619632974876,0.3605091638527733
-2.561806311348338e-15,0.2432028766981639,0.48522089342773694,0.7248749627387513,0.960997514095479,1.192438182162666,1.4180694112698236,1.6367919487491243,1.8475402003838592,2.0492874218764165,2.241050721043243,2.4218958463667777,2.590941738574933,2.747364823073312,2.8904030223178165,3.0193594685798906,3.1336058990159894,3.232585716501046,3.3158167013136888,3.382893360462263,3.4334889032059155,3.4673568331462468,3.4843321491329817,3.4843321491329817,3.4673568331462477,3.433488903205916,3.3828933604622637,3.3158167013136914,3.232585716501047,3.1336058990159907,3.019359468579887,2.8904030223178188,2.7473648230733154,2.5909417385749447,2.421895846366791,2.2410507210432473,2.049287421876421,1.8475402003838644,1.636791948749118,1.4180694112698284,1.1924381821626713,0.9609975140954842,0.7248749627387567,0.48522089342774233,0.2432028766981818
-1.287321469797746e-15,0.12221075547485045,0.24382611243361713,0.36425357308191614,0.48290642693680114,0.5992066092212345,0.7125875171375797,0.8224967702994832,0.9283989018735679,1.0297779673200562,1.1261400580226804,1.2170157075618213,1.301962178907712,1.3805656213907493,1.4524430869403373,1.5172443957694242,1.5746538424151921,1.6243917338243647,1.6662157519896306,1.6999221344986255,1.7253466672439184,1.7423654844576397,1.75089567217305,1.75089567217305,1.74236548445764,1.7253466672439188,1.6999221344986262,1.6662157519896317,1.6243917338243654,1.5746538424151932,1.5172443957694224,1.4524430869403386,1.3805656213907507,1.3019621789077183,1.217015707561828,1.1261400580226828,1.0297779673200584,0.9283989018735703,0.82249677029948,0.7125875171375823,0.5992066092212371,0.48290642693680375,0.3642535730819189,0.2438261124336199,0.12221075547485946
0.0,0.0,0.0,0.0,0.0,0.0,0.0,0.0,0.0,0.0,0.0,0.0,0.0,0.0,0.0,0.0,0.0,0.0,0.0,0.0,0.0,0.0,0.0,0.0,0.0,0.0,0.0,0.0,0.0,0.0,0.0,0.0,0.0,0.0,0.0,0.0,0.0,0.0,0.0,0.0,0.0,0.0,0.0,0.0,0.0
1.2873214697977458e-15,-0.12221075547485045,-0.24382611243361713,-0.36425357308191614,-0.48290642693680114,-0.5992066092212345,-0.7125875171375797,-0.8224967702994832,-0.9283989018735678,-1.029777967320056,-1.1261400580226804,-1.217015707561821,-1.301962178907712,-1.3805656213907491,-1.4524430869403373,-1.517244395769424,-1.5746538424151921,-1.6243917338243645,-1.6662157519896306,-1.699922134498625,-1.7253466672439184,-1.7423654844576395,-1.7508956721730498,-1.7508956721730498,-1.7423654844576397,-1.7253466672439188,-1.699922134498626,-1.6662157519896315,-1.6243917338243654,-1.5746538424151932,-1.5172443957694224,-1.4524430869403386,-1.3805656213907507,-1.301962178907718,-1.2170157075618278,-1.1261400580226828,-1.0297779673200584,-0.9283989018735703,-0.82249677029948,-0.7125875171375822,-0.599206609221237,-0.48290642693680375,-0.3642535730819189,-0.2438261124336199,-0.12221075547485946
2.561806311348338e-15,-0.2432028766981639,-0.48522089342773694,-0.7248749627387513,-0.960997514095479,-1.192438182162666,-1.4180694112698236,-1.6367919487491243,-1.8475402003838592,-2.0492874218764165,-2.241050721043243,-2.4218958463667777,-2.590941738574933,-2.747364823073312,-2.8904030223178165,-3.0193594685798906,-3.1336058990159894,-3.232585716501046,-3.3158167013136888,-3.382893360462263,-3.4334889032059155,-3.4673568331462468,-3.4843321491329817,-3.4843321491329817,-3.4673568331462477,-3.433488903205916,-3.3828933604622637,-3.3158167013136914,-3.232585716501047,-3.1336058990159907,-3.019359468579887,-2.8904030223178188,-2.7473648230733154,-2.590941738574945,-2.421895846366791,-2.2410507210432473,-2.049287421876421,-1.8475402003838644,-1.636791948749118,-1.4180694112698284,-1.1924381821626713,-0.9609975140954842,-0.7248749627387567,-0.48522089342774233,-0.2432028766981818
3.7974659831145464e-15,-0.36050916385274684,-0.7192619632974796,-1.0745105907569683,-1.4245243106277166,-1.767597891249769,-2.102059912623972,-2.426280909402211,-2.7386813094787286,-3.0377391295067513,-3.3219973898482853,-3.590071212832489,-3.8406545697404697,-4.072526643645935,-4.28455777711249,-4.475714975771206,-4.6450669409652505,-4.791788606943409,-4.915165160497446,-5.014595523460214,-5.089595281098065,-5.139799042130734,-5.1649622188809365,-5.1649622188809365,-5.1397990421307345,-5.089595281098066,-5.0145955234602155,-4.915165160497448,-4.7917886069434115,-4.645066940965254,-4.475714975771201,-4.284557777112495,-4.072526643645939,-3.840654569740487,-3.590071212832509,-3.321997389848292,-3.037739129506758,-2.738681309478737,-2.4262809094022018,-2.1020599126239796,-1.767597891249777,-1.4245243106277239,-1.0745105907569765,-0.7192619632974876,-0.3605091638527733
4.998568265781646e-15,-0.47453477502380553,-0.9467576643237929,-1.4143680454509184,-1.875087767632386,-2.3266722506931123,-2.7669214204247385,-3.1936904271260453,-3.6049000950950107,-3.998547052163966,-4.372713489927322,-4.725576507111376,-5.055416990566074,-5.360627990611487,-5.639722549935066,-5.891340947898305,-6.1142573249588885,-6.307385654935273,-6.469785036017002,-6.600664274743773,-6.699385740620447,-6.765468472588718,-6.798590522221051,-6.798590522221051,-6.76546847258872,-6.69938574062045,-6.600664274743775,-6.469785036017005,-6.307385654935278,-6.114257324958894,-5.891340947898298,-5.6397225499350725,-5.360627990611492,-5.055416990566096,-4.725576507111402,-4.372713489927331,-3.998547052163975,-3.6049000950950214,-3.193690427126034,-2.766921420424748,-2.326672250693122,-1.875087767632396,-1.414368045450929,-0.9467576643238038,-0.4745347750238405
6.1381360261445495e-15,-0.5827186592952414,-1.1625983718571067,-1.7368140220152342,-2.302568088842039,-2.85710427539334,-3.3977209371100425,-3.921784243958887,-4.426741012187508,-4.910131143179206,-5.36959960880599,-5.802907924888937,-6.207945056868091,-6.5827377045506585,-6.925459915831115,-7.234441982546455,-7.508178575126377,-7.745336076407757,-7.944759078883336,-8.105476013730991,-8.226703884199347,-8.307852080289265,-8.34852525614639,-8.34852525614639,-8.307852080289267,-8.226703884199349,-8.105476013730993,-7.944759078883343,-7.745336076407761,-7.508178575126382,-7.234441982546447,-6.925459915831122,-6.582737704550666,-6.20794505686812,-5.802907924888968,-5.369599608806,-4.910131143179217,-4.426741012187521,-3.921784243958872,-3.3977209371100545,-2.8571042753933527,-2.302568088842051,-1.7368140220152473,-1.1625983718571198,-0.5827186592952841
7.189446800855752e-15,-0.6825239426146381,-1.3617226971879663,-2.0342872756604473,-2.696941011011752,-3.346455520852971,-3.9796664357811267,-4.59348881586886,-5.184932180181527,-5.751115076099915,-6.289279117467608,-6.796802423171126,-7.271212390681145,-7.710197742323504,-8.111619785591605,-8.473522832641493,-8.794143728206267,-9.071920439511457,-9.305499666341607,-9.493743434182896,-9.635734638320598,-9.73078151188106,-9.778420996050382,-9.778420996050382,-9.730781511881062,-9.6357346383206,-9.493743434182896,-9.305499666341614,-9.071920439511464,-8.794143728206276,-8.473522832641482,-8.111619785591614,-7.710197742323512,-7.271212390681179,-6.796802423171164,-6.28927911746762,-5.751115076099926,-5.184932180181542,-4.593488815868842,-3.979666435781141,-3.3464555208529854,-2.6969410110117664,-2.0342872756604624,-1.361722697187982,-0.6825239426146883
8.17516707727044e-15,-0.7761024484453876,-1.548423803775542,-2.3132013939806795,-3.0667092995165337,-3.8052765056096853,-4.525304787072562,-5.223286238494905,-5.89582036440616,-6.539630646147821,-7.151580504742826,-7.728688581993081,-8.268143265356926,-8.767316385842832,-9.22377602218445,-9.635298348916727,-9.999878470629865,-10.315740189618364,-10.58134465933762,-10.795397881509633,-10.95685701035253,-11.064935433220409,-11.119106602901057,-11.119106602901057,-11.06493543322041,-10.956857010352534,-10.795397881509638,-10.581344659337628,-10.31574018961837,-9.999878470629872,-9.635298348916717,-9.223776022184458,-8.767316385842843,-8.268143265356965,-7.728688581993123,-7.15158050474284,-6.5396306461478355,-5.895820364406176,-5.223286238494886,-4.525304787072579,-3.805276505609701,-3.06670929951655,-2.313201393980697,-1.5484238037755593,-0.7761024484454446
9.058335774262101e-15,-0.8599453083706925,-1.7157010496404563,-2.5630980678579935,-3.398007929930645,-4.216363038935237,-5.014176451041466,-5.787561299501518,-6.532749731073983,-7.246111262626364,-7.924170468483789,-8.563623912353592,-9.161356241334873,-9.71445536360471,-10.22022663583667,-10.676205991232452,-11.080171944207397,-11.43015641324515,-11.724454309192883,-11.961631842284255,-12.14053350741905,-12.260287713667855,-12.32031103057549,-12.32031103057549,-12.260287713667859,-12.14053350741905,-11.961631842284262,-11.72445430919289,-11.43015641324516,-11.080171944207402,-10.676205991232438,-10.220226635836681,-9.714455363604717,-9.161356241334914,-8.56362391235364,-7.924170468483804,-7.246111262626381,-6.532749731074,-5.787561299501495,-5.014176451041485,-4.216363038935255,-3.3980079299306625,-2.5630980678580135,-1.7157010496404752,-0.8599453083707558
9.811137374509146e-15,-0.9314118802001224,-1.8582860153451621,-2.776106767817649,-3.680402607170606,-4.566767894974204,-5.430884348643392,-6.268542079676617,-7.075660103809263,-7.848306223159015,-8.582716183498523,-9.275312013323639,-9.922719455370949,-10.521784405659991,-11.069588279970697,-11.563462232892533,-12.001000160170852,-12.38007042100514,-12.698826223188615,-12.955714620494268,-13.149484078472751,-13.279190571802435,-13.344202183485871,-13.344202183485871,-13.279190571802438,-13.149484078472756,-12.955714620494271,-12.698826223188624,-12.380070421005147,-12.001000160170864,-11.563462232892524,-11.069588279970707,-10.521784405660005,-9.922719455370995,-9.27531201332369,-8.58271618349854,-7.8483062231590335,-7.075660103809281,-6.268542079676595,-5.430884348643412,-4.566767894974224,-3.6804026071706257,-2.77610676781767,-1.8582860153451823,-0.931411880200191
