hough_viz/data/file_3_0_0.json
{"header": {"discipline": 0, "disciplineName": "Meteorological products", "gribEdition": 2, "gribLength": 133963, "center": 7, "centerName": "US National Weather Service - NCEP(WMC)", "subcenter": 0, "refTime": "2014-11-30T06:00:00.000Z", "significanceOfRT": 1, "significanceOfRTName": "Start of forecast", "productStatus": 0, "productStatusName": "Operational products", "productType": 1, "productTypeName": "Forecast products", "productDefinitionTemplate": 0, "productDefinitionTemplateName": "Analysis/forecast at horizontal level/layer at a point in time", "parameterCategory": 2, "parameterCategoryName": "Momentum", "parameterNumber": 3, "parameterNumberName": "V-component_of_wind", "parameterUnit": "m.s-1", "genProcessType": 2, "genProcessTypeName": "Forecast", "forecastTime": 6, "surface1Type": 100, "surface1TypeName": "Isobaric surface", "surface1Value": 85000, "surface2Type": 255, "surface2TypeName": "Missing", "surface2Value": 0, "gridDefinitionTemplate": 0, "gridDefinitionTemplateName": "Latitude_Longitude", "numberPoints": 65160, "shape": 6, "shapeName": "Earth spherical with radius of 6,371,229.0 m", "gridUnits": "degrees", "resolution": 48, "winds": "true", "scanMode": 0, "nx": 360, "ny": 181, "basicAngle": 0, "subDivisions": 0, "lo1": 0, "la1": 90, "lo2": 359, "la2": -90, "dx": 1, "dy": 1}, "data":
[rows 160 to 179 of 181, columns 225 to 269 of 360]
-3.5352777547190595,-3.3454106375456636,-3.1463739823513936,-2.9387133347732703,-2.722997878211994,-2.499818873739799,-2.269788039494972,-2.033535874004913,-1.7917099280335513,-1.5449730296896806,-1.2940014676611888,-1.039483137554777,-0.7821156564219229,-0.5226044506390005,-0.2616608223826666,-2.44911614573887e-15,0.26166082238266164,0.5226044506389956,0.7821156564219092,1.0394831375547722,1.2940014676611842,1.5449730296896762,1.791709928033547,2.0335358740048997,2.2697880394949594,2.499818873739796,2.72299787821199,2.9387133347732672,3.14637398235139,3.3454106375456547,3.535277754719057,3.7154549213009163,3.8854482842015954,4.044791903429482,4.1930490292000915,4.329813299036937,4.454709851582757,4.567396354068472,4.667563940623515,4.7549380588557,4.829279222380245,4.890383667235337,4.938083910384938,4.9722492087781776,4.992785917706959
-3.2032172459448183,-3.0311839104152947,-2.850842310482329,-2.6626867499359483,-2.467232950089081,-2.2650166362212785,-2.056592069192977,-1.8425305262549725,-1.6234187352172296,-1.3998572662687088,-1.1724588858562308,-0.9418468771342394,-0.7086533315890042,-0.4735174165197649,-0.23708362312563697,-2.2190762988511156e-15,0.2370836231256325,0.4735174165197604,0.7086533315889918,0.9418468771342349,1.1724588858562266,1.3998572662687043,1.6234187352172251,1.8425305262549607,2.0565920691929658,2.265016636221275,2.467232950089077,2.6626867499359452,2.850842310482325,3.0311839104152862,3.2032172459448156,3.3664707856561105,3.5204970629444383,3.6648739024899886,3.799205577411063,3.9231238939240045,4.036289200536698,4.138391319009744,4.229150394533439,4.308317662790356,4.375676131801048,4.431041176683997,4.47426104569955,4.5052172761909155,4.523825019282052
-2.8905970260619367,-2.7353534038272302,-2.572612368044712,-2.4028199805814756,-2.226441630569435,-2.0439607588060635,-1.8558775326767813,-1.6627074752308917,-1.4649800521687733,-1.2632372206131754,-1.0580319436424193,-0.8499266746570379,-0.6394918157341075,-0.4273041541947739,-0.2139452816703401,-2.0025040006837134e-15,0.2139452816703361,0.42730415419476997,0.6394918157340963,0.8499266746570339,1.0580319436424153,1.2632372206131717,1.4649800521687695,1.6627074752308812,1.8558775326767716,2.0439607588060604,2.226441630569432,2.402819980581473,2.572612368044709,2.7353534038272223,2.8905970260619345,3.0379177227711462,3.176911698165315,3.3071979794192403,3.4284194608920786,3.5402438829291345,3.642364742562418,3.734502133614005,3.8164035138994192,3.8878443974281898,3.9486289697043544,3.9985906244403986,4.03759242021348,4.065527455812362,4.082319163246211
-2.589932823606463,-2.4508367997552933,-2.3050232025915682,-2.152891697049737,-1.99485926501196,-1.8313590623897522,-1.662839231873748,-1.4897616746057099,-1.3126007841396412,-1.1318421461620083,-0.9479812075351279,-0.7615219183117594,-0.5729753504430446,-0.38285829696578705,-0.19169185550870038,-1.794214411076087e-15,0.19169185550869677,0.3828582969657835,0.5729753504430346,0.761521918311756,0.9479812075351242,1.131842146162005,1.3126007841396379,1.4897616746057005,1.6628392318737388,1.8313590623897498,1.9948592650119572,2.1528916970497347,2.305023202591565,2.4508367997552867,2.5899328236064596,2.721930021612152,2.8464665986276403,2.963201208551762,3.0718138899328227,3.17200694296075,3.2635057454415217,3.3460595055175406,3.4194419490706833,3.4834519399239166,3.5379140311415886,3.582678945917296,3.6176239867312034,3.642653371655442,3.657698496885704
-2.3002722364249424,-2.1767328461575124,-2.0472271824616057,-1.9121102113595883,-1.7717522790773854,-1.6265380969512222,-1.4768656869605983,-1.3231452907776848,-1.1657982453234514,-1.0052558279124286,-0.8419580741515742,-0.6763525718332583,-0.5088932341282437,-0.34003905544121316,-0.1702528533390432,-1.5935477392980335e-15,0.17025285333904003,0.34003905544121,0.5088932341282348,0.6763525718332551,0.841958074151571,1.0052558279124257,1.1657982453234481,1.3231452907776766,1.4768656869605898,1.62653809695122,1.771752279077383,1.912110211359586,2.0472271824616026,2.176732846157506,2.3002722364249397,2.4175067403822963,2.5281150264030976,2.631793924863652,2.7282592591098984,2.8172466243659073,2.898512112448941,2.971832980304858,3.0370082605313398,3.0938593122155584,3.142230310576515,3.181988674069936,3.213025427785052,3.2352555021372686,3.2486179660379797
-2.031929548703235,-1.9228018839259087,-1.8084039528370581,-1.6890493122140986,-1.5650651048307385,-1.436791162781379,-1.3045790760249694,-1.1687912287013504,-1.0297998058615432,-0.8879857733343767,-0.7437378335256345,-0.5974513600117817,-0.44952731384847655,-0.30037114456416814,-0.15039167885115157,-1.4076493588347357e-15,0.15039167885114874,0.3003711445641653,0.44952731384846867,0.597451360011779,0.7437378335256318,0.8879857733343741,1.0297998058615407,1.1687912287013433,1.3045790760249623,1.4367911627813768,1.5650651048307362,1.6890493122140968,1.808403952837056,1.9228018839259033,2.031929548703233,2.1354878358252583,2.233192899225227,2.3247769361157564,2.4099889210176477,2.488595293803311,2.560380599868799,2.6251480806799186,2.6827202130737016,2.732939195837044,2.775667382228868,2.810787657260281,2.8382037586985973,2.8578405409154453,2.8696441808557043
-1.7769599567939163,-1.6815257963863888,-1.581482690652389,-1.4771048507908242,-1.368678369205541,-1.2565004353459326,-1.1408785211313197,-1.0221295381917752,-0.9005789692354003,-0.7765599759228277,-0.6504124856942726,-0.5224822600520471,-0.39311994685232,-0.26268011920369866,-0.13152030360701125,-1.2310153890189224e-15,0.13152030360700875,0.2626801192036962,0.393119946852313,0.5224822600520446,0.6504124856942702,0.7765599759228252,0.9005789692353978,1.022129538191769,1.1408785211313133,1.256500435345931,1.3686783692055393,1.4771048507908224,1.581482690652387,1.681525796386384,1.776959956793915,1.8675235934748446,1.9529684777960343,2.033060411268761,2.10757986747049,2.1763225937515673,2.2391001710775007,2.2957405304724543,2.346088424648353,2.3900058535268953,2.4273724424881875,2.4580857723092127,2.482061659887785,2.4992343889825963,2.509556890336858
-1.5340119890175918,-1.4516256945672026,-1.3652605949892669,-1.275153411018566,-1.1815511201830895,-1.084710279855803,-0.9848963240487222,-0.8823828358767247,-0.7774507976852677,-0.670387820897298,-0.5614873576903346,-0.4510478966644497,-0.3393721447057664,-0.22676619728790923,-0.1135386994856111,-1.0627095777821118e-15,0.11353869948560892,0.22676619728790715,0.3393721447057604,0.45104789666444767,0.5614873576903324,0.6703878208972959,0.7774507976852657,0.8823828358767192,0.984896324048717,1.0847102798558015,1.1815511201830882,1.2751534110185643,1.3652605949892653,1.4516256945671984,1.5340119890175907,1.6121936632339513,1.6859564266815954,1.755098100753102,1.8194291729258105,1.8787733162025053,1.9329678724114208,1.9818642980410064,2.0253285713873606,2.063241559898404,2.095499346707926,2.122013515464497,2.142711392674532,2.1575362468952877,2.16644744423181
-1.313732569275854,-1.243176694187327,-1.1692133581921837,-1.0920452896532595,-1.0118840008825332,-0.9289492084005819,-0.8434682307088758,-0.7556753652255515,-0.6658112460924943,-0.5741221846138701,-0.4808594941339629,-0.3862788012047681,-0.29063934493138455,-0.19420326641563407,-0.09723489024554183,-9.101077397105927e-16,0.09723489024554,0.19420326641563226,0.29063934493137944,0.3862788012047664,0.48085949413396106,0.5741221846138683,0.6658112460924925,0.7556753652255467,0.8434682307088711,0.9289492084005808,1.0118840008825318,1.0920452896532582,1.1692133581921824,1.2431766941873237,1.3137325692758521,1.380687594708427,1.4438582514143241,1.5030713930144528,1.5581647204035347,1.608987226600696,1.655399610649076,1.6972746594300825,1.7344975963457079,1.7669663959131974,1.7945920634098158,1.8172988788011946,1.8350246042846756,1.8477206548788085,1.8553522315914064
-1.1080248164564346,-1.048516768644253,-0.9861348092507228,-0.9210499228904264,-0.8534405027128826,-0.7834918614393246,-0.7113957234334156,-0.6373496991980836,-0.5615567437388839,-0.48422460027842656,-0.4055652308466454,-0.32579423530760715,-0.24513026041527308,-0.1637944005179335,-0.08200959155398348,-7.676006402157366e-16,0.08200959155398191,0.16379440051793198,0.24513026041526875,0.32579423530760554,0.4055652308466439,0.4842246002784251,0.5615567437388823,0.6373496991980795,0.7113957234334116,0.7834918614393235,0.8534405027128814,0.9210499228904254,0.9861348092507217,1.04851676864425,1.1080248164564335,1.1644958452645704,1.2177750719039508,1.2677164617177519,1.3141831288278705,1.357047711329624,1.3961927203818536,1.4315108622356818,1.4629053323192232,1.4902900805721795,1.513590047303079,1.5327413689226772,1.5476915529896045,1.5583996220885081,1.5648362261462962
-0.915114963601741,-0.8659674136562331,-0.8144463072225485,-0.7606928600722356,-0.704854406667577,-0.6470839963280719,-0.5875399737328907,-0.5263855449091082,-0.4637883298953405,-0.3999199033068613,-0.3349553240615096,-0.26907265555536436,-0.20245247760335508,-0.13527739148253198,-0.06773151943467144,-6.339594759061209e-16,0.06773151943467015,0.13527739148253073,0.20245247760335155,0.2690726555553631,0.33495532406150824,0.39991990330686006,0.4637883298953393,0.5263855449091048,0.5875399737328874,0.6470839963280709,0.7048544066675761,0.7606928600722348,0.8144463072225475,0.8659674136562306,0.9151149636017405,0.9617542470408789,1.0057574289395965,1.0470038996349336,1.0853806054177164,1.1207823584049321,1.1531121248523872,1.1822812911174627,1.208209906542951,1.2308269025962448,1.2500702876632501,1.2658873169630922,1.2782346371178872,1.2870784049813422,1.292394380400466
-0.7457648696071808,-0.7057125071888393,-0.6637258358417668,-0.6199199381136693,-0.5744148829253088,-0.5273353964699389,-0.47881052034748073,-0.4289732578704596,-0.3779602095111808,-0.32591119848932415,-0.27296888752621784,-0.2192783878162369,-0.16498686128710738,-0.11024311723928412,-0.05519720447001317,-5.166396842912092e-16,0.05519720447001213,0.11024311723928311,0.16498686128710446,0.2192783878162359,0.27296888752621684,0.3259111984893231,0.37796020951117987,0.4289732578704568,0.478810520347478,0.5273353964699381,0.5744148829253081,0.6199199381136686,0.6637258358417661,0.7057125071888373,0.74576486960718,0.7837731423554098,0.8196331473998469,0.8532465949592636,0.8845213529103372,0.9133716993154111,0.9397185573803499,0.9634897121985454,0.9846200086869538,1.0030515301716483,1.018733757133398,1.0316237056781619,1.0416860453529464,1.0488931959841277,1.0532254032727881
-0.591985399623705,-0.560191982236554,-0.5268631175645588,-0.49209015770912556,-0.45596841293617896,-0.41859689043735004,-0.3800780229581469,-0.34051738803691356,-0.3000234186241444,-0.25870710587529866,-0.21668169493175912,-0.17406237452377157,-0.13096596124614313,-0.08751057937206994,-0.043815337082723685,-4.1010667360570894e-16,0.04381533708272285,0.08751057937206912,0.13096596124614085,0.17406237452377077,0.21668169493175826,0.2587071058752979,0.3000234186241436,0.3405173880369114,0.3800780229581448,0.41859689043734943,0.4559684129361783,0.49209015770912495,0.5268631175645583,0.5601919822365523,0.5919853996237043,0.6221562261788883,0.6506217657636651,0.677303996312649,0.7021297836865609,0.7250310821278325,0.7459451207692843,0.7648145756847171,0.7815877270098078,0.7962186007026609,0.8086670945554636,0.8188990881118513,0.8268865361887019,0.8326075457460379,0.8360464358943248
-0.45156953520955895,-0.42731735142028765,-0.4018939204732376,-0.3753689262254742,-0.34781507184250093,-0.3193078805239366,-0.28992548849967587,-0.25974843086391003,-0.22885942083403832,-0.1973431230394838,-0.1652859214618303,-0.1327756826623335,-0.09990151494578485,-0.06675352412083789,-0.033422566526256275,-3.128314990609316e-16,0.03342256652625565,0.06675352412083727,0.09990151494578309,0.13277568266233283,0.16528592146182963,0.19734312303948318,0.2288594208340377,0.25974843086390836,0.28992548849967426,0.31930788052393616,0.34781507184250054,0.3753689262254738,0.4018939204732372,0.4273173514202865,0.4515695352095585,0.47458399829103465,0.49629765962112443,0.5166510035634206,0.5355882430169185,0.5530574723245906,0.5690108095431745,0.5834045276842571,0.5961991745669089,0.607359680953369,0.6168554566713889,0.6246604744597705,0.630753341307275,0.6351173570893835,0.637740560342176
-0.3351979436680226,-0.3171956616233534,-0.2983239683181741,-0.27863458975207944,-0.25818149314312716,-0.2370207390074452,-0.21521032750125413,-0.1928100394464678,-0.16988127247562018,-0.1464868727452194,-0.12269096267880165,-0.09855876521182554,-0.0741564250201404,-0.04955082722202415,-0.0248094140507281,-2.322133514856064e-16,0.024809414050727636,0.04955082722202369,0.0741564250201391,0.09855876521182506,0.12269096267880118,0.14648687274521896,0.16988127247561974,0.1928100394464666,0.2152103275012529,0.23702073900744483,0.2581814931431269,0.2786345897520791,0.29832396831817376,0.31719566162335244,0.33519794366802236,0.3522814714484214,0.3683994202023654,0.3835076117526648,0.39756463559643584,0.4105319624084172,0.42237404964716396,0.4330584389746879,0.44255584522250546,0.4508402366602476,0.457888906346824,0.463682534368572,0.4682052407937936,0.4714446291985466,0.4733918206443807
-0.23521988817423445,-0.22258706971750206,-0.2093441555745112,-0.19552744365242436,-0.1811748045982322,-0.16632557799794256,-0.15102046454951026,-0.13530141450505107,-0.11921151268811947,-0.1027948604012004,-0.08609645454710477,-0.06916206429558669,-0.05203810563323115,-0.03477151414045871,-0.017409616344365594,-1.629520693692111e-16,0.017409616344365268,0.034771514140458384,0.052038105633230226,0.06916206429558637,0.08609645454710442,0.10279486040120007,0.11921151268811915,0.1353014145050502,0.15102046454950946,0.16632557799794234,0.18117480459823196,0.19552744365242414,0.20934415557451092,0.22258706971750142,0.2352198881742342,0.2472079852674153,0.2585185024561949,0.26912043839914307,0.27898473392677053,0.28808435169069646,0.29639435027113603,0.30389195253960105,0.31055660808942587,0.3163700495630024,0.321316342721339,0.3253819301187019,0.32855566826263016,0.330828858157475,0.33219526914774206
-0.14899598074196613,-0.14099393980016525,-0.1326054442697405,-0.12385348643386375,-0.11476205480062206,-0.1053560683521845,-0.09566130824360448,-0.08570434713846439,-0.07551247637505389,-0.06511363116270728,-0.05453631401333667,-0.043809516618028205,-0.03296264038283225,-0.022025415841551647,-0.011027821166417226,-1.0321917750260205e-16,0.011027821166417017,0.022025415841551443,0.032962640382831684,0.043809516618028,0.05453631401333645,0.06511363116270708,0.07551247637505372,0.08570434713846387,0.09566130824360394,0.10535606835218438,0.11476205480062193,0.1238534864338636,0.13260544426974033,0.14099393980016486,0.14899598074196602,0.15658963405713705,0.1637540860697695,0.17046969951489188,0.17671806736284681,0.18248206327168287,0.18774588852926397,0.19249511535644304,0.19671672645260166,0.2003991506751655,0.20353229475530274,0.2061075709628722,0.20811792064479406,0.20955783357232785,0.21042336304422626
-0.08689595441609918,-0.08222908366259409,-0.07733682870644323,-0.07223259887842504,-0.06693038451770747,-0.061444718625300855,-0.05579063703011252,-0.04998363717678407,-0.04403963564827408,-0.037974924539609725,-0.03180612680238691,-0.025550150682415534,-0.01922414337539307,-0.012845444027632262,-0.0064315362106675805,-6.019846239118757e-17,0.00643153621066746,0.012845444027632142,0.019224143375392737,0.025550150682415416,0.03180612680238679,0.0379749245396096,0.04403963564827396,0.04998363717678376,0.055790637030112215,0.06144471862530075,0.06693038451770739,0.07223259887842494,0.07733682870644312,0.08222908366259385,0.08689595441609911,0.09132464939861352,0.0955030298650249,0.0994196431649106,0.10306375413345559,0.1064253745157947,0.1094952903441231,0.1122650871925426,0.11472717324041795,0.11687480008102921,0.11870208121848604,0.12020400820220362,0.1213764643547171,0.12221623605520895,0.12272102154781983
-0.041864298054567546,-0.039615916417934244,-0.03725895030806792,-0.03479986000524504,-0.03224538570505641,-0.029602529043999497,-0.026878533908479642,-0.024080866579820535,-0.021217195269706644,-0.018295369102147654,-0.015323396599575191,-0.012309423732039526,-0.009261711589672001,-0.006188613739610759,-0.0030985533294545105,-2.900211395232044e-17,0.003098553329454452,0.006188613739610701,0.009261711589671836,0.012309423732039467,0.015323396599575132,0.018295369102147598,0.021217195269706588,0.02408086657982038,0.026878533908479496,0.029602529043999452,0.03224538570505637,0.03479986000524501,0.03725895030806787,0.039615916417934126,0.0418642980545675,0.04399793256018497,0.04601097179091377,0.04789789814614717,0.04965353969190389,0.05127308433674044,0.05275209302135838,0.0540865118857578,0.055272683380585746,0.05630735629222456,0.057187694654142696,0.057911285520081804,0.05847614557777447,0.058880726585065504,0.059123919613535976
-0.007086807289706947,-0.006706200230399105,-0.00630721194240199,-0.005890936024879672,-0.005458513461187105,-0.005011129491514042,-0.004550010364224095,-0.004076419974793137,-0.003591656401559749,-0.003097048347782662,-0.0025939514997574925,-0.0020837448109748457,-0.0015678267225046605,-0.0010476113299663719,-0.0005245245075912166,-4.909490953516461e-18,0.0005245245075912067,0.0010476113299663621,0.001567826722504633,0.0020837448109748357,0.002593951499757482,0.003097048347782652,0.0035916564015597394,0.004076419974793112,0.0045500103642240695,0.005011129491514035,0.005458513461187097,0.0058909360248796646,0.006307211942401982,0.006706200230399086,0.007086807289706942,0.007447989902831647,0.0077887580933361225,0.008108177839296704,0.008405373633392282,0.008679530882609107,0.008929898140983498,0.00915578916926306,0.009356584815840775,0.009531734713806507,0.009680758789464438,0.00980324857818175,0.009898868343961722,0.009967355999672798,0.010008523825411189
