hough_viz/data/file_3_1_2.json
{"header": {"discipline": 0, "disciplineName": "Meteorological products", "gribEdition": 2, "gribLength": 133963, "center": 7, "centerName": "US National Weather Service - NCEP(WMC)", "subcenter": 0, "refTime": "2014-11-30T06:00:00.000Z", "significanceOfRT": 1, "significanceOfRTName": "Start of forecast", "productStatus": 0, "productStatusName": "Operational products", "productType": 1, "productTypeName": "Forecast products", "productDefinitionTemplate": 0, "productDefinitionTemplateName": "Analysis/forecast at horizontal level/layer at a point in time", "parameterCategory": 2, "parameterCategoryName": "Momentum", "parameterNumber": 2, "parameterNumberName": "U-component_of_wind", "parameterUnit": "m.s-1", "genProcessType": 2, "genProcessTypeName": "Forecast", "forecastTime": 6, "surface1Type": 100, "surface1TypeName": "Isobaric surface", "surface1Value": 85000, "surface2Type": 255, "surface2TypeName": "Missing", "surface2Value": 0, "gridDefinitionTemplate": 0, "gridDefinitionTemplateName": "Latitude_Longitude", "numberPoints": 65160, "shape": 6, "shapeName": "Earth spherical with radius of 6,371,229.0 m", "gridUnits": "degrees", "resolution": 48, "winds": "true", "scanMode": 0, "nx": 360, "ny": 181, "basicAngle": 0, "subDivisions": 0, "lo1": 0, "la1": 90, "lo2": 359, "la2": -90, "dx": 1, "dy": 1}, "data":
[rows 100 to 119 of 181, columns 90 to 134 of 360]
-3.0560271271014933e-15,0.8706733626522083,1.7389602701371385,2.602480808395284,3.458868127653826,4.305774929797475,5.140879902149265,5.961894080027445,6.766567120638472,7.552693471110119,8.318118413758748,9.060743972020578,9.778534660859702,10.46952306589102,11.131815235926345,11.763595874162997,12.36313331378609,12.928784264346946,13.458998315908012,13.952322188608678,14.407403716004383,14.822995551260881,15.197958586045162,15.531265072742235,15.822001441439927,16.069370803960467,16.272695138075616,16.431417145918473,16.54510178149817,16.613437443130703,16.636236827517497,16.613437443130703,16.545101781498172,16.431417145918473,16.27269513807562,16.069370803960467,15.822001441439927,15.531265072742244,15.197958586045166,14.82299555126088,14.407403716004396,13.952322188608681,13.458998315908007,12.92878426434696,12.363133313786085
-3.3173163596623943e-15,0.9451156255238689,1.8876407548123455,2.824991992000197,3.7546001225007473,4.6739171550446095,5.580423305546459,6.471633903658276,7.345106203077952,8.198446076947032,9.029314579986215,9.835434359381605,10.614595896850604,11.36466356477785,12.083581479822104,12.769379137949631,13.420176815448693,14.03419072112166,14.609737885532674,15.145240773909878,15.639231610058559,16.090356399433738,16.497378640345033,16.85918271312186,17.174776937949453,17.443296292994233,17.664004785368572,17.836297468436133,17.95970209992855,18.033880436328648,18.05862915997243,18.033880436328648,17.95970209992855,17.836297468436133,17.66400478536858,17.443296292994237,17.174776937949456,16.85918271312187,16.497378640345033,16.090356399433734,15.639231610058571,15.14524077390988,14.60973788553267,14.034190721121673,13.420176815448691
-3.564006234439939e-15,1.0153984776949267,2.0280138187419605,3.035070514877352,4.033808293696612,5.021489684369462,5.995407520856888,6.952892362065314,7.891319808598974,8.808117696056145,9.700773145153194,10.566839449351843,11.403942781111832,12.209788698387142,12.982168433532163,13.718964947380353,14.418158731901327,15.07783334553208,15.696180666010083,16.271505846310696,16.802231960105065,17.28690432400562,17.724194484752054,18.112903860409435,18.451967025597956,18.740454631749806,18.97757595438906,19.162681060452467,19.295262589710802,19.374957145408004,19.40154629030639,19.374957145408004,19.295262589710806,19.16268106045247,18.977575954389067,18.740454631749806,18.45196702559796,18.11290386040945,17.724194484752058,17.286904324005615,16.802231960105075,16.271505846310703,15.696180666010079,15.077833345532099,14.418158731901324
-3.800917876909876e-15,1.0828954755361724,2.1628228098450277,3.2368219971680854,4.301949280385625,5.355285219650494,6.393942694369575,7.415074816600898,8.415882734175483,9.393623302156497,10.34561660160906,11.269253285071594,12.162001728595955,13.02141497075261,13.84513741958187,14.63091130910778,15.376582887717595,16.080108321445337,16.739559295978637,17.353128302034158,17.91913358961495,18.436023777570323,18.90238210582368,19.316930318613426,19.678532168103235,19.986196528758267,20.23908011395146,20.43648978735352,20.577884462771433,20.662876587228105,20.69123320321812,20.662876587228105,20.577884462771433,20.436489787353523,20.239080113951463,19.98619652875827,19.67853216810324,19.316930318613444,18.902382105823683,18.43602377757032,17.91913358961496,17.353128302034158,16.739559295978633,16.080108321445355,15.376582887717587
-4.023902972756015e-15,1.1464247490494686,2.289707227548784,3.4267137776930063,4.554327943560505,5.6694590131022,6.769050489568205,7.850088469153237,8.909609901897314,9.944710713199648,10.952553763685478,11.930376625607714,12.875499154469486,13.785330835113832,14.65737788214571,15.489250075224492,16.278667310491645,17.023465850177026,17.72160425325369,18.371168970885783,18.970379591332975,19.51759371993525,20.011311480802483,20.450179627870043,20.832995254052165,21.158709088326685,21.426428371713925,21.635419304267078,21.785109056366796,21.875087338807372,21.905107527370955,21.875087338807372,21.7851090563668,21.63541930426708,21.426428371713932,21.158709088326685,20.832995254052168,20.45017962787005,20.01131148080249,19.517593719935245,18.970379591332986,18.371168970885787,17.72160425325368,17.023465850177043,16.27866731049164
-4.229587730114754e-15,1.205025092530611,2.406747295042847,3.6018727705103437,4.787125763076958,5.959257576676052,7.115055479480348,8.251351509776836,9.365031159129472,10.453041909030233,11.512401597640391,12.540206593688627,13.533639755122653,14.48997815069965,15.406600523351594,16.28099447486873,17.110763352208284,17.893632816554014,18.62745707712074,19.310224772617747,19.940064484250268,20.515249865148355,21.034204372163604,21.495505587064358,21.897889115285263,22.24025205154477,22.52165600283196,22.741329660476495,22.898670914252122,22.99324850271887,23.024803195280782,22.99324850271887,22.898670914252122,22.741329660476502,22.521656002831968,22.240252051544772,21.897889115285263,21.495505587064375,21.034204372163607,20.515249865148352,19.940064484250282,19.310224772617754,18.62745707712073,17.893632816554028,17.11076335220828
-4.424095723488432e-15,1.2604411348659479,2.5174274881934,3.767513747759975,5.0072735140205875,6.2333086916306275,7.442258803388839,8.63081020107203,9.795705147914386,10.933750747837381,12.041827696956272,13.116898833374968,14.15601746183586,15.15633543040657,16.115110937066476,17.02971604479553,17.89764388456684,18.71651552650052,19.484086500345114,20.198252947414506,20.857057387118374,21.45869408228045,22.00151398853853,22.484029274260497,22.904917398587447,23.26302473642615,23.557369740455325,23.787145631478616,23.951722609750238,24.050649581212365,24.083655393912544,24.050649581212365,23.95172260975024,23.78714563147862,23.557369740455332,23.263024736426154,22.90491739858745,22.48402927426051,22.00151398853853,21.458694082280445,20.857057387118388,20.198252947414513,19.484086500345104,18.71651552650054,17.897643884566836
-4.603201396618709e-15,1.3114689995440765,2.6193433537194775,3.92003826983068,5.209988633522773,6.485658780512295,7.743552187597002,8.980221056383218,10.192275763461446,11.376394151128384,12.529330633190558,13.647925090890237,14.729111534571441,15.76992650734438,16.767517207714818,17.719149308914766,18.622214453501932,19.4742374026863,20.27288282078756,21.015961676227846,21.701437241515173,22.32743067577192,22.892226174507055,23.394275672516986,23.832203087024727,24.204808089427054,24.511069395311836,24.750147563727616,24.92138729803288,25.02431924201863,25.058661266381115,25.02431924201863,24.921387298032883,24.75014756372762,24.51106939531184,24.204808089427054,23.83220308702473,23.394275672517,22.89222617450706,22.327430675771915,21.70143724151519,21.015961676227853,20.27288282078755,19.474237402686324,18.62221445350193
-4.763125682780541e-15,1.357032016562954,2.7103445026946296,4.056228122938179,5.390993903841691,6.71098334517821,8.012578447640282,9.292211629524873,10.546375505226694,11.771632498738217,12.964624265806856,14.122080898922889,15.2408298899088,16.31780482554357,17.35005379238821,18.334747467775383,19.269186874786055,20.15081077995768,20.97720271344714,21.74609759240652,22.45538792941782,23.103129608969475,23.68754721614179,24.207038902895867,24.660180778627765,25.04573081295359,25.362632240028507,25.61001645506846,25.787205395135484,25.893713397661113,25.929248531613712,25.893713397661113,25.78720539513549,25.61001645506846,25.36263224002851,25.04573081295359,24.660180778627765,24.20703890289588,23.68754721614179,23.103129608969468,22.45538792941784,21.746097592406528,20.977202713447134,20.150810779957705,19.269186874786048
-4.911050370102915e-15,1.399176303761217,2.794517562529358,4.182199242903163,5.558417805853254,6.919401131958431,8.26141886052254,9.580792614234138,10.873906081342897,12.137214927718599,13.367256511624902,14.560659374579435,15.714152482287288,16.82457419031854,17.888880909955926,18.90415545046,19.8676150148861,20.776618827537373,21.628675372147445,22.42144922095325,23.152767435940238,23.82062552471446,24.42319293467682,24.958818070440543,25.42603282073937,25.823556582418426,26.150299770478476,26.405366804552703,26.588058563630184,26.697874302298047,26.734513023249804,26.697874302298047,26.588058563630188,26.405366804552703,26.15029977047848,25.823556582418426,25.42603282073937,24.958818070440557,24.423192934676823,23.82062552471446,23.152767435940255,22.421449220953253,21.628675372147438,20.776618827537398,19.8676150148861
-5.042913782628456e-15,1.4367446747276422,2.8695513321687347,4.294492748868444,5.707663259450013,7.105189461772286,8.483240833655456,9.838040232076418,11.165874246055095,12.463103374855695,13.726172003605527,14.951618148987977,16.13608294829831,17.276319865852724,18.369203591517092,19.411738606964814,20.40106739618425,21.334478277731538,22.209412837260988,23.023472939960854,23.774427303674265,24.460217614688492,25.07896416942974,25.62897102659999,26.108730655634282,26.51692806873709,26.852444425172557,27.114360097929158,27.3019571943534,27.41472152384369,27.452344007211053,27.41472152384369,27.3019571943534,27.114360097929165,26.852444425172564,26.51692806873709,26.108730655634286,25.628971026600002,25.078964169429746,24.46021761468848,23.77442730367428,23.02347293996086,22.209412837260977,21.334478277731563,20.401067396184246
-5.154611350872388e-15,1.468567722527371,2.9331102030061658,4.3896132322965355,5.83408463683543,7.262565220907062,8.671139618522853,10.0559470251678,11.413191779997119,12.739153769478651,14.03019862396578,15.282787679251756,16.493487675802466,17.658980169082074,18.77607062517887,19.841697176800743,20.852939015640455,21.807024398108307,22.701338242488635,23.53342929669698,24.301016856991676,25.00199701922434,25.634448445494815,26.19663763040485,26.687023652475908,27.104262397707796,27.44721024370174,27.71492719424989,27.906679455799576,28.021941448730423,28.06039724793156,28.021941448730423,27.90667945579958,27.714927194249896,27.447210243701743,27.104262397707796,26.68702365247591,26.19663763040486,25.634448445494822,25.001997019224337,24.301016856991694,23.533429296696983,22.701338242488625,21.80702439810833,20.85293901564045
-5.254071953815953e-15,1.4969044139291992,2.989705916908348,4.4743128437811865,5.946655990154868,7.4026997658065765,8.838453255955507,10.249981160083223,11.633414578318652,12.984961615823593,14.300917776113197,15.577676114823065,16.811737126093213,17.99971833447026,19.138363566037587,20.224551873361765,21.255306089792413,22.227800989669145,23.139371032068713,23.987517666867333,24.769916183092967,25.484422080796524,26.129076948977076,26.70211383345034,27.201962079947307,27.627251639168332,27.976816821993108,28.249699494553507,28.445151704411856,28.562637730646678,28.601835552226394,28.562637730646678,28.44515170441186,28.249699494553507,27.976816821993115,27.627251639168332,27.201962079947307,26.70211383345035,26.129076948977076,25.48442208079652,24.769916183092988,23.987517666867333,23.139371032068702,22.22780098966917,21.25530608979241
-5.337590022765637e-15,1.5206990187904488,3.0372299072728652,4.545435959694735,6.041183288100434,7.520372153031007,8.978948200624725,10.412913575319571,11.818337877697262,13.19136893743473,14.528243371835522,15.825296900999911,17.07897439136158,18.285839600061482,19.44258459345072,20.546038813906822,21.59317777011164,22.581131326971956,23.507191572460254,24.36882023981328,25.163655664744898,25.889519258603723,26.544421479733135,27.1265672866667,27.634361058212097,28.066410966937816,28.42153279407546,28.698753175381075,28.897312269058844,29.016665838434662,29.056486743671044,29.016665838434662,28.897312269058844,28.698753175381075,28.421532794075468,28.066410966937816,27.6343610582121,27.126567286666717,26.54442147973314,25.88951925860372,25.16365566474492,24.36882023981329,23.50719157246024,22.58113132697198,21.593177770111634
-5.400868799694379e-15,1.5387273749540673,3.0732372051289936,4.5993235057427855,6.11280338032237,7.6095284857322945,9.085396402494611,10.536361879235855,11.9584479204397,13.34775668711509,14.700480180502312,16.012910679532606,17.2814509034341,18.502623871628206,19.673082433891768,20.78961844466325,21.84917155634657,22.848837607511218,23.785876582996927,24.657720124104646,25.461978568289293,26.19644749905871,26.859113788125942,27.44816111325401,27.96197493666896,28.39914693039554,28.758478836386395,29.038985750864082,29.239898823873794,29.360667366647714,29.400960361004625,29.360667366647714,29.239898823873798,29.038985750864082,28.758478836386406,28.39914693039554,27.96197493666896,27.448161113254027,26.859113788125946,26.196447499058706,25.461978568289318,24.657720124104657,23.785876582996917,22.848837607511246,21.849171556346565
-5.452229205928745e-15,1.5533601434942057,3.1024626348078126,4.643061491688971,6.170934039756631,7.681892486557738,9.171795400014933,10.636559059804375,12.072168650549093,13.474689266148767,14.84027669508411,16.1651879571332,17.44579156262024,18.678577466076245,19.860166687029714,20.98732057155732,22.056949669209043,23.066122200977233,24.012072095099047,24.89220656866686,25.70411323426601,26.445566712161064,27.114534729906886,27.70918369266621,28.2278837089657,28.669213058115048,29.031962087044665,29.315136525880636,29.51796021316933,29.63987722328198,29.68055339016822,29.63987722328198,29.51796021316933,29.315136525880636,29.03196208704467,28.669213058115048,28.2278837089657,27.709183692666222,27.114534729906886,26.445566712161053,25.704113234266035,24.892206568666868,24.012072095099036,23.066122200977254,22.056949669209036
-5.488457063382742e-15,1.5636815932586496,3.1230772439603314,4.6739127570187815,6.2119374000899095,7.732935554533919,9.232738270132657,10.70723469189273,12.152383327613133,13.564223125334312,14.938884330306555,16.27259909171853,17.561711790114618,18.80268905719362,19.992129460525728,21.12677282664244,22.20350917694529,23.219387251941118,24.171622600439218,25.05760521153839,25.874906668485504,26.621286804797034,27.294699844399567,27.893300008959912,28.41544657703522,28.859708381176343,29.224867730658396,29.509923749086372,29.714095117727748,29.836822217052855,29.87776866061311,29.836822217052855,29.714095117727748,29.509923749086372,29.224867730658403,28.85970838117635,28.41544657703522,27.89330000895992,27.294699844399567,26.621286804797027,25.874906668485522,25.057605211538394,24.171622600439203,23.219387251941146,22.20350917694528
-5.505237494239254e-15,1.5684623996955511,3.132625752976,4.688202796813714,6.230929802658317,7.756578263020508,9.26096648151685,10.739971034609242,12.189538073622053,13.605694436059421,14.984558535767793,16.322351002093505,17.615405038875203,18.86017647487714,20.053253478116204,21.191365907456337,22.27139427583791,23.290378300575036,24.245525017284645,25.134216435207655,25.954016712939715,26.7026788349032,27.378150770260664,27.978581097388762,28.50232407849625,28.947944170476838,29.31421995963307,29.6001475094864,29.804943112497245,29.928045438152942,29.969117071535585,29.928045438152942,29.804943112497245,29.6001475094864,29.31421995963308,28.947944170476838,28.50232407849625,27.97858109738877,27.378150770260664,26.702678834903192,25.954016712939733,25.134216435207662,24.245525017284635,23.29037830057506,22.271394275837903
-5.510910596163088e-15,1.5700786872883183,3.1358538980295894,4.69303395120692,6.237350724532756,7.7645713530756355,9.270509831248416,10.751038486358986,12.202099292274017,13.619714992186399,15.0,16.339171050450798,17.633557568774187,18.87961173149512,20.07391819076574,21.21320343559642,22.294344764321828,23.314378843709115,24.270509831248418,25.16011703836272,25.98076211353315,26.730195725651026,27.40636372927803,28.007412794916043,28.531695488854602,28.977774788672047,29.344428022014167,29.63065021785413,29.835656861048196,29.95888604263721,30.0,29.95888604263721,29.835656861048196,29.63065021785413,29.344428022014174,28.977774788672054,28.531695488854606,28.00741279491606,27.40636372927803,26.730195725651026,25.98076211353317,25.160117038362724,24.270509831248408,23.31437884370914,22.294344764321814
-5.502829990572671e-15,1.5677764930508118,3.1312558197089584,4.686152591816232,6.228204945399785,7.753186222145268,9.256916554373161,10.735274321765903,12.184207448442502,13.599744509416746,14.978005615997349,16.315213050292893,17.607701619674156,18.851928702812227,20.04448395975737,21.182098679443836,22.26165473899956,23.280193150304328,24.234922170370513,25.123224953316495,25.94266672295938,26.691001446367302,27.366177990079493,27.96634574212057,28.489859684399367,28.935284901589092,29.301400514130545,29.58720302457815,29.79190906811665,29.914957559709656,29.956011231994697,29.914957559709656,29.791909068116656,29.587203024578155,29.301400514130556,28.935284901589096,28.489859684399374,27.966345742120588,27.366177990079493,26.691001446367295,25.942666722959398,25.123224953316505,24.234922170370503,23.280193150304356,22.261654738999557
