hough_viz/data/file_2_2_0.json
{"header": {"discipline": 0, "disciplineName": "Meteorological products", "gribEdition": 2, "gribLength": 133963, "center": 7, "centerName": "US National Weather Service - NCEP(WMC)", "subcenter": 0, "refTime": "2014-11-30T06:00:00.000Z", "significanceOfRT": 1, "significanceOfRTName": "Start of forecast", "productStatus": 0, "productStatusName": "Operational products", "productType": 1, "productTypeName": "Forecast products", "productDefinitionTemplate": 0, "productDefinitionTemplateName": "Analysis/forecast at horizontal level/layer at a point in time", "parameterCategory": 2, "parameterCategoryName": "Momentum", "parameterNumber": 3, "parameterNumberName": "V-component_of_wind", "parameterUnit": "m.s-1", "genProcessType": 2, "genProcessTypeName": "Forecast", "forecastTime": 6, "surface1Type": 100, "surface1TypeName": "Isobaric surface", "surface1Value": 85000, "surface2Type": 255, "surface2TypeName": "Missing", "surface2Value": 0, "gridDefinitionTemplate": 0, "gridDefinitionTemplateName": "Latitude_Longitude", "numberPoints": 65160, "shape": 6, "shapeName": "Earth spherical with radius of 6,371,229.0 m", "gridUnits": "degrees", "resolution": 48, "winds": "true", "scanMode": 0, "nx": 360, "ny": 181, "basicAngle": 0, "subDivisions": 0, "lo1": 0, "la1": 90, "lo2": 359, "la2": -90, "dx": 1, "dy": 1}, "data":
[rows 0 to 19 of 181, columns 90 to 134 of 360]
1.3925936807849992e-18,-0.00039685580041783953,-0.0007932280931738778,-0.0011886339596857325,-0.001582591658812775,-0.001974621213782982,-0.002364244996971474,-0.002750988311814952,-0.003134379971158008,-0.0035139528713203365,-0.0038892445611920074,-0.0042597978056580135,-0.00462516114266904,-0.004984889433279703,-0.0053385444039787365,-0.005685695180661283,-0.0060259188135810115,-0.006358800792647458,-0.00668393555244633,-0.007000926966356027,-0.007309388829167633,-0.007608945327615351,-0.007899231498250255,-0.008179893672087504,-0.008450589905500867,-0.008710990396828728,-0.008960777888182595,-0.009199648051981618,-0.009427309861727318,-0.009643485946571852,-0.009847912929255768,-0.010040341746989373,-0.010220537954900594,-0.010388282011667804,-0.01054336954699537,-0.010685611610611557,-0.010814834902472491,-0.010930881983901705,-0.011033611469408714,-0.011122898198936592,-0.011198633390359036,-0.011260724772014343,-0.011309096695115971,-0.01134369022592716,-0.011364463217559748
2.049351160003162e-16,-0.058401593096550485,-0.1167320328479881,-0.17492025259859234,-0.2328953589658054,-0.2905867182128977,-0.3479240423052994,-0.4048374745457431,-0.4612576746838851,-0.5171159033967236,-0.5723441060368705,-0.6268749955466629,-0.6806421344370717,-0.7335800157315531,-0.785624142776205,-0.8367111078190055,-0.8867786692623939,-0.935765827495069,-0.9836128992106173,-1.0302615901224286,-1.0756550659863093,-1.1197380218442459,-1.1624567494049853,-1.2037592024793093,-1.2435950603903037,-1.2819157892813462,-1.3186747012471391,-1.3538270112157282,-1.3873298915122154,-1.4191425240376825,-1.4492261499997576,-1.4775441171342338,-1.5040619243602045,-1.5287472638143218,-1.5515700602129439,-1.5725025074942436,-1.591519102695604,-1.6085966770250535,-1.6237144240888708,-1.636853925240969,-1.6479991720231797,-1.6571365856690925,-1.66425503364769,-1.6693458432266228,-1.6724028120385985
4.0847763831984733e-16,-0.11640633039268312,-0.2326708376028023,-0.348651871237499,-0.464208126272798,-0.5791988152120123,-0.6934838396136273,-0.806923960779671,-0.9193809693966123,-1.030717853922127,-1.140798967512549,-1.249490193287668,-1.356659107731474,-1.4621751420298263,-1.5659097411484308,-1.6677365204573493,-1.7675314197112066,-1.8651728541974906,-1.9605418628687878,-2.053522253278501,-2.144000743143451,-2.2318670983608766,-2.31701426731172,-2.3993385112865315,-2.4787395308751057,-2.5551205881658636,-2.628388624606096,-2.698454374379474,-2.7652324731627034,-2.828641562128794,-2.88860438707026,-2.945047892521478,-2.9979033107655075,-3.047106245616976,-3.092596750878893,-3.1343194033778747,-3.1722233704887346,-3.2062624720662045,-3.2363952367083333,-3.262584952283002,-3.284799710656,-3.3030124465661705,-3.3172009706002643,-3.3273479962273185,-3.3334411608596377
6.109402243436039e-16,-0.17410331174465668,-0.3479945054225102,-0.521461721399953,-0.6942936165948925,-0.8662796219657419,-1.0372101990573703,-1.2068770952914323,-1.375073597690047,-1.5415947847237288,-1.706237775976693,-1.868801979325413,-2.0290893353292,-2.1869045585351414,-2.342055375403334,-2.494352758562569,-2.6436111571110814,-2.7896487226817377,-2.93228753099625,-3.07135379863851,-3.2066780947829168,-3.3380955476197234,-3.4654460452259563,-3.5885744306371214,-3.7073306908820722,-3.821570139750698,-3.931153594071791,-4.035947543286295,-4.135824312109365,-4.230662216083029,-4.320345709829951,-4.404765527827688,-4.483818817531878,-4.557409264686251,-4.625447210666682,-4.687849761716438,-4.744540889939444,-4.7954515259285575,-4.8405196429160045,-4.879690332343451,-4.912915870759611,-4.940155777963926,-4.961376866325454,-4.976553281216882,-4.985666532514415
8.1160522361489205e-16,-0.2312880239837406,-0.4622942591374438,-0.6927372599473629,-0.9223362671140335,-1.150811549614233,-1.3778847455101548,-1.6032792010905492,-1.826720307930644,-2.04793583746022,-2.266656272632178,-2.4826151362875697,-2.6955493158169377,-2.905199383722527,-3.1113099136907114,-3.313629791789614,-3.511912522412759,-3.705916528595999,-3.895405446341825,-4.080148412592491,-4.259920346501101,-4.434502223657922,-4.603681342937919,-4.76725158564429,-4.9250136666323705,-5.076775377107857,-5.222351818803637,-5.361565629249831,-5.494247197862657,-5.6202348725887905,-5.739375156853488,-5.851522896572531,-5.956541457000104,-6.054302889197196,-6.144688085917669,-6.227586926722089,-6.302898412142528,-6.370530786734845,-6.430401650868563,-6.482438061118139,-6.526576619133278,-6.562763548880064,-6.590954762158765,-6.611115912318527,-6.623222436103471
1.0082827200765422e-15,-0.28733639355444823,-0.5743227119741261,-0.8606093066368992,-1.1458473814262398,-1.429689417685567,-1.7117895976162134,-1.9918042256031416,-2.2693921469550933,-2.5442151635490458,-2.815938445872509,-3.084230940961745,-3.3487657757387725,-3.6092206552558896,-3.8652782553624028,-4.116626609315226,-4.362959487862313,-4.60397677233583,-4.8393848203005145,-5.068896823311743,-5.292233156347471,-5.509121718488212,-5.7192982644301225,-5.922506726427181,-6.118499526270318,-6.307037876923294,-6.48789207344795,-6.660841772864267,-6.825676262604368,-6.982194717233318,-7.130206443123961,-7.269531110787767,-7.399998974578499,-7.521451079501171,-7.6337394548741875,-7.736727294608858,-7.830289123886534,-7.914310952030327,-7.988690411385217,-8.053336882037256,-8.108171602219981,-8.153127764273494,-8.18815059603929,-8.213197427591723,-8.228237743224716
1.202042417894516e-15,-0.342553260489339,-0.6846891725970536,-1.0259908964162447,-1.366042608369939,-1.704430007828063,-2.0407408218689604,-2.37456530757044,-2.7054967512183907,-3.0331319638248124,-3.357071772351467,-3.6769215060407805,-3.9922914772613174,-4.302797456282176,-4.608061139397695,-4.907710609832259,-5.201380790863604,-5.488713890612577,-5.769359837957401,-6.042976709041423,-6.309231143854689,-6.56779875238172,-6.8183645098208165,-7.060623140393229,-7.294279489274696,-7.5190488821961035,-7.734657472275245,-7.940842573657067,-8.137352981555912,-8.323949278309875,-8.500404125074306,-8.666502538799218,-8.822042154152973,-8.966833470073315,-9.100700080645183,-9.223478890024165,-9.335020311143662,-9.435188447963675,-9.52386126103921,-9.600930716206529,-9.666302916206158,-9.719898215082209,-9.761651315218725,-9.791511346894758,-9.809441930261299
1.3920985781202787e-15,-0.396714708032476,-0.792946080302427,-1.1882113699175145,-1.5820290070082932,-1.9739191854469138,-2.363404447417005,-2.750010265122469,-3.13326561892649,-3.5127035712164227,-3.8878618352953245,-4.258283338607128,-4.6235167796091,-4.983117177613284,-5.33664641492691,-5.683673770631304,-6.02377644534901,-6.356540076359691,-6.681559242437263,-6.998437957793225,-7.306790154524349,-7.606240152976925,-7.896423119454571,-8.176985510711896,-8.447585504692483,-8.707893416986396,-8.957592102499865,-9.196377341847722,-9.423958211997869,-9.64005744071618,-9.844411744379991,-10.03677214874866,-10.216904292300303,-10.384588711765245,-10.539621109508158,-10.681812602433308,-10.810989952109495,-10.926995775834373,-11.029688738381065,-11.118943724193343,-11.194651989819674,-11.256721296400361,-11.305076022046368,-11.339657253972979,-11.36042286027592
1.5752466365012077e-15,-0.4489075122269986,-0.8972680997992459,-1.344535504405449,-1.7901647996093568,-2.233613054758683,-2.6743399964624963,-3.1118086668311213,-3.5454860776765917,-3.9748438598766827,-4.399358907111262,-4.818514013186822,-5.231798502172492,-5.6387088505800484,-6.038749300829694,-6.431432465254292,-6.816279919906202,-7.192822787443138,-7.5606023083829905,-7.919170400031579,-8.268090202402425,-8.6069366104633,-8.935296792061276,-9.252770690895076,-9.558971513922094,-9.853526202606076,-10.136075887431543,-10.406276325130968,-10.663798318092207,-10.908328115435058,-11.139567795268386,-11.357235627662064,-11.561066417891457,-11.750811829536424,-11.926240687040899,-12.08713925736476,-12.233311510384594,-12.364579357726209,-12.48078286973787,-12.581780470339979,-12.667449109513687,-12.737684413218405,-12.792400810555487,-12.831531638023193,-12.855029220735894
1.753886515612516e-15,-0.49981559344944515,-0.9990222385889578,-1.497011729018335,-1.9931773412528888,-2.4869145739225527,-2.9776218842637094,-3.4647014210063865,-3.9475597527639077,-4.425608591037658,-4.898265506955959,-5.364954640874001,-5.825107403970044,-6.278163170983362,-6.723569963249743,-7.160785121202457,-7.589275965519374,-8.008520446110648,-8.418007778156346,-8.817239064419047,-9.205727903073326,-9.583000980311379,-9.948598647003065,-10.302075478707511,-10.64300081835424,-10.970959300932398,-11.2855513595491,-11.58639371224011,-11.873119828939885,-12.145380378042008,-12.40284365200591,-12.645195971491457,-12.87214206752885,-13.083405441258453,-13.278728700801983,-13.457873874854945,-13.620622702617954,-13.766776899713907,-13.896158399766973,-14.008609571349032,-14.103993410029284,-14.182193705293056,-14.243115182126395,-14.286683617094017,-14.312845928769116
1.927080652256594e-15,-0.5491717686740962,-1.0976744561414842,-1.6448397963678592,-2.190001152670514,-2.73249432991245,-3.2716583837218645,-3.806836425751062,-4.33737642399368,-4.8626319971852885,-5.381963202319351,-5.894737314319275,-6.400329596916368,-6.8981240637948185,-7.3875142290761,-7.867903846228574,-8.338707634502093,-8.799351992002421,-9.24927569453676,-9.687930579379001,-10.114782213121586,-10.529310542800234,-10.931010529498435,-11.319392763659529,-11.6939840613569,-12.054328040795665,-12.39998567834361,-12.730535843413854,-13.04557581154762,-13.34472175507192,-13.62760921073447,-13.893893523746023,-14.143250267689112,-14.375375639781723,-14.589986831014118,-14.786822370708107,-14.965642445078771,-15.1262291894106,-15.268386953492115,-15.391942539985518,-15.496745415440937,-15.582667893698282,-15.649605291453138,-15.697476055797246,-15.726221863578193
2.0905305700485007e-15,-0.5957510752217005,-1.1907763195266563,-1.7843507863113073,-2.3757512965210132,-2.964257319732334,-3.5491518520083893,-4.129722289457714,-4.705261296432284,-5.275067667307103,-5.838447180791174,-6.3947134457293044,-6.943188737363901,-7.483204823038261,-8.014103776335094,-8.535238778658508,-9.045974907282865,-9.54568990890832,-10.033774957780578,-10.509635397451325,-10.972691465275515,-11.422378998762815,-11.858150122922721,-12.27947391776584,-12.685837065148124,-13.076744474169923,-13.451719884368014,-13.810306445965601,-14.152067276473407,-14.476585992963686,-14.783467219368658,-15.072337068185393,-15.342843596000078,-15.594657232276916,-15.82747118088902,-16.04100179390225,-16.234988917156517,-16.409196207223562,-16.56341141935501,-16.697446666069908,-16.81113864606669,-16.904348843180635,-16.976963695144487,-17.02889473194659,-17.06007868361796
2.247991142457642e-15,-0.640623561977823,-1.2804666228258652,-1.9187496323347648,-2.554694940977396,-3.187527747355027,-3.8164770421735064,-4.440776547599327,-5.059665650851086,-5.672390330889036,-6.278204077073532,-6.8763687986733215,-7.4661557241153345,-8.046846288880646,-8.617733010964612,-9.178120352834718,-9.727325568835948,-10.264679537011197,-10.78952757432327,-11.301230234285336,-11.799164086028004,-12.282722473853742,-12.751316256353443,-13.204374524184464,-13.641345295635746,-14.061696189132453,-14.464915071860956,-14.850510683723748,-15.218013235864223,-15.56697498303205,-15.89697076909171,-16.207598545009876,-16.4984798586901,-16.76926031605852,-17.019610012838346,-17.249223936487475,-17.45782233780926,-17.645151071783804,-17.810981907204532,-17.955112804742775,-18.07736816310154,-18.177599032958668,-18.255683298438615,-18.31152582589185,-18.34505857980056
2.3984668072368682e-15,-0.6835055175786178,-1.3661782889700143,-2.047186582559941,-2.725700694643947,-3.4008939602935255,-4.071943760520032,-4.738032524509209,-5.39834872570523,-6.052087870530862,-6.698453478538907,-7.3366580528010195,-7.965924039351324,-8.585484774516217,-9.19458541897592,-9.792483877419901,-10.378451702675747,-10.95177498320982,-11.511755212918459,-12.057710142150109,-12.58897460892142,-13.10490134931464,-13.604861786069023,-14.088246794405375,-14.554467444150813,-15.002955717259391,-15.433165199854662,-15.844571747950754,-16.236674126041144,-16.60899461777688,-16.961079607990342,-17.292500135355503,-17.60285241501117,-17.89175833051071,-18.158865894498604,-18.403849677552916,-18.626411204670855,-18.826279318914597,-19.003210511774256,-19.156989219845492,-19.287428087460334,-19.394368194951138,-19.477679252269798,-19.537259757726044,-19.573037121651666
2.536528127631263e-15,-0.7228496827632388,-1.4448186845344821,-2.1650273972958867,-2.8825983576705996,-3.59665731597672,-4.306334301365902,-5.010764681748825,-5.7090902172161675,-6.4004601056717725,-7.084032019403899,-7.758973131331869,-8.424461129677493,-9.07968521982537,-9.723847112151187,-10.356161994614665,-10.975859488932159,-11.582184589163944,-12.174398581572598,-12.751779944631942,-13.31362522808988,-13.85924991001414,-14.387989230776842,-14.89919900296167,-15.392256396207069,-15.866560696029024,-16.321534035699187,-16.756622100286425,-17.17129480200423,-17.565046926040992,-17.937398746086433,-18.28789660880424,-18.616113486538726,-18.921649497582326,-19.20413239336978,-19.46321801200574,-19.69859069757298,-19.90996368471051,-20.097079447993014,-20.259710015685904,-20.397657247493783,-20.51075307596382,-20.598859711250103,-20.661869808989323,-20.699706601083346
2.6672712483389877e-15,-0.7601083365497083,-1.5192905981770375,-2.2766218382392736,-3.031179365278336,-3.7820438671781837,-4.528300531205062,-5.269040158565902,-6.003360272126945,-6.730366215943172,-7.449172245258691,-8.158902605650391,-8.858692599999703,-9.547689641992907,-10.225054294866197,-10.889961294130055,-11.541600553026955,-12.179178149497272,-12.801917293451,-13.40905927316684,-13.999864379665581,-14.573612807931479,-15.129605533883877,-15.6671651660303,-16.18563677076371,-16.684388670298162,-17.162813212270915,-17.620327510073217,-18.056374153007873,-18.47042188540832,-18.86196625389177,-19.230530221958038,-19.575664751184927,-19.896949348312504,-20.193992577549242,-20.46643253747634,-20.71393730196878,-20.936205324596216,-21.132965806010823,-21.303979023874643,-21.449036624924272,-21.567961878817243,-21.660609893450715,-21.726867791490186,-21.766654847893154
2.7897317844931625e-15,-0.7950066523798293,-1.5890447116151136,-2.3811467646428786,-3.1703477571254775,-3.9556861692206438,-4.736205187045348,-5.510953868406128,-6.278988301375625,-7.039372754303906,-7.791180815863295,-8.533496523737968,-9.265415480582828,-9.98604595589245,-10.694509972437286,-11.38994437594367,-12.071501886714396,-12.738352131908487,-13.389682657222568,-14.02469991674132,-14.642630239750947,-15.24272077333771,-15.824240399623303,-16.38648062651932,-16.928756450915767,-17.450407193251806,-17.95079730245203,-18.42931713024757,-18.88538367393857,-19.318441286693236,-19.727962354517818,-20.113447939073072,-20.4744283855537,-20.810463894890457,-21.121145059577504,-21.406093362472443,-21.664961637961127,-21.89743449492546,-22.10322870099893,-22.282093527641607,-22.43381105561424,-22.5581964404793,-22.655098137805403,-22.724398087800942,-22.766011859151682
2.8973633640244378e-15,-0.8256790712156273,-1.6503521796690819,-2.473014588208885,-3.2926640094116615,-4.108301826714968,-4.918934311077795,-5.723573831686328,-6.521240059229915,-7.310961160281365,-8.091774981326227,-8.862730220998737,-9.622887589095882,-10.371320950957926,-11.10711845582076,-11.829383647765605,-12.537236557912507,-13.229814776526844,-13.90627450373272,-14.565791577553169,-15.207562478024574,-15.83080530616192,-16.43476073658233,-17.01869294262602,-17.581890492847815,-18.12366721778669,-18.643363045957614,-19.140344808046958,-19.614007008331797,-20.063772562383154,-20.489093500154482,-20.889451633598785,-21.26435918800089,-21.61335939625586,-21.93602705536927,-22.231969044501653,-22.500824803925614,-22.742266774312363,-22.956000795812244,-23.141766466443276,-23.299337459350802,-23.42852179855192,-23.52916209282862,-23.60113572748478,-23.644355013733264
2.9965455164093396e-15,-0.8539436059575122,-1.7068468131710857,-2.557670490462418,-3.4053780402400684,-4.248936661433952,-5.0873186078043835,-5.919502440092576,-6.744474270486966,-7.561228997889396,-8.368771532475916,-9.16611800806056,-9.952296980784608,-10.72635061267141,-11.487335838604332,-12.23432551530634,-12.966409550921316,-13.68269601382078,-14.382312219285149,-15.064405792735677,-15.728145708221598,-16.37272330089716,-16.997353252255266,-17.601274546917043,-18.183751399811914,-18.74407415261829,-19.28156013837299,-19.795554513195725,-20.28543105411554,-20.750592922027046,-21.190473388846858,-21.604536527984564,-21.992277867286646,-22.353225003658157,-22.686938178613055,-22.99301081405224,-23.271070007616306,-23.520776987009636,-23.741827522742234,-23.933952298786547,-24.096917240697515,-24.23052380079625,-24.33460920006977,-24.409046626492202,-24.453745389525647
3.0864254741339194e-15,-0.8795572383159508,-1.7580428716224117,-2.6343866004955565,-3.507520735092156,-4.376381495965185,-5.239910310115261,-6.097055100698779,-6.946771568821437,-7.788024465855628,-8.619788854731352,-9.441051358664284,-10.25081139579915,-11.048082398264693,-11.831893014154593,-12.601288290970137,-13.355330839082784,-14.093101973799026,-14.813702834636132,-15.516255480445222,-16.199903959047337,-16.863815350079253,-17.507180779778718,-18.129216406472473,-18.72916437556666,-19.30629374287583,-19.85990136516588,-20.38931275682575,-20.893882911624296,-21.372997088550967,-21.826071560783056,-22.252554326866925,-22.651925783246725,-23.023699357321327,-23.36742210025803,-23.682675238841007,-23.96907468568193,-24.226271507171273,-24.45395234860015,-24.65183981593487,-24.81969281377869,-24.95730683910952,-25.064514230435297,-25.14118437206373,-25.18722385323738
