d3js-fun/wind-js/temp.json
{"header": {"discipline":0,"disciplineName":"Meteorological products","gribEdition":2,"gribLength":133963,"center":7,"centerName":"US National Weather Service - NCEP(WMC)","subcenter":0,"refTime":"2014-11-30T06:00:00.000Z","significanceOfRT":1,"significanceOfRTName":"Start of forecast","productStatus":0,"productStatusName":"Operational products","productType":1,"productTypeName":"Forecast products","productDefinitionTemplate":0,"productDefinitionTemplateName":"Analysis\/forecast at horizontal level\/layer at a point in time","parameterCategory":2,"parameterCategoryName":"Momentum","parameterNumber":2,"parameterNumberName":"U-component_of_wind","parameterUnit":"m.s-1","genProcessType":2,"genProcessTypeName":"Forecast","forecastTime":6,"surface1Type":100,"surface1TypeName":"Isobaric surface","surface1Value":85000,"surface2Type":255,"surface2TypeName":"Missing","surface2Value":0,"gridDefinitionTemplate":0,"gridDefinitionTemplateName":"Latitude_Longitude","numberPoints":65160,"shape":6,"shapeName":"Earth spherical with radius of 6,371,229.0 m","gridUnits":"degrees","resolution":48,"winds":"true","scanMode":0,"nx":360,"ny":181,"basicAngle":0,"subDivisions":0,"lo1":0,"la1":90,"lo2":359,"la2":-90,"dx":1,"dy":1}, "data":
[rows 0 to 21 of 181, columns 51 to 101 of 360]
-2.726978832e-105,-3.563022667e-104,-4.563200108e-103,-5.728416055e-102,-7.048775892e-101,-8.501723234e-100,-1.005111711e-98,-1.1647583e-97,-1.323035218e-96,-1.473062271e-95,-1.607625617e-94,-1.719740187e-93,-1.803245564e-92,-1.853365248e-91,-1.867158855e-90,-1.843807733e-89,-1.784695407e-88,-1.693271857e-87,-1.574720151e-86,-1.435470229e-85,-1.282623242e-84,-1.123357867e-83,-9.643868217e-83,-8.11518666e-82,-6.693601764e-81,-5.41172024e-80,-4.288692567e-79,-3.331413974e-78,-2.536567369e-77,-1.893120725e-76,-1.384918858e-75,-9.930805092e-75,-6.980052642e-74,-4.808914416e-73,-3.247502608e-72,-2.149641705e-71,-1.394751254e-70,-8.870366252e-70,-5.529685784e-69,-3.37888543e-68,-2.023767367e-67,-1.188124145e-66,-6.837182384e-66,-3.856617954e-65,-2.13230921e-64,-1.155600862e-63,-6.138745686e-63,-3.196432495e-62,-1.6314191e-61,-8.161681791e-61,-4.002283834e-60
-1.615163109e-104,-2.110343762e-103,-2.702739158e-102,-3.392885261e-101,-4.174921584e-100,-5.0354882e-99,-5.953179162e-98,-6.898750421e-97,-7.836209253e-96,-8.724804935e-95,-9.521810581e-94,-1.01858543e-92,-1.068044855e-91,-1.097730258e-90,-1.105900077e-89,-1.092069434e-88,-1.057057777e-87,-1.002908495e-86,-9.326914697e-86,-8.50215092e-85,-7.59685304e-84,-6.653539674e-83,-5.711969594e-82,-4.806546337e-81,-3.964555393e-80,-3.205309402e-79,-2.540151005e-78,-1.97316418e-77,-1.502384247e-76,-1.121277041e-75,-8.202740051e-75,-5.881919522e-74,-4.134217469e-73,-2.84827336e-72,-1.923464292e-71,-1.273211929e-70,-8.260976377e-70,-5.253831884e-69,-3.275179249e-68,-2.001281063e-67,-1.19865778e-66,-7.037144056e-66,-4.049596802e-65,-2.284237403e-64,-1.262946061e-63,-6.844511807e-63,-3.635919521e-62,-1.89321596e-61,-9.662737074e-61,-4.834084952e-60,-2.37051389e-59
-9.375842107e-104,-1.22503107e-102,-1.568910004e-101,-1.969532137e-100,-2.42349552e-99,-2.923044864e-98,-3.455754255e-97,-4.004647848e-96,-4.548832268e-95,-5.064652173e-94,-5.527305081e-93,-5.912775072e-92,-6.199881529e-91,-6.372201986e-90,-6.41962688e-89,-6.339341538e-88,-6.136102764e-87,-5.821772209e-86,-5.414170189e-85,-4.935403994e-84,-4.40988865e-83,-3.862305738e-82,-3.315734785e-81,-2.79014666e-80,-2.301380287e-79,-1.860646438e-78,-1.474529391e-77,-1.145399848e-76,-8.721173362e-76,-6.508888444e-75,-4.761599317e-74,-3.414388827e-73,-2.399867234e-72,-1.653390989e-71,-1.116549617e-70,-7.390853563e-70,-4.795404856e-69,-3.049790942e-68,-1.901205107e-67,-1.161721386e-66,-6.958075022e-66,-4.084983813e-65,-2.350745878e-64,-1.325974393e-63,-7.331261337e-63,-3.973162936e-62,-2.11061082e-61,-1.098990796e-60,-5.609111341e-60,-2.80613252e-59,-1.376056934e-58
-5.334112964e-103,-6.969458354e-102,-8.925857645e-101,-1.120508087e-99,-1.378777365e-98,-1.66298145e-97,-1.966050981e-96,-2.278328044e-95,-2.587925959e-94,-2.881386707e-93,-3.144599638e-92,-3.36390159e-91,-3.527242467e-90,-3.625279185e-89,-3.6522602e-88,-3.606584187e-87,-3.490957392e-86,-3.312128155e-85,-3.080234828e-84,-2.807854711e-83,-2.508878024e-82,-2.197346636e-81,-1.886390972e-80,-1.587372878e-79,-1.309303451e-78,-1.058560732e-77,-8.388906564e-77,-6.516419658e-76,-4.961658202e-75,-3.703042973e-74,-2.70897359e-73,-1.942517323e-72,-1.365334738e-71,-9.406487661e-71,-6.352284646e-70,-4.204811404e-69,-2.728206269e-68,-1.735089949e-67,-1.081635409e-66,-6.609276305e-66,-3.958594626e-65,-2.324032857e-64,-1.33738857e-63,-7.543746063e-63,-4.170908138e-62,-2.260415618e-61,-1.200770705e-60,-6.252388839e-60,-3.191140933e-59,-1.596467569e-58,-7.828676129e-58
-2.974204738e-102,-3.886043696e-101,-4.976896492e-100,-6.247750065e-99,-7.687812759e-98,-9.272483244e-97,-1.096234403e-95,-1.270354435e-94,-1.442980623e-93,-1.606609019e-92,-1.75337178e-91,-1.875650575e-90,-1.966726488e-89,-2.021389985e-88,-2.036434111e-87,-2.010965994e-86,-1.946494587e-85,-1.846782645e-84,-1.717483128e-83,-1.56560891e-82,-1.398904927e-81,-1.22520067e-80,-1.051817426e-79,-8.850903546e-79,-7.300438804e-78,-5.902342839e-77,-4.677502298e-76,-3.633437528e-75,-2.766530711e-74,-2.064749665e-73,-1.510474589e-72,-1.083112462e-71,-7.612859109e-71,-5.24488708e-70,-3.541918819e-69,-2.34452665e-68,-1.521198382e-67,-9.674547168e-67,-6.031003052e-66,-3.685212711e-65,-2.207240636e-64,-1.295838611e-63,-7.457036338e-63,-4.206256117e-62,-2.325622803e-61,-1.260366791e-60,-6.69527988e-60,-3.486218727e-59,-1.779322362e-58,-8.901613893e-58,-4.365127959e-57
-1.625305106e-101,-2.123595118e-100,-2.719710306e-99,-3.414190002e-98,-4.201136919e-97,-5.06710724e-96,-5.990560603e-95,-6.942069331e-94,-7.885414692e-93,-8.77959008e-92,-9.581600316e-91,-1.024981373e-89,-1.074751365e-88,-1.104623169e-87,-1.112844289e-86,-1.098926801e-85,-1.063695297e-84,-1.009205999e-83,-9.385480633e-83,-8.555537967e-82,-7.644555504e-81,-6.695318847e-80,-5.747836423e-79,-4.836727795e-78,-3.989449788e-77,-3.225436309e-76,-2.556101223e-75,-1.985554152e-74,-1.511818078e-73,-1.128317809e-72,-8.254247024e-72,-5.918853507e-71,-4.160177213e-70,-2.866158352e-69,-1.935542186e-68,-1.281206733e-67,-8.312849031e-67,-5.286821955e-66,-3.295744885e-65,-2.013847587e-64,-1.20618444e-63,-7.081331973e-63,-4.075025192e-62,-2.298580678e-61,-1.270876402e-60,-6.887490139e-60,-3.658750332e-59,-1.905103917e-58,-9.723411719e-58,-4.864439332e-57,-2.385398916e-56
-8.704682488e-101,-1.137338532e-99,-1.456601262e-98,-1.828545288e-97,-2.250012188e-96,-2.713801827e-95,-3.208377787e-94,-3.71797942e-93,-4.22320898e-92,-4.70210447e-91,-5.131638865e-90,-5.4895154e-89,-5.756069648e-88,-5.91605473e-87,-5.960084763e-86,-5.885546561e-85,-5.696856418e-84,-5.405026879e-83,-5.026602613e-82,-4.582108384e-81,-4.094211492e-80,-3.585826717e-79,-3.078381461e-78,-2.590416999e-77,-2.136638443e-76,-1.727454055e-75,-1.368976783e-74,-1.063407627e-73,-8.096877504e-73,-6.042956634e-72,-4.420745328e-71,-3.169973458e-70,-2.228075308e-69,-1.535034765e-68,-1.036622608e-67,-6.861787224e-67,-4.452130934e-66,-2.831474923e-65,-1.765109375e-64,-1.078560805e-63,-6.459988671e-63,-3.792564621e-62,-2.182470251e-61,-1.231055935e-60,-6.806460844e-60,-3.688748321e-59,-1.959525004e-58,-1.020320717e-57,-5.207589112e-57,-2.605258528e-56,-1.277553371e-55
-4.569024907e-100,-5.96980773e-99,-7.645594716e-98,-9.597902019e-97,-1.181015131e-95,-1.424454959e-94,-1.684054305e-93,-1.951540518e-92,-2.216731862e-91,-2.468100642e-90,-2.693560141e-89,-2.881406946e-88,-3.021319344e-87,-3.105294357e-86,-3.128405403e-85,-3.08928084e-84,-2.990238748e-83,-2.837059533e-82,-2.638427371e-81,-2.405115564e-80,-2.149022013e-79,-1.88217452e-78,-1.615820173e-77,-1.359691155e-76,-1.121506072e-75,-9.067281447e-75,-7.185660163e-74,-5.581749753e-73,-4.249992465e-72,-3.171904249e-71,-2.320417263e-70,-1.663896151e-69,-1.169500621e-68,-8.057286506e-68,-5.441157125e-67,-3.601702506e-66,-2.33689134e-65,-1.486220717e-64,-9.264931498e-64,-5.661287688e-63,-3.390801351e-62,-1.990689751e-61,-1.145562857e-60,-6.461723605e-60,-3.572662089e-59,-1.936197326e-58,-1.028540508e-57,-5.355589678e-57,-2.733425876e-56,-1.367481366e-55,-6.705785285e-55
-2.350418413e-99,-3.071015435e-98,-3.933081339e-97,-4.937396072e-96,-6.075431335e-95,-7.327745488e-94,-8.663188158e-93,-1.003920281e-91,-1.140341209e-90,-1.269651471e-89,-1.385633364e-88,-1.482266365e-87,-1.554240732e-86,-1.597439538e-85,-1.609328426e-84,-1.589201792e-83,-1.538252112e-82,-1.459452969e-81,-1.357271716e-80,-1.237250403e-79,-1.105509603e-78,-9.682367109e-78,-8.312175058e-77,-6.994584603e-76,-5.769302149e-75,-4.664431843e-74,-3.69647973e-73,-2.871388899e-72,-2.186300304e-71,-1.631705299e-70,-1.19367952e-69,-8.559489671e-69,-6.016197875e-68,-4.144865687e-67,-2.799064604e-66,-1.852804058e-65,-1.20215419e-64,-7.645483685e-64,-4.766107874e-63,-2.912305162e-62,-1.744311334e-61,-1.024059606e-60,-5.893056147e-60,-3.324069019e-59,-1.837864955e-58,-9.960273665e-58,-5.291064501e-57,-2.755046612e-56,-1.406141275e-55,-7.03465936e-55,-3.44962033e-54
-1.184994549e-98,-1.548293074e-97,-1.982915009e-96,-2.489253573e-95,-3.063009112e-94,-3.694379866e-93,-4.367660962e-92,-5.061396958e-91,-5.74918112e-90,-6.401115921e-89,-6.985853983e-88,-7.47304205e-87,-7.835910347e-86,-8.05370284e-85,-8.113642246e-84,-8.012171155e-83,-7.7553016e-82,-7.358025291e-81,-6.842864981e-80,-6.237761649e-79,-5.573572969e-78,-4.881493518e-77,-4.190693062e-76,-3.526412397e-75,-2.908670032e-74,-2.351635045e-73,-1.863629177e-72,-1.447648714e-71,-1.102252233e-70,-8.22645821e-70,-6.018093278e-69,-4.315379997e-68,-3.033145779e-67,-2.089688891e-66,-1.411185464e-65,-9.341156865e-65,-6.060819445e-64,-3.854571783e-63,-2.402896361e-62,-1.46827719e-61,-8.794176438e-61,-5.16293203e-60,-2.971062248e-59,-1.675873388e-58,-9.265839403e-58,-5.021603786e-57,-2.667560192e-56,-1.388993211e-55,-7.089247333e-55,-3.546616616e-54,-1.739171743e-53
-5.855115097e-98,-7.650190594e-97,-9.797678489e-96,-1.22995217e-94,-1.513447543e-93,-1.825410872e-92,-2.158082301e-91,-2.500860595e-90,-2.84069806e-89,-3.162822183e-88,-3.451744073e-87,-3.692466042e-86,-3.871761014e-85,-3.979373333e-84,-4.008989682e-83,-3.958852327e-82,-3.831931844e-81,-3.635635708e-80,-3.381092519e-79,-3.082108051e-78,-2.753929227e-77,-2.41196944e-76,-2.07064161e-75,-1.742417336e-74,-1.437187861e-73,-1.161954193e-72,-9.208281451e-72,-7.152901967e-71,-5.44628133e-70,-4.064732593e-69,-2.973568852e-68,-2.132250025e-67,-1.498691927e-66,-1.032525338e-65,-6.972735294e-65,-4.615510563e-64,-2.994680056e-63,-1.904562469e-62,-1.187282656e-61,-7.254828259e-61,-4.345244901e-60,-2.551029563e-59,-1.468016155e-58,-8.280571063e-58,-4.578295842e-57,-2.481198598e-56,-1.318054329e-55,-6.863082302e-55,-3.502831225e-54,-1.752400338e-53,-8.593331281e-53
-2.83531142e-97,-3.704568125e-96,-4.744478845e-95,-5.95598443e-94,-7.328797185e-93,-8.839464648e-92,-1.04504101e-90,-1.211029756e-89,-1.375594419e-88,-1.531581482e-87,-1.671490522e-86,-1.788058982e-85,-1.874881712e-84,-1.926992462e-83,-1.941334037e-82,-1.917055263e-81,-1.855594628e-80,-1.760539165e-79,-1.637277846e-78,-1.49249605e-77,-1.333577028e-76,-1.16798464e-75,-1.002698275e-74,-8.437572432e-74,-6.959513328e-73,-5.626707484e-72,-4.459066155e-71,-3.463758491e-70,-2.637335628e-69,-1.968327274e-68,-1.439936463e-67,-1.032531854e-66,-7.257343819e-66,-4.999954457e-65,-3.376513644e-64,-2.235038866e-63,-1.450159463e-62,-9.222752463e-62,-5.749359353e-61,-3.51311581e-60,-2.104164015e-59,-1.235323838e-58,-7.108797864e-58,-4.009826846e-57,-2.217017816e-56,-1.201508528e-55,-6.38261491e-55,-3.323414708e-54,-1.696229231e-53,-8.48591464e-53,-4.161279482e-52
-1.345583383e-96,-1.758115625e-95,-2.251636927e-94,-2.826593798e-93,-3.478103899e-92,-4.195037151e-91,-4.959560375e-90,-5.747310521e-89,-6.528302248e-88,-7.268586357e-87,-7.932567318e-86,-8.485778443e-85,-8.897822153e-84,-9.145129586e-83,-9.213191897e-82,-9.097969583e-81,-8.806289419e-80,-8.35517477e-79,-7.770200644e-78,-7.083094538e-77,-6.328895921e-76,-5.543026814e-75,-4.758610029e-74,-4.00430696e-73,-3.302848999e-72,-2.670325395e-71,-2.116185643e-70,-1.643832079e-69,-1.251627941e-68,-9.341296526e-68,-6.833657012e-67,-4.900194367e-66,-3.444193529e-65,-2.372880659e-64,-1.60242738e-63,-1.060705761e-62,-6.882173371e-62,-4.376938056e-61,-2.728533575e-60,-1.667256098e-59,-9.985951148e-59,-5.862605486e-58,-3.373696522e-57,-1.902985447e-56,-1.052153323e-55,-5.702124633e-55,-3.029064285e-54,-1.577227663e-53,-8.049972393e-53,-4.027249227e-52,-1.974861908e-51
-6.258398088e-96,-8.177113071e-95,-1.047251357e-93,-1.314667634e-92,-1.617689329e-91,-1.951139768e-90,-2.30672462e-89,-2.673112468e-88,-3.036356932e-87,-3.38066801e-86,-3.689489985e-85,-3.94679217e-84,-4.138436448e-83,-4.253460785e-82,-4.285117021e-81,-4.231526354e-80,-4.095863963e-79,-3.88604753e-78,-3.613972161e-77,-3.294394527e-76,-2.943611719e-75,-2.578098754e-74,-2.213261273e-73,-1.862429883e-72,-1.536177105e-71,-1.241986157e-70,-9.842520613e-70,-7.645572676e-69,-5.821405062e-68,-4.344699338e-67,-3.17837947e-66,-2.279113093e-65,-1.601917389e-64,-1.103642626e-63,-7.452996655e-63,-4.933413264e-62,-3.200944752e-61,-2.035743092e-60,-1.26905917e-59,-7.754519349e-59,-4.644532504e-58,-2.726736926e-57,-1.569128761e-56,-8.85091228e-56,-4.893635304e-55,-2.652096211e-54,-1.408838009e-53,-7.33579109e-53,-3.744095869e-52,-1.873100485e-51,-9.185214496e-51
-2.85270333e-95,-3.727292089e-94,-4.773581661e-93,-5.992518667e-92,-7.373752309e-91,-8.893686264e-90,-1.051451332e-88,-1.218458259e-87,-1.384032368e-86,-1.540976261e-85,-1.681743509e-84,-1.799027004e-83,-1.886382309e-82,-1.938812708e-81,-1.953242255e-80,-1.928814554e-79,-1.866976916e-78,-1.77133838e-77,-1.647320971e-76,-1.501651078e-75,-1.341757241e-74,-1.175149103e-73,-1.008848864e-72,-8.489328826e-72,-7.00220325e-71,-5.661221924e-70,-4.486418238e-69,-3.485005319e-68,-2.653513146e-67,-1.98040107e-66,-1.448769089e-65,-1.038865444e-64,-7.301860645e-64,-5.03062437e-63,-3.397225308e-62,-2.248748681e-61,-1.459054797e-60,-9.279325181e-60,-5.784626145e-59,-3.534665397e-58,-2.117071038e-57,-1.242901362e-56,-7.152403504e-56,-4.034423278e-55,-2.230617089e-54,-1.208878627e-53,-6.421766115e-53,-3.343800661e-52,-1.706633966e-51,-8.537967567e-51,-4.186804931e-50
-1.274350659e-94,-1.665044198e-93,-2.132439385e-92,-2.676959091e-91,-3.293979439e-90,-3.972959554e-89,-4.697010318e-88,-5.44305841e-87,-6.182705864e-86,-6.883800686e-85,-7.512631709e-84,-8.036556848e-83,-8.426787718e-82,-8.661003147e-81,-8.725462364e-80,-8.616339709e-79,-8.340100559e-78,-7.912867095e-77,-7.358860429e-76,-6.708128465e-75,-5.993855743e-74,-5.24958911e-73,-4.506697915e-72,-3.792326272e-71,-3.128002212e-70,-2.528963252e-69,-2.004158644e-68,-1.556810615e-67,-1.185369047e-66,-8.846785368e-66,-6.471895705e-65,-4.640787037e-64,-3.261864221e-63,-2.247264696e-62,-1.517597804e-61,-1.004553938e-60,-6.517843697e-60,-4.145230959e-59,-2.584089997e-58,-1.578994609e-57,-9.457313153e-57,-5.552249872e-56,-3.195099197e-55,-1.802244877e-54,-9.9645425e-54,-5.400264581e-53,-2.86871116e-52,-1.493732114e-51,-7.623821574e-51,-3.814054017e-50,-1.87031633e-49
-5.57902339e-94,-7.289454016e-93,-9.33567941e-92,-1.171955088e-90,-1.442082539e-89,-1.739335569e-88,-2.056320232e-87,-2.382935181e-86,-2.706747973e-85,-3.013682676e-84,-3.288980763e-83,-3.518351744e-82,-3.689192253e-81,-3.791730228e-80,-3.819950049e-79,-3.772176868e-78,-3.651241185e-77,-3.464201184e-76,-3.221660708e-75,-2.936774533e-74,-2.624070632e-73,-2.298235594e-72,-1.973002714e-71,-1.660255505e-70,-1.3694188e-69,-1.107163482e-68,-8.774074761e-68,-6.815614504e-67,-5.189467742e-66,-3.873064463e-65,-2.833353384e-64,-2.031706049e-63,-1.428022708e-62,-9.83837707e-62,-6.643943398e-61,-4.397871085e-60,-2.853469113e-59,-1.814754857e-58,-1.131297609e-57,-6.912734571e-57,-4.140349512e-56,-2.430738485e-55,-1.398793419e-54,-7.890109567e-54,-4.362411185e-53,-2.364200324e-52,-1.255902883e-51,-6.539460976e-51,-3.337658955e-50,-1.66976777e-49,-8.18812191e-49
-2.393658614e-93,-3.127512322e-92,-4.005437489e-91,-5.02822841e-90,-6.187199891e-89,-7.46255263e-88,-8.822563185e-87,-1.022389211e-85,-1.161319849e-84,-1.293009008e-83,-1.411124597e-82,-1.509535338e-81,-1.582833804e-80,-1.626827329e-79,-1.638934936e-78,-1.618438035e-77,-1.566551044e-76,-1.486302248e-75,-1.382241186e-74,-1.260011863e-73,-1.125847453e-72,-9.860491778e-72,-8.465092564e-71,-7.123262647e-70,-5.875438905e-69,-4.75024251e-68,-3.764483166e-67,-2.924213295e-66,-2.226521256e-65,-1.661723471e-64,-1.215639416e-63,-8.716956977e-63,-6.126876724e-62,-4.221117994e-61,-2.850558464e-60,-1.886889742e-59,-1.224269992e-58,-7.786136196e-58,-4.853789055e-57,-2.965882287e-56,-1.776401098e-55,-1.042899036e-54,-6.001469582e-54,-3.385221285e-53,-1.871675808e-52,-1.014351093e-51,-5.38840321e-51,-2.805730681e-50,-1.432009789e-49,-7.164074652e-49,-3.51308234e-48
-1.006465392e-92,-1.315030012e-91,-1.684172584e-90,-2.114227087e-89,-2.601541644e-88,-3.13779121e-87,-3.709636981e-86,-4.298855954e-85,-4.883019786e-84,-5.436735257e-83,-5.93337773e-82,-6.347166915e-81,-6.655366124e-80,-6.84034639e-79,-6.891255432e-78,-6.805071794e-77,-6.586901746e-76,-6.249478375e-75,-5.811931195e-74,-5.297991647e-73,-4.733868445e-72,-4.146056445e-71,-3.559330749e-70,-2.995129419e-69,-2.470455013e-68,-1.997341919e-67,-1.582858142e-66,-1.229548551e-65,-9.36188885e-65,-6.987074745e-64,-5.11141812e-63,-3.665232574e-62,-2.576177467e-61,-1.774860104e-60,-1.198578789e-59,-7.933834897e-59,-5.14770724e-58,-3.2738489e-57,-2.040880298e-56,-1.247069178e-55,-7.469261561e-55,-4.385093934e-54,-2.523447329e-53,-1.423389304e-52,-7.869864629e-52,-4.265057951e-51,-2.26567035e-50,-1.179729981e-49,-6.021194023e-49,-3.012289706e-48,-1.477151242e-47
-4.147303397e-92,-5.418793809e-91,-6.939905469e-90,-8.712014589e-89,-1.072007302e-87,-1.292977607e-86,-1.528615904e-85,-1.77141311e-84,-2.012127263e-83,-2.240294677e-82,-2.444944238e-81,-2.615452763e-80,-2.742451231e-79,-2.818675341e-78,-2.839653235e-77,-2.804139873e-76,-2.714239377e-75,-2.57519862e-74,-2.39490023e-73,-2.183123128e-72,-1.950667041e-71,-1.708449601e-70,-1.466679791e-69,-1.234191509e-68,-1.017990936e-67,-8.230370355e-67,-6.522422926e-66,-5.066553626e-65,-3.857717685e-64,-2.879137132e-63,-2.10624249e-62,-1.51031835e-61,-1.061555583e-60,-7.31359806e-60,-4.938937714e-59,-3.269264962e-58,-2.121196008e-57,-1.349042378e-56,-8.409777284e-56,-5.138750201e-55,-3.077830007e-54,-1.806948864e-53,-1.039827277e-52,-5.865305793e-52,-3.242904979e-51,-1.757486096e-50,-9.336061043e-50,-4.861268152e-49,-2.481130362e-48,-1.241262683e-47,-6.086840553e-47
-1.674791385e-91,-2.188253021e-90,-2.802518354e-89,-3.518143136e-88,-4.329050523e-87,-5.22138737e-86,-6.172957467e-85,-7.153437141e-84,-8.125504895e-83,-9.046905579e-82,-9.873334924e-81,-1.056189368e-79,-1.107474726e-78,-1.138256049e-77,-1.14672748e-76,-1.13238624e-75,-1.09608203e-74,-1.039933675e-73,-9.671243911e-73,-8.816031666e-72,-7.877312176e-71,-6.899173752e-70,-5.922842972e-69,-4.983993475e-68,-4.110918074e-67,-3.323642388e-66,-2.633927803e-65,-2.04600907e-64,-1.557848975e-63,-1.162672128e-62,-8.505567205e-62,-6.099067077e-61,-4.286843702e-60,-2.953425359e-59,-1.994474371e-58,-1.320216119e-57,-8.565953488e-57,-5.447791822e-56,-3.396091676e-55,-2.075163966e-54,-1.242909594e-53,-7.296939965e-53,-4.199099025e-52,-2.368566433e-51,-1.309571256e-50,-7.097196156e-50,-3.770149687e-49,-1.963109337e-48,-1.001946411e-47,-5.012548756e-47,-2.458028059e-46
-6.627978619e-91,-8.660000504e-90,-1.109095252e-88,-1.392303405e-87,-1.713219603e-86,-2.066361468e-85,-2.442944863e-84,-2.830969209e-83,-3.215664542e-82,-3.580308407e-81,-3.907367411e-80,-4.179864199e-79,-4.38282575e-78,-4.504642681e-77,-4.538168329e-76,-4.481412943e-75,-4.337739209e-74,-4.115532374e-73,-3.827389993e-72,-3.48894017e-71,-3.117442396e-70,-2.730344599e-69,-2.343962176e-68,-1.972412952e-67,-1.626893794e-66,-1.315329831e-65,-1.042375625e-64,-8.09707077e-64,-6.165179609e-63,-4.601269193e-62,-3.366074013e-61,-2.413702778e-60,-1.696516274e-59,-1.168816625e-58,-7.893122455e-58,-5.224748757e-57,-3.389971855e-56,-2.155960918e-55,-1.3440016e-54,-8.212451129e-54,-4.918808567e-53,-2.887760381e-52,-1.661791362e-51,-9.373589938e-51,-5.182621768e-50,-2.808711867e-49,-1.492034873e-48,-7.768995486e-48,-3.965197965e-47,-1.98371369e-46,-9.727633882e-46
