d3js-fun/wind-js/temp.json
{"header": {"discipline":0,"disciplineName":"Meteorological products","gribEdition":2,"gribLength":133963,"center":7,"centerName":"US National Weather Service - NCEP(WMC)","subcenter":0,"refTime":"2014-11-30T06:00:00.000Z","significanceOfRT":1,"significanceOfRTName":"Start of forecast","productStatus":0,"productStatusName":"Operational products","productType":1,"productTypeName":"Forecast products","productDefinitionTemplate":0,"productDefinitionTemplateName":"Analysis\/forecast at horizontal level\/layer at a point in time","parameterCategory":2,"parameterCategoryName":"Momentum","parameterNumber":2,"parameterNumberName":"U-component_of_wind","parameterUnit":"m.s-1","genProcessType":2,"genProcessTypeName":"Forecast","forecastTime":6,"surface1Type":100,"surface1TypeName":"Isobaric surface","surface1Value":85000,"surface2Type":255,"surface2TypeName":"Missing","surface2Value":0,"gridDefinitionTemplate":0,"gridDefinitionTemplateName":"Latitude_Longitude","numberPoints":65160,"shape":6,"shapeName":"Earth spherical with radius of 6,371,229.0 m","gridUnits":"degrees","resolution":48,"winds":"true","scanMode":0,"nx":360,"ny":181,"basicAngle":0,"subDivisions":0,"lo1":0,"la1":90,"lo2":359,"la2":-90,"dx":1,"dy":1}, "data":
[rows 132 to 153 of 181, columns 255 to 305 of 360]
2.907147369e-30,6.422178612e-31,1.390630731e-31,2.951585551e-32,6.140631541e-33,1.252232043e-33,2.503056754e-34,4.904228439e-35,9.418566236e-36,1.773017456e-36,3.271563371e-37,5.917139022e-38,1.0490165e-38,1.82291734e-39,3.105029589e-40,5.18416267e-41,8.484096667e-42,1.360964216e-42,2.139941567e-43,3.298156304e-44,4.982584387e-45,7.378230223e-46,1.070936825e-46,1.523665425e-47,2.124855901e-48,2.904580814e-49,3.891809337e-50,5.111328075e-51,6.580063269e-52,8.303104273e-53,1.026987186e-53,1.24509838e-54,1.47964122e-55,1.723547613e-56,1.967905591e-57,2.202415954e-58,2.416064584e-59,2.597956319e-60,2.738225814e-61,2.828920784e-62,2.864747987e-63,2.843584706e-64,2.766686984e-65,2.638566197e-66,2.466550845e-67,2.260092742e-68,2.029908953e-69,1.787067547e-70,1.542124679e-71,1.304403986e-72,1.081480909e-73
1.272142914e-30,2.81029063e-31,6.08528157e-32,1.291588683e-32,2.687088032e-33,5.479660706e-34,1.095316305e-34,2.146048571e-35,4.121484319e-36,7.758573292e-37,1.431608251e-37,2.58928961e-38,4.590406807e-39,7.976930929e-40,1.358734487e-40,2.268545404e-41,3.7125684e-42,5.955463426e-43,9.364201932e-44,1.443245092e-44,2.180336466e-45,3.228650668e-46,4.68632828e-47,6.667430052e-48,9.29818834e-49,1.271019811e-49,1.7030226e-50,2.236673606e-51,2.879379611e-52,3.63336767e-53,4.494008405e-54,5.448444402e-55,6.474783884e-56,7.542097475e-57,8.611387162e-58,9.637584522e-59,1.057249272e-59,1.136843545e-60,1.198224281e-61,1.237911627e-62,1.253589305e-63,1.244328434e-64,1.210678646e-65,1.154614082e-66,1.07934163e-67,9.889973231e-69,8.882708591e-70,7.820055291e-71,6.748206176e-72,5.70796068e-73,4.732468292e-74
5.453608084e-31,1.204756442e-31,2.6087274e-32,5.53697105e-33,1.151940152e-33,2.349101001e-34,4.695561944e-35,9.19999452e-36,1.766858107e-36,3.32605854e-37,6.137227386e-38,1.110014496e-38,1.967882649e-39,3.419667282e-40,5.824821489e-41,9.725131841e-42,1.591558057e-42,2.553075062e-43,4.014382881e-44,6.187113896e-45,9.346984878e-46,1.384105134e-46,2.009003667e-47,2.858291316e-48,3.986083211e-49,5.448793403e-50,7.300766067e-51,9.588499161e-52,1.234374515e-52,1.557605131e-53,1.926557174e-54,2.33571874e-55,2.775704942e-56,3.233256525e-57,3.691655248e-58,4.131580524e-59,4.532370629e-60,4.873586985e-61,5.136722891e-62,5.306860403e-63,5.374069766e-64,5.334368909e-65,5.190114083e-66,4.949768319e-67,4.627079373e-68,4.239778203e-69,3.807969282e-70,3.352415542e-71,2.892919605e-72,2.446971969e-73,2.028783642e-74
2.290454522e-31,5.059842581e-32,1.09563639e-32,2.325466038e-33,4.838020059e-34,9.865962e-35,1.972083605e-35,3.863895008e-36,7.420606833e-37,1.396907462e-37,2.577566999e-38,4.661936982e-39,8.264887472e-40,1.436222088e-40,2.446360009e-41,4.084446822e-42,6.684366189e-43,1.072263029e-43,1.685996002e-44,2.598518776e-45,3.925629318e-46,5.81308707e-47,8.437591159e-48,1.200450449e-48,1.674110456e-49,2.28843241e-50,3.066240257e-51,4.027062621e-52,5.184235183e-53,6.541767691e-54,8.091325089e-55,9.809757995e-56,1.165765094e-56,1.357931651e-57,1.550453998e-58,1.735217704e-59,1.903545074e-60,2.046852135e-61,2.157366278e-62,2.228822134e-63,2.257049316e-64,2.2403754e-65,2.179789983e-66,2.078847445e-67,1.94332169e-68,1.780659521e-69,1.599304594e-70,1.407977108e-71,1.214993944e-72,1.027700914e-73,8.520664843e-75
9.424515055e-32,2.081969413e-32,4.508206362e-33,9.568576659e-34,1.990696276e-34,4.059539559e-35,8.114516766e-36,1.589873814e-36,3.053351207e-37,5.747844052e-38,1.060589448e-38,1.918243512e-39,3.400746692e-40,5.909611634e-41,1.006601812e-41,1.680624094e-42,2.750410854e-43,4.412032179e-44,6.937354375e-45,1.06921046e-45,1.615275582e-46,2.391906326e-47,3.471808941e-48,4.939483939e-49,6.888449014e-50,9.416194686e-51,1.261663446e-51,1.657012263e-52,2.133153139e-53,2.691735963e-54,3.329331116e-55,4.036413341e-56,4.796764383e-57,5.587470592e-58,6.379640768e-59,7.139886521e-60,7.832501817e-61,8.422166244e-62,8.876897912e-63,9.170916757e-64,9.287062919e-65,9.218454887e-66,8.969164552e-67,8.553817091e-68,7.996170341e-69,7.326865606e-70,6.580645927e-71,5.793392238e-72,4.999325942e-73,4.228672799e-74,3.505991204e-75
3.799313848e-32,8.393063385e-33,1.817397581e-33,3.857389542e-34,8.025113106e-35,1.636526099e-35,3.271212974e-36,6.409273649e-37,1.230900419e-37,2.317133919e-38,4.275564477e-39,7.733033581e-40,1.370946296e-40,2.382347441e-41,4.0579236e-42,6.775116127e-43,1.108775781e-43,1.77862679e-44,2.796662363e-45,4.310318443e-46,6.511676039e-47,9.642515052e-48,1.399593689e-48,1.991258926e-49,2.776947098e-50,3.79595965e-51,5.086156026e-52,6.679929523e-53,8.599400831e-54,1.085122116e-54,1.342156466e-55,1.627203205e-56,1.933724254e-57,2.252482412e-58,2.571830739e-59,2.878309343e-60,3.157524015e-61,3.395236005e-62,3.578552421e-63,3.697080522e-64,3.743902636e-65,3.716244614e-66,3.615747961e-67,3.448308538e-68,3.223503866e-69,2.953686402e-70,2.652862143e-71,2.335495803e-72,2.015383091e-73,1.704708946e-74,1.413373617e-75
1.500613303e-32,3.315004518e-33,7.178167154e-34,1.523551434e-34,3.169675359e-35,6.463779867e-36,1.292029535e-36,2.531467966e-37,4.861681916e-38,9.151973548e-39,1.688717803e-39,3.054312839e-40,5.414820495e-41,9.409547105e-42,1.602756282e-42,2.675964608e-43,4.37932678e-44,7.025034332e-45,1.104596492e-45,1.702444561e-46,2.571913793e-47,3.808499888e-48,5.527968976e-49,7.864866538e-50,1.096809562e-50,1.499288497e-51,2.008876787e-52,2.638368797e-53,3.396501527e-54,4.285902003e-55,5.301109431e-56,6.426957272e-57,7.6376221e-58,8.896619777e-59,1.015794845e-59,1.136844563e-60,1.247125858e-61,1.341014857e-62,1.41341926e-63,1.460234252e-64,1.478727561e-65,1.467803485e-66,1.428110366e-67,1.361976892e-68,1.27318589e-69,1.166616206e-70,1.047799782e-71,9.224497401e-73,7.960149644e-74,6.733081352e-75,5.582395499e-76
5.807082386e-33,1.282842442e-33,2.777811442e-34,5.895848502e-35,1.226602877e-35,2.50135742e-36,4.999903667e-37,9.796289961e-38,1.881376592e-38,3.541636228e-39,6.535010309e-40,1.181959819e-40,2.095430492e-41,3.641312198e-42,6.202355899e-43,1.035546393e-43,1.694714511e-44,2.718552011e-45,4.274574146e-46,6.588130201e-47,9.952807463e-48,1.473815577e-48,2.139216759e-49,3.043550783e-50,4.244440239e-51,5.801955643e-52,7.77396347e-53,1.020997544e-53,1.314380204e-54,1.658560934e-55,2.051426516e-56,2.48710779e-57,2.955611593e-58,3.442819272e-59,3.930928999e-60,4.399367926e-61,4.826135145e-62,5.189467358e-63,5.469658354e-64,5.650823289e-65,5.72238881e-66,5.680114752e-67,5.526510084e-68,5.270586367e-69,4.926982415e-70,4.514578411e-71,4.054781899e-72,3.569701552e-73,3.080423496e-74,2.605571871e-75,2.160278767e-76
2.201812712e-33,4.864023976e-34,1.053234677e-34,2.235469263e-35,4.650786104e-36,9.484144013e-37,1.895762918e-37,3.714360212e-38,7.133425393e-39,1.342846398e-39,2.477813782e-40,4.481517536e-41,7.945031922e-42,1.380639528e-42,2.351684573e-43,3.926376553e-44,6.425677655e-45,1.030765878e-45,1.620747058e-46,2.497954714e-47,3.773705371e-48,5.588117502e-49,8.111051884e-50,1.153992376e-50,1.609321489e-51,2.199868856e-52,2.947575125e-53,3.871213152e-54,4.983602518e-55,6.288597795e-56,7.778186496e-57,9.430115133e-58,1.120649363e-58,1.305378972e-59,1.490450602e-60,1.668063854e-61,1.829876865e-62,1.967637866e-63,2.073875053e-64,2.14256553e-65,2.169700305e-66,2.153671678e-67,2.095430949e-68,1.998394941e-69,1.868114104e-70,1.711747048e-71,1.537410654e-72,1.353487643e-73,1.16797303e-74,9.879283409e-76,8.190910572e-77
8.179808186e-34,1.807001246e-34,3.912802207e-35,8.304843403e-36,1.72778266e-36,3.523391359e-37,7.042822923e-38,1.379897296e-38,2.650091496e-39,4.988719478e-40,9.205161434e-41,1.664898819e-41,2.951606048e-42,5.129122224e-43,8.736587185e-44,1.458662079e-44,2.387160834e-45,3.829329862e-46,6.021129764e-47,9.279985675e-48,1.401944222e-48,2.076004424e-49,3.013283021e-50,4.287120443e-51,5.978683392e-52,8.172586698e-53,1.09503406e-53,1.43816869e-54,1.851425076e-55,2.336235205e-56,2.889622411e-57,3.503319449e-58,4.163250028e-59,4.849526731e-60,5.537074053e-61,6.196913249e-62,6.798054022e-63,7.30984077e-64,7.704515488e-65,7.959702916e-66,8.060509517e-67,8.000962628e-68,7.784596364e-69,7.424104334e-70,6.940106651e-71,6.359197785e-72,5.711532223e-73,5.028252061e-74,4.339059042e-75,3.670186972e-76,3.042950792e-77
2.977508232e-34,6.57761278e-35,1.424287773e-35,3.023021939e-36,6.289251505e-37,1.282539461e-37,2.563637527e-38,5.022924089e-39,9.646521123e-40,1.815929295e-40,3.350744091e-41,6.060349859e-42,1.074405549e-42,1.867036891e-43,3.180179739e-44,5.309633488e-45,8.689434853e-46,1.393903247e-46,2.191733966e-47,3.377980646e-48,5.103176464e-49,7.556803437e-50,1.096856405e-50,1.560542267e-51,2.176283186e-52,2.974879559e-53,3.986001695e-54,5.235036099e-55,6.739318674e-56,8.504061951e-57,1.051843066e-57,1.275233143e-58,1.515452557e-59,1.765262148e-60,2.015534252e-61,2.255720402e-62,2.47453991e-63,2.660833919e-64,2.804498317e-65,2.897388352e-66,2.93408267e-67,2.91240718e-68,2.833648324e-69,2.702426667e-70,2.526248075e-71,2.314793125e-72,2.079038264e-73,1.830319436e-74,1.579448286e-75,1.335974105e-76,1.107655684e-77
1.061979885e-34,2.34601953e-35,5.079969045e-36,1.078213137e-36,2.243170487e-37,4.574399137e-38,9.143657294e-39,1.79151288e-39,3.440598848e-40,6.476826372e-41,1.195100919e-41,2.16152875e-42,3.832053491e-43,6.659110466e-44,1.134266189e-44,1.893772753e-45,3.099237452e-46,4.97159737e-47,7.817198826e-48,1.204815308e-48,1.820136279e-49,2.695264839e-50,3.912128358e-51,5.5659443e-52,7.76209094e-53,1.061042323e-53,1.421676547e-54,1.867166302e-55,2.403694738e-56,3.033120995e-57,3.751580485e-58,4.548339889e-59,5.40512404e-60,6.296113214e-61,7.188752026e-62,8.045417533e-63,8.82587521e-64,9.490325059e-65,1.000272902e-65,1.033403742e-66,1.046491406e-67,1.038760467e-68,1.010669757e-69,9.6386728e-71,9.010301337e-72,8.256110632e-73,7.415250084e-74,6.528151302e-75,5.633375891e-76,4.764983054e-77,3.950645857e-78
3.711411298e-35,8.19887788e-36,1.775349493e-36,3.768143327e-37,7.839440657e-38,1.598662732e-38,3.195528791e-39,6.260985952e-40,1.20242178e-40,2.263523717e-41,4.176643189e-42,7.554118808e-43,1.339227496e-43,2.327228431e-44,3.964037743e-45,6.618364142e-46,1.083122671e-46,1.737475719e-47,2.731957587e-48,4.210593072e-49,6.361019116e-50,9.419421699e-51,1.36721209e-51,1.945188308e-52,2.712698462e-53,3.708134704e-54,4.968480544e-55,6.525379816e-56,8.400441415e-57,1.060016267e-57,1.311103759e-58,1.589555536e-59,1.888984783e-60,2.200368015e-61,2.512327763e-62,2.811715547e-63,3.084470189e-64,3.316682372e-65,3.495757502e-66,3.611543285e-67,3.657282103e-68,3.630263989e-69,3.532092469e-70,3.368526997e-71,3.148923501e-72,2.88534865e-73,2.591484389e-74,2.281460773e-75,1.968754326e-76,1.665268071e-77,1.380673201e-78
1.270945799e-35,2.807646084e-36,6.079555183e-37,1.290373269e-37,2.684559422e-38,5.474504223e-39,1.094285587e-39,2.144029091e-40,4.11760591e-41,7.7512723e-42,1.430261075e-42,2.58685303e-43,4.586087131e-44,7.969424458e-45,1.357455887e-45,2.266410652e-46,3.709074789e-47,5.949859201e-48,9.355390008e-49,1.441886966e-49,2.17828472e-50,3.225612435e-51,4.68191834e-52,6.66115585e-53,9.289438536e-54,1.269823753e-54,1.701420017e-55,2.234568846e-56,2.87667005e-57,3.62994859e-58,4.489779442e-59,5.443317293e-60,6.468690967e-61,7.535000192e-62,8.603283653e-63,9.628515339e-64,1.056254377e-64,1.13577375e-65,1.197096725e-66,1.236746724e-67,1.25240965e-68,1.243157493e-69,1.20953937e-70,1.153527564e-71,1.078325945e-72,9.880666544e-74,8.874349762e-75,7.812696443e-76,6.741855963e-77,5.70258936e-78,4.728014933e-79
4.264670602e-36,9.421082887e-37,2.04000047e-37,4.329859663e-38,9.008064432e-39,1.83697505e-39,3.671885598e-40,7.194309815e-41,1.381666543e-41,2.600946723e-42,4.799254513e-43,8.680209715e-44,1.538865858e-44,2.674147886e-45,4.554956019e-46,7.604962298e-47,1.24458354e-47,1.996480861e-48,3.139209932e-49,4.838265299e-50,7.309254903e-51,1.082357292e-51,1.57102211e-52,2.235157122e-53,3.117079853e-54,4.260905567e-55,5.709130898e-56,7.498116818e-57,9.652693456e-58,1.218032669e-58,1.506549722e-59,1.826510246e-60,2.170575349e-61,2.528376414e-62,2.886839936e-63,3.230857394e-64,3.544271514e-65,3.811099518e-66,4.01686934e-67,4.149915286e-68,4.20247238e-69,4.171426681e-70,4.058620753e-71,3.87067261e-72,3.618332868e-73,3.315466968e-74,2.977796424e-75,2.621557652e-76,2.26223612e-77,1.913509233e-78,1.586489865e-79
1.402230976e-36,3.097668139e-37,6.707556377e-38,1.42366525e-38,2.961866966e-39,6.040005329e-40,1.207322254e-40,2.365501351e-41,4.542943183e-42,8.551957236e-43,1.578003078e-43,2.854067775e-44,5.059817216e-45,8.792643907e-46,1.497677316e-46,2.500524588e-47,4.092211931e-48,6.564463159e-49,1.032177585e-49,1.590829891e-50,2.403295492e-51,3.558809256e-52,5.165547522e-53,7.34923478e-54,1.024901178e-54,1.400993026e-55,1.877171987e-56,2.465393612e-57,3.17382209e-58,4.004912214e-59,4.953561209e-60,6.005596876e-61,7.136888807e-62,8.313344819e-63,9.491978999e-64,1.062311428e-64,1.165362525e-65,1.253096029e-66,1.320753497e-67,1.364499232e-68,1.381780094e-69,1.371572215e-70,1.334481434e-71,1.272683763e-72,1.189714025e-73,1.0901312e-74,9.791045486e-76,8.619726323e-77,7.43827099e-78,6.291651029e-79,5.216405765e-80
4.517873226e-37,9.980432749e-38,2.161119665e-38,4.586932702e-39,9.542892504e-40,1.946040192e-40,3.889893308e-41,7.621451392e-42,1.463699043e-42,2.755370499e-43,5.084196529e-44,9.19557235e-45,1.630231618e-45,2.832917771e-46,4.82539351e-47,8.056485191e-48,1.31847713e-48,2.115016204e-49,3.325591546e-50,5.125523468e-51,7.743221016e-52,1.146619161e-52,1.664297056e-53,2.367863185e-54,3.302147558e-55,4.513884653e-56,6.048094223e-57,7.943296067e-58,1.022579453e-58,1.290349877e-59,1.595996805e-60,1.93495407e-61,2.299447054e-62,2.678491535e-63,3.058237803e-64,3.422680315e-65,3.754702502e-66,4.037372656e-67,4.255359472e-68,4.396304641e-69,4.451982163e-70,4.419093214e-71,4.299589757e-72,4.10048273e-73,3.833161037e-74,3.512313341e-75,3.154594573e-76,2.777205143e-77,2.396549922e-78,2.027118373e-79,1.680683165e-80
1.42637433e-37,3.151003219e-38,6.823045847e-39,1.448177656e-39,3.012863846e-40,6.144001029e-41,1.228109707e-41,2.406230118e-42,4.621162743e-43,8.699203261e-44,1.605172845e-44,2.903208589e-45,5.146936217e-46,8.944034031e-47,1.523464049e-47,2.54357816e-48,4.162670882e-49,6.677488877e-50,1.049949429e-50,1.618220507e-51,2.444674991e-52,3.620084178e-53,5.254486968e-54,7.475772551e-55,1.042547738e-55,1.425115066e-56,1.909492789e-57,2.507842306e-58,3.228468374e-59,4.073868055e-60,5.038850714e-61,6.109000138e-62,7.259770445e-63,8.456482459e-64,9.655410146e-65,1.08060211e-65,1.185427523e-66,1.274671606e-67,1.343493988e-68,1.387992928e-69,1.405571329e-70,1.395187693e-71,1.357458289e-72,1.294596598e-73,1.210198302e-74,1.108900878e-75,9.959625905e-77,8.768139184e-78,7.566341771e-79,6.399979518e-80,5.306220879e-81
4.412882053e-38,9.74849677e-39,2.110897253e-39,4.48033665e-40,9.321124553e-41,1.900816027e-41,3.799495804e-42,7.444335947e-43,1.429684038e-43,2.69133825e-44,4.966044528e-45,8.981875797e-46,1.592346551e-46,2.767083395e-47,4.713255851e-48,7.869259965e-49,1.287836947e-49,2.065865194e-50,3.24830789e-51,5.006411067e-52,7.563275757e-53,1.119972798e-53,1.62562034e-54,2.312836246e-55,3.225408718e-56,4.40898617e-57,5.907542135e-58,7.75870125e-59,9.988156574e-60,1.260363345e-60,1.558907322e-61,1.889987536e-62,2.246010042e-63,2.616245881e-64,2.9871672e-65,3.343140406e-66,3.667446706e-67,3.943547869e-68,4.156468874e-69,4.294138608e-70,4.348522236e-71,4.316397596e-72,4.199671288e-73,4.005191323e-74,3.744081938e-75,3.430690444e-76,3.081284728e-77,2.712665477e-78,2.34085633e-79,1.980010026e-80,1.641625651e-81
1.337841246e-38,2.955424802e-39,6.399548817e-40,1.35829127e-40,2.825859549e-41,5.762651373e-42,1.151882634e-42,2.256878739e-43,4.334333555e-44,8.159255733e-45,1.505541984e-45,2.723010442e-46,4.827472996e-47,8.388890195e-48,1.42890474e-48,2.385701778e-49,3.904299651e-50,6.263026367e-51,9.847805185e-52,1.517779796e-52,2.292937392e-53,3.395390554e-54,4.928348221e-55,7.011761676e-56,9.778382399e-57,1.336660142e-57,1.790973209e-58,2.352183998e-59,3.028081802e-60,3.821008693e-61,4.726096212e-62,5.729822939e-63,6.809166523e-64,7.931600275e-65,9.056112177e-66,1.01353063e-66,1.111849674e-67,1.1955545e-68,1.260105172e-69,1.301842125e-70,1.318329459e-71,1.30859032e-72,1.273202728e-73,1.214242775e-74,1.135082965e-75,1.040072933e-76,9.341445684e-78,8.223912897e-79,7.09670939e-80,6.002741631e-81,4.97687108e-82
3.974515757e-39,8.780101882e-40,1.90120522e-40,4.035269558e-41,8.395183911e-42,1.711993015e-42,3.42206199e-43,6.704831483e-44,1.287662274e-44,2.423986446e-45,4.472728251e-46,8.089635403e-47,1.434166239e-47,2.49220723e-48,4.245051062e-49,7.087544456e-50,1.15990597e-50,1.860646549e-51,2.925627909e-52,4.509084865e-53,6.811956067e-54,1.008717088e-54,1.464134681e-55,2.083084024e-56,2.905003492e-57,3.971006883e-58,5.320699493e-59,6.987968408e-60,8.995954393e-61,1.135161537e-61,1.404048792e-62,1.702240204e-63,2.022896193e-64,2.356353593e-65,2.690428378e-66,3.011039965e-67,3.303130368e-68,3.55180423e-69,3.743574117e-70,3.867568033e-71,3.916549307e-72,3.88761586e-73,3.782484895e-74,3.607324155e-75,3.37215282e-76,3.089892968e-77,2.775196472e-78,2.443195071e-79,2.108320652e-80,1.783320051e-81,1.478550058e-82
1.157084246e-39,2.556114553e-40,5.534899705e-41,1.174771248e-41,2.444054985e-42,4.984054078e-43,9.962506781e-44,1.951949711e-44,3.748717636e-45,7.056850949e-46,1.302126778e-46,2.355101918e-47,4.175228539e-48,7.255459281e-49,1.235844065e-49,2.063367347e-50,3.376786021e-51,5.416822932e-52,8.517258883e-53,1.312711128e-53,1.983136445e-54,2.936636115e-55,4.262474417e-56,6.064395903e-57,8.457215875e-58,1.156062722e-58,1.54899312e-59,2.034378186e-60,2.618954797e-61,3.304748583e-62,4.087548868e-63,4.955661125e-64,5.889173573e-65,6.859954237e-66,7.832532269e-67,8.765915449e-68,9.616266096e-69,1.034021997e-69,1.089851167e-70,1.125949e-71,1.140208715e-72,1.131785441e-73,1.1011791e-74,1.050185282e-75,9.817208288e-77,8.99547692e-78,8.079314094e-79,7.112772223e-80,6.137866251e-81,5.191705514e-82,4.304441306e-83
