d3js-fun/wind-js/temp.json
{"header": {"discipline":0,"disciplineName":"Meteorological products","gribEdition":2,"gribLength":133963,"center":7,"centerName":"US National Weather Service - NCEP(WMC)","subcenter":0,"refTime":"2014-11-30T06:00:00.000Z","significanceOfRT":1,"significanceOfRTName":"Start of forecast","productStatus":0,"productStatusName":"Operational products","productType":1,"productTypeName":"Forecast products","productDefinitionTemplate":0,"productDefinitionTemplateName":"Analysis\/forecast at horizontal level\/layer at a point in time","parameterCategory":2,"parameterCategoryName":"Momentum","parameterNumber":3,"parameterNumberName":"V-component_of_wind","parameterUnit":"m.s-1","genProcessType":2,"genProcessTypeName":"Forecast","forecastTime":6,"surface1Type":100,"surface1TypeName":"Isobaric surface","surface1Value":85000,"surface2Type":255,"surface2TypeName":"Missing","surface2Value":0,"gridDefinitionTemplate":0,"gridDefinitionTemplateName":"Latitude_Longitude","numberPoints":65160,"shape":6,"shapeName":"Earth spherical with radius of 6,371,229.0 m","gridUnits":"degrees","resolution":48,"winds":"true","scanMode":0,"nx":360,"ny":181,"basicAngle":0,"subDivisions":0,"lo1":0,"la1":90,"lo2":359,"la2":-90,"dx":1,"dy":1}, "data":
[rows 22 to 43 of 181, columns 192 to 239 of 360]
1.991930404e-19,1.680593372e-19,1.381617481e-19,1.107657885e-19,8.665688576e-20,6.619342258e-20,4.938958218e-20,3.601036221e-20,2.566427715e-20,1.788370915e-20,1.218749237e-20,8.124319518e-21,5.29848848e-21,3.381243638e-21,2.11163873e-21,1.290725706e-21,7.722648385e-22,4.523331049e-22,2.593868088e-22,1.456359829e-22,8.006661205e-23,4.310463783e-23,2.272540725e-23,1.173377104e-23,5.933664458e-24,2.93891642e-24,1.425765975e-24,6.77520602e-25,3.153735374e-25,1.438038735e-25,6.423498072e-26,2.810868015e-26,1.205003963e-26,5.060882144e-27,2.082397161e-27,8.394787771e-28,3.315685597e-28,1.283106007e-28,4.865023308e-29,1.807372501e-29,6.578964174e-30,2.346501528e-30,8.20056237e-31,2.808222925e-31,9.423018484e-32,3.098304567e-32,9.982483266e-33,3.151650604e-33
7.683723197e-19,6.482763779e-19,5.329486546e-19,4.272707803e-19,3.342724835e-19,2.553361982e-19,1.905166353e-19,1.389072906e-19,9.899803789e-20,6.898507624e-20,4.701234423e-20,3.133895753e-20,2.043852474e-20,1.304289553e-20,8.145489147e-21,4.978878292e-21,2.978954105e-21,1.744841267e-21,1.000565298e-21,5.617799587e-22,3.088509935e-22,1.662729305e-22,8.766156612e-23,4.526214797e-23,2.288866877e-23,1.133665123e-23,5.499786074e-24,2.613485268e-24,1.216529935e-24,5.547127331e-25,2.477816546e-25,1.084271404e-25,4.648213053e-26,1.952197599e-26,8.032691976e-27,3.238226867e-27,1.279001028e-27,4.949485868e-28,1.876646511e-28,6.971804829e-29,2.537786437e-29,9.051454904e-30,3.163305865e-30,1.083251081e-30,3.634859208e-31,1.195147914e-31,3.850668581e-32,1.21572575e-32
2.905249078e-18,2.451161112e-18,2.015101986e-18,1.615529359e-18,1.263898764e-18,9.654372439e-19,7.20351664e-19,5.252144925e-19,3.743158766e-19,2.608355664e-19,1.777557133e-19,1.184939581e-19,7.727894881e-20,4.931575391e-20,3.079844788e-20,1.882535484e-20,1.126355472e-20,6.597320535e-21,3.783180806e-21,2.124114398e-21,1.167779007e-21,6.286851642e-22,3.314521849e-22,1.711381453e-22,8.65430497e-23,4.286437017e-23,2.079492977e-23,9.881701191e-24,4.599752466e-24,2.097392912e-24,9.368731867e-25,4.099677224e-25,1.757509523e-25,7.381343823e-26,3.037195688e-26,1.224387628e-26,4.835958378e-27,1.871422081e-27,7.095681883e-28,2.636069655e-28,9.595480627e-29,3.422394371e-29,1.196059672e-29,4.095819336e-30,1.374356037e-30,4.518906116e-31,1.455954498e-31,4.59671181e-32
1.076735776e-17,9.084428878e-18,7.46831801e-18,5.98743244e-18,4.684228372e-18,3.578078134e-18,2.669748401e-18,1.946536145e-18,1.387279662e-18,9.667019193e-19,6.587935518e-19,4.391591927e-19,2.864092086e-19,1.827727507e-19,1.141443979e-19,6.977003525e-20,4.174469041e-20,2.445081594e-20,1.402112525e-20,7.872336943e-21,4.327991856e-21,2.330016429e-21,1.228419375e-21,6.342676953e-22,3.207435758e-22,1.588628019e-22,7.706962205e-23,3.662330118e-23,1.704748167e-23,7.773302473e-24,3.472214776e-24,1.519411596e-24,6.513635592e-25,2.735654244e-25,1.125637482e-25,4.537793242e-26,1.792290181e-26,6.935815323e-27,2.629782966e-27,9.769732059e-28,3.556251806e-28,1.268398805e-28,4.432804916e-29,1.517981795e-29,5.093602216e-30,1.674785106e-30,5.396020285e-31,1.703621247e-31
3.911551252e-17,3.300179109e-17,2.713080526e-17,2.175106407e-17,1.701680185e-17,1.299839414e-17,9.698626097e-18,7.071350339e-18,5.039690904e-18,3.511821736e-18,2.393256358e-18,1.595371611e-18,1.040463522e-18,6.639743917e-19,4.146622341e-19,2.53459646e-19,1.516495501e-19,8.882459542e-20,5.093575531e-20,2.859851981e-20,1.572267063e-20,8.464452358e-21,4.462585389e-21,2.304159156e-21,1.16519295e-21,5.77114651e-22,2.799774868e-22,1.330446362e-22,6.192986222e-23,2.823874872e-23,1.261381516e-23,5.519698017e-24,2.366264781e-24,9.938047958e-25,4.08920071e-25,1.648483428e-25,6.511007675e-26,2.519633666e-26,9.553440205e-27,3.549135128e-27,1.291910375e-27,4.607822126e-28,1.61034341e-28,5.514503858e-29,1.850396965e-29,6.084136815e-30,1.960258995e-30,6.188892363e-31
1.39284573e-16,1.175145124e-16,9.660879743e-17,7.745233224e-17,6.059432249e-17,4.628536508e-17,3.453537759e-17,2.518003597e-17,1.794559627e-17,1.250507943e-17,8.522033035e-18,5.680883089e-18,3.7049372e-18,2.364314914e-18,1.476551079e-18,9.0253243e-19,5.40001689e-19,3.162912882e-19,1.813747148e-19,1.018351125e-19,5.5986112e-20,3.014066687e-20,1.589060862e-20,8.204771035e-21,4.149080301e-21,2.055020184e-21,9.969585514e-22,4.737523336e-22,2.205231086e-22,1.005540207e-22,4.491593602e-23,1.965483083e-23,8.425920008e-24,3.538792354e-24,1.456104083e-24,5.870006439e-25,2.318473836e-25,8.972043995e-26,3.401839203e-26,1.263794691e-26,4.600302369e-27,1.640777523e-27,5.734195459e-28,1.963633519e-28,6.588990775e-29,2.166471417e-29,6.980193264e-30,2.203773323e-30
4.861509284e-16,4.101659507e-16,3.371978357e-16,2.703352024e-16,2.114949668e-16,1.61551798e-16,1.20540312e-16,8.788696123e-17,6.263628556e-17,4.364701591e-17,2.974481799e-17,1.982823028e-17,1.293150146e-17,8.252269909e-18,5.153669659e-18,3.150147711e-18,1.884791092e-18,1.10396507e-18,6.330599585e-19,3.554394679e-19,1.954107317e-19,1.052012643e-19,5.546367388e-20,2.86374648e-20,1.448171321e-20,7.172725226e-21,3.479727259e-21,1.653558121e-21,7.69701279e-22,3.509680181e-22,1.56772021e-22,6.860210036e-23,2.940935056e-23,1.235159897e-23,5.08230263e-24,2.048833564e-24,8.092268826e-25,3.131551057e-25,1.187358551e-25,4.411076901e-26,1.605663297e-26,5.726876271e-27,2.001430874e-27,6.853754425e-28,2.299783755e-28,7.561728253e-29,2.43632684e-29,7.691924698e-30
0.0,0.0,0.0,9.24878779e-16,7.235728271e-16,5.527057831e-16,4.123960756e-16,3.006814676e-16,2.142931102e-16,1.4932646e-16,1.017638498e-16,6.783692709e-17,4.424163475e-17,2.823290955e-17,1.763188686e-17,1.077737839e-17,6.448302954e-18,3.776917905e-18,2.165843428e-18,1.216040006e-18,6.685449671e-19,3.599176728e-19,1.897539593e-19,9.797534042e-20,4.954526497e-20,2.45395394e-20,1.190494568e-20,5.657201884e-21,2.63332475e-21,1.20074215e-21,5.363530686e-22,2.34703532e-22,1.006161388e-22,4.225765521e-23,1.738772387e-23,7.009529902e-24,2.768550912e-24,1.071375497e-24,4.062226143e-25,1.509130658e-25,5.493342699e-26,1.959295825e-26,6.84735442e-27,2.344826707e-27,7.868088109e-28,2.587040804e-28,8.335233345e-29,2.631583997e-29
0.0,0.0,0.0,0.0,0.0,0.0,0.0,0.0,7.186286562e-16,5.007639918e-16,3.412635086e-16,2.274900939e-16,1.483636432e-16,9.467862889e-17,5.912826198e-17,3.614177303e-17,2.162428499e-17,1.266583623e-17,7.263122696e-18,4.077971497e-18,2.241955287e-18,1.206978392e-18,6.363369901e-19,3.285588004e-19,1.661492857e-19,8.229296876e-20,3.992305262e-20,1.89713397e-20,8.830814134e-21,4.026670371e-21,1.798651784e-21,7.870746925e-22,3.374146772e-22,1.417103982e-22,5.830946515e-23,2.350635095e-23,9.284292995e-24,3.592841287e-24,1.362261303e-24,5.0608465e-25,1.842184043e-25,6.570468478e-26,2.296249796e-26,7.863340375e-27,2.638551272e-27,8.675601633e-28,2.79520771e-28,8.824976545e-29
0.0,0.0,0.0,0.0,0.0,0.0,0.0,0.0,0.0,0.0,0.0,7.477784125e-16,4.876833433e-16,3.112163418e-16,1.943593988e-16,1.188009429e-16,7.108078082e-17,4.163363225e-17,2.387447412e-17,1.340462347e-17,7.36948909e-18,3.96743599e-18,2.091691362e-18,1.079999458e-18,5.461461946e-19,2.705036711e-19,1.31230316e-19,6.236033419e-20,2.902760318e-20,1.323599251e-20,5.912314478e-21,2.587178431e-21,1.109109444e-21,4.658135868e-22,1.916679471e-22,7.726728446e-23,3.051822503e-23,1.180996107e-23,4.477863528e-24,1.663541342e-24,6.055408549e-25,2.159766346e-25,7.547959551e-26,2.584743838e-26,8.6731323e-27,2.851740709e-27,9.188074734e-28,2.900841456e-28
0.0,0.0,0.0,0.0,0.0,0.0,0.0,0.0,0.0,0.0,0.0,0.0,0.0,0.0,6.262245521e-16,3.827757636e-16,2.290217525e-16,1.341432566e-16,7.692337987e-17,4.318959815e-17,2.37444396e-17,1.278304955e-17,6.73941417e-18,3.479750304e-18,1.759679019e-18,8.71560837e-19,4.228231121e-19,2.009245377e-19,9.352672377e-20,4.264627042e-20,1.904943372e-20,8.335869858e-21,3.573542465e-21,1.500847948e-21,6.175527146e-22,2.489546217e-22,9.832949638e-23,3.805160764e-23,1.442764332e-23,5.359917959e-24,1.951048177e-24,6.958751267e-25,2.431947011e-25,8.328025617e-26,2.794476842e-26,9.188287571e-27,2.960390915e-27,9.346489815e-28
0.0,0.0,0.0,0.0,0.0,0.0,0.0,0.0,0.0,0.0,0.0,0.0,0.0,0.0,0.0,0.0,7.23294875e-16,4.236502819e-16,2.429388729e-16,1.364010826e-16,7.498952079e-17,4.037133646e-17,2.128437005e-17,1.098972274e-17,5.5574058e-18,2.752557256e-18,1.335356955e-18,6.345584504e-19,2.953754359e-19,1.346851489e-19,6.016178652e-20,2.632628508e-20,1.128593648e-20,4.739967347e-21,1.950350605e-21,7.862467212e-22,3.105435183e-22,1.201743175e-22,4.556528084e-23,1.692765489e-23,6.161786518e-24,2.197707891e-24,7.680557807e-25,2.630151146e-25,8.82549695e-26,2.901838466e-26,9.349485599e-27,2.951801786e-27
0.0,0.0,0.0,0.0,0.0,0.0,0.0,0.0,0.0,0.0,0.0,0.0,0.0,0.0,0.0,0.0,0.0,0.0,7.52055301e-16,4.222508981e-16,2.321417975e-16,1.249757901e-16,6.588909849e-17,3.402040663e-17,1.720381939e-17,8.520971761e-18,4.133806437e-18,1.964374992e-18,9.143808881e-19,4.169389565e-19,1.862402255e-19,8.149713553e-20,3.493738261e-20,1.467331073e-20,6.037615526e-21,2.433949773e-21,9.613360609e-22,3.72018407e-22,1.410544578e-22,5.240220491e-23,1.907477449e-23,6.803348719e-24,2.37763687e-24,8.14204449e-25,2.7320707e-25,8.98309511e-26,2.894279587e-26,9.137764387e-27
0.0,0.0,0.0,0.0,0.0,0.0,0.0,0.0,0.0,0.0,0.0,0.0,0.0,0.0,0.0,0.0,0.0,0.0,0.0,0.0,7.044014118e-16,3.792213379e-16,1.999311391e-16,1.032301064e-16,5.220255378e-17,2.585568219e-17,1.254345026e-17,5.960617745e-18,2.774559324e-18,1.265142223e-18,5.651195917e-19,2.472915173e-19,1.060125402e-19,4.452408358e-20,1.832028935e-20,7.385475926e-21,2.917038146e-21,1.128837176e-21,4.280097782e-22,1.590070703e-22,5.787970209e-23,2.06437983e-23,7.214602395e-24,2.470588105e-24,8.290081663e-25,2.725793005e-25,8.78228156e-26,2.772725208e-26
0.0,0.0,0.0,0.0,0.0,0.0,0.0,0.0,0.0,0.0,0.0,0.0,0.0,0.0,0.0,0.0,0.0,0.0,0.0,0.0,0.0,0.0,5.946500033e-16,3.070346291e-16,1.552647022e-16,7.690188517e-17,3.730765889e-17,1.772851082e-17,8.252299859e-18,3.762879711e-18,1.680820549e-18,7.355127484e-19,3.153103497e-19,1.324268274e-19,5.448956163e-20,2.196642956e-20,8.676070927e-21,3.357471145e-21,1.273018386e-21,4.729306067e-22,1.721500972e-22,6.140031403e-23,2.145820485e-23,7.348206144e-24,2.465697495e-24,8.107255463e-25,2.612091234e-25,8.246844695e-26
0.0,0.0,0.0,0.0,0.0,0.0,0.0,0.0,0.0,0.0,0.0,0.0,0.0,0.0,0.0,0.0,0.0,0.0,0.0,0.0,0.0,0.0,0.0,8.951224635e-16,4.526555299e-16,2.241981795e-16,1.087659839e-16,5.1685337e-17,2.405858584e-17,1.097022237e-17,4.900229773e-18,2.144298789e-18,9.192493297e-19,3.860744579e-19,1.588577509e-19,6.404047843e-20,2.529403932e-20,9.788302548e-21,3.711331706e-21,1.378772196e-21,5.018828644e-22,1.790052168e-22,6.255881052e-23,2.142280955e-23,7.18844393e-24,2.363572638e-24,7.615237236e-25,2.404268196e-25
0.0,0.0,0.0,0.0,0.0,0.0,0.0,0.0,0.0,0.0,0.0,0.0,0.0,0.0,0.0,0.0,0.0,0.0,0.0,0.0,0.0,0.0,0.0,0.0,0.0,6.406801784e-16,3.108152356e-16,1.476986611e-16,6.875104471e-17,3.134906822e-17,1.400314709e-17,6.127657831e-18,2.626893875e-18,1.103266106e-18,4.539600296e-19,1.830053448e-19,7.228153975e-20,2.797155372e-20,1.06056912e-20,3.940049906e-21,1.434206129e-21,5.11534458e-22,1.787712548e-22,6.121891567e-23,2.054206483e-23,6.754265991e-24,2.17616912e-24,6.870559699e-25
0.0000000001,0.0000000001,0.0000000001,0.0000000001,0.0000000001,0.0,0.0,0.0,0.0,0.0,0.0,0.0,0.0,0.0,0.0,0.0,0.0,0.0,0.0,0.0,0.0,0.0,0.0,0.0,0.0,0.0,8.706139373e-16,4.137136733e-16,1.925762024e-16,8.781080395e-17,3.922373689e-17,1.7163973e-17,7.358102684e-18,3.090320997e-18,1.271571929e-18,5.126100188e-19,2.024653515e-19,7.835016347e-20,2.970723927e-20,1.103633918e-20,4.017305787e-21,1.432841694e-21,5.007500541e-22,1.714782131e-22,5.753967598e-23,1.891914371e-23,6.095592973e-24,1.924489004e-24
0.0000000003,0.0000000003,0.0000000002,0.0000000002,0.0000000001,0.0000000001,0.0000000001,0.0000000001,0.0,0.0,0.0,0.0,0.0,0.0,0.0,0.0,0.0,0.0,0.0,0.0,0.0,0.0,0.0,0.0,0.0,0.0,0.0,0.0,5.287374169e-16,2.410934324e-16,1.076927318e-16,4.712542168e-17,2.02024142e-17,8.484788465e-18,3.491229179e-18,1.407422588e-18,5.558890745e-19,2.151182884e-19,8.156422629e-20,3.030138405e-20,1.102991885e-20,3.934011608e-21,1.374859857e-21,4.70810756e-22,1.579809928e-22,5.194442016e-23,1.673606625e-23,5.283878963e-24
0.0000000009,0.0000000008,0.0000000006,0.0000000005,0.0000000004,0.0000000003,0.0000000002,0.0000000002,0.0000000001,0.0000000001,0.0000000001,0.0,0.0,0.0,0.0,0.0,0.0,0.0,0.0,0.0,0.0,0.0,0.0,0.0,0.0,0.0,0.0,0.0,0.0,6.488389564e-16,2.898263923e-16,1.268255593e-16,5.436943352e-17,2.283455521e-17,9.395716319e-18,3.787704186e-18,1.49602784e-18,5.789337533e-19,2.195084575e-19,8.154812933e-20,2.968409783e-20,1.058734765e-20,3.700070242e-21,1.267062136e-21,4.251638937e-22,1.397946142e-22,4.504067843e-23,1.422015721e-23
0.0000000024,0.000000002,0.0000000016,0.0000000013,0.000000001,0.0000000008,0.0000000006,0.0000000004,0.0000000003,0.0000000002,0.0000000001,0.0000000001,0.0000000001,0.0,0.0,0.0,0.0,0.0,0.0,0.0,0.0,0.0,0.0,0.0,0.0,0.0,0.0,0.0,0.0,0.0,7.645459257e-16,3.345587816e-16,1.434235459e-16,6.023628839e-17,2.47853778e-17,9.991753271e-18,3.946438352e-18,1.527195087e-18,5.790511193e-19,2.151194359e-19,7.830500139e-20,2.792883508e-20,9.760579793e-21,3.342439543e-21,1.121558738e-21,3.687704279e-22,1.188148081e-22,3.751198493e-23
0.0000000061,0.0000000052,0.0000000043,0.0000000034,0.0000000027,0.000000002,0.0000000015,0.0000000011,0.0000000008,0.0000000006,0.0000000004,0.0000000003,0.0000000002,0.0000000001,0.0000000001,0.0,0.0,0.0,0.0,0.0,0.0,0.0,0.0,0.0,0.0,0.0,0.0,0.0,0.0,0.0,0.0,8.650718731e-16,3.70851648e-16,1.557535527e-16,6.40877908e-17,2.583577295e-17,1.020434377e-17,3.948883087e-18,1.497258072e-18,5.562364034e-19,2.024739985e-19,7.221585865e-20,2.523802545e-20,8.642578211e-21,2.900025262e-21,9.535332576e-22,3.07220597e-22,9.699510177e-23
