d3js-fun/wind-js/temp.json
{"header": {"discipline":0,"disciplineName":"Meteorological products","gribEdition":2,"gribLength":133963,"center":7,"centerName":"US National Weather Service - NCEP(WMC)","subcenter":0,"refTime":"2014-11-30T06:00:00.000Z","significanceOfRT":1,"significanceOfRTName":"Start of forecast","productStatus":0,"productStatusName":"Operational products","productType":1,"productTypeName":"Forecast products","productDefinitionTemplate":0,"productDefinitionTemplateName":"Analysis\/forecast at horizontal level\/layer at a point in time","parameterCategory":2,"parameterCategoryName":"Momentum","parameterNumber":3,"parameterNumberName":"V-component_of_wind","parameterUnit":"m.s-1","genProcessType":2,"genProcessTypeName":"Forecast","forecastTime":6,"surface1Type":100,"surface1TypeName":"Isobaric surface","surface1Value":85000,"surface2Type":255,"surface2TypeName":"Missing","surface2Value":0,"gridDefinitionTemplate":0,"gridDefinitionTemplateName":"Latitude_Longitude","numberPoints":65160,"shape":6,"shapeName":"Earth spherical with radius of 6,371,229.0 m","gridUnits":"degrees","resolution":48,"winds":"true","scanMode":0,"nx":360,"ny":181,"basicAngle":0,"subDivisions":0,"lo1":0,"la1":90,"lo2":359,"la2":-90,"dx":1,"dy":1}, "data":
[rows 132 to 153 of 181, columns 144 to 191 of 360]
-0.0,-0.0,-0.0000000001,-0.0000000001,-0.0000000002,-0.0000000004,-0.0000000007,-0.0000000012,-0.000000002,-0.0000000034,-0.0000000056,-0.0000000089,-0.000000014,-0.0000000214,-0.0000000321,-0.0000000471,-0.0000000676,-0.0000000949,-0.0000001302,-0.0000001744,-0.0000002284,-0.0000002919,-0.0000003641,-0.0000004429,-0.0000005249,-0.0000006056,-0.0000006792,-0.0000007392,-0.0000007788,-0.0000007918,-0.0000007729,-0.0000007189,-0.0000006293,-0.0000005062,-0.0000003548,-0.0000001828,0.0,0.0000001828,0.0000003548,0.0000005062,0.0000006293,0.0000007189,0.0000007729,0.0000007918,0.0000007788,0.0000007392,0.0000006792,0.0000006056
-0.0,-0.0,-0.0,-0.0,-0.0000000001,-0.0000000002,-0.0000000003,-0.0000000005,-0.0000000009,-0.0000000015,-0.0000000024,-0.0000000038,-0.000000006,-0.0000000092,-0.0000000137,-0.0000000201,-0.0000000289,-0.0000000406,-0.0000000556,-0.0000000746,-0.0000000976,-0.0000001248,-0.0000001556,-0.0000001893,-0.0000002244,-0.0000002588,-0.0000002903,-0.0000003159,-0.0000003329,-0.0000003384,-0.0000003303,-0.0000003073,-0.000000269,-0.0000002164,-0.0000001516,-0.0000000781,0.0,0.0000000781,0.0000001516,0.0000002164,0.000000269,0.0000003073,0.0000003303,0.0000003384,0.0000003329,0.0000003159,0.0000002903,0.0000002588
-0.0,-0.0,-0.0,-0.0,-0.0,-0.0000000001,-0.0000000001,-0.0000000002,-0.0000000004,-0.0000000006,-0.000000001,-0.0000000016,-0.0000000025,-0.0000000038,-0.0000000058,-0.0000000084,-0.0000000121,-0.000000017,-0.0000000233,-0.0000000312,-0.0000000409,-0.0000000523,-0.0000000652,-0.0000000793,-0.000000094,-0.0000001084,-0.0000001216,-0.0000001324,-0.0000001395,-0.0000001418,-0.0000001384,-0.0000001287,-0.0000001127,-0.0000000906,-0.0000000635,-0.0000000327,0.0,0.0000000327,0.0000000635,0.0000000906,0.0000001127,0.0000001287,0.0000001384,0.0000001418,0.0000001395,0.0000001324,0.0000001216,0.0000001084
-0.0,-0.0,-0.0,-0.0,-0.0,-0.0,-0.0000000001,-0.0000000001,-0.0000000001,-0.0000000003,-0.0000000004,-0.0000000007,-0.000000001,-0.0000000016,-0.0000000024,-0.0000000035,-0.000000005,-0.000000007,-0.0000000096,-0.0000000128,-0.0000000168,-0.0000000215,-0.0000000268,-0.0000000326,-0.0000000386,-0.0000000445,-0.0000000499,-0.0000000544,-0.0000000573,-0.0000000582,-0.0000000568,-0.0000000529,-0.0000000463,-0.0000000372,-0.0000000261,-0.0000000134,0.0,0.0000000134,0.0000000261,0.0000000372,0.0000000463,0.0000000529,0.0000000568,0.0000000582,0.0000000573,0.0000000544,0.0000000499,0.0000000445
-0.0,-0.0,-0.0,-0.0,-0.0,-0.0,-0.0,-0.0,-0.0000000001,-0.0000000001,-0.0000000002,-0.0000000003,-0.0000000004,-0.0000000006,-0.000000001,-0.0000000014,-0.000000002,-0.0000000028,-0.0000000039,-0.0000000052,-0.0000000068,-0.0000000086,-0.0000000108,-0.0000000131,-0.0000000155,-0.0000000179,-0.0000000201,-0.0000000219,-0.0000000231,-0.0000000234,-0.0000000229,-0.0000000213,-0.0000000186,-0.000000015,-0.0000000105,-0.0000000054,0.0,0.0000000054,0.0000000105,0.000000015,0.0000000186,0.0000000213,0.0000000229,0.0000000234,0.0000000231,0.0000000219,0.0000000201,0.0000000179
-0.0,-0.0,-0.0,-0.0,-0.0,-0.0,-0.0,-0.0,-0.0,-0.0,-0.0000000001,-0.0000000001,-0.0000000002,-0.0000000003,-0.0000000004,-0.0000000006,-0.0000000008,-0.0000000011,-0.0000000015,-0.000000002,-0.0000000027,-0.0000000034,-0.0000000043,-0.0000000052,-0.0000000061,-0.0000000071,-0.0000000079,-0.0000000086,-0.0000000091,-0.0000000092,-0.000000009,-0.0000000084,-0.0000000073,-0.0000000059,-0.0000000041,-0.0000000021,0.0,0.0000000021,0.0000000041,0.0000000059,0.0000000073,0.0000000084,0.000000009,0.0000000092,0.0000000091,0.0000000086,0.0000000079,0.0000000071
-0.0,-0.0,-0.0,-0.0,-0.0,-0.0,-0.0,-0.0,-0.0,-0.0,-0.0,-0.0,-0.0000000001,-0.0000000001,-0.0000000001,-0.0000000002,-0.0000000003,-0.0000000004,-0.0000000006,-0.0000000008,-0.000000001,-0.0000000013,-0.0000000016,-0.000000002,-0.0000000024,-0.0000000027,-0.0000000031,-0.0000000033,-0.0000000035,-0.0000000036,-0.0000000035,-0.0000000032,-0.0000000028,-0.0000000023,-0.0000000016,-0.0000000008,0.0,0.0000000008,0.0000000016,0.0000000023,0.0000000028,0.0000000032,0.0000000035,0.0000000036,0.0000000035,0.0000000033,0.0000000031,0.0000000027
-0.0,-0.0,-0.0,-0.0,-0.0,-0.0,-0.0,-0.0,-0.0,-0.0,-0.0,-0.0,-0.0,-0.0,-0.0000000001,-0.0000000001,-0.0000000001,-0.0000000002,-0.0000000002,-0.0000000003,-0.0000000004,-0.0000000005,-0.0000000006,-0.0000000008,-0.0000000009,-0.000000001,-0.0000000012,-0.0000000013,-0.0000000013,-0.0000000014,-0.0000000013,-0.0000000012,-0.0000000011,-0.0000000009,-0.0000000006,-0.0000000003,0.0,0.0000000003,0.0000000006,0.0000000009,0.0000000011,0.0000000012,0.0000000013,0.0000000014,0.0000000013,0.0000000013,0.0000000012,0.000000001
-0.0,-0.0,-0.0,-0.0,-0.0,-0.0,-0.0,-0.0,-0.0,-0.0,-0.0,-0.0,-0.0,-0.0,-0.0,-0.0,-0.0,-0.0000000001,-0.0000000001,-0.0000000001,-0.0000000001,-0.0000000002,-0.0000000002,-0.0000000003,-0.0000000003,-0.0000000004,-0.0000000004,-0.0000000005,-0.0000000005,-0.0000000005,-0.0000000005,-0.0000000005,-0.0000000004,-0.0000000003,-0.0000000002,-0.0000000001,0.0,0.0000000001,0.0000000002,0.0000000003,0.0000000004,0.0000000005,0.0000000005,0.0000000005,0.0000000005,0.0000000005,0.0000000004,0.0000000004
-0.0,-0.0,-0.0,-0.0,-0.0,-0.0,-0.0,-0.0,-0.0,-0.0,-0.0,-0.0,-0.0,-0.0,-0.0,-0.0,-0.0,-0.0,-0.0,-0.0,-0.0000000001,-0.0000000001,-0.0000000001,-0.0000000001,-0.0000000001,-0.0000000001,-0.0000000002,-0.0000000002,-0.0000000002,-0.0000000002,-0.0000000002,-0.0000000002,-0.0000000001,-0.0000000001,-0.0000000001,-0.0,0.0,0.0,0.0000000001,0.0000000001,0.0000000001,0.0000000002,0.0000000002,0.0000000002,0.0000000002,0.0000000002,0.0000000002,0.0000000001
-0.0,-0.0,-0.0,-0.0,-0.0,-0.0,-0.0,-0.0,-0.0,-0.0,-0.0,-0.0,-0.0,-0.0,-0.0,-0.0,-0.0,-0.0,-0.0,-0.0,-0.0,-0.0,-0.0,-0.0,-0.0,-0.0000000001,-0.0000000001,-0.0000000001,-0.0000000001,-0.0000000001,-0.0000000001,-0.0000000001,-0.0000000001,-0.0,-0.0,-0.0,0.0,0.0,0.0,0.0,0.0000000001,0.0000000001,0.0000000001,0.0000000001,0.0000000001,0.0000000001,0.0000000001,0.0000000001
-4.526555299e-16,-8.951224635e-16,-0.0,-0.0,-0.0,-0.0,-0.0,-0.0,-0.0,-0.0,-0.0,-0.0,-0.0,-0.0,-0.0,-0.0,-0.0,-0.0,-0.0,-0.0,-0.0,-0.0,-0.0,-0.0,-0.0,-0.0,-0.0,-0.0,-0.0,-0.0,-0.0,-0.0,-0.0,-0.0,-0.0,-0.0,0.0,0.0,0.0,0.0,0.0,0.0,0.0,0.0,0.0,0.0,0.0,0.0
-1.552647022e-16,-3.070346291e-16,-5.946500033e-16,-0.0,-0.0,-0.0,-0.0,-0.0,-0.0,-0.0,-0.0,-0.0,-0.0,-0.0,-0.0,-0.0,-0.0,-0.0,-0.0,-0.0,-0.0,-0.0,-0.0,-0.0,-0.0,-0.0,-0.0,-0.0,-0.0,-0.0,-0.0,-0.0,-0.0,-0.0,-0.0,-0.0,0.0,0.0,0.0,0.0,0.0,0.0,0.0,0.0,0.0,0.0,0.0,0.0
-5.220255378e-17,-1.032301064e-16,-1.999311391e-16,-3.792213379e-16,-7.044014118e-16,-0.0,-0.0,-0.0,-0.0,-0.0,-0.0,-0.0,-0.0,-0.0,-0.0,-0.0,-0.0,-0.0,-0.0,-0.0,-0.0,-0.0,-0.0,-0.0,-0.0,-0.0,-0.0,-0.0,-0.0,-0.0,-0.0,-0.0,-0.0,-0.0,-0.0,-0.0,0.0,0.0,0.0,0.0,0.0,0.0,0.0,0.0,0.0,0.0,0.0,0.0
-1.720381939e-17,-3.402040663e-17,-6.588909849e-17,-1.249757901e-16,-2.321417975e-16,-4.222508981e-16,-7.52055301e-16,-0.0,-0.0,-0.0,-0.0,-0.0,-0.0,-0.0,-0.0,-0.0,-0.0,-0.0,-0.0,-0.0,-0.0,-0.0,-0.0,-0.0,-0.0,-0.0,-0.0,-0.0,-0.0,-0.0,-0.0,-0.0,-0.0,-0.0,-0.0,-0.0,0.0,0.0,0.0,0.0,0.0,0.0,0.0,0.0,0.0,0.0,0.0,0.0
-5.5574058e-18,-1.098972274e-17,-2.128437005e-17,-4.037133646e-17,-7.498952079e-17,-1.364010826e-16,-2.429388729e-16,-4.236502819e-16,-7.23294875e-16,-0.0,-0.0,-0.0,-0.0,-0.0,-0.0,-0.0,-0.0,-0.0,-0.0,-0.0,-0.0,-0.0,-0.0,-0.0,-0.0,-0.0,-0.0,-0.0,-0.0,-0.0,-0.0,-0.0,-0.0,-0.0,-0.0,-0.0,0.0,0.0,0.0,0.0,0.0,0.0,0.0,0.0,0.0,0.0,0.0,0.0
-1.759679019e-18,-3.479750304e-18,-6.73941417e-18,-1.278304955e-17,-2.37444396e-17,-4.318959815e-17,-7.692337987e-17,-1.341432566e-16,-2.290217525e-16,-3.827757636e-16,-6.262245521e-16,-0.0,-0.0,-0.0,-0.0,-0.0,-0.0,-0.0,-0.0,-0.0,-0.0,-0.0,-0.0,-0.0,-0.0,-0.0,-0.0,-0.0,-0.0,-0.0,-0.0,-0.0,-0.0,-0.0,-0.0,-0.0,0.0,0.0,0.0,0.0,0.0,0.0,0.0,0.0,0.0,0.0,0.0,0.0
-5.461461946e-19,-1.079999458e-18,-2.091691362e-18,-3.96743599e-18,-7.36948909e-18,-1.340462347e-17,-2.387447412e-17,-4.163363225e-17,-7.108078082e-17,-1.188009429e-16,-1.943593988e-16,-3.112163418e-16,-4.876833433e-16,-7.477784125e-16,-0.0,-0.0,-0.0,-0.0,-0.0,-0.0,-0.0,-0.0,-0.0,-0.0,-0.0,-0.0,-0.0,-0.0,-0.0,-0.0,-0.0,-0.0,-0.0,-0.0,-0.0,-0.0,0.0,0.0,0.0,0.0,0.0,0.0,0.0,0.0,0.0,0.0,0.0,0.0
-1.661492857e-19,-3.285588004e-19,-6.363369901e-19,-1.206978392e-18,-2.241955287e-18,-4.077971497e-18,-7.263122696e-18,-1.266583623e-17,-2.162428499e-17,-3.614177303e-17,-5.912826198e-17,-9.467862889e-17,-1.483636432e-16,-2.274900939e-16,-3.412635086e-16,-5.007639918e-16,-7.186286562e-16,-0.0,-0.0,-0.0,-0.0,-0.0,-0.0,-0.0,-0.0,-0.0,-0.0,-0.0,-0.0,-0.0,-0.0,-0.0,-0.0,-0.0,-0.0,-0.0,0.0,0.0,0.0,0.0,0.0,0.0,0.0,0.0,0.0,0.0,0.0,0.0
-4.954526497e-20,-9.797534042e-20,-1.897539593e-19,-3.599176728e-19,-6.685449671e-19,-1.216040006e-18,-2.165843428e-18,-3.776917905e-18,-6.448302954e-18,-1.077737839e-17,-1.763188686e-17,-2.823290955e-17,-4.424163475e-17,-6.783692709e-17,-1.017638498e-16,-1.4932646e-16,-2.142931102e-16,-3.006814676e-16,-4.123960756e-16,-5.527057831e-16,-7.235728271e-16,-9.24878779e-16,-0.0,-0.0,-0.0,-0.0,-0.0,-0.0,-0.0,-0.0,-0.0,-0.0,-0.0,-0.0,-0.0,-5.791795181e-16,0.0,5.791795181e-16,0.0,0.0,0.0,0.0,0.0,0.0,0.0,0.0,0.0,0.0
-1.448171321e-20,-2.86374648e-20,-5.546367388e-20,-1.052012643e-19,-1.954107317e-19,-3.554394679e-19,-6.330599585e-19,-1.10396507e-18,-1.884791092e-18,-3.150147711e-18,-5.153669659e-18,-8.252269909e-18,-1.293150146e-17,-1.982823028e-17,-2.974481799e-17,-4.364701591e-17,-6.263628556e-17,-8.788696123e-17,-1.20540312e-16,-1.61551798e-16,-2.114949668e-16,-2.703352024e-16,-3.371978357e-16,-4.101659507e-16,-4.861509284e-16,-5.60880433e-16,-6.290417132e-16,-6.846015947e-16,-7.212991924e-16,-7.332763383e-16,-7.157793488e-16,-6.658406586e-16,-5.828365805e-16,-4.688227507e-16,-3.285732048e-16,-1.692898743e-16,0.0,1.692898743e-16,3.285732048e-16,4.688227507e-16,5.828365805e-16,6.658406586e-16,7.157793488e-16,7.332763383e-16,7.212991924e-16,6.846015947e-16,6.290417132e-16,5.60880433e-16
-4.149080301e-21,-8.204771035e-21,-1.589060862e-20,-3.014066687e-20,-5.5986112e-20,-1.018351125e-19,-1.813747148e-19,-3.162912882e-19,-5.40001689e-19,-9.0253243e-19,-1.476551079e-18,-2.364314914e-18,-3.7049372e-18,-5.680883089e-18,-8.522033035e-18,-1.250507943e-17,-1.794559627e-17,-2.518003597e-17,-3.453537759e-17,-4.628536508e-17,-6.059432249e-17,-7.745233224e-17,-9.660879743e-17,-1.175145124e-16,-1.39284573e-16,-1.606949345e-16,-1.802234682e-16,-1.961416408e-16,-2.066556786e-16,-2.100871884e-16,-2.050742169e-16,-1.907665426e-16,-1.669854761e-16,-1.34319967e-16,-9.413779929e-17,-4.850236105e-17,0.0,4.850236105e-17,9.413779929e-17,1.34319967e-16,1.669854761e-16,1.907665426e-16,2.050742169e-16,2.100871884e-16,2.066556786e-16,1.961416408e-16,1.802234682e-16,1.606949345e-16
