d3js-fun/wind-js-1/temp1.json
{"header": {"discipline":0,"disciplineName":"Meteorological products","gribEdition":2,"gribLength":133963,"center":7,"centerName":"US National Weather Service - NCEP(WMC)","subcenter":0,"refTime":"2014-11-30T06:00:00.000Z","significanceOfRT":1,"significanceOfRTName":"Start of forecast","productStatus":0,"productStatusName":"Operational products","productType":1,"productTypeName":"Forecast products","productDefinitionTemplate":0,"productDefinitionTemplateName":"Analysis\/forecast at horizontal level\/layer at a point in time","parameterCategory":2,"parameterCategoryName":"Momentum","parameterNumber":3,"parameterNumberName":"V-component_of_wind","parameterUnit":"m.s-1","genProcessType":2,"genProcessTypeName":"Forecast","forecastTime":6,"surface1Type":100,"surface1TypeName":"Isobaric surface","surface1Value":85000,"surface2Type":255,"surface2TypeName":"Missing","surface2Value":0,"gridDefinitionTemplate":0,"gridDefinitionTemplateName":"Latitude_Longitude","numberPoints":65160,"shape":6,"shapeName":"Earth spherical with radius of 6,371,229.0 m","gridUnits":"degrees","resolution":48,"winds":"true","scanMode":0,"nx":360,"ny":181,"basicAngle":0,"subDivisions":0,"lo1":0,"la1":90,"lo2":359,"la2":-90,"dx":1,"dy":1}, "data":
[rows 66 to 87 of 181, columns 255 to 305 of 360]
-0.0147589885,-0.0176867528,-0.0206014571,-0.0235009654,-0.0263831604,-0.0292459462,-0.0320872506,-0.0349050276,-0.0376972602,-0.0404619624,-0.0431971816,-0.0459010011,-0.0485715423,-0.0512069667,-0.0538054782,-0.056365325,-0.0588848014,-0.0613622501,-0.0637960637,-0.0661846865,-0.0685266159,-0.0708204045,-0.0730646609,-0.0752580515,-0.0773993016,-0.0794871964,-0.0815205826,-0.0834983688,-0.0854195267,-0.0872830917,-0.0890881637,-0.0908339077,-0.0925195542,-0.0941443996,-0.0957078063,-0.0972092031,-0.0986480855,-0.1000240149,-0.1013366194,-0.1025855928,-0.1037706949,-0.1048917505,-0.1059486497,-0.1069413464,-0.1078698582,-0.1087342655,-0.1095347108,-0.1102713973,-0.1109445885,-0.1115546068,-0.1121018322
-0.0236142959,-0.0282987018,-0.0329622117,-0.0376014081,-0.0422129034,-0.0467933441,-0.0513394146,-0.0558478415,-0.0603153975,-0.0647389049,-0.0691152397,-0.0734413352,-0.0777141856,-0.0819308494,-0.0860884527,-0.0901841926,-0.0942153403,-0.0981792438,-0.1020733315,-0.105895114,-0.1096421876,-0.113312236,-0.1169030332,-0.1204124454,-0.1238384331,-0.1271790527,-0.1304324588,-0.1335969053,-0.1366707467,-0.1396524398,-0.1425405446,-0.1453337249,-0.1480307495,-0.1506304926,-0.1531319343,-0.1555341605,-0.1578363639,-0.1600378431,-0.1621380026,-0.1641363528,-0.1660325092,-0.1678261918,-0.1695172243,-0.1711055332,-0.1725911467,-0.1739741934,-0.1752549012,-0.1764335954,-0.1775106974,-0.1784867231,-0.1793622805
-0.0370345881,-0.0443811989,-0.0516950383,-0.0589707465,-0.0662030108,-0.0733865717,-0.0805162295,-0.0875868504,-0.0945933728,-0.1015308134,-0.1083942726,-0.1151789409,-0.1218801043,-0.1284931495,-0.1350135695,-0.1414369683,-0.1477590662,-0.1539757045,-0.1600828496,-0.1660765977,-0.1719531788,-0.1777089605,-0.1833404515,-0.1888443055,-0.1942173236,-0.1994564581,-0.2045588146,-0.2095216544,-0.2143423974,-0.2190186231,-0.223548073,-0.2279286518,-0.2321584283,-0.2362356371,-0.2401586785,-0.2439261193,-0.2475366929,-0.2509892994,-0.2542830052,-0.2574170422,-0.2603908074,-0.2632038616,-0.2658559285,-0.2683468927,-0.2706767985,-0.2728458475,-0.2748543971,-0.2767029575,-0.2783921898,-0.2799229028,-0.2812960502
-0.0569316991,-0.068225332,-0.0794685866,-0.0906532238,-0.1017710764,-0.1128140595,-0.1237741795,-0.1346435447,-0.1454143741,-0.1560790067,-0.166629911,-0.1770596935,-0.1873611074,-0.1975270609,-0.2075506255,-0.2174250436,-0.2271437362,-0.2367003101,-0.2460885649,-0.2553024993,-0.2643363178,-0.2731844365,-0.2818414885,-0.2903023293,-0.2985620419,-0.3066159408,-0.3144595767,-0.3220887396,-0.329499463,-0.3366880262,-0.3436509571,-0.3503850347,-0.3568872906,-0.3631550105,-0.3691857353,-0.374977262,-0.3805276435,-0.3858351889,-0.3908984628,-0.3957162848,-0.4002877277,-0.4046121165,-0.4086890263,-0.4125182798,-0.4160999449,-0.4194343319,-0.4225219898,-0.4253637033,-0.4279604883,-0.4303135883,-0.4324244695
-0.0857856968,-0.1028031436,-0.1197446796,-0.1365978898,-0.153350468,-0.1699902312,-0.1865051351,-0.2028832879,-0.2191129651,-0.2351826232,-0.2510809134,-0.2667966952,-0.2823190488,-0.2976372884,-0.3127409737,-0.3276199226,-0.3422642215,-0.3566642371,-0.3708106263,-0.3846943466,-0.398306665,-0.4116391676,-0.4246837674,-0.4374327129,-0.4498785947,-0.4620143529,-0.4738332828,-0.4853290413,-0.4964956511,-0.5073275059,-0.5178193741,-0.527966402,-0.5377641168,-0.5472084286,-0.556295632,-0.5650224074,-0.5733858209,-0.5813833247,-0.589012756,-0.5962723358,-0.6031606673,-0.6096767333,-0.6158198934,-0.6215898806,-0.6269867973,-0.6320111109,-0.6366636488,-0.6409455932,-0.6448584751,-0.648404168,-0.6515848813
-0.1267038266,-0.1518382687,-0.176860592,-0.2017524598,-0.226495696,-0.2510723067,-0.2754645025,-0.2996547196,-0.3236256411,-0.3473602175,-0.3708416869,-0.3940535947,-0.4169798128,-0.4396045584,-0.4619124117,-0.4838883333,-0.5055176816,-0.526786228,-0.5476801732,-0.5681861614,-0.5882912943,-0.6079831445,-0.627249768,-0.6460797156,-0.664462044,-0.6823863257,-0.6998426583,-0.7168216727,-0.7333145409,-0.7493129824,-0.7648092702,-0.7797962356,-0.7942672721,-0.8082163392,-0.8216379642,-0.8345272439,-0.846879845,-0.8586920045,-0.8699605279,-0.8806827878,-0.8908567212,-0.9004808255,-0.909554155,-0.9180763154,-0.9260474577,-0.9334682723,-0.9403399815,-0.9466643311,-0.9524435825,-0.9576805028,-0.9623783553
-0.1834335155,-0.2198215174,-0.2560472009,-0.2920840196,-0.3279056591,-0.3634860691,-0.3987994953,-0.43382051,-0.4685240428,-0.5028854106,-0.5368803466,-0.570485029,-0.6036761087,-0.636430736,-0.6687265873,-0.7005418898,-0.7318554459,-0.7626466568,-0.7928955446,-0.8225827734,-0.8516896702,-0.8801982434,-0.9080912011,-0.9353519681,-0.9619647012,-0.9879143043,-1.0131864412,-1.0377675481,-1.0616448443,-1.0848063419,-1.1072408541,-1.1289380026,-1.1498882231,-1.1700827704,-1.1895137215,-1.2081739778,-1.2260572661,-1.2431581383,-1.2594719697,-1.2749949565,-1.2897241119,-1.3036572609,-1.3167930342,-1.3291308606,-1.3406709593,-1.3514143296,-1.3613627408,-1.3705187206,-1.3788855429,-1.3864672137,-1.3932684573
-0.2603045492,-0.3119415818,-0.3633482738,-0.4144869537,-0.4653202798,-0.5158112851,-0.5659234222,-0.6156206077,-0.6648672649,-0.7136283669,-0.7618694774,-0.8095567917,-0.8566571757,-0.9031382044,-0.948968199,-0.9941162623,-1.0385523136,-1.0822471218,-1.1251723367,-1.1673005198,-1.2086051725,-1.2490607635,-1.2886427547,-1.3273276244,-1.3650928904,-1.40191713,-1.4377799994,-1.4726622505,-1.5065457467,-1.5394134763,-1.5712495646,-1.6020392839,-1.6317690619,-1.6604264887,-1.6880003208,-1.714480485,-1.739858079,-1.7641253718,-1.7872758005,-1.8093039674,-1.8302056339,-1.8499777135,-1.868618263,-1.8861264722,-1.9025026517,-1.9177482198,-1.9318656873,-1.9448586412,-1.9567317271,-1.9674906301,-1.9771420543
-0.3620753316,-0.4339007983,-0.5054058683,-0.5765381423,-0.6472456788,-0.7174770579,-0.7871814435,-0.8563086445,-0.9248091751,-0.9926343139,-1.0597361611,-1.1260676954,-1.1915828284,-1.256236458,-1.3199845197,-1.3827840368,-1.444593168,-1.5053712535,-1.5650788594,-1.6236778193,-1.6811312748,-1.7374037126,-1.7924610008,-1.8462704216,-1.8988007029,-1.9500220466,-1.9999061549,-2.0484262544,-2.0955571177,-2.1412750821,-2.1855580662,-2.2283855844,-2.2697387582,-2.3096003254,-2.3479546471,-2.3847877114,-2.420087136,-2.4538421668,-2.4860436753,-2.5166841533,-2.5457577052,-2.5732600378,-2.5991884481,-2.623541809,-2.6463205528,-2.6675266521,-2.6871635995,-2.7052363843,-2.7217514684,-2.7367167596,-2.7501415829
-0.4936626004,-0.5915912454,-0.6890830537,-0.7860665825,-0.8824710134,-0.9782262395,-1.0732629494,-1.1675127113,-1.2609080552,-1.3533825527,-1.4448708964,-1.5353089761,-1.6246339538,-1.7127843361,-1.7997000444,-1.8853224832,-1.9695946049,-2.0524609731,-2.1338678225,-2.2137631161,-2.2920966002,-2.3688198552,-2.4438863445,-2.5172514603,-2.5888725651,-2.6587090314,-2.7267222774,-2.7928757997,-2.8571352024,-2.9194682232,-2.9798447558,-3.0382368697,-3.0946188254,-3.1489670873,-3.2012603327,-3.2514794577,-3.2996075796,-3.3456300363,-3.3895343817,-3.431310379,-3.4709499898,-3.5084473607,-3.5437988065,-3.5770027904,-3.6080599018,-3.6369728302,-3.6637463373,-3.688387226,-3.7109043064,-3.7313083602,-3.7496121016
-0.6597442689,-0.790618802,-0.9209095345,-1.0505209882,-1.1793585198,-1.307328436,-1.4343381074,-1.5602960801,-1.6851121848,-1.8086976452,-1.9309651826,-2.0518291183,-2.1712054738,-2.2890120678,-2.4051686096,-2.5195967903,-2.6322203702,-2.7429652625,-2.8517596138,-2.9585338804,-3.0632209017,-3.1657559686,-3.2660768884,-3.3641240458,-3.459840459,-3.5531718322,-3.6440666038,-3.7324759894,-3.8183540215,-3.9016575838,-3.9823464417,-4.0603832678,-4.1357336632,-4.2083661743,-4.2782523049,-4.345366524,-4.4096862691,-4.4711919452,-4.5298669193,-4.5856975104,-4.638672976,-4.6887854931,-4.736030137,-4.7804048538,-4.8219104312,-4.8605504634,-4.8963313143,-4.9292620753,-4.9593545206,-4.9866230589,-5.011084682
-0.8642415389,-1.0356825247,-1.2063587526,-1.3761451493,-1.5449177356,-1.7125537766,-1.8789319311,-2.0439323975,-2.2074370576,-2.3693296174,-2.5294957448,-2.6878232039,-2.844201986,-2.9985244361,-3.1506853765,-3.3005822255,-3.4481151115,-3.5931869835,-3.7357037161,-3.8755742096,-4.012710486,-4.1470277786,-4.2784446172,-4.4068829079,-4.5322680064,-4.6545287875,-4.773597707,-4.8894108593,-5.0019080285,-5.1110327338,-5.2167322692,-5.3189577372,-5.4176640765,-5.512810084,-5.6043584307,-5.6922756718,-5.7765322514,-5.8571025007,-5.9339646308,-6.0071007205,-6.0764966971,-6.1421423131,-6.2040311171,-6.2621604187,-6.3165312494,-6.3671483181,-6.4140199608,-6.457158087,-6.4965781205,-6.5322989364,-6.5643427931
-1.1097081021,-1.3298426853,-1.5489953,-1.7670053488,-1.9837136391,-2.1989625766,-2.4125963557,-2.6244611484,-2.8344052877,-3.0422794492,-3.2479368277,-3.4512333094,-3.6520276402,-3.8501815885,-4.0455601035,-4.2380314674,-4.4274674429,-4.6137434138,-4.7967385206,-4.9763357894,-5.1524222538,-5.3248890714,-5.4936316324,-5.6585496621,-5.8195473155,-5.9765332659,-6.1294207849,-6.278127816,-6.4225770405,-6.5626959357,-6.6984168257,-6.8296769249,-6.9564183733,-7.0785882653,-7.1961386692,-7.3090266414,-7.4172142311,-7.520668479,-7.6193614077,-7.7132700057,-7.8023762035,-7.886666843,-7.9661336402,-8.0407731409,-8.1105866696,-8.1755802722,-8.2357646528,-8.2911551032,-8.3417714282,-8.3876378638,-8.4287829901
-1.3966786283,-1.673740017,-1.9495654999,-2.2239529495,-2.4967020059,-2.7676143207,-3.0364937973,-3.3031468274,-3.5673825232,-3.829012945,-4.0878533236,-4.3437222775,-4.5964420242,-4.8458385855,-5.0917419864,-5.333986447,-5.5724105675,-5.8068575064,-6.0371751497,-6.2632162739,-6.4848386998,-6.7019054381,-6.9142848271,-7.1218506609,-7.3244823091,-7.5220648278,-7.7144890607,-7.9016517316,-8.083455527,-8.2598091698,-8.4306274833,-8.5958314454,-8.7553482338,-8.9091112609,-9.0570602005,-9.1991410034,-9.3353059049,-9.4655134223,-9.5897283434,-9.7079217058,-9.8200707672,-9.9261589669,-10.0261758787,-10.120117155,-10.2079844629,-10.2897854118,-10.3655334737,-10.4352478952,-10.4989536024,-10.5566810986,-10.6084663551
-1.7230517806,-2.064856337,-2.4051361837,-2.7436419602,-3.080126487,-3.4143450659,-3.7460557769,-4.0750197698,-4.4010015504,-4.7237692616,-5.0430949577,-5.3587548723,-5.6705296791,-5.978204745,-6.2815703756,-6.5804220517,-6.8745606582,-7.1637927029,-7.4479305263,-7.7267925019,-8.0002032263,-8.2679936989,-8.5300014915,-8.7860709066,-9.0360531253,-9.2798063436,-9.517195898,-9.7480943787,-9.9723817323,-10.1899453522,-10.4006801579,-10.6044886613,-10.8012810233,-10.9909750963,-11.1734964571,-11.3487784264,-11.5167620779,-11.6773962354,-11.8306374582,-11.9764500162,-12.1148058527,-12.2456845371,-12.3690732068,-12.4849664983,-12.5933664682,-12.6942825042,-12.7877312263,-12.8737363786,-12.9523287118,-13.0235458573,-13.087432192
-2.0835996724,-2.4969266947,-2.9084099624,-3.3177479365,-3.7246417151,-4.1287953972,-4.529916441,-4.927716017,-5.3219093541,-5.712216079,-6.0983605485,-6.4800721733,-6.857085733,-7.2291416826,-7.5959864493,-7.9573727184,-8.31305971,-8.6628134437,-9.0064069923,-9.3436207241,-9.6742425326,-9.9980680539,-10.3149008716,-10.6245527088,-10.9268436061,-11.2216020874,-11.5086653105,-11.7878792053,-12.0590985974,-12.3221873173,-12.5770182962,-12.8234736471,-13.0614447316,-13.2908322131,-13.5115460952,-13.723505746,-13.926639909,-14.1208866993,-14.3061935864,-14.4825173635,-14.649824103,-14.8080890995,-14.9572967987,-15.0974407149,-15.2285233349,-15.3505560108,-15.4635588403,-15.5675605361,-15.6625982835,-15.748717588,-15.8259721126
-2.4697007999,-2.9596193247,-3.4473524381,-3.9325427246,-4.4148358943,-4.8938812144,-5.3693319336,-5.8408457009,-6.3080849757,-6.7707174302,-7.2284163432,-7.6808609839,-8.1277369852,-8.5687367073,-9.0035595889,-9.4319124869,-9.8535100036,-10.2680748009,-10.675337901,-11.0750389732,-11.4669266067,-11.8507585681,-12.226302044,-12.5933338688,-12.951640736,-13.3010193938,-13.6412768247,-13.9722304088,-14.2937080701,-14.6055484061,-14.9076008017,-15.1997255247,-15.4817938056,-15.7536879003,-16.0153011354,-16.2665379379,-16.5073138467,-16.7375555096,-16.9572006619,-17.1661980902,-17.3645075803,-17.5520998484,-17.7289564582,-17.8950697219,-18.0504425873,-18.19508851,-18.3290313121,-18.4523050267,-18.5649537297,-18.6670313592,-18.7586015219
-2.8693829586,-3.4385870768,-4.0052521093,-4.5689627984,-5.1293075181,-5.6858787747,-6.2382737011,-6.7860945418,-7.3289491308,-7.8664513582,-8.3982216283,-8.9238873047,-9.4430831453,-9.9554517235,-10.4606438369,-10.9583189017,-11.4481453333,-11.9298009106,-12.402973126,-12.8673595186,-13.3226679906,-13.7686171067,-14.2049363767,-14.6313665189,-15.0476597066,-15.4535797949,-15.8489025295,-16.2334157363,-16.6069194914,-16.9692262721,-17.3201610883,-17.6595615946,-17.9872781822,-18.3031740518,-18.6071252667,-18.8990207868,-19.1787624826,-19.4462651306,-19.7014563898,-19.9442767587,-20.1746795149,-20.3926306357,-20.598108701,-20.7911047789,-20.9716222943,-21.1396768804,-21.2952962145,-21.4385198373,-21.5693989578,-21.6879962431,-21.7943855939
-3.2677347559,-3.9159605616,-4.5612947845,-5.2032645172,-5.8414009884,-6.4752401328,-7.1043231537,-7.7281970761,-8.34641529,-8.9585380828,-9.5641331597,-10.1627761522,-10.754051112,-11.3375509915,-11.9128781093,-12.4796445988,-13.037472842,-13.5859958844,-14.1248578335,-14.6537142383,-15.1722324493,-15.6800919602,-16.1769847291,-16.6626154786,-17.1367019765,-17.5989752943,-18.0491800451,-18.4870745988,-18.9124312764,-19.3250365217,-19.7246910511,-20.111209981,-20.4844229327,-20.8441741151,-21.1903223859,-21.5227412891,-21.8413190722,-22.1459586804,-22.4365777295,-22.7131084577,-22.9754976561,-23.2237065786,-23.4577108315,-23.6775002428,-23.8830787131,-24.0744640457,-24.2516877604,-24.4147948871,-24.5638437444,-24.6989056991,-24.8200649114
-3.6477006481,-4.3713008997,-5.0916733408,-5.8082900753,-6.5206278241,-7.2281685612,-7.9304001419,-8.6268169203,-9.3169203552,-10.0002196052,-10.6762321092,-11.3444841537,-12.0045114249,-12.6558595446,-13.2980845894,-13.9307535928,-14.5534450277,-15.1657492711,-15.7672690479,-16.357619855,-16.936430363,-17.503342798,-18.0580132992,-18.6001122552,-19.1293246163,-19.6453501836,-20.1479038741,-20.6367159616,-21.1115322929,-21.57211448,-22.018240067,-22.4497026722,-22.8663121057,-23.2678944615,-23.6542921853,-24.0253641172,-24.3809855102,-24.7210480242,-25.0454596956,-25.3541448833,-25.6470441914,-25.9241143685,-26.1853281843,-26.4306742844,-26.6601570225,-26.8737962723,-27.0716272185,-27.2537001273,-27.4200800981,-27.5708467963,-27.706094168
-3.9912202438,-4.7829650308,-5.5711780305,-6.3552816327,-7.1347032787,-7.9088761579,-8.6772398948,-9.4392412244,-10.194334656,-10.9419831234,-11.6816586207,-12.4128428228,-13.1350276895,-13.8477160518,-14.5504221803,-15.2426723339,-15.9240052886,-16.5939728455,-17.2521403165,-17.8980869879,-18.531406561,-19.1517075684,-19.7586137668,-20.3517645037,-20.9308150598,-21.4954369653,-22.0453182897,-22.5801639053,-23.0996957245,-23.6036529091,-24.0917920537,-24.5638873408,-25.0197306693,-25.4591317558,-25.8819182084,-26.2879355737,-26.6770473567,-27.0491350144,-27.4040979225,-27.7418533166,-28.0623362073,-28.3654992698,-28.6513127097,-28.919764103,-29.1708582135,-29.4046167867,-29.6210783205,-29.8202978151,-30.0023465004,-30.1673115445,-30.3152957405
-4.2806163647,-5.1297691262,-5.975134017,-6.8160915453,-7.6520276372,-8.4823343839,-9.3064107779,-10.123663438,-10.933507321,-11.735366419,-12.5286744413,-13.3128754801,-14.087424658,-14.8517887573,-15.6054468291,-16.3478907823,-17.0786259504,-17.7971716364,-18.5030616336,-19.1958447233,-19.8750851468,-20.5403630521,-21.1912749151,-21.8274339331,-22.448470392,-23.0540320049,-23.643784224,-24.2174105225,-24.774612649,-25.3151108525,-25.8386440787,-26.3449701364,-26.8338658356,-27.3051270957,-27.758569025,-28.194025971,-28.6113515418,-29.0104185988,-29.3911192218,-29.7533646452,-30.0970851674,-30.4222300322,-30.7287672848,-31.0166836004,-31.2859840882,-31.5366920704,-31.7688488364,-31.9825133741,-32.1777620785,-32.3546884379,-32.5134026989
