d3js-fun/wind-js-1/temp1.json
{"header": {"discipline":0,"disciplineName":"Meteorological products","gribEdition":2,"gribLength":133963,"center":7,"centerName":"US National Weather Service - NCEP(WMC)","subcenter":0,"refTime":"2014-11-30T06:00:00.000Z","significanceOfRT":1,"significanceOfRTName":"Start of forecast","productStatus":0,"productStatusName":"Operational products","productType":1,"productTypeName":"Forecast products","productDefinitionTemplate":0,"productDefinitionTemplateName":"Analysis\/forecast at horizontal level\/layer at a point in time","parameterCategory":2,"parameterCategoryName":"Momentum","parameterNumber":2,"parameterNumberName":"U-component_of_wind","parameterUnit":"m.s-1","genProcessType":2,"genProcessTypeName":"Forecast","forecastTime":6,"surface1Type":100,"surface1TypeName":"Isobaric surface","surface1Value":85000,"surface2Type":255,"surface2TypeName":"Missing","surface2Value":0,"gridDefinitionTemplate":0,"gridDefinitionTemplateName":"Latitude_Longitude","numberPoints":65160,"shape":6,"shapeName":"Earth spherical with radius of 6,371,229.0 m","gridUnits":"degrees","resolution":48,"winds":"true","scanMode":0,"nx":360,"ny":181,"basicAngle":0,"subDivisions":0,"lo1":0,"la1":90,"lo2":359,"la2":-90,"dx":1,"dy":1}, "data":
[rows 115 to 137 of 181, columns 102 to 152 of 360]
-0.0285724738,-0.0296322576,-0.0307237629,-0.0318476093,-0.0330044147,-0.0341947946,-0.0354193618,-0.036678725,-0.0379734884,-0.0393042513,-0.0406716065,-0.0420761401,-0.0435184306,-0.0449990478,-0.0465185523,-0.0480774941,-0.0496764123,-0.0513158338,-0.0529962723,-0.0547182278,-0.0564821851,-0.0582886133,-0.0601379644,-0.0620306727,-0.0639671535,-0.0659478021,-0.0679729931,-0.0700430789,-0.0721583892,-0.0743192293,-0.07652588,-0.0787785956,-0.0810776034,-0.0834231026,-0.0858152634,-0.0882542256,-0.090740098,-0.0932729573,-0.0958528468,-0.0984797759,-0.101153719,-0.1038746143,-0.1066423632,-0.1094568293,-0.1123178376,-0.1152251734,-0.1181785818,-0.1211777667,-0.1242223902,-0.1273120717,-0.1304463874
-0.0179036922,-0.0185677594,-0.0192517035,-0.0199559127,-0.0206807743,-0.0214266739,-0.0221939954,-0.0229831203,-0.0237944272,-0.0246282916,-0.025485085,-0.0263651746,-0.0272689229,-0.028196687,-0.0291488181,-0.0301256609,-0.0311275531,-0.0321548249,-0.0332077983,-0.0342867865,-0.0353920932,-0.0365240125,-0.0376828276,-0.0388688106,-0.0400822216,-0.0413233085,-0.042592306,-0.0438894348,-0.0452149015,-0.0465688976,-0.0479515988,-0.0493631646,-0.0508037374,-0.052273442,-0.053772385,-0.0553006541,-0.0568583174,-0.058445423,-0.060061998,-0.0617080484,-0.063383558,-0.0650884881,-0.066822777,-0.0685863392,-0.0703790651,-0.07220082,-0.0740514443,-0.0759307525,-0.0778385328,-0.0797745467,-0.0817385286
-0.0109815452,-0.0113888625,-0.0118083717,-0.0122403108,-0.0126849174,-0.0131424281,-0.0136130783,-0.0140971019,-0.0145947314,-0.0151061968,-0.0156317261,-0.0161715446,-0.0167258745,-0.017294935,-0.0178789414,-0.0184781051,-0.0190926334,-0.0197227286,-0.0203685884,-0.0210304048,-0.0217083642,-0.0224026469,-0.0231134265,-0.0238408701,-0.0245851371,-0.0253463797,-0.0261247416,-0.0269203584,-0.0277333568,-0.0285638542,-0.0294119583,-0.0302777671,-0.0311613678,-0.032062837,-0.0329822401,-0.0339196309,-0.0348750512,-0.0358485304,-0.0368400852,-0.0378497192,-0.0388774225,-0.0399231715,-0.0409869281,-0.0420686401,-0.0431682401,-0.0442856456,-0.0454207586,-0.0465734654,-0.0477436361,-0.0489311243,-0.0501357673
-0.0065941215,-0.0068387045,-0.0070906085,-0.0073499763,-0.0076169505,-0.0078916733,-0.008174286,-0.0084649292,-0.0087637422,-0.0090708634,-0.0093864296,-0.009710576,-0.0100434362,-0.0103851416,-0.0107358217,-0.0110956033,-0.011464611,-0.0118429662,-0.0122307875,-0.0126281904,-0.0130352868,-0.0134521847,-0.0138789887,-0.014315799,-0.0147627112,-0.0152198168,-0.0156872022,-0.0161649486,-0.0166531322,-0.0171518234,-0.0176610871,-0.0181809819,-0.0187115602,-0.0192528682,-0.0198049449,-0.0203678228,-0.0209415269,-0.0215260749,-0.0221214767,-0.0227277347,-0.0233448428,-0.0239727868,-0.024611544,-0.0252610829,-0.025921363,-0.0265923348,-0.0272739396,-0.0279661089,-0.0286687648,-0.0293818194,-0.030105175
-0.0038767223,-0.0040205141,-0.0041686099,-0.0043210937,-0.0044780494,-0.0046395605,-0.0048057102,-0.004976581,-0.0051522549,-0.0053328132,-0.0055183364,-0.005708904,-0.0059045944,-0.006105485,-0.0063116519,-0.0065231696,-0.0067401113,-0.0069625485,-0.007190551,-0.0074241864,-0.0076635207,-0.0079086175,-0.008159538,-0.0084163413,-0.0086790836,-0.0089478186,-0.0092225972,-0.0095034671,-0.009790473,-0.0100836565,-0.0103830556,-0.0106887047,-0.0110006348,-0.0113188729,-0.011643442,-0.0119743612,-0.0123116452,-0.0126553043,-0.0130053445,-0.0133617671,-0.0137245685,-0.0140937405,-0.0144692695,-0.0148511372,-0.0152393197,-0.0156337879,-0.0160345073,-0.0164414377,-0.0168545331,-0.0172737421,-0.017699007
-0.0022316395,-0.0023144134,-0.0023996649,-0.0024874424,-0.0025777942,-0.0026707682,-0.0027664125,-0.0028647744,-0.0029659013,-0.0030698399,-0.0031766365,-0.003286337,-0.0033989864,-0.0035146293,-0.0036333095,-0.0037550699,-0.0038799526,-0.0040079989,-0.0041392487,-0.0042737412,-0.0044115143,-0.0045526045,-0.0046970472,-0.0048448763,-0.0049961242,-0.0051508218,-0.0053089984,-0.0054706815,-0.0056358968,-0.0058046682,-0.0059770176,-0.0061529649,-0.0063325278,-0.0065157219,-0.0067025605,-0.0068930545,-0.0070872123,-0.0072850401,-0.0074865412,-0.0076917162,-0.0079005633,-0.0081130775,-0.0083292512,-0.0085490738,-0.0087725315,-0.0089996076,-0.0092302821,-0.009464532,-0.0097023309,-0.009943649,-0.0101884533
-0.0012579653,-0.0013046246,-0.0013526805,-0.0014021602,-0.0014530911,-0.0015055002,-0.0015594144,-0.0016148606,-0.0016718654,-0.0017304551,-0.0017906559,-0.0018524935,-0.0019159935,-0.0019811809,-0.0020480804,-0.0021167162,-0.0021871121,-0.0022592912,-0.0023332761,-0.0024090889,-0.002486751,-0.0025662829,-0.0026477046,-0.0027310352,-0.002816293,-0.0029034954,-0.0029926588,-0.0030837988,-0.00317693,-0.0032720657,-0.0033692182,-0.0034683989,-0.0035696178,-0.0036728835,-0.0037782035,-0.0038855842,-0.0039950301,-0.0041065447,-0.00422013,-0.0043357862,-0.0044535124,-0.0045733057,-0.0046951619,-0.0048190749,-0.004945037,-0.0050730388,-0.005203069,-0.0053351146,-0.0054691608,-0.0056051908,-0.0057431858
-0.0006944307,-0.0007201879,-0.0007467161,-0.0007740302,-0.0008021454,-0.0008310767,-0.0008608388,-0.0008914466,-0.0009229147,-0.0009552579,-0.0009884903,-0.0010226264,-0.0010576801,-0.0010936653,-0.0011305956,-0.0011684844,-0.0012073448,-0.0012471896,-0.0012880313,-0.001329882,-0.0013727536,-0.0014166573,-0.0014616043,-0.001507605,-0.0015546696,-0.0016028077,-0.0016520283,-0.0017023401,-0.0017537509,-0.0018062684,-0.0018598993,-0.0019146497,-0.0019705252,-0.0020275306,-0.0020856702,-0.0021449472,-0.0022053643,-0.0022669234,-0.0023296255,-0.0023934708,-0.0024584589,-0.002524588,-0.0025918559,-0.0026602592,-0.0027297937,-0.0028004541,-0.0028722343,-0.002945127,-0.0030191241,-0.0030942163,-0.0031703933
-0.000375433,-0.0003893582,-0.0004037002,-0.0004184672,-0.0004336673,-0.0004493085,-0.0004653989,-0.0004819465,-0.0004989593,-0.0005164451,-0.0005344117,-0.0005528668,-0.000571818,-0.0005912728,-0.0006112386,-0.0006317226,-0.0006527319,-0.0006742734,-0.0006963538,-0.0007189797,-0.0007421575,-0.0007658934,-0.0007901933,-0.0008150629,-0.0008405076,-0.0008665327,-0.000893143,-0.0009203433,-0.0009481377,-0.0009765305,-0.0010055252,-0.0010351251,-0.0010653333,-0.0010961524,-0.0011275846,-0.0011596318,-0.0011922954,-0.0012255763,-0.0012594752,-0.0012939922,-0.0013291269,-0.0013648786,-0.0014012459,-0.0014382271,-0.0014758198,-0.0015140213,-0.0015528281,-0.0015922364,-0.0016322418,-0.0016728392,-0.0017140231
-0.0001987945,-0.000206168,-0.0002137622,-0.0002215814,-0.0002296299,-0.0002379121,-0.000246432,-0.0002551941,-0.0002642025,-0.0002734614,-0.0002829748,-0.0002927469,-0.0003027817,-0.0003130832,-0.0003236552,-0.0003345017,-0.0003456262,-0.0003570326,-0.0003687243,-0.0003807049,-0.0003929777,-0.000405546,-0.000418413,-0.0004315816,-0.0004450548,-0.0004588352,-0.0004729256,-0.0004873283,-0.0005020457,-0.0005170799,-0.0005324328,-0.0005481062,-0.0005641016,-0.0005804205,-0.0005970641,-0.0006140333,-0.0006313289,-0.0006489514,-0.0006669011,-0.0006851781,-0.0007037822,-0.000722713,-0.0007419698,-0.0007615515,-0.0007814572,-0.0008016851,-0.0008222336,-0.0008431006,-0.0008642837,-0.0008857803,-0.0009075875
-0.000103102,-0.0001069262,-0.0001108648,-0.0001149202,-0.0001190944,-0.0001233899,-0.0001278086,-0.000132353,-0.000137025,-0.000141827,-0.000146761,-0.0001518292,-0.0001570336,-0.0001623764,-0.0001678594,-0.0001734847,-0.0001792543,-0.0001851701,-0.0001912339,-0.0001974474,-0.0002038126,-0.0002103309,-0.0002170042,-0.0002238339,-0.0002308216,-0.0002379687,-0.0002452764,-0.0002527462,-0.0002603792,-0.0002681765,-0.000276139,-0.0002842678,-0.0002925636,-0.0003010272,-0.0003096592,-0.0003184601,-0.0003274302,-0.0003365698,-0.0003458792,-0.0003553583,-0.0003650071,-0.0003748253,-0.0003848125,-0.0003949684,-0.0004052921,-0.0004157831,-0.0004264403,-0.0004372627,-0.000448249,-0.0004593979,-0.0004707079
-0.0000523772,-0.0000543199,-0.0000563208,-0.000058381,-0.0000605016,-0.0000626837,-0.0000649285,-0.0000672371,-0.0000696105,-0.00007205,-0.0000745566,-0.0000771313,-0.0000797752,-0.0000824893,-0.0000852748,-0.0000881326,-0.0000910636,-0.0000940689,-0.0000971493,-0.0001003059,-0.0001035395,-0.0001068509,-0.000110241,-0.0001137106,-0.0001172605,-0.0001208913,-0.0001246037,-0.0001283984,-0.0001322761,-0.0001362372,-0.0001402823,-0.0001444118,-0.0001486262,-0.0001529258,-0.000157311,-0.0001617819,-0.0001663389,-0.000170982,-0.0001757112,-0.0001805268,-0.0001854285,-0.0001904162,-0.0001954899,-0.0002006492,-0.0002058938,-0.0002112233,-0.0002166373,-0.0002221353,-0.0002277165,-0.0002333803,-0.0002391259
-0.0000260645,-0.0000270312,-0.0000280269,-0.0000290521,-0.0000301074,-0.0000311933,-0.0000323103,-0.0000334592,-0.0000346403,-0.0000358542,-0.0000371016,-0.0000383828,-0.0000396985,-0.0000410492,-0.0000424353,-0.0000438574,-0.000045316,-0.0000468115,-0.0000483444,-0.0000499152,-0.0000515243,-0.0000531722,-0.0000548592,-0.0000565858,-0.0000583523,-0.0000601591,-0.0000620065,-0.0000638949,-0.0000658245,-0.0000677957,-0.0000698086,-0.0000718636,-0.0000739608,-0.0000761005,-0.0000782826,-0.0000805075,-0.0000827752,-0.0000850857,-0.0000874391,-0.0000898355,-0.0000922747,-0.0000947568,-0.0000972816,-0.000099849,-0.0001024589,-0.000105111,-0.0001078052,-0.0001105411,-0.0001133185,-0.000116137,-0.0001189962
-0.0000127059,-0.0000131771,-0.0000136625,-0.0000141623,-0.0000146767,-0.000015206,-0.0000157506,-0.0000163106,-0.0000168864,-0.0000174782,-0.0000180862,-0.0000187108,-0.0000193522,-0.0000200106,-0.0000206863,-0.0000213795,-0.0000220905,-0.0000228196,-0.0000235668,-0.0000243326,-0.000025117,-0.0000259203,-0.0000267427,-0.0000275843,-0.0000284455,-0.0000293262,-0.0000302268,-0.0000311474,-0.000032088,-0.0000330489,-0.0000340302,-0.0000350319,-0.0000360543,-0.0000370973,-0.0000381611,-0.0000392457,-0.0000403511,-0.0000414774,-0.0000426247,-0.0000437928,-0.0000449819,-0.0000461919,-0.0000474227,-0.0000486742,-0.0000499465,-0.0000512393,-0.0000525527,-0.0000538864,-0.0000552403,-0.0000566142,-0.000058008
-0.0000060677,-0.0000062928,-0.0000065246,-0.0000067632,-0.0000070089,-0.0000072617,-0.0000075217,-0.0000077892,-0.0000080641,-0.0000083467,-0.0000086371,-0.0000089354,-0.0000092416,-0.0000095561,-0.0000098788,-0.0000102098,-0.0000105494,-0.0000108975,-0.0000112544,-0.0000116201,-0.0000119947,-0.0000123783,-0.000012771,-0.0000131729,-0.0000135842,-0.0000140048,-0.0000144349,-0.0000148745,-0.0000153237,-0.0000157826,-0.0000162512,-0.0000167296,-0.0000172178,-0.0000177159,-0.0000182239,-0.0000187418,-0.0000192697,-0.0000198076,-0.0000203555,-0.0000209133,-0.0000214812,-0.000022059,-0.0000226468,-0.0000232444,-0.000023852,-0.0000244694,-0.0000250966,-0.0000257335,-0.0000263801,-0.0000270362,-0.0000277018
-0.0000028387,-0.000002944,-0.0000030525,-0.0000031641,-0.0000032791,-0.0000033973,-0.000003519,-0.0000036441,-0.0000037727,-0.000003905,-0.0000040408,-0.0000041803,-0.0000043236,-0.0000044707,-0.0000046217,-0.0000047766,-0.0000049354,-0.0000050983,-0.0000052653,-0.0000054364,-0.0000056116,-0.0000057911,-0.0000059748,-0.0000061629,-0.0000063553,-0.000006552,-0.0000067533,-0.0000069589,-0.0000071691,-0.0000073838,-0.000007603,-0.0000078268,-0.0000080552,-0.0000082882,-0.0000085259,-0.0000087682,-0.0000090152,-0.0000092669,-0.0000095232,-0.0000097842,-0.0000100498,-0.0000103201,-0.0000105951,-0.0000108748,-0.000011159,-0.0000114478,-0.0000117413,-0.0000120392,-0.0000123417,-0.0000126487,-0.0000129601
-0.0000013011,-0.0000013494,-0.0000013991,-0.0000014503,-0.0000015029,-0.0000015571,-0.0000016129,-0.0000016703,-0.0000017292,-0.0000017898,-0.0000018521,-0.000001916,-0.0000019817,-0.0000020491,-0.0000021183,-0.0000021893,-0.0000022621,-0.0000023368,-0.0000024133,-0.0000024917,-0.0000025721,-0.0000026543,-0.0000027385,-0.0000028247,-0.0000029129,-0.0000030031,-0.0000030953,-0.0000031896,-0.0000032859,-0.0000033843,-0.0000034848,-0.0000035874,-0.0000036921,-0.0000037989,-0.0000039078,-0.0000040189,-0.0000041321,-0.0000042474,-0.0000043649,-0.0000044845,-0.0000046063,-0.0000047302,-0.0000048562,-0.0000049844,-0.0000051147,-0.0000052471,-0.0000053816,-0.0000055181,-0.0000056568,-0.0000057975,-0.0000059402
-0.0000005843,-0.0000006059,-0.0000006283,-0.0000006512,-0.0000006749,-0.0000006992,-0.0000007243,-0.00000075,-0.0000007765,-0.0000008037,-0.0000008317,-0.0000008604,-0.0000008899,-0.0000009202,-0.0000009513,-0.0000009831,-0.0000010158,-0.0000010494,-0.0000010837,-0.0000011189,-0.000001155,-0.0000011919,-0.0000012298,-0.0000012685,-0.0000013081,-0.0000013486,-0.00000139,-0.0000014323,-0.0000014756,-0.0000015197,-0.0000015649,-0.0000016109,-0.000001658,-0.0000017059,-0.0000017548,-0.0000018047,-0.0000018555,-0.0000019073,-0.0000019601,-0.0000020138,-0.0000020685,-0.0000021241,-0.0000021807,-0.0000022383,-0.0000022968,-0.0000023562,-0.0000024166,-0.000002478,-0.0000025402,-0.0000026034,-0.0000026675
-0.0000002571,-0.0000002666,-0.0000002764,-0.0000002865,-0.0000002969,-0.0000003076,-0.0000003187,-0.00000033,-0.0000003416,-0.0000003536,-0.0000003659,-0.0000003786,-0.0000003915,-0.0000004048,-0.0000004185,-0.0000004325,-0.0000004469,-0.0000004617,-0.0000004768,-0.0000004923,-0.0000005082,-0.0000005244,-0.0000005411,-0.0000005581,-0.0000005755,-0.0000005933,-0.0000006115,-0.0000006302,-0.0000006492,-0.0000006686,-0.0000006885,-0.0000007088,-0.0000007294,-0.0000007505,-0.0000007721,-0.000000794,-0.0000008164,-0.0000008392,-0.0000008624,-0.000000886,-0.0000009101,-0.0000009345,-0.0000009594,-0.0000009848,-0.0000010105,-0.0000010367,-0.0000010632,-0.0000010902,-0.0000011176,-0.0000011454,-0.0000011736
-0.0000001108,-0.0000001149,-0.0000001192,-0.0000001235,-0.000000128,-0.0000001326,-0.0000001374,-0.0000001423,-0.0000001473,-0.0000001524,-0.0000001577,-0.0000001632,-0.0000001688,-0.0000001745,-0.0000001804,-0.0000001865,-0.0000001927,-0.000000199,-0.0000002055,-0.0000002122,-0.0000002191,-0.0000002261,-0.0000002332,-0.0000002406,-0.0000002481,-0.0000002558,-0.0000002636,-0.0000002716,-0.0000002798,-0.0000002882,-0.0000002968,-0.0000003055,-0.0000003144,-0.0000003235,-0.0000003328,-0.0000003423,-0.0000003519,-0.0000003617,-0.0000003717,-0.0000003819,-0.0000003923,-0.0000004029,-0.0000004136,-0.0000004245,-0.0000004356,-0.0000004469,-0.0000004583,-0.00000047,-0.0000004818,-0.0000004938,-0.0000005059
-0.0000000468,-0.0000000485,-0.0000000503,-0.0000000522,-0.0000000541,-0.000000056,-0.000000058,-0.0000000601,-0.0000000622,-0.0000000644,-0.0000000666,-0.0000000689,-0.0000000713,-0.0000000737,-0.0000000762,-0.0000000788,-0.0000000814,-0.0000000841,-0.0000000868,-0.0000000896,-0.0000000925,-0.0000000955,-0.0000000985,-0.0000001016,-0.0000001048,-0.000000108,-0.0000001113,-0.0000001147,-0.0000001182,-0.0000001217,-0.0000001254,-0.000000129,-0.0000001328,-0.0000001367,-0.0000001406,-0.0000001446,-0.0000001486,-0.0000001528,-0.000000157,-0.0000001613,-0.0000001657,-0.0000001702,-0.0000001747,-0.0000001793,-0.000000184,-0.0000001887,-0.0000001936,-0.0000001985,-0.0000002035,-0.0000002085,-0.0000002137
-0.0000000194,-0.0000000201,-0.0000000208,-0.0000000216,-0.0000000224,-0.0000000232,-0.000000024,-0.0000000249,-0.0000000257,-0.0000000266,-0.0000000276,-0.0000000285,-0.0000000295,-0.0000000305,-0.0000000315,-0.0000000326,-0.0000000337,-0.0000000348,-0.0000000359,-0.0000000371,-0.0000000383,-0.0000000395,-0.0000000408,-0.0000000421,-0.0000000434,-0.0000000447,-0.0000000461,-0.0000000475,-0.0000000489,-0.0000000504,-0.0000000519,-0.0000000534,-0.000000055,-0.0000000566,-0.0000000582,-0.0000000598,-0.0000000615,-0.0000000632,-0.000000065,-0.0000000668,-0.0000000686,-0.0000000704,-0.0000000723,-0.0000000742,-0.0000000761,-0.0000000781,-0.0000000801,-0.0000000821,-0.0000000842,-0.0000000863,-0.0000000884
-0.0000000079,-0.0000000081,-0.0000000084,-0.0000000088,-0.0000000091,-0.0000000094,-0.0000000097,-0.0000000101,-0.0000000104,-0.0000000108,-0.0000000112,-0.0000000116,-0.000000012,-0.0000000124,-0.0000000128,-0.0000000132,-0.0000000137,-0.0000000141,-0.0000000146,-0.000000015,-0.0000000155,-0.000000016,-0.0000000165,-0.0000000171,-0.0000000176,-0.0000000181,-0.0000000187,-0.0000000193,-0.0000000198,-0.0000000204,-0.000000021,-0.0000000217,-0.0000000223,-0.0000000229,-0.0000000236,-0.0000000243,-0.0000000249,-0.0000000256,-0.0000000263,-0.0000000271,-0.0000000278,-0.0000000286,-0.0000000293,-0.0000000301,-0.0000000309,-0.0000000317,-0.0000000325,-0.0000000333,-0.0000000341,-0.000000035,-0.0000000359
