d3js-fun/wind-js-1/temp1.json
{"header": {"discipline":0,"disciplineName":"Meteorological products","gribEdition":2,"gribLength":133963,"center":7,"centerName":"US National Weather Service - NCEP(WMC)","subcenter":0,"refTime":"2014-11-30T06:00:00.000Z","significanceOfRT":1,"significanceOfRTName":"Start of forecast","productStatus":0,"productStatusName":"Operational products","productType":1,"productTypeName":"Forecast products","productDefinitionTemplate":0,"productDefinitionTemplateName":"Analysis\/forecast at horizontal level\/layer at a point in time","parameterCategory":2,"parameterCategoryName":"Momentum","parameterNumber":3,"parameterNumberName":"V-component_of_wind","parameterUnit":"m.s-1","genProcessType":2,"genProcessTypeName":"Forecast","forecastTime":6,"surface1Type":100,"surface1TypeName":"Isobaric surface","surface1Value":85000,"surface2Type":255,"surface2TypeName":"Missing","surface2Value":0,"gridDefinitionTemplate":0,"gridDefinitionTemplateName":"Latitude_Longitude","numberPoints":65160,"shape":6,"shapeName":"Earth spherical with radius of 6,371,229.0 m","gridUnits":"degrees","resolution":48,"winds":"true","scanMode":0,"nx":360,"ny":181,"basicAngle":0,"subDivisions":0,"lo1":0,"la1":90,"lo2":359,"la2":-90,"dx":1,"dy":1}, "data":
[rows 154 to 175 of 181, columns 153 to 203 of 360]
4.640831198e-17,4.703730419e-17,4.76578805e-17,4.826937507e-17,4.887111534e-17,4.94624227e-17,5.004261321e-17,5.06109983e-17,5.116688556e-17,5.17095795e-17,5.223838236e-17,5.275259489e-17,5.325151725e-17,5.373444984e-17,5.420069417e-17,5.464955377e-17,5.508033508e-17,5.54923484e-17,5.588490883e-17,5.625733719e-17,5.6608961e-17,5.693911545e-17,5.724714437e-17,5.753240122e-17,5.779425008e-17,5.80320666e-17,5.824523906e-17,5.843316929e-17,5.859527371e-17,5.873098428e-17,5.883974947e-17,5.892103527e-17,5.897432611e-17,5.899912582e-17,5.899495856e-17,5.896136975e-17,5.889792695e-17,5.880422077e-17,5.867986571e-17,5.852450099e-17,5.833779142e-17,5.81194281e-17,5.786912926e-17,5.758664095e-17,5.727173776e-17,5.692422345e-17,5.654393164e-17,5.613072636e-17,5.56845026e-17,5.520518689e-17,5.469273771e-17
1.277485238e-17,1.294799556e-17,1.311882209e-17,1.328714867e-17,1.345279019e-17,1.361555983e-17,1.377526933e-17,1.393172913e-17,1.408474866e-17,1.423413644e-17,1.437970042e-17,1.452124811e-17,1.465858686e-17,1.479152409e-17,1.491986753e-17,1.504342546e-17,1.516200697e-17,1.52754222e-17,1.538348262e-17,1.548600126e-17,1.558279302e-17,1.56736749e-17,1.575846626e-17,1.583698914e-17,1.590906848e-17,1.597453242e-17,1.603321257e-17,1.608494427e-17,1.612956688e-17,1.616692403e-17,1.619686391e-17,1.621923952e-17,1.623390893e-17,1.624073557e-17,1.623958844e-17,1.623034242e-17,1.621287847e-17,1.61870839e-17,1.615285258e-17,1.611008522e-17,1.605868953e-17,1.599858048e-17,1.592968053e-17,1.585191975e-17,1.57652361e-17,1.566957557e-17,1.556489234e-17,1.5451149e-17,1.532831664e-17,1.519637503e-17,1.505531274e-17
3.446911389e-18,3.493628892e-18,3.539721315e-18,3.585139205e-18,3.629832608e-18,3.673751121e-18,3.716843946e-18,3.759059941e-18,3.800347677e-18,3.840655498e-18,3.879931578e-18,3.918123983e-18,3.955180732e-18,3.991049863e-18,4.025679498e-18,4.059017906e-18,4.091013575e-18,4.121615279e-18,4.150772147e-18,4.178433734e-18,4.204550092e-18,4.229071845e-18,4.251950255e-18,4.273137302e-18,4.292585753e-18,4.310249238e-18,4.326082319e-18,4.34004057e-18,4.352080645e-18,4.362160354e-18,4.370238734e-18,4.376276122e-18,4.380234223e-18,4.382076186e-18,4.381766669e-18,4.379271908e-18,4.374559784e-18,4.367599891e-18,4.358363595e-18,4.346824102e-18,4.332956514e-18,4.316737889e-18,4.298147298e-18,4.277165881e-18,4.253776894e-18,4.227965763e-18,4.199720129e-18,4.169029894e-18,4.135887259e-18,4.100286766e-18,4.062225332e-18
9.116296842e-19,9.239854013e-19,9.361757991e-19,9.481877982e-19,9.600081871e-19,9.716236353e-19,9.830207076e-19,9.941858782e-19,1.005105546e-18,1.015766048e-18,1.026153678e-18,1.0362547e-18,1.046055368e-18,1.055541938e-18,1.064700688e-18,1.073517939e-18,1.081980066e-18,1.090073521e-18,1.09778485e-18,1.10510071e-18,1.112007893e-18,1.118493339e-18,1.124544159e-18,1.130147651e-18,1.135291324e-18,1.139962914e-18,1.144150404e-18,1.147842044e-18,1.15102637e-18,1.153692224e-18,1.155828772e-18,1.157425523e-18,1.158472351e-18,1.158959509e-18,1.158877648e-18,1.158217841e-18,1.156971591e-18,1.155130858e-18,1.152688067e-18,1.149636134e-18,1.145968472e-18,1.141679015e-18,1.136762226e-18,1.131213118e-18,1.125027263e-18,1.118200806e-18,1.110730478e-18,1.102613609e-18,1.093848135e-18,1.084432614e-18,1.074366231e-18
2.363311169e-19,2.395342163e-19,2.426944582e-19,2.45808452e-19,2.488727726e-19,2.518839645e-19,2.548385444e-19,2.577330062e-19,2.605638236e-19,2.633274549e-19,2.660203469e-19,2.686389386e-19,2.711796662e-19,2.73638967e-19,2.76013284e-19,2.782990704e-19,2.804927944e-19,2.825909438e-19,2.845900306e-19,2.864865962e-19,2.882772161e-19,2.899585048e-19,2.915271208e-19,2.929797716e-19,2.943132187e-19,2.955242829e-19,2.966098489e-19,2.975668706e-19,2.983923762e-19,2.990834728e-19,2.99637352e-19,3.000512944e-19,3.003226743e-19,3.004489651e-19,3.004277436e-19,3.002566949e-19,2.999336168e-19,2.994564246e-19,2.98823155e-19,2.98031971e-19,2.970811654e-19,2.959691653e-19,2.946945358e-19,2.932559836e-19,2.916523609e-19,2.898826684e-19,2.879460586e-19,2.858418393e-19,2.835694757e-19,2.811285936e-19,2.785189817e-19
6.005338157e-20,6.08673114e-20,6.167035087e-20,6.246163836e-20,6.324030357e-20,6.400546837e-20,6.475624771e-20,6.549175058e-20,6.621108098e-20,6.691333894e-20,6.759762152e-20,6.826302391e-20,6.890864048e-20,6.953356592e-20,7.013689639e-20,7.071773063e-20,7.127517117e-20,7.180832552e-20,7.231630739e-20,7.279823792e-20,7.32532469e-20,7.368047406e-20,7.407907029e-20,7.444819896e-20,7.478703717e-20,7.509477701e-20,7.537062688e-20,7.561381276e-20,7.582357946e-20,7.599919193e-20,7.61399365e-20,7.624512212e-20,7.631408164e-20,7.634617301e-20,7.634078049e-20,7.629731582e-20,7.621521944e-20,7.609396157e-20,7.593304337e-20,7.5731998e-20,7.549039168e-20,7.520782471e-20,7.488393248e-20,7.451838637e-20,7.411089468e-20,7.366120348e-20,7.316909748e-20,7.26344007e-20,7.20569773e-20,7.143673217e-20,7.077361161e-20
1.495781431e-20,1.516054413e-20,1.536056143e-20,1.55576516e-20,1.575159788e-20,1.594218153e-20,1.612918212e-20,1.631237773e-20,1.649154517e-20,1.666646028e-20,1.683689817e-20,1.700263347e-20,1.716344062e-20,1.731909411e-20,1.746936883e-20,1.76140403e-20,1.775288497e-20,1.788568055e-20,1.801220629e-20,1.813224329e-20,1.824557479e-20,1.835198652e-20,1.8451267e-20,1.854320784e-20,1.862760407e-20,1.870425446e-20,1.877296185e-20,1.883353345e-20,1.888578115e-20,1.892952188e-20,1.896457788e-20,1.899077702e-20,1.900795313e-20,1.90159463e-20,1.901460316e-20,1.900377718e-20,1.8983329e-20,1.895312666e-20,1.891304591e-20,1.886297047e-20,1.88027923e-20,1.873241185e-20,1.86517383e-20,1.856068979e-20,1.845919367e-20,1.83471867e-20,1.822461524e-20,1.809143548e-20,1.794761357e-20,1.779312583e-20,1.762795887e-20
3.651849894e-21,3.701345018e-21,3.750177898e-21,3.79829614e-21,3.84564682e-21,3.89217654e-21,3.937831478e-21,3.982557454e-21,4.026299981e-21,4.069004332e-21,4.110615598e-21,4.151078759e-21,4.190338743e-21,4.228340498e-21,4.265029062e-21,4.300349628e-21,4.334247622e-21,4.366668772e-21,4.397559181e-21,4.426865407e-21,4.454534532e-21,4.480514242e-21,4.504752904e-21,4.527199641e-21,4.547804414e-21,4.566518093e-21,4.583292541e-21,4.598080689e-21,4.610836615e-21,4.621515621e-21,4.630074307e-21,4.636470651e-21,4.640664084e-21,4.642615562e-21,4.642287642e-21,4.639644553e-21,4.634652267e-21,4.627278569e-21,4.617493123e-21,4.605267541e-21,4.590575445e-21,4.573392531e-21,4.553696624e-21,4.531467742e-21,4.506688146e-21,4.479342397e-21,4.4494174e-21,4.416902455e-21,4.381789302e-21,4.344072157e-21,4.303747754e-21
8.739202624e-22,8.857648872e-22,8.97451031e-22,9.089661557e-22,9.202975959e-22,9.314325729e-22,9.423582071e-22,9.530615321e-22,9.635295091e-22,9.737490412e-22,9.837069886e-22,9.933901839e-22,1.002785448e-21,1.011879608e-21,1.020659508e-21,1.029112035e-21,1.037224127e-21,1.044982798e-21,1.052375148e-21,1.059388389e-21,1.066009858e-21,1.072227034e-21,1.078027562e-21,1.083399267e-21,1.088330173e-21,1.092808523e-21,1.096822798e-21,1.100361734e-21,1.103414341e-21,1.105969922e-21,1.108018092e-21,1.109548794e-21,1.11055232e-21,1.111019327e-21,1.110940852e-21,1.110308338e-21,1.109113639e-21,1.107349047e-21,1.105007303e-21,1.102081612e-21,1.098565662e-21,1.094453638e-21,1.089740231e-21,1.084420661e-21,1.078490683e-21,1.071946601e-21,1.064785283e-21,1.057004166e-21,1.048601275e-21,1.039575226e-21,1.029925237e-21
2.049957277e-22,2.077741248e-22,2.105153469e-22,2.13216453e-22,2.158744722e-22,2.18486407e-22,2.210492361e-22,2.235599182e-22,2.260153945e-22,2.284125931e-22,2.307484317e-22,2.330198216e-22,2.352236715e-22,2.373568911e-22,2.394163949e-22,2.413991065e-22,2.433019623e-22,2.451219159e-22,2.468559417e-22,2.485010397e-22,2.500542395e-22,2.515126043e-22,2.528732359e-22,2.541332782e-22,2.552899222e-22,2.563404101e-22,2.572820398e-22,2.58112169e-22,2.588282199e-22,2.594276833e-22,2.599081231e-22,2.602671804e-22,2.605025777e-22,2.606121235e-22,2.605937158e-22,2.604453466e-22,2.601651058e-22,2.59751185e-22,2.592018813e-22,2.585156012e-22,2.576908639e-22,2.567263051e-22,2.5562068e-22,2.54372867e-22,2.529818703e-22,2.514468231e-22,2.497669905e-22,2.479417718e-22,2.459707033e-22,2.438534603e-22,2.415898595e-22
4.713374216e-23,4.777256645e-23,4.840284328e-23,4.902389641e-23,4.963504276e-23,5.023559313e-23,5.082485287e-23,5.140212265e-23,5.196669925e-23,5.25178763e-23,5.305494512e-23,5.357719555e-23,5.40839168e-23,5.457439834e-23,5.504793075e-23,5.550380668e-23,5.594132174e-23,5.635977544e-23,5.675847216e-23,5.713672212e-23,5.749384233e-23,5.782915758e-23,5.814200145e-23,5.843171729e-23,5.869765922e-23,5.893919317e-23,5.915569782e-23,5.934656568e-23,5.951120404e-23,5.964903596e-23,5.975950131e-23,5.984205773e-23,5.989618158e-23,5.992136894e-23,5.991713654e-23,5.988302269e-23,5.981858819e-23,5.972341724e-23,5.959711833e-23,5.943932503e-23,5.924969691e-23,5.902792025e-23,5.877370887e-23,5.848680486e-23,5.816697926e-23,5.78140328e-23,5.742779647e-23,5.700813218e-23,5.655493329e-23,5.606812517e-23,5.554766566e-23
1.062265664e-23,1.076663016e-23,1.090867732e-23,1.104864572e-23,1.11863814e-23,1.132172903e-23,1.145453206e-23,1.158463288e-23,1.171187301e-23,1.183609324e-23,1.195713387e-23,1.207483484e-23,1.218903595e-23,1.229957708e-23,1.240629834e-23,1.25090403e-23,1.260764423e-23,1.270195226e-23,1.27918076e-23,1.287705479e-23,1.295753992e-23,1.303311081e-23,1.310361726e-23,1.316891129e-23,1.322884733e-23,1.328328248e-23,1.333207671e-23,1.337509311e-23,1.341219809e-23,1.344326163e-23,1.34681575e-23,1.348676346e-23,1.34989615e-23,1.350463804e-23,1.350368418e-23,1.349599585e-23,1.348147407e-23,1.346002514e-23,1.343156082e-23,1.339599853e-23,1.335326153e-23,1.330327914e-23,1.324598684e-23,1.318132653e-23,1.310924658e-23,1.30297021e-23,1.294265499e-23,1.284807414e-23,1.27459355e-23,1.263622226e-23,1.251892492e-23
2.346650843e-24,2.378456032e-24,2.409835667e-24,2.440756082e-24,2.471183267e-24,2.50108291e-24,2.530420424e-24,2.559160995e-24,2.587269608e-24,2.614711098e-24,2.64145018e-24,2.667451498e-24,2.692679663e-24,2.717099301e-24,2.740675092e-24,2.763371818e-24,2.78515441e-24,2.805987993e-24,2.825837934e-24,2.844669891e-24,2.862449859e-24,2.879144222e-24,2.894719801e-24,2.909143903e-24,2.922384373e-24,2.93440964e-24,2.945188772e-24,2.954691523e-24,2.962888384e-24,2.969750631e-24,2.975250377e-24,2.979360619e-24,2.982055287e-24,2.983309292e-24,2.983098574e-24,2.981400145e-24,2.97819214e-24,2.973453857e-24,2.967165805e-24,2.959309739e-24,2.949868711e-24,2.938827101e-24,2.926170662e-24,2.911886552e-24,2.895963373e-24,2.878391204e-24,2.859161629e-24,2.838267774e-24,2.81570433e-24,2.791467581e-24,2.765555428e-24
5.081336063e-25,5.15020564e-25,5.218153744e-25,5.28510747e-25,5.350993179e-25,5.415736568e-25,5.479262752e-25,5.541496337e-25,5.602361512e-25,5.661782124e-25,5.719681774e-25,5.775983901e-25,5.830611878e-25,5.883489104e-25,5.934539099e-25,5.983685606e-25,6.030852687e-25,6.075964825e-25,6.118947028e-25,6.159724931e-25,6.198224904e-25,6.234374154e-25,6.268100838e-25,6.299334164e-25,6.328004503e-25,6.354043495e-25,6.377384161e-25,6.397961007e-25,6.415710134e-25,6.430569347e-25,6.442478259e-25,6.451378399e-25,6.457213316e-25,6.459928684e-25,6.459472403e-25,6.455794699e-25,6.448848224e-25,6.438588153e-25,6.424972275e-25,6.407961092e-25,6.387517898e-25,6.363608875e-25,6.33620317e-25,6.305272977e-25,6.270793616e-25,6.232743601e-25,6.191104713e-25,6.145862065e-25,6.097004161e-25,6.044522954e-25,5.9884139e-25
1.078503284e-25,1.093120712e-25,1.107542559e-25,1.121753352e-25,1.13573746e-25,1.149479113e-25,1.162962417e-25,1.17617137e-25,1.18908988e-25,1.201701784e-25,1.213990867e-25,1.22594088e-25,1.237535557e-25,1.248758641e-25,1.259593899e-25,1.270025146e-25,1.280036263e-25,1.289611223e-25,1.298734109e-25,1.307389136e-25,1.315560677e-25,1.323233282e-25,1.330391703e-25,1.337020913e-25,1.343106134e-25,1.348632857e-25,1.353586866e-25,1.35795426e-25,1.361721477e-25,1.364875314e-25,1.367402957e-25,1.369291994e-25,1.370530443e-25,1.371106774e-25,1.37100993e-25,1.370229344e-25,1.368754969e-25,1.36657729e-25,1.363687347e-25,1.360076758e-25,1.355737732e-25,1.35066309e-25,1.344846285e-25,1.338281414e-25,1.330963239e-25,1.322887201e-25,1.314049431e-25,1.304446771e-25,1.29407678e-25,1.28293775e-25,1.271028717e-25
2.243774123e-26,2.274184978e-26,2.304188937e-26,2.333753807e-26,2.36284707e-26,2.391435918e-26,2.419487281e-26,2.446967871e-26,2.473844208e-26,2.500082668e-26,2.525649514e-26,2.550510939e-26,2.574633107e-26,2.597982192e-26,2.620524425e-26,2.642226131e-26,2.663053778e-26,2.682974021e-26,2.701953745e-26,2.719960112e-26,2.73696061e-26,2.752923095e-26,2.767815844e-26,2.781607596e-26,2.794267606e-26,2.805765688e-26,2.816072265e-26,2.825158417e-26,2.832995929e-26,2.839557337e-26,2.844815975e-26,2.848746025e-26,2.851322559e-26,2.852521589e-26,2.852320108e-26,2.850696138e-26,2.847628771e-26,2.843098214e-26,2.837085829e-26,2.829574172e-26,2.820547036e-26,2.809989488e-26,2.797887905e-26,2.784230008e-26,2.769004898e-26,2.752203089e-26,2.733816535e-26,2.713838663e-26,2.692264396e-26,2.669090181e-26,2.644314012e-26
4.575630107e-27,4.637645629e-27,4.698831385e-27,4.759121727e-27,4.818450342e-27,4.876750324e-27,4.93395424e-27,4.989994199e-27,5.044801935e-27,5.098308875e-27,5.150446221e-27,5.201145035e-27,5.250336313e-27,5.297951079e-27,5.343920464e-27,5.388175801e-27,5.430648708e-27,5.471271185e-27,5.509975702e-27,5.546695297e-27,5.581363666e-27,5.613915263e-27,5.644285391e-27,5.672410307e-27,5.698227309e-27,5.721674842e-27,5.742692593e-27,5.761221585e-27,5.777204279e-27,5.79058467e-27,5.80130838e-27,5.809322758e-27,5.814576971e-27,5.8170221e-27,5.816611229e-27,5.813299538e-27,5.807044392e-27,5.797805426e-27,5.785544631e-27,5.770226439e-27,5.751817798e-27,5.730288254e-27,5.705610026e-27,5.677758076e-27,5.646710178e-27,5.612446985e-27,5.574952093e-27,5.534212095e-27,5.490216639e-27,5.44295848e-27,5.392433524e-27
9.14611785e-28,9.270079198e-28,9.392381945e-28,9.51289487e-28,9.631485424e-28,9.748019868e-28,9.862363409e-28,9.974380347e-28,1.008393422e-27,1.019088797e-27,1.029510407e-27,1.039644471e-27,1.049477199e-27,1.058994801e-27,1.068183511e-27,1.077029605e-27,1.085519413e-27,1.093639343e-27,1.101375897e-27,1.108715689e-27,1.115645467e-27,1.122152127e-27,1.12822274e-27,1.133844562e-27,1.139005061e-27,1.143691933e-27,1.147893121e-27,1.151596837e-27,1.154791579e-27,1.157466154e-27,1.159609691e-27,1.161211666e-27,1.162261918e-27,1.162750669e-27,1.162668541e-27,1.162006575e-27,1.160756248e-27,1.158909493e-27,1.156458712e-27,1.153396796e-27,1.149717136e-27,1.145413647e-27,1.140480775e-27,1.134913515e-27,1.128707425e-27,1.121858637e-27,1.114363872e-27,1.106220451e-27,1.097426305e-27,1.087979984e-27,1.077880671e-27
1.791994975e-28,1.816282669e-28,1.840245395e-28,1.863857441e-28,1.887092837e-28,1.909925381e-28,1.932328663e-28,1.954276094e-28,1.975740938e-28,1.996696339e-28,2.017115355e-28,2.036970985e-28,2.056236206e-28,2.074884003e-28,2.092887405e-28,2.110219518e-28,2.126853563e-28,2.142762907e-28,2.157921104e-28,2.172301928e-28,2.185879411e-28,2.198627884e-28,2.21052201e-28,2.221536822e-28,2.231647766e-28,2.240830733e-28,2.249062103e-28,2.256318778e-28,2.262578223e-28,2.267818506e-28,2.272018328e-28,2.275157071e-28,2.277214826e-28,2.278172433e-28,2.27801152e-28,2.276714533e-28,2.274264774e-28,2.270646435e-28,2.26584463e-28,2.259845429e-28,2.252635889e-28,2.244204081e-28,2.234539125e-28,2.223631217e-28,2.211471651e-28,2.19805285e-28,2.18336839e-28,2.167413019e-28,2.150182685e-28,2.131674549e-28,2.111887009e-28
3.441524712e-29,3.488169207e-29,3.534189599e-29,3.579536512e-29,3.62416007e-29,3.668009949e-29,3.711035431e-29,3.753185452e-29,3.794408666e-29,3.834653495e-29,3.873868196e-29,3.912000916e-29,3.948999755e-29,3.984812831e-29,4.019388348e-29,4.052674657e-29,4.084620325e-29,4.115174206e-29,4.144285508e-29,4.171903867e-29,4.197979412e-29,4.222462843e-29,4.2453055e-29,4.266459437e-29,4.285877495e-29,4.303513375e-29,4.319321713e-29,4.333258151e-29,4.345279411e-29,4.355343368e-29,4.363409123e-29,4.369437076e-29,4.373388992e-29,4.375228076e-29,4.374919043e-29,4.37242818e-29,4.36772342e-29,4.360774404e-29,4.351552542e-29,4.340031082e-29,4.326185165e-29,4.309991886e-29,4.291430348e-29,4.27048172e-29,4.247129284e-29,4.22135849e-29,4.193156997e-29,4.162514723e-29,4.129423882e-29,4.093879024e-29,4.055877071e-29
6.478569284e-30,6.566376176e-30,6.653008214e-30,6.738372446e-30,6.822374985e-30,6.904921097e-30,6.985915303e-30,7.065261481e-30,7.142862971e-30,7.218622682e-30,7.292443207e-30,7.364226932e-30,7.43387616e-30,7.501293226e-30,7.566380623e-30,7.629041121e-30,7.689177904e-30,7.746694688e-30,7.801495861e-30,7.853486611e-30,7.902573059e-30,7.948662399e-30,7.991663031e-30,8.031484696e-30,8.068038621e-30,8.101237649e-30,8.130996381e-30,8.157231316e-30,8.179860984e-30,8.198806088e-30,8.213989637e-30,8.22533708e-30,8.232776445e-30,8.236238468e-30,8.235656722e-30,8.230967746e-30,8.222111174e-30,8.209029854e-30,8.19166997e-30,8.16998116e-30,8.143916628e-30,8.113433255e-30,8.078491705e-30,8.039056526e-30,7.995096251e-30,7.946583487e-30,7.893495005e-30,7.835811823e-30,7.773519286e-30,7.706607133e-30,7.635069571e-30
1.19542252e-30,1.211624606e-30,1.227609909e-30,1.243361276e-30,1.258861385e-30,1.274092754e-30,1.289037766e-30,1.303678685e-30,1.317997675e-30,1.331976821e-30,1.345598149e-30,1.358843648e-30,1.37169529e-30,1.384135055e-30,1.396144951e-30,1.407707036e-30,1.418803447e-30,1.429416416e-30,1.439528303e-30,1.449121611e-30,1.458179019e-30,1.466683402e-30,1.474617858e-30,1.481965733e-30,1.488710646e-30,1.494836515e-30,1.500327582e-30,1.50516844e-30,1.509344055e-30,1.512839797e-30,1.515641458e-30,1.517735283e-30,1.519107991e-30,1.519746802e-30,1.519639458e-30,1.51877425e-30,1.51714004e-30,1.514726281e-30,1.511523044e-30,1.507521035e-30,1.50271162e-30,1.497086842e-30,1.490639444e-30,1.483362884e-30,1.475251355e-30,1.466299802e-30,1.456503941e-30,1.445860268e-30,1.434366078e-30,1.42201948e-30,1.408819403e-30
