d3js-fun/wind-js-1/temp1.json
{"header": {"discipline":0,"disciplineName":"Meteorological products","gribEdition":2,"gribLength":133963,"center":7,"centerName":"US National Weather Service - NCEP(WMC)","subcenter":0,"refTime":"2014-11-30T06:00:00.000Z","significanceOfRT":1,"significanceOfRTName":"Start of forecast","productStatus":0,"productStatusName":"Operational products","productType":1,"productTypeName":"Forecast products","productDefinitionTemplate":0,"productDefinitionTemplateName":"Analysis\/forecast at horizontal level\/layer at a point in time","parameterCategory":2,"parameterCategoryName":"Momentum","parameterNumber":2,"parameterNumberName":"U-component_of_wind","parameterUnit":"m.s-1","genProcessType":2,"genProcessTypeName":"Forecast","forecastTime":6,"surface1Type":100,"surface1TypeName":"Isobaric surface","surface1Value":85000,"surface2Type":255,"surface2TypeName":"Missing","surface2Value":0,"gridDefinitionTemplate":0,"gridDefinitionTemplateName":"Latitude_Longitude","numberPoints":65160,"shape":6,"shapeName":"Earth spherical with radius of 6,371,229.0 m","gridUnits":"degrees","resolution":48,"winds":"true","scanMode":0,"nx":360,"ny":181,"basicAngle":0,"subDivisions":0,"lo1":0,"la1":90,"lo2":359,"la2":-90,"dx":1,"dy":1}, "data":
[rows 23 to 45 of 181, columns 102 to 152 of 360]
1.614246767e-18,1.674120919e-18,1.735787225e-18,1.79928069e-18,1.864636226e-18,1.931888611e-18,2.001072456e-18,2.072222155e-18,2.145371851e-18,2.220555387e-18,2.297806264e-18,2.377157597e-18,2.458642063e-18,2.542291859e-18,2.628138648e-18,2.716213515e-18,2.806546909e-18,2.899168598e-18,2.994107611e-18,3.09139219e-18,3.191049729e-18,3.293106726e-18,3.397588722e-18,3.504520249e-18,3.61392477e-18,3.725824624e-18,3.840240967e-18,3.957193716e-18,4.076701489e-18,4.198781549e-18,4.323449742e-18,4.450720445e-18,4.5806065e-18,4.713119162e-18,4.848268041e-18,4.986061042e-18,5.126504308e-18,5.269602167e-18,5.415357076e-18,5.563769562e-18,5.714838174e-18,5.868559425e-18,6.024927746e-18,6.183935429e-18,6.345572584e-18,6.509827084e-18,6.676684529e-18,6.84612819e-18,7.018138974e-18,7.192695382e-18,7.369773466e-18
5.964706458e-18,6.185943847e-18,6.413803317e-18,6.648414214e-18,6.889905535e-18,7.138405794e-18,7.39404287e-18,7.656943858e-18,7.927234914e-18,8.205041091e-18,8.490486177e-18,8.783692529e-18,9.084780895e-18,9.393870241e-18,9.711077566e-18,1.003651773e-17,1.037030324e-17,1.071254408e-17,1.106334754e-17,1.142281796e-17,1.179105656e-17,1.216816125e-17,1.255422641e-17,1.294934268e-17,1.335359677e-17,1.376707121e-17,1.418984418e-17,1.462198927e-17,1.506357528e-17,1.551466599e-17,1.597531996e-17,1.64455903e-17,1.692552448e-17,1.741516407e-17,1.791454459e-17,1.842369525e-17,1.894263874e-17,1.947139106e-17,2.000996129e-17,2.055835137e-17,2.111655594e-17,2.168456212e-17,2.226234933e-17,2.284988909e-17,2.344714485e-17,2.405407181e-17,2.467061675e-17,2.529671786e-17,2.59323046e-17,2.657729752e-17,2.723160813e-17
2.160055072e-17,2.240173842e-17,2.322690728e-17,2.407652572e-17,2.495106088e-17,2.585097817e-17,2.677674068e-17,2.772880867e-17,2.870763901e-17,2.971368457e-17,3.074739362e-17,3.180920927e-17,3.28995688e-17,3.401890303e-17,3.516763566e-17,3.634618262e-17,3.755495138e-17,3.879434025e-17,4.00647377e-17,4.136652162e-17,4.270005858e-17,4.406570315e-17,4.546379712e-17,4.689466873e-17,4.835863195e-17,4.985598572e-17,5.138701311e-17,5.295198065e-17,5.455113746e-17,5.618471454e-17,5.785292394e-17,5.955595802e-17,6.129398864e-17,6.306716642e-17,6.487561992e-17,6.671945492e-17,6.859875365e-17,7.051357401e-17,7.246394886e-17,7.444988527e-17,7.647136381e-17,7.852833785e-17,8.062073284e-17,8.274844565e-17,8.491134393e-17,8.710926543e-17,8.934201742e-17,9.160937609e-17,9.391108593e-17,9.624685925e-17,9.861637562e-17
7.666452442e-17,7.950809422e-17,8.243677782e-17,8.545223766e-17,8.855613178e-17,9.175011195e-17,9.503582182e-17,9.841489494e-17,1.018889528e-16,1.054596027e-16,1.091284356e-16,1.128970244e-16,1.167669208e-16,1.207396541e-16,1.248167279e-16,1.289996186e-16,1.332897723e-16,1.376886027e-16,1.421974885e-16,1.468177709e-16,1.51550751e-16,1.563976872e-16,1.613597926e-16,1.664382322e-16,1.716341203e-16,1.769485178e-16,1.823824296e-16,1.879368015e-16,1.936125178e-16,1.994103982e-16,2.053311954e-16,2.113755921e-16,2.175441983e-16,2.238375485e-16,2.302560991e-16,2.368002255e-16,2.434702195e-16,2.502662866e-16,2.571885434e-16,2.642370151e-16,2.714116327e-16,2.787122307e-16,2.861385444e-16,2.936902079e-16,3.013667514e-16,3.091675991e-16,3.17092067e-16,3.251393606e-16,3.333085732e-16,3.415986836e-16,3.500085546e-16
2.666705585e-16,2.765616568e-16,2.867488156e-16,2.972378178e-16,3.080344305e-16,3.191443993e-16,3.305734415e-16,3.423272393e-16,3.544114327e-16,3.668316128e-16,3.795933138e-16,3.927020062e-16,4.061630881e-16,4.199818785e-16,4.341636082e-16,4.487134121e-16,4.636363205e-16,4.789372509e-16,4.946209991e-16,5.106922302e-16,5.271554701e-16,5.440150958e-16,5.61275327e-16,5.78940216e-16,5.97013639e-16,6.154992864e-16,6.344006531e-16,6.537210293e-16,6.734634908e-16,6.936308892e-16,7.142258425e-16,7.352507254e-16,7.567076597e-16,7.785985047e-16,8.009248477e-16,8.236879946e-16,8.468889605e-16,8.705284603e-16,8.946068996e-16,9.191243658e-16,9.44080619e-16,9.694750834e-16,9.953068387e-16,0.0,0.0,0.0,0.0,0.0,0.0,0.0,0.0
9.090832801e-16,9.428021584e-16,9.775303108e-16,0.0,0.0,0.0,0.0,0.0,0.0,0.0,0.0,0.0,0.0,0.0,0.0,0.0,0.0,0.0,0.0,0.0,0.0,0.0,0.0,0.0,0.0,0.0,0.0,0.0,0.0,0.0,0.0,0.0,0.0,0.0,0.0,0.0,0.0,0.0,0.0,0.0,0.0,0.0,0.0,0.0,0.0,0.0,0.0,0.0,0.0,0.0,0.0
0.0,0.0,0.0,0.0,0.0,0.0,0.0,0.0,0.0,0.0,0.0,0.0,0.0,0.0,0.0,0.0,0.0,0.0,0.0,0.0,0.0,0.0,0.0,0.0,0.0,0.0,0.0,0.0,0.0,0.0,0.0,0.0,0.0,0.0,0.0,0.0,0.0,0.0,0.0,0.0,0.0,0.0,0.0,0.0,0.0,0.0,0.0,0.0,0.0,0.0,0.0
0.0,0.0,0.0,0.0,0.0,0.0,0.0,0.0,0.0,0.0,0.0,0.0,0.0,0.0,0.0,0.0,0.0,0.0,0.0,0.0,0.0,0.0,0.0,0.0,0.0,0.0,0.0,0.0,0.0,0.0,0.0,0.0,0.0,0.0,0.0,0.0,0.0,0.0,0.0,0.0,0.0,0.0,0.0,0.0,0.0,0.0,0.0,0.0,0.0,0.0,0.0
0.0,0.0,0.0,0.0,0.0,0.0,0.0,0.0,0.0,0.0,0.0,0.0,0.0,0.0,0.0,0.0,0.0,0.0,0.0,0.0,0.0,0.0,0.0,0.0,0.0,0.0,0.0,0.0,0.0,0.0,0.0,0.0,0.0,0.0,0.0,0.0,0.0,0.0,0.0,0.0,0.0,0.0,0.0,0.0,0.0,0.0,0.0,0.0,0.0,0.0,0.0
0.0,0.0,0.0,0.0,0.0,0.0,0.0,0.0,0.0,0.0,0.0,0.0,0.0,0.0,0.0,0.0,0.0,0.0,0.0,0.0,0.0,0.0,0.0,0.0,0.0,0.0,0.0,0.0,0.0,0.0,0.0,0.0,0.0,0.0,0.0,0.0,0.0,0.0,0.0,0.0,0.0,0.0,0.0,0.0,0.0,0.0,0.0,0.0,0.0,0.0,0.0
0.0,0.0,0.0,0.0,0.0,0.0,0.0,0.0,0.0,0.0,0.0,0.0,0.0,0.0,0.0,0.0,0.0,0.0,0.0,0.0,0.0,0.0,0.0,0.0,0.0,0.0,0.0,0.0,0.0,0.0,0.0,0.0,0.0,0.0,0.0,0.0,0.0,0.0,0.0,0.0,0.0,0.0,0.0,0.0,0.0,0.0,0.0,0.0,0.0,0.0,0.0
0.0,0.0,0.0,0.0,0.0,0.0,0.0,0.0,0.0,0.0,0.0,0.0,0.0,0.0,0.0,0.0,0.0,0.0,0.0,0.0,0.0,0.0,0.0,0.0,0.0,0.0,0.0,0.0,0.0,0.0,0.0,0.0,0.0,0.0,0.0,0.0,0.0,0.0,0.0,0.0,0.0,0.0,0.0,0.0,0.0,0.0,0.0,0.0,0.0,0.0,0.0
0.0,0.0,0.0,0.0,0.0,0.0,0.0,0.0,0.0,0.0,0.0,0.0,0.0,0.0,0.0,0.0,0.0,0.0,0.0,0.0,0.0,0.0,0.0,0.0,0.0,0.0,0.0,0.0,0.0,0.0,0.0,0.0,0.0,0.0,0.0,0.0,0.0,0.0,0.0,0.0,0.0,0.0,0.0,0.0,0.0,0.0,0.0,0.0,0.0,0.0,0.0
0.0,0.0,0.0,0.0,0.0,0.0,0.0,0.0,0.0,0.0,0.0,0.0,0.0,0.0,0.0,0.0,0.0,0.0,0.0,0.0,0.0,0.0,0.0,0.0,0.0,0.0,0.0,0.0,0.0,0.0,0.0,0.0,0.0,0.0,0.0,0.0,0.0,0.0,0.0,0.0,0.0,0.0,0.0,0.0,0.0,0.0,0.0,0.0,0.0,0.0,0.0
0.0,0.0,0.0,0.0,0.0,0.0,0.0,0.0,0.0,0.0,0.0,0.0,0.0,0.0,0.0,0.0,0.0,0.0,0.0,0.0,0.0,0.0,0.0,0.0,0.0000000001,0.0000000001,0.0000000001,0.0000000001,0.0000000001,0.0000000001,0.0000000001,0.0000000001,0.0000000001,0.0000000001,0.0000000001,0.0000000001,0.0000000001,0.0000000001,0.0000000001,0.0000000001,0.0000000001,0.0000000001,0.0000000001,0.0000000001,0.0000000001,0.0000000001,0.0000000001,0.0000000001,0.0000000001,0.0000000001,0.0000000001
0.0000000001,0.0000000001,0.0000000001,0.0000000001,0.0000000001,0.0000000001,0.0000000001,0.0000000001,0.0000000001,0.0000000001,0.0000000001,0.0000000001,0.0000000001,0.0000000001,0.0000000001,0.0000000001,0.0000000001,0.0000000001,0.0000000001,0.0000000001,0.0000000001,0.0000000001,0.0000000001,0.0000000001,0.0000000001,0.0000000001,0.0000000002,0.0000000002,0.0000000002,0.0000000002,0.0000000002,0.0000000002,0.0000000002,0.0000000002,0.0000000002,0.0000000002,0.0000000002,0.0000000002,0.0000000002,0.0000000002,0.0000000002,0.0000000002,0.0000000002,0.0000000002,0.0000000002,0.0000000003,0.0000000003,0.0000000003,0.0000000003,0.0000000003,0.0000000003
0.0000000002,0.0000000002,0.0000000002,0.0000000002,0.0000000002,0.0000000002,0.0000000002,0.0000000002,0.0000000002,0.0000000002,0.0000000002,0.0000000003,0.0000000003,0.0000000003,0.0000000003,0.0000000003,0.0000000003,0.0000000003,0.0000000003,0.0000000003,0.0000000003,0.0000000004,0.0000000004,0.0000000004,0.0000000004,0.0000000004,0.0000000004,0.0000000004,0.0000000004,0.0000000005,0.0000000005,0.0000000005,0.0000000005,0.0000000005,0.0000000005,0.0000000005,0.0000000006,0.0000000006,0.0000000006,0.0000000006,0.0000000006,0.0000000006,0.0000000006,0.0000000007,0.0000000007,0.0000000007,0.0000000007,0.0000000007,0.0000000008,0.0000000008,0.0000000008
0.0000000005,0.0000000005,0.0000000005,0.0000000005,0.0000000005,0.0000000006,0.0000000006,0.0000000006,0.0000000006,0.0000000006,0.0000000007,0.0000000007,0.0000000007,0.0000000007,0.0000000008,0.0000000008,0.0000000008,0.0000000008,0.0000000009,0.0000000009,0.0000000009,0.0000000009,0.000000001,0.000000001,0.000000001,0.0000000011,0.0000000011,0.0000000011,0.0000000012,0.0000000012,0.0000000012,0.0000000013,0.0000000013,0.0000000014,0.0000000014,0.0000000014,0.0000000015,0.0000000015,0.0000000016,0.0000000016,0.0000000016,0.0000000017,0.0000000017,0.0000000018,0.0000000018,0.0000000019,0.0000000019,0.000000002,0.000000002,0.0000000021,0.0000000021
0.0000000012,0.0000000013,0.0000000013,0.0000000014,0.0000000014,0.0000000015,0.0000000015,0.0000000016,0.0000000016,0.0000000017,0.0000000017,0.0000000018,0.0000000019,0.0000000019,0.000000002,0.000000002,0.0000000021,0.0000000022,0.0000000023,0.0000000023,0.0000000024,0.0000000025,0.0000000026,0.0000000026,0.0000000027,0.0000000028,0.0000000029,0.000000003,0.0000000031,0.0000000032,0.0000000033,0.0000000034,0.0000000034,0.0000000035,0.0000000036,0.0000000038,0.0000000039,0.000000004,0.0000000041,0.0000000042,0.0000000043,0.0000000044,0.0000000045,0.0000000047,0.0000000048,0.0000000049,0.000000005,0.0000000052,0.0000000053,0.0000000054,0.0000000055
0.0000000031,0.0000000032,0.0000000034,0.0000000035,0.0000000036,0.0000000037,0.0000000039,0.000000004,0.0000000041,0.0000000043,0.0000000044,0.0000000046,0.0000000048,0.0000000049,0.0000000051,0.0000000053,0.0000000054,0.0000000056,0.0000000058,0.000000006,0.0000000062,0.0000000064,0.0000000066,0.0000000068,0.000000007,0.0000000072,0.0000000074,0.0000000077,0.0000000079,0.0000000081,0.0000000084,0.0000000086,0.0000000089,0.0000000091,0.0000000094,0.0000000096,0.0000000099,0.0000000102,0.0000000105,0.0000000108,0.000000011,0.0000000113,0.0000000116,0.000000012,0.0000000123,0.0000000126,0.0000000129,0.0000000132,0.0000000136,0.0000000139,0.0000000142
0.0000000079,0.0000000081,0.0000000084,0.0000000088,0.0000000091,0.0000000094,0.0000000097,0.0000000101,0.0000000104,0.0000000108,0.0000000112,0.0000000116,0.000000012,0.0000000124,0.0000000128,0.0000000132,0.0000000137,0.0000000141,0.0000000146,0.000000015,0.0000000155,0.000000016,0.0000000165,0.0000000171,0.0000000176,0.0000000181,0.0000000187,0.0000000193,0.0000000198,0.0000000204,0.000000021,0.0000000217,0.0000000223,0.0000000229,0.0000000236,0.0000000243,0.0000000249,0.0000000256,0.0000000263,0.0000000271,0.0000000278,0.0000000286,0.0000000293,0.0000000301,0.0000000309,0.0000000317,0.0000000325,0.0000000333,0.0000000341,0.000000035,0.0000000359
0.0000000194,0.0000000201,0.0000000208,0.0000000216,0.0000000224,0.0000000232,0.000000024,0.0000000249,0.0000000257,0.0000000266,0.0000000276,0.0000000285,0.0000000295,0.0000000305,0.0000000315,0.0000000326,0.0000000337,0.0000000348,0.0000000359,0.0000000371,0.0000000383,0.0000000395,0.0000000408,0.0000000421,0.0000000434,0.0000000447,0.0000000461,0.0000000475,0.0000000489,0.0000000504,0.0000000519,0.0000000534,0.000000055,0.0000000566,0.0000000582,0.0000000598,0.0000000615,0.0000000632,0.000000065,0.0000000668,0.0000000686,0.0000000704,0.0000000723,0.0000000742,0.0000000761,0.0000000781,0.0000000801,0.0000000821,0.0000000842,0.0000000863,0.0000000884
0.0000000468,0.0000000485,0.0000000503,0.0000000522,0.0000000541,0.000000056,0.000000058,0.0000000601,0.0000000622,0.0000000644,0.0000000666,0.0000000689,0.0000000713,0.0000000737,0.0000000762,0.0000000788,0.0000000814,0.0000000841,0.0000000868,0.0000000896,0.0000000925,0.0000000955,0.0000000985,0.0000001016,0.0000001048,0.000000108,0.0000001113,0.0000001147,0.0000001182,0.0000001217,0.0000001254,0.000000129,0.0000001328,0.0000001367,0.0000001406,0.0000001446,0.0000001486,0.0000001528,0.000000157,0.0000001613,0.0000001657,0.0000001702,0.0000001747,0.0000001793,0.000000184,0.0000001887,0.0000001936,0.0000001985,0.0000002035,0.0000002085,0.0000002137
